/*--------------------------------*- C++ -*----------------------------------*\
  =========                 |
  \\      /  F ield         | OpenFOAM: The Open Source CFD Toolbox
   \\    /   O peration     | Website:  https://openfoam.org
    \\  /    A nd           | Version:  13
     \\/     M anipulation  |
\*---------------------------------------------------------------------------*/
FoamFile
{
    format      ascii;
    class       volScalarField;
    location    "0.8";
    object      k;
}
// * * * * * * * * * * * * * * * * * * * * * * * * * * * * * * * * * * * * * //

dimensions      [0 2 -2 0 0 0 0];

internalField   nonuniform List<scalar> 
6400
(
7.79552e-07
3.73434e-06
7.65614e-06
1.15473e-05
1.50685e-05
1.81764e-05
2.09084e-05
2.33113e-05
2.54255e-05
2.72838e-05
2.89137e-05
3.03388e-05
3.15808e-05
3.26597e-05
3.35945e-05
3.4403e-05
3.51024e-05
3.57084e-05
3.62361e-05
3.6699e-05
3.71097e-05
3.74795e-05
3.78186e-05
3.81358e-05
3.84392e-05
3.87355e-05
3.90309e-05
3.93306e-05
3.96391e-05
3.99603e-05
4.02978e-05
4.06546e-05
4.10332e-05
4.14361e-05
4.18651e-05
4.23219e-05
4.28074e-05
4.33226e-05
4.38674e-05
4.44413e-05
4.50429e-05
4.56696e-05
4.63172e-05
4.69785e-05
4.76458e-05
4.83389e-05
4.90362e-05
4.97215e-05
5.03859e-05
5.10175e-05
5.16033e-05
5.21295e-05
5.25819e-05
5.29482e-05
5.31891e-05
5.33068e-05
5.33184e-05
5.31744e-05
5.28667e-05
5.23873e-05
5.17277e-05
5.08807e-05
4.98404e-05
4.86019e-05
4.7161e-05
4.55141e-05
4.36579e-05
4.15884e-05
3.93008e-05
3.67884e-05
3.40433e-05
3.10559e-05
2.78161e-05
2.43148e-05
2.05428e-05
1.65045e-05
1.22501e-05
7.89012e-06
3.76265e-06
7.83628e-07
3.75412e-06
3.05636e-05
6.2412e-05
9.15712e-05
0.000116618
0.000137944
0.000156192
0.000171902
0.000185486
0.000197255
0.000207453
0.000216283
0.000223915
0.000230503
0.000236182
0.000241078
0.000245304
0.000248963
0.000252151
0.000254952
0.000257443
0.000259694
0.000261764
0.000263707
0.00026557
0.000267393
0.000269211
0.000271054
0.000272949
0.000274916
0.000276976
0.000279145
0.000281436
0.00028386
0.000286428
0.000289146
0.000292017
0.000295043
0.000298222
0.000301548
0.000305008
0.000308585
0.000312253
0.000315967
0.000319664
0.000323253
0.000326737
0.000330104
0.00033331
0.000336295
0.000338996
0.000341346
0.00034328
0.00034474
0.000345486
0.000345668
0.000345252
0.000344028
0.000341967
0.000339025
0.000335153
0.000330309
0.000324451
0.000317539
0.000309531
0.000300381
0.000290038
0.000278441
0.000265511
0.000251154
0.000235249
0.000217647
0.000198164
0.000176575
0.000152601
0.00012593
9.62687e-05
6.37892e-05
3.05545e-05
3.75171e-06
7.86188e-06
6.36502e-05
0.00012293
0.00017246
0.000213247
0.000247304
0.000276096
0.000300647
0.00032169
0.000339774
0.000355326
0.00036869
0.000380157
0.000389979
0.00039838
0.000405559
0.000411695
0.000416951
0.000421472
0.00042539
0.000428821
0.000431869
0.000434626
0.000437171
0.000439574
0.000441896
0.000444188
0.000446495
0.000448856
0.000451301
0.000453861
0.00045656
0.000459417
0.00046245
0.000465673
0.000469097
0.000472729
0.000476572
0.000480625
0.00048488
0.000489324
0.000493935
0.000498682
0.000503522
0.000508402
0.000513266
0.000518064
0.000522735
0.000527206
0.000531392
0.000535199
0.000538531
0.000541286
0.00054336
0.000544509
0.000544836
0.000544276
0.000542592
0.00053972
0.000535587
0.000530123
0.00052326
0.000514936
0.000505087
0.000493649
0.000480549
0.000465703
0.000449009
0.000430341
0.000409539
0.000386401
0.000360668
0.000332005
0.00029998
0.000264018
0.000223348
0.000176911
0.000123349
6.25936e-05
7.70449e-06
1.21823e-05
9.55582e-05
0.000175768
0.000238374
0.000288626
0.000330252
0.000365355
0.000395254
0.000420854
0.000442823
0.000461684
0.000477861
0.000491712
0.000503549
0.000513644
0.00052224
0.000529556
0.000535787
0.000541112
0.000545687
0.000549654
0.000553138
0.000556249
0.000559085
0.000561729
0.000564256
0.000566727
0.000569198
0.000571716
0.000574321
0.000577049
0.000579931
0.000582993
0.000586257
0.000589742
0.000593464
0.000597433
0.000601655
0.000606132
0.000610857
0.000615817
0.00062099
0.000626344
0.000631835
0.00063741
0.000643009
0.000648562
0.000653986
0.000659187
0.000664061
0.000668493
0.000672363
0.000675544
0.000677907
0.000679189
0.000679507
0.000678706
0.000676578
0.000673031
0.000667978
0.000661337
0.00065303
0.000642985
0.000631132
0.000617397
0.0006017
0.000583945
0.000564016
0.000541769
0.000517018
0.000489525
0.00045898
0.000424977
0.000386973
0.000344221
0.000295637
0.000239501
0.000172802
9.17811e-05
1.15685e-05
1.63317e-05
0.000124377
0.000221064
0.000293212
0.000350151
0.000397074
0.000436612
0.00047031
0.000499188
0.00052399
0.000545296
0.000563579
0.000579237
0.000592619
0.000604027
0.000613735
0.000621985
0.000628998
0.00063497
0.000640079
0.000644481
0.000648319
0.000651716
0.000654782
0.000657612
0.00066029
0.000662888
0.000665468
0.000668087
0.00067079
0.00067362
0.000676614
0.000679802
0.000683214
0.000686873
0.000690798
0.000695004
0.000699501
0.000704292
0.000709373
0.000714732
0.000720345
0.000726179
0.000732189
0.000738316
0.000744491
0.000750629
0.000756632
0.00076239
0.000767778
0.000772664
0.000776906
0.000780358
0.000782868
0.000784143
0.000784352
0.000783228
0.0007806
0.000776361
0.000770413
0.000762669
0.000753049
0.000741479
0.00072789
0.000712207
0.000694351
0.000674228
0.000651721
0.000626678
0.000598905
0.000568149
0.000534074
0.000496232
0.00045401
0.000406534
0.000352464
0.000289526
0.000213315
0.000116675
1.50355e-05
2.01961e-05
0.00015002
0.000260297
0.000340151
0.000402413
0.000453496
0.000496498
0.000533167
0.000564629
0.000591691
0.000614974
0.000634983
0.000652145
0.000666828
0.000679359
0.00069003
0.000699101
0.00070681
0.000713367
0.000718963
0.000723771
0.000727942
0.000731611
0.000734898
0.000737909
0.000740735
0.000743457
0.000746144
0.00074886
0.000751657
0.000754583
0.000757681
0.000760988
0.000764537
0.000768357
0.000772472
0.000776902
0.000781658
0.000786746
0.000792166
0.000797903
0.000803935
0.000810226
0.000816725
0.000823369
0.000830076
0.000836749
0.000843276
0.000849529
0.000855367
0.000860636
0.000865178
0.000868827
0.000871392
0.000872586
0.000872607
0.000871091
0.000867898
0.000862914
0.000856035
0.000847174
0.000836252
0.0008232
0.000807954
0.00079045
0.000770614
0.000748359
0.000723572
0.000696107
0.000665768
0.000632293
0.000595332
0.000554402
0.000508832
0.000457631
0.000399233
0.000330886
0.000247053
0.000137744
1.80976e-05
2.37531e-05
0.000172812
0.000294617
0.000381016
0.000447798
0.000502386
0.000548287
0.000587439
0.000621069
0.000650038
0.000675005
0.000696499
0.000714969
0.000730799
0.000744333
0.000755874
0.000765698
0.000774052
0.00078116
0.000787223
0.000792423
0.000796923
0.000800866
0.000804381
0.000807581
0.000810566
0.000813424
0.000816233
0.000819059
0.000821965
0.000825003
0.000828222
0.000831665
0.00083537
0.000839371
0.000843697
0.000848371
0.000853409
0.00085882
0.000864603
0.000870746
0.000877225
0.000883999
0.000891013
0.000898194
0.000905451
0.000912672
0.00091973
0.000926479
0.000932759
0.000938398
0.000943215
0.000947027
0.000949593
0.000950687
0.000950441
0.000948476
0.000944656
0.000938862
0.000930992
0.000920959
0.000908694
0.000894135
0.000877231
0.000857929
0.000836167
0.000811873
0.000784942
0.000755238
0.000722567
0.000686665
0.000647167
0.000603565
0.000555128
0.000500762
0.000438701
0.000365787
0.000275578
0.000155761
2.07866e-05
2.70115e-05
0.00019312
0.000324872
0.000416971
0.000487721
0.000545385
0.00059382
0.000635138
0.000670658
0.000701297
0.000727746
0.000750559
0.0007702
0.000787068
0.000801519
0.000813866
0.000824394
0.000833361
0.000840999
0.000847519
0.000853109
0.000857941
0.000862167
0.000865922
0.000869328
0.000872491
0.000875507
0.000878458
0.00088142
0.000884461
0.000887638
0.000891008
0.000894619
0.000898515
0.000902735
0.000907313
0.000912276
0.000917645
0.000923432
0.000929636
0.000936247
0.000943236
0.00095056
0.000958157
0.000965943
0.000973814
0.000981646
0.000989291
0.000996585
0.00100335
0.00100938
0.00101449
0.00101846
0.00102101
0.00102199
0.00102143
0.00101896
0.00101445
0.00100777
0.000998833
0.000987549
0.000973863
0.000957728
0.000939106
0.000917961
0.000894253
0.00086792
0.000838878
0.000806998
0.000772096
0.000733906
0.000692054
0.000646005
0.000594979
0.000537788
0.000472498
0.000395614
0.000299971
0.000171325
2.3157e-05
2.99891e-05
0.00021127
0.000351696
0.000448826
0.000523122
0.000583546
0.000634257
0.000677517
0.000714733
0.000746871
0.000774657
0.000798665
0.000819375
0.000837199
0.0008525
0.000865604
0.000876801
0.000886356
0.000894509
0.000901478
0.00090746
0.000912631
0.00091715
0.000921162
0.000924792
0.000928156
0.000931353
0.000934476
0.000937605
0.000940814
0.000944169
0.000947731
0.000951556
0.000955692
0.000960187
0.000965079
0.0009704
0.000976176
0.000982421
0.000989136
0.00099631
0.00100391
0.00101189
0.00102018
0.00102869
0.00103729
0.00104584
0.00105417
0.0010621
0.00106942
0.00107592
0.00108137
0.00108553
0.00108808
0.00108893
0.00108802
0.001085
0.00107973
0.00107209
0.00106198
0.00104934
0.00103413
0.00101631
0.000995863
0.000972781
0.000947041
0.000918604
0.000887403
0.000853325
0.000816194
0.00077575
0.00073161
0.000683219
0.000629753
0.000569949
0.000501733
0.000421337
0.00032101
0.000184877
2.52548e-05
3.27063e-05
0.000227531
0.000375579
0.000477184
0.000554677
0.000617608
0.000670394
0.000715427
0.000754192
0.000787703
0.000816715
0.000841823
0.000863523
0.000882238
0.000898339
0.000912158
0.000923994
0.000934118
0.000942775
0.00095019
0.000956564
0.000962082
0.000966908
0.000971193
0.00097507
0.000978659
0.000982069
0.000985396
0.00098873
0.00099215
0.000995729
0.000999537
0.00100363
0.00100808
0.00101292
0.00101821
0.00102398
0.00103027
0.00103709
0.00104444
0.00105231
0.00106067
0.00106946
0.0010786
0.00108798
0.00109747
0.00110689
0.00111606
0.00112476
0.00113277
0.00113983
0.00114569
0.0011501
0.00115267
0.0011534
0.00115211
0.00114849
0.00114239
0.00113369
0.00112231
0.00110819
0.0010913
0.00107165
0.00104924
0.00102408
0.000996168
0.000965502
0.000932031
0.000895662
0.000856232
0.000813487
0.000767041
0.000716324
0.000660481
0.000598186
0.000527256
0.000443706
0.0003393
0.000196761
2.71184e-05
3.51828e-05
0.000242127
0.000396907
0.000502513
0.0005829
0.000648124
0.000702817
0.000749488
0.000789686
0.000824469
0.00085462
0.000880755
0.000903381
0.000922934
0.000939792
0.000954294
0.000966744
0.00097742
0.000986572
0.000994429
0.0010012
0.00100707
0.00101222
0.0010168
0.00102095
0.00102479
0.00102845
0.00103202
0.0010356
0.00103928
0.00104314
0.00104726
0.00105171
0.00105654
0.00106183
0.00106763
0.00107397
0.00108091
0.00108845
0.0010966
0.00110535
0.00111465
0.00112445
0.00113465
0.00114512
0.00115569
0.00116619
0.00117639
0.00118604
0.00119488
0.00120263
0.00120902
0.00121375
0.00121639
0.00121699
0.00121531
0.00121104
0.00120402
0.00119415
0.00118135
0.0011656
0.00114688
0.00112521
0.00110065
0.00107322
0.00104296
0.00100989
0.000973986
0.000935178
0.000893318
0.000848164
0.000799331
0.000746241
0.000688016
0.000623287
0.000549786
0.00046335
0.000355344
0.000207264
2.87824e-05
3.74374e-05
0.000255248
0.000415995
0.000525185
0.0006082
0.000675526
0.000731981
0.000780173
0.000821707
0.000857679
0.000888898
0.000915998
0.000939499
0.000959846
0.000977425
0.000992582
0.00100563
0.00101684
0.00102648
0.00103478
0.00104195
0.00104819
0.00105368
0.00105857
0.00106302
0.00106715
0.00107109
0.00107495
0.00107883
0.00108284
0.00108705
0.00109156
0.00109644
0.00110178
0.00110763
0.00111407
0.00112115
0.00112889
0.00113735
0.00114651
0.00115636
0.00116685
0.0011779
0.00118941
0.00120122
0.00121315
0.00122496
0.00123642
0.00124723
0.0012571
0.00126571
0.00127274
0.00127789
0.00128063
0.00128113
0.00127902
0.00127403
0.001266
0.00125483
0.00124045
0.00122287
0.00120211
0.00117822
0.00115127
0.00112135
0.00108852
0.00105283
0.00101429
0.000972854
0.000928393
0.000880677
0.000829331
0.000773775
0.000713117
0.000645957
0.000569963
0.000480834
0.000369592
0.00021665
3.02805e-05
3.94874e-05
0.000267052
0.000433101
0.000545508
0.000630908
0.000700164
0.000758252
0.00080786
0.000850646
0.000887736
0.000919963
0.000947975
0.000972307
0.000993411
0.00101168
0.00102747
0.00104109
0.00105283
0.00106296
0.0010717
0.00107928
0.0010859
0.00109174
0.00109697
0.00110174
0.0011062
0.00111047
0.00111467
0.00111892
0.00112331
0.00112796
0.00113296
0.0011384
0.00114436
0.00115093
0.00115818
0.00116616
0.00117494
0.00118454
0.00119496
0.00120618
0.00121815
0.00123076
0.00124388
0.00125734
0.00127091
0.00128434
0.00129732
0.00130954
0.00132065
0.00133029
0.00133811
0.00134377
0.00134667
0.00134707
0.0013445
0.00133871
0.00132955
0.00131691
0.00130076
0.00128113
0.00125808
0.0012317
0.00120211
0.00116944
0.00113377
0.00109522
0.0010538
0.00100952
0.000962254
0.0009118
0.000857789
0.000799644
0.000736469
0.000666843
0.000588386
0.000496686
0.000382468
0.00022517
3.16478e-05
4.13485e-05
0.000277677
0.000448442
0.000563736
0.000651303
0.00072233
0.00078193
0.000832862
0.000876822
0.000914967
0.000948148
0.000977028
0.00100215
0.00102398
0.00104292
0.00105932
0.0010735
0.00108576
0.00109637
0.00110555
0.00111355
0.00112057
0.00112678
0.00113238
0.00113751
0.00114233
0.00114698
0.00115158
0.00115626
0.00116114
0.00116632
0.00117192
0.00117804
0.00118479
0.00119224
0.0012005
0.00120963
0.00121969
0.00123071
0.00124269
0.00125561
0.00126938
0.00128389
0.00129899
0.00131444
0.00133
0.00134536
0.00136018
0.00137408
0.00138667
0.00139754
0.00140631
0.00141258
0.00141569
0.00141598
0.00141291
0.00140622
0.00139576
0.00138146
0.0013633
0.00134135
0.00131572
0.00128655
0.001254
0.00121826
0.00117947
0.00113776
0.00109321
0.00104584
0.000995559
0.000942178
0.000885341
0.000824478
0.00075869
0.00068654
0.000605613
0.000511406
0.000394381
0.000233081
3.29213e-05
4.30352e-05
0.00028724
0.000462202
0.000580087
0.00066962
0.000742272
0.000803273
0.000855439
0.000900504
0.000939646
0.000973732
0.00100344
0.00102932
0.00105185
0.00107143
0.00108842
0.00110316
0.00111593
0.00112701
0.00113665
0.00114508
0.0011525
0.00115912
0.00116511
0.00117064
0.00117588
0.00118096
0.00118603
0.00119122
0.00119667
0.00120251
0.00120884
0.0012158
0.00122351
0.00123206
0.00124157
0.00125211
0.00126374
0.0012765
0.00129039
0.00130536
0.00132132
0.00133813
0.00135558
0.00137342
0.00139135
0.001409
0.00142598
0.00144186
0.0014562
0.00146854
0.00147843
0.00148543
0.00148879
0.00148897
0.00148533
0.00147762
0.00146568
0.00144947
0.00142901
0.00140441
0.00137583
0.0013435
0.00130762
0.00126845
0.00122618
0.00118101
0.00113304
0.00108232
0.00102881
0.000972312
0.000912498
0.000848796
0.000780303
0.000705571
0.000622154
0.000525464
0.000405727
0.000240638
3.4141e-05
4.45608e-05
0.000295844
0.00047454
0.000594749
0.000686063
0.000760204
0.0008225
0.000875819
0.000921921
0.000962005
0.000996952
0.00102745
0.00105406
0.00107726
0.00109746
0.00111503
0.00113031
0.00114359
0.00115515
0.00116525
0.00117411
0.00118197
0.00118901
0.00119543
0.0012014
0.0012071
0.00121268
0.0012183
0.0012241
0.00123024
0.00123685
0.00124408
0.00125206
0.00126094
0.00127083
0.00128185
0.0012941
0.00130764
0.00132251
0.00133869
0.00135612
0.00137469
0.00139421
0.00141445
0.0014351
0.0014558
0.00147614
0.00149566
0.00151387
0.00153025
0.00154431
0.00155552
0.00156339
0.00156707
0.00156715
0.00156287
0.00155398
0.00154036
0.00152194
0.00149882
0.00147117
0.00143922
0.00140326
0.0013636
0.00132055
0.00127439
0.00122537
0.00117365
0.00111931
0.00106233
0.00100254
0.000939616
0.000872977
0.000801715
0.000724363
0.00063844
0.00053928
0.000416875
0.000248096
3.53486e-05
4.59379e-05
0.000303578
0.000485595
0.000607883
0.000700809
0.000776312
0.000839805
0.000894197
0.000941274
0.000982249
0.00101801
0.00104927
0.00107657
0.00110042
0.00112123
0.00113937
0.00115518
0.00116897
0.00118101
0.00119157
0.00120089
0.00120919
0.00121668
0.00122357
0.00123003
0.00123625
0.0012424
0.00124866
0.00125517
0.00126212
0.00126965
0.00127795
0.00128716
0.00129744
0.00130894
0.00132179
0.00133609
0.00135191
0.00136928
0.00138817
0.0014085
0.00143013
0.00145283
0.00147631
0.00150023
0.00152416
0.00154762
0.00157009
0.00159101
0.00160981
0.00162589
0.0016387
0.00164762
0.00165171
0.00165172
0.00164675
0.00163654
0.001621
0.00160006
0.00157387
0.00154267
0.0015068
0.00146664
0.00142262
0.00137513
0.00132455
0.0012712
0.00121531
0.00115702
0.00109632
0.00103305
0.000966888
0.000897242
0.000823182
0.00074321
0.000654796
0.000553189
0.000428141
0.000255687
3.65852e-05
4.71778e-05
0.000310524
0.000495487
0.000619633
0.000714014
0.000790761
0.000855358
0.000910749
0.000958739
0.00100055
0.0010371
0.00106907
0.00109705
0.00112153
0.00114292
0.00116162
0.00117795
0.00119224
0.00120477
0.0012158
0.00122559
0.00123436
0.00124234
0.00124973
0.00125674
0.00126354
0.00127035
0.00127733
0.00128467
0.00129256
0.0013012
0.00131075
0.00132142
0.00133337
0.00134678
0.00136178
0.0013785
0.00139699
0.00141728
0.00143934
0.00146304
0.0014882
0.00151457
0.0015418
0.00156948
0.00159713
0.00162421
0.00165013
0.00167424
0.00169589
0.00171441
0.00172915
0.00173943
0.00174412
0.00174415
0.00173851
0.0017269
0.00170923
0.00168544
0.00165572
0.00162042
0.00157997
0.0015349
0.00148574
0.00143305
0.00137732
0.00131898
0.00125836
0.00119565
0.00113087
0.00106389
0.000994354
0.000921646
0.000844794
0.000762247
0.000671406
0.000567411
0.000439753
0.000263566
3.78979e-05
4.82913e-05
0.000316753
0.000504323
0.000630126
0.000725818
0.000803698
0.000869311
0.000925629
0.000974474
0.00101708
0.00105436
0.00108703
0.00111565
0.00114073
0.0011627
0.00118194
0.0011988
0.00121359
0.00122661
0.00123813
0.0012484
0.00125767
0.00126616
0.0012741
0.0012817
0.00128917
0.0012967
0.00130452
0.00131282
0.00132181
0.00133172
0.00134276
0.00135513
0.00136904
0.00138467
0.00140218
0.0014217
0.00144329
0.00146696
0.00149264
0.00152019
0.0015494
0.00157995
0.00161146
0.00164346
0.00167541
0.00170669
0.00173664
0.00176452
0.0017896
0.00181112
0.00182832
0.00184044
0.0018461
0.0018464
0.00184029
0.00182736
0.00180751
0.00178066
0.00174702
0.00170702
0.00166122
0.00161031
0.00155499
0.00149601
0.00143405
0.00136972
0.00130347
0.0012356
0.00116619
0.0010951
0.00102197
0.000946107
0.000866478
0.000781438
0.000688284
0.000582016
0.000451814
0.000271791
3.93317e-05
4.92881e-05
0.000322329
0.000512201
0.000639476
0.000736345
0.000815255
0.000881799
0.000938977
0.000988621
0.00103198
0.00106996
0.00110328
0.00113252
0.00115819
0.00118072
0.00120049
0.00121786
0.00123316
0.00124667
0.00125868
0.00126946
0.00127925
0.0012883
0.00129684
0.00130509
0.00131328
0.00132165
0.00133041
0.0013398
0.00135007
0.00136145
0.00137419
0.00138853
0.0014047
0.00142289
0.00144329
0.00146602
0.00149113
0.00151862
0.00154842
0.00158033
0.00161411
0.00164941
0.0016858
0.00172275
0.00175965
0.00179583
0.00183054
0.00186297
0.00189227
0.00191757
0.00193801
0.00195276
0.00196014
0.00196124
0.00195527
0.00194151
0.0019198
0.00189004
0.00185233
0.00180715
0.0017552
0.00169733
0.00163446
0.00156759
0.00149771
0.0014257
0.00135229
0.00127795
0.00120287
0.00112694
0.00104973
0.000970493
0.000888039
0.000800588
0.000705274
0.000596902
0.000464286
0.00028042
4.08728e-05
5.01774e-05
0.000327311
0.000519206
0.000647783
0.000745708
0.000825549
0.000892947
0.000950918
0.00100131
0.00104536
0.001084
0.00111795
0.00114779
0.00117403
0.0011971
0.0012174
0.00123528
0.00125107
0.00126509
0.00127761
0.00128891
0.00129925
0.00130889
0.00131807
0.00132704
0.00133605
0.00134534
0.00135517
0.0013658
0.00137751
0.00139057
0.00140526
0.00142184
0.00144057
0.00146168
0.00148534
0.00151168
0.00154075
0.00157254
0.00160693
0.00164373
0.00168265
0.00172331
0.00176523
0.00180785
0.00185051
0.00189246
0.00193288
0.00197086
0.00200545
0.00203567
0.00206056
0.00207918
0.00208973
0.0020927
0.00208819
0.00207486
0.00205243
0.00202069
0.00197943
0.00192907
0.00187038
0.00180433
0.00173207
0.00165498
0.00157448
0.00149197
0.00140865
0.00132539
0.00124262
0.00116032
0.00107803
0.000994807
0.000909273
0.000819398
0.000722065
0.000611798
0.000476971
0.000289369
4.25125e-05
5.09677e-05
0.000331751
0.000525416
0.000655142
0.000754008
0.00083469
0.000902865
0.000961568
0.00101265
0.00105736
0.00109663
0.00113117
0.00116158
0.00118836
0.00121196
0.00123278
0.00125116
0.00126746
0.00128198
0.00129503
0.00130687
0.0013178
0.00132806
0.00133794
0.00134769
0.00135759
0.0013679
0.00137893
0.00139095
0.00140429
0.00141924
0.00143612
0.00145523
0.00147684
0.0015012
0.00152849
0.00155885
0.00159231
0.00162885
0.00166835
0.00171058
0.00175524
0.00180193
0.00185015
0.0018993
0.00194867
0.00199746
0.00204478
0.00208964
0.00213098
0.00216774
0.00219884
0.00222326
0.00223948
0.00224637
0.00224565
0.00223527
0.00221464
0.00218324
0.00214029
0.00208585
0.00202059
0.00194547
0.00186182
0.00177137
0.00167621
0.00157856
0.00148054
0.00138382
0.00128946
0.00119773
0.00110814
0.00101954
0.000930173
0.000837588
0.000738257
0.000626286
0.000489503
0.000298396
4.42139e-05
5.16671e-05
0.000335697
0.000530905
0.000661636
0.000761337
0.000842774
0.000911657
0.000971031
0.00102275
0.00106808
0.00110794
0.00114304
0.001174
0.00120131
0.00122542
0.00124674
0.00126563
0.00128243
0.00129747
0.00131104
0.00132345
0.00133498
0.00134592
0.00135654
0.00136714
0.00137801
0.00138946
0.00140181
0.00141538
0.00143052
0.00144758
0.0014669
0.0014888
0.0015136
0.00154154
0.00157283
0.00160759
0.00164587
0.00168763
0.00173274
0.00178097
0.00183203
0.0018855
0.00194088
0.00199755
0.00205479
0.00211174
0.00216747
0.0022209
0.00227093
0.00231639
0.00235614
0.00238906
0.00241409
0.00242941
0.00243516
0.00243177
0.00241708
0.00239009
0.00234924
0.00229369
0.00222378
0.00214015
0.00204397
0.00193717
0.00182243
0.0017031
0.00158283
0.00146492
0.00135181
0.00124469
0.00114334
0.00104634
0.000951316
0.000855113
0.000753484
0.00063987
0.00050138
0.000307121
4.59082e-05
5.2283e-05
0.000339195
0.000535735
0.000667343
0.000767779
0.000849893
0.000919415
0.000979402
0.00103172
0.00107761
0.00111802
0.00115367
0.00118514
0.00121296
0.00123757
0.00125938
0.00127877
0.00129607
0.00131163
0.00132575
0.00133874
0.00135091
0.00136255
0.00137397
0.00138549
0.00139742
0.0014101
0.0014239
0.00143917
0.0014563
0.00147567
0.00149766
0.00152263
0.0015509
0.00158275
0.00161837
0.00165791
0.0017014
0.00174883
0.00180006
0.00185491
0.00191306
0.00197414
0.00203766
0.00210302
0.00216946
0.00223614
0.00230206
0.00236611
0.00242711
0.00248386
0.00253517
0.00257987
0.00261686
0.00264509
0.00266253
0.00266915
0.00266528
0.00264776
0.00261438
0.00256296
0.00249314
0.0024048
0.0022983
0.00217508
0.00203777
0.00189051
0.00173884
0.0015886
0.00144517
0.0013121
0.0011905
0.00107904
0.000974515
0.00087254
0.000767618
0.000652091
0.000512037
0.00031506
4.7497e-05
5.28225e-05
0.000342284
0.000539968
0.000672331
0.000773413
0.000856127
0.000926224
0.00098677
0.00103963
0.00108606
0.00112698
0.00116313
0.0011951
0.00122341
0.0012485
0.0012708
0.00129067
0.00130847
0.00132455
0.00133923
0.00135282
0.00136565
0.00137804
0.00139031
0.00140281
0.00141588
0.00142991
0.00144527
0.00146239
0.00148168
0.00150356
0.00152844
0.00155672
0.00158873
0.00162476
0.00166503
0.00170968
0.00175878
0.00181232
0.00187021
0.00193227
0.00199828
0.00206788
0.00214062
0.00221593
0.00229308
0.00237118
0.0024492
0.00252594
0.00260015
0.00267048
0.00273563
0.0027943
0.00284525
0.00288734
0.00291964
0.0029392
0.00294641
0.00294208
0.00292112
0.00288058
0.00281891
0.00273459
0.00262621
0.00249383
0.00233869
0.0021636
0.00197538
0.00178217
0.00159385
0.00141893
0.00126262
0.00112548
0.00100389
0.000891656
0.000781121
0.000662719
0.000520948
0.00032169
4.88647e-05
5.32922e-05
0.000345001
0.000543658
0.000676667
0.000778309
0.000861552
0.000932165
0.000993216
0.00104657
0.00109349
0.0011349
0.00117152
0.00120396
0.00123274
0.0012583
0.00128106
0.00130141
0.00131972
0.00133632
0.00135156
0.00136577
0.00137929
0.00139246
0.00140563
0.00141917
0.00143346
0.00144892
0.00146597
0.00148507
0.00150668
0.00153124
0.00155921
0.00159101
0.00162698
0.00166745
0.00171264
0.00176272
0.00181778
0.00187786
0.00194292
0.00201285
0.00208749
0.00216655
0.00224964
0.00233621
0.00242553
0.00251663
0.00260831
0.00269915
0.00278754
0.00287172
0.0029499
0.00302044
0.00308189
0.00313326
0.00317428
0.00320371
0.00321927
0.00322446
0.00321824
0.00319478
0.00315198
0.00308595
0.00299168
0.002866
0.00271114
0.00252244
0.0023061
0.00206967
0.00182685
0.00159274
0.0013813
0.00119995
0.00104757
0.000916437
0.000795554
0.000672036
0.000527795
0.000326548
4.98955e-05
5.36981e-05
0.000347382
0.000546855
0.000680409
0.000782533
0.000866239
0.000937309
0.000998815
0.00105262
0.00109999
0.00114185
0.00117892
0.0012118
0.00124102
0.00126703
0.00129025
0.00131107
0.00132987
0.001347
0.00136282
0.00137766
0.00139189
0.00140587
0.00141998
0.00143461
0.0014502
0.00146718
0.00148602
0.00150722
0.00153127
0.00155868
0.0015899
0.00162539
0.00166552
0.00171063
0.00176097
0.00181675
0.0018781
0.00194512
0.00201784
0.00209626
0.00218028
0.00226971
0.0023642
0.00246318
0.00256579
0.00267078
0.00277649
0.00288078
0.00298107
0.0030745
0.00315823
0.00323035
0.00328904
0.0033315
0.00335826
0.00337488
0.00338362
0.00338712
0.00338739
0.00338164
0.00336811
0.00334228
0.00329725
0.00321967
0.00309712
0.00292628
0.0027088
0.00245065
0.00216236
0.00186249
0.00157638
0.0013257
0.00112011
0.000954536
0.000814322
0.000681204
0.000532651
0.000329282
5.04914e-05
5.40461e-05
0.000349457
0.000549606
0.000683612
0.000786144
0.000870251
0.000941723
0.00100364
0.00105785
0.00110563
0.0011479
0.00118539
0.00121869
0.00124833
0.00127477
0.00129843
0.00131972
0.001339
0.00135666
0.00137305
0.00138854
0.0014035
0.00141831
0.0014334
0.00144918
0.00146611
0.00148468
0.00150541
0.00152881
0.00155542
0.00158578
0.00162039
0.0016597
0.00170414
0.00175404
0.00180972
0.00187141
0.00193932
0.00201363
0.00209447
0.00218193
0.00227601
0.00237657
0.00248323
0.00259526
0.00271139
0.00282966
0.00294726
0.00306043
0.00316462
0.00325501
0.0033267
0.0033768
0.00340507
0.00341658
0.00341915
0.00341777
0.00341578
0.0034152
0.00341627
0.00342073
0.00342414
0.00342406
0.00341512
0.00339628
0.00335371
0.00327011
0.00311554
0.00288269
0.00258459
0.00223925
0.00187667
0.0015345
0.00124535
0.00101966
0.000843949
0.000692806
0.000536218
0.000329858
5.05967e-05
5.43414e-05
0.000351256
0.000551953
0.000686327
0.0007892
0.000873649
0.000945471
0.00100774
0.00106233
0.00111048
0.00115313
0.001191
0.00122469
0.00125473
0.00128157
0.00130566
0.0013274
0.00134717
0.00136534
0.00138231
0.00139845
0.00141415
0.00142983
0.00144592
0.00146288
0.00148121
0.00150144
0.0015241
0.00154978
0.00157903
0.00161243
0.0016505
0.00169373
0.00174255
0.00179736
0.00185849
0.00192626
0.00200094
0.00208282
0.00217212
0.00226905
0.00237366
0.00248579
0.00260485
0.00272963
0.00285796
0.00298636
0.00310986
0.00322192
0.00331487
0.00338316
0.00341649
0.00342363
0.00341178
0.00338126
0.00334443
0.0033109
0.0032897
0.00328136
0.00328092
0.00329865
0.0033295
0.00336607
0.00340087
0.00341968
0.00342597
0.00340641
0.00336096
0.00324952
0.00302836
0.00269159
0.00228812
0.00185655
0.00145672
0.00113478
0.000896151
0.000711766
0.000540194
0.000328638
5.02481e-05
5.45889e-05
0.000352806
0.000553936
0.0006886
0.00079175
0.000876486
0.000948609
0.00101119
0.0010661
0.00111459
0.00115759
0.00119581
0.00122987
0.00126028
0.00128751
0.00131201
0.00133418
0.00135442
0.00137311
0.00139065
0.00140744
0.00142389
0.00144044
0.00145756
0.00147573
0.0014955
0.00151741
0.00154206
0.00157006
0.001602
0.00163848
0.00168004
0.00172722
0.00178047
0.00184021
0.00190686
0.00198078
0.00206236
0.00215197
0.00224995
0.00235657
0.00247186
0.00259545
0.00272628
0.00286213
0.00299912
0.00313128
0.00325035
0.00334654
0.00340432
0.00342129
0.0034068
0.0033567
0.00328407
0.00320191
0.00312498
0.00306223
0.00302123
0.00300259
0.00299786
0.00301507
0.00305724
0.00311772
0.00319451
0.0032772
0.00335517
0.00340363
0.00341986
0.00339403
0.00332402
0.00313514
0.00277066
0.00229654
0.00178785
0.00133403
0.000991189
0.000746935
0.000547784
0.000326523
4.95576e-05
5.47934e-05
0.000354129
0.000555589
0.000690474
0.000793843
0.000878815
0.000951192
0.00101405
0.00106924
0.00111803
0.00116134
0.00119988
0.00123427
0.00126503
0.00129264
0.00131752
0.00134011
0.0013608
0.00138
0.00139811
0.00141554
0.00143275
0.00145018
0.00146833
0.00148772
0.00150894
0.00153256
0.00155921
0.00158954
0.00162418
0.00166373
0.00170878
0.00175988
0.00181752
0.00188218
0.00195432
0.00203439
0.00212287
0.00222024
0.00232691
0.00244313
0.00256879
0.00270305
0.0028439
0.00298742
0.00312714
0.00325345
0.00335399
0.00340609
0.00341516
0.00338097
0.00330066
0.00318322
0.00305687
0.00294131
0.00284707
0.00277906
0.00273919
0.00272227
0.00271942
0.00273758
0.00277324
0.00282247
0.0028901
0.00298083
0.00309451
0.00322226
0.00333396
0.00339412
0.00341109
0.00336181
0.00319574
0.00280609
0.00224572
0.00165538
0.00116121
0.000813872
0.000564647
0.000325182
4.87475e-05
5.49588e-05
0.00035525
0.000556948
0.000691988
0.000795523
0.000880683
0.000953269
0.00101636
0.0010718
0.00112085
0.00116444
0.00120327
0.00123797
0.00126905
0.001297
0.00132225
0.00134524
0.00136636
0.00138605
0.00140471
0.00142279
0.00144074
0.00145904
0.00147822
0.00149884
0.0015215
0.00154683
0.00157548
0.00160812
0.00164541
0.00168799
0.00173647
0.00179141
0.00185335
0.00192282
0.00200033
0.00208644
0.00218171
0.00228668
0.00240178
0.00252716
0.00266232
0.00280562
0.00295354
0.00309974
0.00323422
0.00334304
0.00339882
0.00340692
0.00336453
0.00326076
0.00311112
0.00295132
0.00280659
0.00269357
0.00261666
0.00257829
0.00256513
0.00256593
0.00258478
0.00261432
0.0026507
0.00269161
0.00273789
0.00279137
0.00285785
0.00294619
0.00307348
0.00322906
0.00334972
0.00340006
0.00336602
0.00320986
0.00277613
0.00211318
0.00144693
0.000938624
0.00060058
0.00032744
4.81896e-05
5.50893e-05
0.000356187
0.000558041
0.000693179
0.000796831
0.000882133
0.000954887
0.00101816
0.00107382
0.0011231
0.00116693
0.00120603
0.001241
0.00127238
0.00130064
0.00132624
0.0013496
0.00137115
0.0013913
0.0014105
0.0014292
0.00144788
0.00146704
0.00148724
0.00150907
0.00153315
0.00156015
0.00159076
0.00162566
0.00166554
0.00171105
0.00176284
0.00182148
0.00188756
0.00196165
0.00204435
0.00213627
0.00223804
0.00235024
0.00247324
0.00260691
0.00275013
0.00290005
0.00305112
0.00319397
0.00331459
0.00338383
0.00339904
0.00336113
0.00324953
0.00308213
0.00289617
0.0027265
0.00259618
0.00251508
0.00247887
0.00246859
0.00247485
0.00250131
0.00253683
0.0025769
0.00261719
0.00265748
0.00269795
0.00273922
0.00278187
0.00283036
0.00289281
0.00297993
0.00311993
0.00328702
0.0033695
0.00335352
0.00318426
0.0026586
0.00187452
0.00115907
0.00067208
0.000337764
4.84402e-05
5.51883e-05
0.000356961
0.000558898
0.000694082
0.000797804
0.000883207
0.00095609
0.00101952
0.00107535
0.00112483
0.00116887
0.0012082
0.00124342
0.00127506
0.00130362
0.00132953
0.00135324
0.00137518
0.00139579
0.00141551
0.00143481
0.00145419
0.00147419
0.00149538
0.00151838
0.00154385
0.00157247
0.00160496
0.00164203
0.00168438
0.00173269
0.00178761
0.00184976
0.00191975
0.00199821
0.00208578
0.00218316
0.00229099
0.00240985
0.00253992
0.00268063
0.00282997
0.00298351
0.00313327
0.00326689
0.0033578
0.00338778
0.00336625
0.00326521
0.00309475
0.00289086
0.00269586
0.00254276
0.00245035
0.00241039
0.00239985
0.002409
0.00244106
0.00248339
0.00253024
0.00257974
0.0026291
0.00267486
0.00271473
0.00274873
0.00277868
0.00281011
0.00284594
0.00288729
0.0029445
0.00304144
0.00322369
0.00333149
0.00332716
0.00310679
0.00241292
0.00151301
0.000804631
0.000363622
5.02708e-05
5.52594e-05
0.000357588
0.000559544
0.000694727
0.000798478
0.000883943
0.000956917
0.00102046
0.00107643
0.00112607
0.00117029
0.00120982
0.00124526
0.00127715
0.00130597
0.00133217
0.00135621
0.00137852
0.00139954
0.00141975
0.00143963
0.00145968
0.00148048
0.00150262
0.00152674
0.00155353
0.0015837
0.00161797
0.00165709
0.00170177
0.00175269
0.00181054
0.00187594
0.00194955
0.00203203
0.00212409
0.00222643
0.00233973
0.00246445
0.00260049
0.00274668
0.00289986
0.00305375
0.00319756
0.00331434
0.0033682
0.00336961
0.0032965
0.00314076
0.00293158
0.00271357
0.0025305
0.00241324
0.00236153
0.0023468
0.00235281
0.0023864
0.00243489
0.00249224
0.00255602
0.00262284
0.00268948
0.0027515
0.00280354
0.00284362
0.00286559
0.00287513
0.00287867
0.00288161
0.00290057
0.00293967
0.00301263
0.0031673
0.00329543
0.00327283
0.00293269
0.00200396
0.00103198
0.000416168
5.49322e-05
5.53055e-05
0.000358083
0.000560004
0.000695143
0.000798886
0.000884377
0.000957407
0.00102104
0.00107711
0.00112688
0.00117125
0.00121095
0.00124658
0.00127868
0.00130773
0.00133419
0.00135853
0.00138117
0.00140259
0.00142326
0.00144367
0.00146437
0.00148592
0.00150895
0.00153413
0.00156216
0.00159377
0.00162971
0.00167073
0.00171754
0.00177086
0.00183137
0.00189972
0.00197659
0.00206269
0.00215873
0.00226546
0.00238348
0.00251308
0.00265381
0.00280372
0.00295842
0.0031097
0.00324447
0.0033339
0.00336053
0.00332684
0.00320507
0.00300945
0.00277895
0.00256442
0.00240657
0.0023302
0.00230404
0.00230237
0.00232883
0.00237609
0.00243416
0.00250015
0.002573
0.00265205
0.00273534
0.00282012
0.00290075
0.00296778
0.00300888
0.0030247
0.00302403
0.00299461
0.00295033
0.00292847
0.00294338
0.00298581
0.00312134
0.00325934
0.00316112
0.00255852
0.00138539
0.000510632
6.4274e-05
5.53297e-05
0.000358463
0.000560299
0.000695356
0.000799055
0.000884537
0.000957591
0.00102127
0.00107743
0.0011273
0.00117179
0.00121162
0.00124741
0.00127969
0.00130894
0.00133564
0.00136024
0.00138319
0.00140497
0.00142605
0.00144696
0.00146825
0.0014905
0.00151437
0.00154052
0.0015697
0.00160263
0.00164009
0.00168282
0.00173156
0.00178702
0.00184989
0.00192084
0.00200057
0.00208979
0.00218926
0.00229966
0.00242154
0.00255496
0.00269897
0.00285083
0.00300479
0.00315066
0.00327247
0.00333399
0.00333932
0.00326694
0.00310751
0.00288508
0.00264693
0.00244496
0.00232282
0.00227276
0.0022604
0.00227114
0.00230976
0.00236267
0.00242455
0.00249436
0.00257174
0.00265621
0.00274729
0.00284401
0.00294586
0.00304576
0.00313322
0.00318382
0.00320167
0.00319201
0.00313575
0.00303831
0.00295979
0.00293495
0.00295883
0.00307008
0.00318802
0.0029288
0.00184753
0.000656249
7.98932e-05
5.53342e-05
0.000358739
0.000560448
0.000695388
0.000799016
0.000884464
0.000957513
0.00102121
0.00107741
0.00112735
0.00117193
0.00121187
0.00124779
0.00128022
0.00130965
0.00133654
0.00136138
0.0013846
0.0014067
0.00142816
0.00144952
0.00147134
0.00149423
0.00151885
0.00154589
0.00157609
0.00161022
0.00164902
0.00169327
0.0017437
0.00180101
0.00186591
0.00193907
0.0020212
0.00211303
0.00221528
0.0023286
0.00245341
0.00258948
0.00273538
0.00288754
0.00303898
0.00317816
0.00328313
0.003324
0.00330542
0.00320151
0.00301427
0.00277622
0.00253992
0.00235589
0.0022622
0.00222832
0.00222337
0.00224349
0.0022859
0.00233876
0.00239955
0.00246862
0.00254691
0.00263528
0.00273386
0.00284149
0.00295517
0.00307299
0.00319292
0.00329793
0.00335747
0.00337735
0.00335909
0.00327765
0.00312898
0.00297992
0.00291632
0.00291015
0.00300103
0.00304195
0.00233537
0.000829971
0.00010134
5.53227e-05
0.000358925
0.000560472
0.000695287
0.000798824
0.000884208
0.000957225
0.00102092
0.00107714
0.00112711
0.00117174
0.00121176
0.00124776
0.0012803
0.00130987
0.00133694
0.00136197
0.00138544
0.00140781
0.00142961
0.00145137
0.00147366
0.00149712
0.0015224
0.00155023
0.00158133
0.00161649
0.00165646
0.001702
0.00175385
0.00181272
0.00187929
0.00195425
0.0020383
0.00213215
0.0022365
0.00235194
0.0024787
0.00261629
0.00276277
0.00291381
0.00306137
0.00319251
0.0032801
0.00330561
0.00326592
0.00313801
0.00293216
0.00268674
0.00245621
0.00229096
0.00221486
0.00219032
0.0021893
0.00221317
0.00225396
0.0023029
0.00235914
0.00242426
0.00250038
0.0025894
0.00269234
0.00280888
0.0029371
0.00307325
0.00321154
0.0033512
0.00347187
0.00353364
0.00355091
0.00351562
0.00339767
0.00319246
0.00296756
0.00286404
0.00284261
0.00294207
0.00261741
0.000989762
0.000123865
5.52971e-05
0.000359034
0.000560401
0.000695051
0.000798458
0.000883753
0.000956712
0.00102038
0.00107659
0.00112658
0.00117125
0.00121132
0.0012474
0.00128003
0.00130969
0.00133688
0.00136207
0.00138573
0.00140834
0.00143043
0.00145253
0.00147523
0.00149917
0.00152503
0.00155352
0.0015854
0.00162142
0.00166236
0.00170896
0.00176196
0.00182206
0.00188993
0.00196625
0.00205171
0.00214699
0.00225275
0.00236947
0.00249723
0.00263524
0.00278112
0.00292989
0.00307271
0.00319562
0.00326974
0.00328295
0.00322603
0.00308166
0.00286497
0.00261752
0.00239379
0.00224263
0.00217555
0.00215529
0.00215564
0.0021785
0.00221444
0.0022572
0.00230691
0.00236619
0.00243819
0.00252575
0.00263067
0.00275334
0.00289247
0.00304506
0.00320612
0.00336792
0.00352841
0.00365572
0.00371407
0.00372216
0.00365047
0.00347558
0.00319823
0.00290724
0.00277793
0.00273327
0.0026984
0.00121484
0.000151825
5.52592e-05
0.000359077
0.000560238
0.0006947
0.000797964
0.000883148
0.000956024
0.00101963
0.00107581
0.00112578
0.00117046
0.00121055
0.00124668
0.00127937
0.00130913
0.00133643
0.00136173
0.00138553
0.00140832
0.00143063
0.00145302
0.00147606
0.00150041
0.00152674
0.00155578
0.00158828
0.00162499
0.0016667
0.00171412
0.00176799
0.00182899
0.00189777
0.00197501
0.00206136
0.00215747
0.00226394
0.00238113
0.00250896
0.00264636
0.00279061
0.00293615
0.00307374
0.00318995
0.00325266
0.00325794
0.00318942
0.00303566
0.00281441
0.00256815
0.00235026
0.00220593
0.00214156
0.00212169
0.00212143
0.00214023
0.00216971
0.00220523
0.00224759
0.00230017
0.00236703
0.00245184
0.00255713
0.00268379
0.00283099
0.00299627
0.00317564
0.00336308
0.0035492
0.00372858
0.00385353
0.0039006
0.00388097
0.00374748
0.00348762
0.00312185
0.00277997
0.00264228
0.00261649
0.0015477
0.000196294
5.52117e-05
0.000359061
0.000559997
0.000694261
0.000797364
0.000882418
0.000955191
0.00101872
0.00107484
0.00112477
0.00116942
0.00120951
0.00124565
0.00127837
0.00130817
0.00133554
0.00136095
0.00138488
0.00140783
0.00143031
0.00145289
0.00147619
0.00150085
0.00152756
0.00155702
0.00158999
0.00162722
0.00166948
0.00171748
0.00177193
0.00183349
0.00190281
0.00198052
0.00206724
0.00216359
0.00227007
0.00238695
0.00251393
0.00264977
0.00279154
0.00293394
0.0030675
0.00317687
0.00323236
0.00323264
0.00315828
0.00300146
0.00278076
0.0025376
0.00232342
0.00217907
0.00211206
0.00208933
0.00208688
0.00210005
0.00212259
0.00215067
0.00218566
0.00223144
0.00229283
0.00237429
0.00247901
0.0026083
0.00276157
0.0029366
0.00312996
0.00333701
0.00355096
0.00376199
0.00395121
0.00406017
0.00408617
0.00400832
0.0037759
0.00340704
0.00296276
0.00260824
0.00243717
0.00177047
0.000239902
5.51572e-05
0.000359005
0.000559701
0.000693755
0.000796681
0.000881588
0.000954238
0.00101767
0.0010737
0.00112357
0.00116818
0.00120824
0.00124436
0.00127708
0.0013069
0.0013343
0.00135976
0.00138377
0.00140682
0.00142945
0.00145221
0.00147571
0.00150057
0.00152751
0.00155726
0.00159055
0.00162812
0.00167072
0.00171905
0.0017738
0.0018356
0.00190507
0.00198281
0.00206941
0.0021654
0.00227123
0.00238708
0.00251274
0.00264683
0.00278622
0.002925
0.00305334
0.00315729
0.00320967
0.0032082
0.00313352
0.0029792
0.00276355
0.0025259
0.00231303
0.00216271
0.00208777
0.00205896
0.00205284
0.00205981
0.00207559
0.00209675
0.00212488
0.00216434
0.00222048
0.00229853
0.00240231
0.00253351
0.00269161
0.00287435
0.00307854
0.00330045
0.00353506
0.00377375
0.0040068
0.00418999
0.00426714
0.00425065
0.00406677
0.00369226
0.00319134
0.00268395
0.00236291
0.00183852
0.000262143
5.50976e-05
0.000358911
0.000559366
0.0006932
0.000795938
0.000880682
0.000953193
0.0010165
0.00107244
0.00112222
0.00116676
0.00120677
0.00124284
0.00127553
0.00130534
0.00133274
0.00135822
0.00138226
0.00140536
0.00142807
0.00145094
0.00147457
0.00149961
0.00152673
0.00155664
0.00159008
0.0016278
0.00167051
0.00171892
0.00177368
0.00183541
0.00190471
0.00198215
0.00206827
0.00216357
0.00226842
0.00238293
0.00250659
0.00263786
0.00277358
0.00290803
0.00303218
0.00313262
0.00318509
0.00318496
0.00311485
0.00296864
0.00276323
0.00253094
0.00231769
0.00216086
0.00207122
0.00203231
0.00202052
0.00202124
0.00203075
0.00204589
0.00206815
0.00210216
0.00215375
0.00222881
0.00233177
0.00246465
0.00262689
0.00281596
0.00302859
0.00326167
0.00351201
0.00377448
0.00403838
0.00428044
0.00443021
0.00446558
0.00434976
0.00400522
0.00346978
0.00285819
0.00234613
0.00184189
0.000270068
5.50352e-05
0.000358794
0.000559006
0.000692615
0.000795155
0.000879724
0.000952081
0.00101526
0.00107107
0.00112075
0.00116519
0.00120512
0.00124113
0.00127376
0.00130352
0.00133089
0.00135635
0.00138039
0.00140351
0.00142624
0.00144914
0.00147283
0.00149793
0.00152512
0.00155512
0.00158863
0.00162639
0.00166909
0.0017174
0.00177198
0.0018334
0.00190222
0.00197897
0.00206413
0.00215813
0.00226126
0.00237353
0.00249436
0.0026223
0.00275426
0.00288477
0.00300529
0.00310346
0.00315845
0.00316248
0.00310093
0.0029671
0.00277213
0.00254756
0.00233408
0.00216896
0.00206607
0.0020127
0.00199139
0.00198616
0.00198977
0.00199987
0.00201755
0.00204733
0.00209547
0.00216837
0.00227103
0.00240577
0.00257188
0.00276637
0.00298558
0.00322664
0.00348774
0.00376657
0.00405629
0.00433912
0.00456577
0.00465759
0.0046108
0.00431532
0.00376793
0.00307581
0.00241862
0.00183501
0.000277855
5.49725e-05
0.000358664
0.000558637
0.000692019
0.000794353
0.000878736
0.000950926
0.00101395
0.00106963
0.00111918
0.00116351
0.00120334
0.00123925
0.0012718
0.00130149
0.0013288
0.00135421
0.0013782
0.00140129
0.001424
0.00144688
0.00147055
0.00149563
0.00152279
0.00155272
0.00158614
0.00162374
0.00166622
0.00171422
0.00176835
0.00182915
0.00189714
0.00197281
0.00205661
0.00214888
0.00224987
0.00235952
0.00247722
0.0026015
0.00272945
0.00285602
0.00297332
0.00307016
0.00312921
0.0031398
0.00308979
0.00297123
0.00279272
0.00258002
0.00236771
0.00219157
0.00207282
0.00200423
0.00196981
0.00195649
0.00195446
0.00196031
0.00197467
0.00200168
0.00204774
0.00211969
0.00222284
0.00235992
0.00252993
0.00272918
0.00295344
0.0031999
0.00346779
0.00375729
0.00406571
0.00438014
0.0046695
0.00483223
0.00484946
0.00462204
0.00408462
0.00333808
0.00256032
0.00184533
0.000295867
5.4912e-05
0.000358534
0.000558276
0.000691429
0.000793552
0.000877741
0.000949751
0.00101261
0.00106813
0.00111755
0.00116175
0.00120145
0.00123725
0.00126969
0.00129929
0.0013265
0.00135183
0.00137575
0.00139876
0.00142139
0.0014442
0.00146779
0.00149277
0.0015198
0.00154957
0.00158276
0.00162006
0.00166214
0.00170961
0.00176306
0.00182299
0.0018899
0.00196421
0.00204631
0.00213651
0.00223498
0.00234161
0.0024558
0.00257612
0.00269987
0.00282247
0.00293684
0.00303296
0.0030967
0.0031157
0.00307946
0.00297969
0.00282163
0.0026242
0.00241716
0.00223345
0.00209539
0.00200982
0.00196105
0.00193635
0.00192749
0.00192931
0.00194129
0.00196678
0.00201228
0.00208494
0.00219067
0.00233163
0.00250605
0.00270951
0.00293729
0.00318656
0.00345741
0.00375235
0.00407245
0.00441148
0.00474355
0.00498856
0.00506344
0.00491279
0.00440425
0.00361115
0.00271884
0.00189687
0.0003273
5.4856e-05
0.000358416
0.000557937
0.000690864
0.000792774
0.000876761
0.000948582
0.00101126
0.00106662
0.00111587
0.00115992
0.00119948
0.00123515
0.00126747
0.00129693
0.00132404
0.00134925
0.00137305
0.00139596
0.00141847
0.00144116
0.0014646
0.00148941
0.00151623
0.00154573
0.00157859
0.00161545
0.00165698
0.00170375
0.00175631
0.00181517
0.00188074
0.00195343
0.00203356
0.00212139
0.00221702
0.00232032
0.00243069
0.00254681
0.00266621
0.0027848
0.00289634
0.00299204
0.00306033
0.00308888
0.00306764
0.00298893
0.00285399
0.00267633
0.0024798
0.0022934
0.00214103
0.00203299
0.00196805
0.0019315
0.00191354
0.00191047
0.00192019
0.00194562
0.00199293
0.00206845
0.00217724
0.00232099
0.00249785
0.00270339
0.00293269
0.00318281
0.00345435
0.00375121
0.00407862
0.00443548
0.00480215
0.00511953
0.00526031
0.00518644
0.00472772
0.00390576
0.00291024
0.00196034
0.000362605
5.48074e-05
0.000358321
0.000557638
0.000690343
0.000792037
0.000875817
0.000947441
0.00100993
0.00106511
0.00111419
0.00115807
0.00119747
0.00123298
0.00126515
0.00129448
0.00132144
0.00134651
0.00137018
0.00139293
0.0014153
0.00143781
0.00146106
0.00148563
0.00151216
0.00154131
0.00157372
0.00161003
0.00165086
0.00169678
0.0017483
0.00180588
0.00186992
0.00194076
0.00201868
0.00210389
0.00219644
0.00229617
0.0024025
0.00251422
0.00262913
0.00274364
0.00285234
0.00294767
0.00301986
0.00305791
0.00305168
0.0029952
0.00288549
0.00273156
0.00255141
0.0023692
0.0022081
0.0020824
0.00199563
0.00194407
0.00191718
0.0019083
0.00191531
0.00193986
0.0019887
0.00206633
0.00217717
0.00232311
0.00250209
0.00270923
0.00293915
0.00318864
0.00345878
0.00375518
0.00408586
0.00445484
0.0048495
0.00522496
0.00543998
0.00543945
0.00504403
0.00420644
0.00311521
0.00203902
0.00040003
5.47686e-05
0.000358264
0.000557395
0.000689886
0.000791364
0.000874933
0.000946352
0.00100864
0.00106363
0.00111252
0.00115623
0.00119545
0.00123079
0.00126279
0.00129195
0.00131875
0.00134366
0.00136715
0.00138974
0.00141191
0.00143422
0.00145721
0.00148149
0.00150768
0.00153639
0.00156826
0.00160391
0.00164393
0.00168886
0.00173919
0.00179534
0.00185767
0.00192648
0.00200201
0.0020844
0.00217369
0.00226967
0.00237181
0.00247899
0.0025893
0.00269962
0.00280533
0.00290003
0.00297547
0.00302212
0.0030304
0.00299494
0.00291208
0.00278444
0.00262598
0.00245555
0.00229381
0.00215702
0.00205309
0.00198224
0.00194162
0.00192535
0.00193004
0.00195306
0.00200255
0.00208257
0.00219597
0.00234396
0.00252404
0.00273099
0.0029593
0.00320587
0.00347202
0.00376458
0.00409428
0.00447034
0.00488681
0.00530585
0.00560635
0.00567003
0.00534989
0.00451375
0.00333382
0.00212162
0.000438869
5.47466e-05
0.000358253
0.000557227
0.000689511
0.000790774
0.000874129
0.000945337
0.00100742
0.00106221
0.0011109
0.00115441
0.00119344
0.00122859
0.00126041
0.00128939
0.001316
0.00134073
0.00136404
0.00138642
0.00140837
0.00143043
0.00145314
0.00147708
0.00150285
0.00153106
0.00156232
0.00159722
0.00163634
0.00168017
0.00172919
0.00178377
0.00184425
0.0019109
0.00198388
0.00206333
0.00214921
0.00224132
0.00233916
0.00244172
0.00254733
0.00265334
0.00275584
0.00284946
0.00292731
0.00298128
0.00300295
0.00298698
0.00292969
0.0028295
0.00269657
0.00254476
0.00239113
0.00225158
0.00213704
0.00205216
0.00199682
0.00196968
0.00196978
0.00198982
0.00203819
0.00211914
0.0022334
0.00238152
0.00256053
0.00276503
0.00298946
0.00323078
0.00349071
0.00377694
0.00410237
0.0044803
0.00491425
0.00537086
0.00574857
0.00588282
0.00564152
0.0048218
0.00356377
0.00220674
0.000479284
5.4747e-05
0.000358298
0.000557153
0.000689238
0.00079029
0.000873429
0.000944421
0.00100629
0.00106086
0.00110935
0.00115265
0.00119148
0.00122643
0.00125805
0.00128683
0.00131325
0.00133777
0.00136087
0.00138303
0.00140474
0.00142652
0.00144891
0.00147247
0.00149778
0.00152543
0.00155601
0.00159009
0.00162822
0.00167086
0.00171847
0.00177139
0.00182992
0.00189429
0.00196463
0.00204103
0.00212342
0.0022116
0.00230508
0.00240298
0.00250384
0.00260542
0.00270444
0.00279644
0.00287572
0.0029355
0.00296857
0.00296839
0.00293433
0.00286242
0.00275689
0.00262846
0.00249047
0.00235699
0.00223982
0.00214657
0.00208071
0.00204348
0.00203602
0.00205209
0.00209627
0.00217518
0.00228745
0.00243284
0.00260798
0.00280739
0.00302558
0.00325963
0.0035115
0.00378949
0.00410743
0.00448399
0.00492925
0.00542067
0.00586686
0.00607592
0.00591548
0.00512794
0.00380411
0.00230091
0.000522881
5.47666e-05
0.000358428
0.000557181
0.000689091
0.000789934
0.000872855
0.000943627
0.00100528
0.00105963
0.0011079
0.00115098
0.00118959
0.00122433
0.00125574
0.00128431
0.00131051
0.00133482
0.0013577
0.00137961
0.00140106
0.00142254
0.00144458
0.00146773
0.00149254
0.00151959
0.00154945
0.00158265
0.00161972
0.00166111
0.00170723
0.00175841
0.00181491
0.00187692
0.00194456
0.00201786
0.00209673
0.00218095
0.00227007
0.0023633
0.00245938
0.00255642
0.0026517
0.00274154
0.00282124
0.00288522
0.00292742
0.00294202
0.00292742
0.00288102
0.00280208
0.00269911
0.00258187
0.00246186
0.00235015
0.0022556
0.0021841
0.00213926
0.00212414
0.00213563
0.00217343
0.00224697
0.00235402
0.00249352
0.00266183
0.00285355
0.00306331
0.0032883
0.00353065
0.00379826
0.00410867
0.00448252
0.00493407
0.0054534
0.00596029
0.00624884
0.00616941
0.00542694
0.00405028
0.00239997
0.000569985
5.48095e-05
0.000358661
0.000557344
0.000689087
0.000789728
0.000872431
0.000942979
0.0010044
0.00105853
0.00110657
0.00114942
0.00118781
0.00122233
0.00125351
0.00128186
0.00130785
0.00133193
0.00135456
0.00137623
0.00139739
0.00141856
0.00144023
0.00146294
0.00148722
0.00151364
0.00154273
0.00157501
0.00161097
0.00165106
0.00169564
0.00174503
0.00179945
0.00185907
0.00192397
0.00199414
0.00206948
0.00214977
0.00223456
0.00232316
0.00241448
0.00250692
0.00259822
0.00268536
0.00276452
0.00283113
0.00288019
0.00290684
0.00290752
0.00288221
0.00282921
0.0027517
0.00265742
0.00255555
0.00245564
0.00236641
0.00229488
0.00224627
0.00222502
0.00223192
0.0022626
0.00232771
0.00242704
0.00255789
0.00271679
0.00289856
0.00309805
0.00331262
0.00354339
0.00380086
0.00410252
0.00447103
0.00492763
0.0054668
0.00603048
0.0064016
0.00640214
0.00571875
0.00430234
0.00250813
0.000621452
5.48773e-05
0.000359022
0.000557674
0.000689238
0.000789697
0.000872182
0.000942503
0.0010037
0.00105758
0.00110539
0.00114801
0.00118617
0.00122045
0.00125141
0.00127953
0.00130528
0.00132913
0.00135152
0.00137292
0.0013938
0.00141463
0.00143591
0.00145817
0.00148191
0.00150767
0.00153596
0.00156729
0.00160212
0.00164086
0.00168387
0.00173144
0.00178375
0.00184096
0.00190311
0.00197017
0.00204202
0.00211842
0.00219896
0.002283
0.0023696
0.00245741
0.00254455
0.00262855
0.0027063
0.00277409
0.00282784
0.00286347
0.00287751
0.00286969
0.0028378
0.00278357
0.00271219
0.00263033
0.00254595
0.00246689
0.00240022
0.00235191
0.00232714
0.00232999
0.0023538
0.00240958
0.00249949
0.00261977
0.00276739
0.00293757
0.00312556
0.00332752
0.00354742
0.00379462
0.00408575
0.00444715
0.00490605
0.00546711
0.0060728
0.00653433
0.00661153
0.00599975
0.00455753
0.00262393
0.000678557
5.49749e-05
0.000359537
0.000558187
0.0006896
0.000789844
0.000872133
0.000942225
0.00100318
0.00105683
0.00110439
0.00114678
0.00118469
0.00121874
0.00124946
0.00127734
0.00130286
0.00132646
0.00134861
0.00136974
0.00139032
0.00141081
0.0014317
0.00145349
0.00147667
0.00150176
0.00152924
0.0015596
0.00159327
0.00163065
0.00167208
0.0017178
0.00176801
0.00182281
0.00188223
0.00194621
0.00201463
0.00208722
0.00216359
0.00224318
0.00232515
0.00240834
0.00249121
0.00257171
0.00264733
0.00271505
0.00277157
0.00281351
0.00283789
0.00284274
0.00282921
0.00279508
0.00274444
0.00268225
0.00261461
0.00254828
0.00248981
0.00244514
0.00241974
0.0024192
0.00243757
0.00248462
0.0025644
0.00267318
0.00280864
0.00296633
0.0031407
0.00333167
0.00354083
0.00377621
0.00405608
0.00440889
0.00486715
0.00544437
0.00608992
0.0066401
0.00680045
0.0062703
0.0048164
0.00274975
0.000741544
5.51075e-05
0.000360231
0.000558911
0.000690187
0.000790233
0.000872289
0.000942173
0.00100289
0.00105629
0.00110361
0.00114574
0.00118341
0.00121721
0.00124769
0.00127534
0.00130062
0.00132398
0.00134587
0.00136672
0.001387
0.00140716
0.00142765
0.00144897
0.00147158
0.00149599
0.00152265
0.00155203
0.00158454
0.00162055
0.00166038
0.00170427
0.00175238
0.00180479
0.00186152
0.00192249
0.00198755
0.00205643
0.00212877
0.00220403
0.00228148
0.00236012
0.00243866
0.00251541
0.00258831
0.00265495
0.00271262
0.00275857
0.00279027
0.00280585
0.00280474
0.00278831
0.00275482
0.00271046
0.00265906
0.00260609
0.00255736
0.00251848
0.00249481
0.00249201
0.00250657
0.00254604
0.00261606
0.00271349
0.00283606
0.00298004
0.00314355
0.0033232
0.0035204
0.00374381
0.00401193
0.00435496
0.00481044
0.00540169
0.00609094
0.00671969
0.00696749
0.00652885
0.00507899
0.00288991
0.00081208
5.52805e-05
0.000361133
0.000559877
0.000691026
0.000790884
0.000872714
0.00094235
0.00100285
0.001056
0.00110306
0.00114494
0.00118236
0.00121591
0.00124614
0.00127355
0.00129858
0.0013217
0.00134333
0.00136392
0.0013839
0.00140371
0.00142381
0.00144465
0.0014667
0.00149041
0.00151626
0.00154465
0.001576
0.00161066
0.0016489
0.00169097
0.001737
0.00178707
0.00184116
0.00189919
0.00196098
0.00202628
0.00209472
0.0021658
0.00223888
0.00231307
0.00238729
0.00246012
0.0025299
0.00259464
0.00265216
0.00270022
0.00273669
0.0027599
0.00276885
0.00276462
0.00274702
0.0027165
0.00267961
0.00263937
0.00260065
0.00256846
0.00254789
0.00254438
0.00255622
0.00258966
0.00265069
0.00273669
0.00284722
0.00298044
0.00313203
0.00329972
0.00348506
0.00369644
0.0039524
0.0042845
0.00473474
0.00533565
0.00606084
0.00676252
0.00711125
0.00677434
0.00534507
0.00304288
0.000889571
5.55006e-05
0.000362273
0.000561117
0.00069215
0.000791822
0.000873436
0.000942825
0.00100306
0.00105598
0.00110279
0.00114441
0.00118156
0.00121487
0.00124485
0.00127201
0.0012968
0.00131967
0.00134105
0.00136136
0.00138104
0.0014005
0.0014202
0.00144057
0.00146205
0.00148509
0.00151011
0.00153754
0.00156773
0.00160104
0.00163772
0.00167799
0.00172198
0.00176975
0.00182127
0.00187644
0.00193507
0.00199692
0.00206162
0.0021287
0.00219756
0.00226745
0.0023374
0.00240626
0.00247262
0.00253488
0.00259125
0.00263991
0.00267909
0.00270733
0.00272369
0.002728
0.00272204
0.00270523
0.00267902
0.00264963
0.00262028
0.00259488
0.00257808
0.00257493
0.00258487
0.00261325
0.0026662
0.00274303
0.00284339
0.00296499
0.00310486
0.00326091
0.00343459
0.00363394
0.00387739
0.00419744
0.00464017
0.00524744
0.00600649
0.00677803
0.00723312
0.00700576
0.00561582
0.00321446
0.0009756
5.57801e-05
0.000363673
0.000562667
0.000693595
0.000793084
0.000874478
0.000943629
0.0010036
0.00105625
0.00110281
0.00114417
0.00118106
0.0012141
0.00124383
0.00127074
0.00129529
0.00131791
0.00133903
0.00135907
0.00137844
0.00139757
0.00141687
0.00143677
0.00145768
0.00148004
0.00150426
0.00153071
0.00155977
0.00159174
0.00162688
0.00166539
0.00170739
0.00175291
0.00180193
0.00185434
0.00190994
0.00196847
0.00202959
0.00209284
0.00215768
0.00222342
0.00228923
0.00235412
0.00241692
0.00247629
0.00253079
0.0025789
0.00261918
0.00265037
0.0026716
0.00268255
0.00268359
0.00267694
0.00266216
0.00264135
0.00261906
0.00259957
0.00258658
0.00258444
0.00259315
0.00261792
0.00266454
0.00273285
0.00282313
0.00293384
0.00306251
0.00320731
0.00336956
0.00355692
0.00378748
0.00409436
0.00452703
0.00513637
0.00592498
0.00677104
0.00733112
0.00722032
0.00589049
0.0034037
0.00106936
5.61394e-05
0.00036536
0.000564567
0.000695401
0.000794707
0.000875881
0.000944788
0.0010045
0.00105687
0.00110314
0.00114425
0.00118088
0.00121366
0.00124312
0.00126977
0.00129406
0.00131643
0.00133729
0.00135705
0.00137613
0.00139491
0.00141381
0.00143324
0.00145359
0.00147528
0.00149869
0.00152419
0.00155212
0.00158277
0.00161641
0.00165319
0.00169324
0.00173659
0.00178319
0.00183293
0.00188562
0.00194099
0.0019987
0.00205831
0.00211933
0.00218111
0.00224294
0.00230394
0.00236312
0.00241937
0.00247149
0.00251823
0.00255839
0.00259092
0.00261502
0.00263033
0.00263697
0.00263589
0.00262898
0.00261643
0.0026015
0.00258705
0.00257705
0.00257568
0.00258333
0.00260496
0.00264592
0.00270659
0.00278767
0.00288823
0.00300625
0.00314018
0.00329123
0.00346662
0.00368394
0.00397649
0.00439644
0.00500277
0.00581287
0.0067217
0.00740001
0.00741573
0.00617029
0.00361527
0.00117176
5.65796e-05
0.000367393
0.000566866
0.000697614
0.000796738
0.000877686
0.000946343
0.00100579
0.00105788
0.00110387
0.00114467
0.00118103
0.00121354
0.00124273
0.00126912
0.00129315
0.00131525
0.00133584
0.00135532
0.00137408
0.00139252
0.00141102
0.00142997
0.00144976
0.00147078
0.00149338
0.00151794
0.00154476
0.00157412
0.00160627
0.00164137
0.00167953
0.00172076
0.00176503
0.00181221
0.00186212
0.00191447
0.00196894
0.00202512
0.00208252
0.00214056
0.00219858
0.00225583
0.00231144
0.00236447
0.00241391
0.00245872
0.0024979
0.00253057
0.00255603
0.00257391
0.00258422
0.00258744
0.0025851
0.00257826
0.00256833
0.00255839
0.00255143
0.00255101
0.0025578
0.00257674
0.00261267
0.00266643
0.00273905
0.00283006
0.00293793
0.00306134
0.00320138
0.00336481
0.00356852
0.00384562
0.00425026
0.00484892
0.00567422
0.00663881
0.00743327
0.00758851
0.00645388
0.00384887
0.00128182
5.71138e-05
0.000369829
0.000569619
0.000700288
0.000799226
0.000879942
0.000948341
0.00100751
0.00105931
0.001105
0.00114549
0.00118153
0.00121375
0.00124268
0.00126878
0.00129253
0.00131435
0.00133466
0.00135385
0.00137229
0.00139036
0.00140845
0.00142692
0.00144614
0.00146648
0.00148829
0.0015119
0.00153763
0.00156573
0.00159642
0.00162988
0.00166619
0.00170538
0.0017474
0.00179213
0.00183937
0.00188887
0.00194028
0.00199322
0.00204722
0.00210173
0.00215617
0.00220984
0.00226199
0.00231181
0.00235843
0.00240098
0.00243861
0.00247058
0.00249628
0.00251538
0.00252783
0.00253396
0.00253457
0.00253146
0.00252518
0.00251825
0.00251334
0.00251354
0.00251964
0.00253623
0.00256762
0.00261504
0.00267978
0.00276177
0.00285989
0.00297307
0.00310228
0.00325372
0.00344343
0.00370389
0.00409053
0.00467641
0.00550977
0.00652497
0.00744134
0.00773925
0.00674055
0.0041077
0.00139963
5.77586e-05
0.000372733
0.000572891
0.000703483
0.00080223
0.000882706
0.000950831
0.0010097
0.00106119
0.00110655
0.00114672
0.00118243
0.00121431
0.00124291
0.00126873
0.00129218
0.0013137
0.00133371
0.00135257
0.00137067
0.00138837
0.00140603
0.00142401
0.00144265
0.00146231
0.00148332
0.001506
0.00153063
0.00155748
0.00158675
0.0016186
0.00165312
0.00169033
0.00173019
0.00177257
0.00181728
0.00186407
0.0019126
0.0019625
0.00201332
0.00206455
0.00211564
0.00216595
0.00221482
0.00226152
0.00230531
0.00234544
0.00238119
0.00241192
0.00243713
0.00245648
0.00246993
0.0024777
0.00248038
0.00247924
0.00247556
0.00247061
0.00246699
0.00246732
0.0024726
0.00248683
0.00251397
0.00255546
0.00261276
0.00268614
0.00277486
0.00287804
0.00299654
0.00313594
0.00331125
0.00355394
0.00391981
0.00448742
0.00531999
0.0063753
0.00740477
0.00786007
0.00702675
0.0043918
0.00152395
5.85349e-05
0.000376182
0.000576757
0.000707272
0.000805818
0.000886038
0.000953869
0.00101242
0.00106356
0.00110856
0.00114836
0.0011837
0.00121522
0.00124347
0.00126892
0.00129205
0.00131324
0.00133291
0.00135143
0.00136916
0.00138645
0.00140366
0.00142112
0.00143917
0.00145814
0.00147834
0.00150008
0.00152364
0.00154925
0.00157712
0.0016074
0.00164018
0.00167548
0.00171325
0.00175338
0.00179569
0.00183992
0.00188575
0.00193282
0.00198068
0.00202888
0.00207686
0.00212407
0.00216987
0.00221364
0.00225471
0.00229242
0.00232615
0.00235536
0.0023796
0.0023986
0.00241227
0.0024208
0.00242466
0.00242467
0.0024225
0.00241876
0.00241579
0.00241593
0.00242017
0.002432
0.00245508
0.00249095
0.00254118
0.00260629
0.00268588
0.00277926
0.00288713
0.00301444
0.003175
0.00339882
0.00374131
0.00428514
0.00510788
0.00619298
0.0073233
0.00795027
0.00730953
0.00470254
0.00165404
5.94695e-05
0.000380267
0.000581308
0.000711741
0.000810071
0.000890009
0.000957513
0.00101569
0.00106644
0.00111103
0.0011504
0.00118533
0.00121643
0.00124426
0.00126932
0.00129206
0.00131287
0.00133216
0.00135029
0.00136761
0.00138447
0.0014012
0.00141811
0.00143555
0.00145381
0.00147319
0.001494
0.00151647
0.00154086
0.00156736
0.0015961
0.00162718
0.00166063
0.00169641
0.0017344
0.00177442
0.00181624
0.00185955
0.00190398
0.00194914
0.00199454
0.0020397
0.00208407
0.00212708
0.00216816
0.00220669
0.00224211
0.00227387
0.00230148
0.00232456
0.00234286
0.00235631
0.00236506
0.00236948
0.00237023
0.00236875
0.00236572
0.00236299
0.00236265
0.00236579
0.00237525
0.00239439
0.00242495
0.00246845
0.00252563
0.00259634
0.0026801
0.00277746
0.00289265
0.00303819
0.00324225
0.00355894
0.00407354
0.00487647
0.00597824
0.00719598
0.00799607
0.00758281
0.00503921
0.00178837
6.05969e-05
0.000385106
0.000586656
0.000716993
0.00081508
0.000894698
0.000961821
0.00101957
0.00106985
0.00111395
0.00115282
0.00118724
0.00121785
0.00124521
0.0012698
0.00129208
0.00131246
0.00133132
0.00134901
0.00136588
0.00138226
0.00139846
0.00141481
0.0014316
0.00144913
0.00146768
0.00148754
0.00150895
0.00153213
0.00155728
0.00158453
0.00161397
0.00164563
0.00167949
0.00171543
0.0017533
0.00179286
0.00183382
0.00187583
0.0019185
0.00196139
0.002004
0.00204585
0.00208638
0.00212506
0.00216135
0.00219471
0.00222467
0.00225078
0.00227272
0.00229026
0.00230334
0.00231207
0.00231677
0.00231799
0.0023169
0.00231433
0.00231165
0.00231075
0.00231284
0.00232008
0.00233552
0.00236114
0.00239832
0.00244795
0.00251012
0.00258451
0.00267154
0.00277477
0.00290522
0.00308896
0.00337799
0.00385857
0.00463194
0.00573579
0.00702775
0.00801197
0.00784259
0.00540074
0.00192554
6.19629e-05
0.00039084
0.000592936
0.000723153
0.000820954
0.000900188
0.000966848
0.00102407
0.00107378
0.00111727
0.00115554
0.00118936
0.00121938
0.00124616
0.00127021
0.00129197
0.00131184
0.0013302
0.0013474
0.00136377
0.00137962
0.00139527
0.00141101
0.00142713
0.00144391
0.00146163
0.00148053
0.00150088
0.00152287
0.0015467
0.00157249
0.00160036
0.00163032
0.00166235
0.00169636
0.0017322
0.00176966
0.00180845
0.00184826
0.00188869
0.00192933
0.00196972
0.00200937
0.00204777
0.00208442
0.00211882
0.00215048
0.00217895
0.00220385
0.00222487
0.00224181
0.00225462
0.00226339
0.0022684
0.00227012
0.00226944
0.00226736
0.00226483
0.00226356
0.00226482
0.0022702
0.00228245
0.00230367
0.0023351
0.00237773
0.00243184
0.00249729
0.00257439
0.00266602
0.00278176
0.00294533
0.00320599
0.00364889
0.00438371
0.00547338
0.00681937
0.0079925
0.00807796
0.00578285
0.00206391
6.36285e-05
0.000397651
0.000600318
0.00073037
0.000827812
0.000906559
0.000972629
0.00102918
0.00107817
0.00112092
0.00115844
0.00119152
0.00122083
0.00124694
0.00127034
0.00129151
0.0013108
0.0013286
0.00134524
0.00136106
0.00137636
0.00139142
0.00140653
0.00142197
0.00143799
0.00145487
0.00147284
0.00149214
0.00151297
0.00153552
0.00155993
0.00158628
0.00161462
0.00164494
0.00167716
0.00171114
0.00174668
0.00178353
0.00182137
0.00185984
0.00189855
0.00193705
0.00197488
0.00201156
0.00204661
0.00207956
0.00210996
0.0021374
0.00216152
0.00218205
0.00219881
0.00221173
0.0022209
0.00222656
0.00222912
0.00222922
0.002228
0.00222605
0.00222493
0.00222583
0.00223006
0.00224
0.00225768
0.00228428
0.00232085
0.00236782
0.00242532
0.00249362
0.00257495
0.00267732
0.0028217
0.00305393
0.00345751
0.00414744
0.00520684
0.00658414
0.00791891
0.00828012
0.00618245
0.00220204
6.56777e-05
0.000405768
0.000609009
0.000738819
0.000835777
0.000913875
0.000979163
0.00103485
0.00108291
0.00112473
0.00116133
0.00119353
0.001222
0.00124732
0.00127
0.00129047
0.00130911
0.00132629
0.00134235
0.00135759
0.00137231
0.00138678
0.00140126
0.00141603
0.00143132
0.00144739
0.00146446
0.00148277
0.00150252
0.00152387
0.00154698
0.00157193
0.00159879
0.00162753
0.00165812
0.00169043
0.00172427
0.00175943
0.00179561
0.00183248
0.00186964
0.00190668
0.00194317
0.00197865
0.00201265
0.00204475
0.00207451
0.00210155
0.00212555
0.00214626
0.0021635
0.00217722
0.00218748
0.0021945
0.00219862
0.00220041
0.00220064
0.00220024
0.00220026
0.00220166
0.00220595
0.002215
0.0022305
0.00225379
0.00228614
0.00232838
0.00238076
0.00244359
0.00251872
0.00261281
0.00274401
0.00295303
0.00331612
0.00394632
0.00495961
0.00634566
0.0078017
0.00845389
0.00659173
0.00233844
6.82264e-05
0.000415482
0.000619262
0.000748692
0.000844962
0.000922153
0.000986378
0.00104092
0.00108781
0.00112848
0.00116398
0.00119514
0.00122264
0.00124707
0.00126895
0.00128865
0.0013066
0.00132315
0.00133861
0.00135329
0.00136746
0.00138137
0.00139529
0.00140945
0.00142409
0.00143945
0.00145575
0.0014732
0.00149201
0.00151233
0.00153432
0.00155808
0.00158365
0.00161107
0.00164028
0.0016712
0.00170367
0.0017375
0.00177242
0.00180813
0.00184427
0.00188044
0.00191622
0.00195119
0.00198491
0.00201697
0.00204697
0.00207455
0.00209941
0.00212131
0.0021401
0.00215573
0.00216826
0.00217785
0.0021848
0.00218959
0.00219285
0.00219536
0.00219806
0.00220191
0.00220814
0.00221836
0.00223411
0.00225677
0.00228759
0.00232749
0.00237732
0.00243762
0.00250994
0.00259999
0.0027239
0.00291939
0.00325885
0.00384635
0.00478582
0.00612797
0.0076624
0.00859347
0.00700202
0.00247187
7.14377e-05
0.000427157
0.000631377
0.000760181
0.000855423
0.000931317
0.000994098
0.00104715
0.00109259
0.00113188
0.0011661
0.0011961
0.00122254
0.00124606
0.00126705
0.00128601
0.00130331
0.00131928
0.00133423
0.00134844
0.00136218
0.00137569
0.00138921
0.00140297
0.00141719
0.00143208
0.00144787
0.00146477
0.00148296
0.00150262
0.00152389
0.00154686
0.00157161
0.00159817
0.00162651
0.00165657
0.00168824
0.00172136
0.00175572
0.00179104
0.00182699
0.0018632
0.00189929
0.00193485
0.00196947
0.00200277
0.00203438
0.00206396
0.00209125
0.00211601
0.00213808
0.00215723
0.0021735
0.00218719
0.00219861
0.00220819
0.0022165
0.00222425
0.00223229
0.00224164
0.00225347
0.00226903
0.0022897
0.0023169
0.00235201
0.00239619
0.00245003
0.00251471
0.00259166
0.00268544
0.00280884
0.00299251
0.00329842
0.00383088
0.0047189
0.00600765
0.00756065
0.00870894
0.00739235
0.00260206
7.55368e-05
0.000441222
0.000645676
0.00077343
0.000867099
0.000941151
0.00100202
0.00105323
0.00109696
0.0011347
0.00116757
0.00119639
0.00122184
0.00124443
0.00126471
0.00128308
0.00129992
0.00131554
0.00133025
0.00134432
0.00135799
0.0013715
0.00138508
0.00139893
0.00141327
0.0014283
0.00144425
0.00146132
0.00147971
0.00149957
0.00152105
0.00154426
0.00156926
0.00159609
0.00162475
0.00165521
0.00168739
0.00172116
0.00175634
0.0017927
0.00182996
0.00186779
0.00190581
0.00194365
0.00198093
0.0020173
0.00205242
0.002086
0.00211781
0.00214765
0.00217543
0.00220124
0.00222515
0.00224725
0.00226777
0.00228708
0.00230568
0.00232422
0.0023435
0.00236453
0.0023884
0.00241626
0.00244939
0.00248918
0.00253712
0.00259459
0.00266265
0.00274198
0.00283429
0.00294312
0.0030779
0.00326185
0.00354361
0.00400975
0.00478134
0.00597505
0.00751898
0.00881185
0.00774892
0.00273078
8.087e-05
0.000458271
0.000662486
0.000788449
0.000879755
0.000951328
0.00100986
0.00105901
0.00110096
0.00113723
0.00116897
0.00119691
0.00122168
0.00124382
0.00126386
0.00128222
0.00129924
0.00131523
0.00133044
0.00134513
0.00135957
0.00137399
0.00138861
0.00140365
0.0014193
0.00143578
0.00145331
0.00147214
0.00149245
0.00151443
0.00153819
0.00156384
0.00159145
0.00162105
0.00165266
0.00168629
0.00172191
0.0017595
0.00179898
0.00184015
0.00188274
0.00192642
0.00197085
0.00201567
0.00206056
0.0021052
0.00214932
0.00219268
0.00223509
0.00227643
0.00231672
0.00235615
0.00239481
0.00243278
0.00247023
0.00250746
0.00254489
0.00258311
0.00262288
0.00266529
0.00271136
0.00276209
0.00281854
0.00288193
0.0029537
0.00303523
0.00312747
0.00323119
0.00334735
0.00347865
0.00363089
0.00382
0.00408019
0.00448074
0.00512934
0.00615266
0.00756922
0.00891862
0.00801401
0.00286148
8.77118e-05
0.000478377
0.00068198
0.00080513
0.000893231
0.00096194
0.0010182
0.00106574
0.00110663
0.00114221
0.00117348
0.00120134
0.00122646
0.00124941
0.0012706
0.00129045
0.00130932
0.00132753
0.00134541
0.00136322
0.00138123
0.00139966
0.00141877
0.00143875
0.00145983
0.00148225
0.00150632
0.00153238
0.00156065
0.00159129
0.00162439
0.00166002
0.00169819
0.00173891
0.00178218
0.00182803
0.00187646
0.00192754
0.0019814
0.00203783
0.00209647
0.00215693
0.00221878
0.00228166
0.00234522
0.00240921
0.00247343
0.00253767
0.00260177
0.00266568
0.00272955
0.00279393
0.00285882
0.00292413
0.00298986
0.00305616
0.00312338
0.00319201
0.00326266
0.00333675
0.00341506
0.00349797
0.00358609
0.00368022
0.00378108
0.00388964
0.00400692
0.004134
0.00427106
0.0044201
0.00458259
0.0047691
0.00499892
0.00532578
0.00583391
0.00665949
0.00786573
0.00908262
0.00815481
0.00295514
9.74973e-05
0.000503425
0.000705071
0.000824117
0.000909633
0.000977285
0.00103351
0.00108161
0.00112378
0.00116146
0.00119569
0.00122738
0.00125724
0.00128587
0.00131374
0.00134131
0.00136899
0.00139718
0.00142626
0.00145654
0.00148834
0.00152195
0.00155765
0.00159568
0.00163628
0.00167973
0.00172668
0.00177779
0.00183329
0.00189312
0.0019571
0.00202502
0.00209665
0.00217174
0.00225008
0.00233159
0.00241609
0.00250359
0.00259491
0.00268956
0.00278659
0.00288524
0.00298477
0.00308465
0.00318444
0.00328395
0.0033829
0.00348114
0.00357858
0.00367528
0.00377152
0.00386909
0.00396738
0.00406581
0.00416409
0.00426232
0.0043607
0.00445965
0.0045597
0.00466076
0.00476314
0.00486801
0.00497603
0.00508811
0.00520474
0.00532695
0.00545483
0.00558976
0.00573015
0.00587905
0.00603174
0.00619827
0.00638048
0.00662391
0.00697478
0.00756065
0.0084382
0.00931624
0.00821736
0.00299253
0.000108539
0.000532357
0.00073798
0.000859291
0.000948667
0.00102297
0.00108865
0.0011488
0.00120544
0.00126002
0.00131367
0.00136742
0.00142214
0.00147856
0.00153728
0.00159886
0.00166377
0.00173248
0.00180535
0.00188269
0.00196475
0.00205172
0.00214372
0.00224078
0.00234287
0.00245006
0.00256361
0.00268524
0.00281421
0.00294921
0.00308892
0.00323216
0.00337791
0.00352521
0.00367348
0.00382202
0.00397005
0.00411732
0.00426721
0.00441825
0.00456799
0.00471534
0.00485933
0.00499951
0.00513553
0.00526758
0.0053955
0.00551956
0.00563986
0.00575681
0.00587087
0.00598078
0.00608714
0.00619113
0.00629294
0.0063933
0.00649245
0.00659115
0.0066896
0.00678857
0.00688797
0.00698879
0.007091
0.00719592
0.00730319
0.00741424
0.00752775
0.00764605
0.00776511
0.00789206
0.00801192
0.00814269
0.00826145
0.00841915
0.00860576
0.00892265
0.00936412
0.00964033
0.00819265
0.00298903
0.000130765
0.000592831
0.000834359
0.000996659
0.00113199
0.00126183
0.00139262
0.00152641
0.00166409
0.00180632
0.00195394
0.00210774
0.00226827
0.00243577
0.00261029
0.00279166
0.00297962
0.00317376
0.0033736
0.00357851
0.00378785
0.00400086
0.00421679
0.00443463
0.00465386
0.00487295
0.00509408
0.00532247
0.00555274
0.00578136
0.00600594
0.00622496
0.00643744
0.00664263
0.0068403
0.00702996
0.00721112
0.007385
0.00754855
0.00770197
0.00784656
0.00798355
0.00811299
0.00823548
0.0083511
0.00846087
0.00856487
0.00866395
0.00875816
0.00884826
0.00893433
0.00901697
0.00909591
0.00917211
0.00924553
0.00931745
0.00938738
0.00945673
0.00952478
0.0095932
0.00966094
0.00972991
0.00979881
0.00986977
0.00994129
0.0100157
0.0100911
0.0101702
0.0102502
0.0103386
0.0104131
0.0105017
0.010557
0.0106365
0.0106694
0.0106613
0.0104492
0.00983641
0.00768513
0.00277757
0.000175416
0.00079134
0.00133256
0.0017937
0.00218784
0.00258482
0.00299621
0.00341873
0.00384479
0.00426961
0.0046911
0.00510832
0.00552032
0.00592581
0.00632342
0.00671166
0.00708929
0.00745509
0.00780817
0.00814767
0.00847303
0.00878373
0.00907953
0.00936006
0.00962551
0.00987533
0.0101088
0.0103203
0.0105124
0.0106872
0.010847
0.0109937
0.0111287
0.0112534
0.0113684
0.0114752
0.0115743
0.0116669
0.0117529
0.0118323
0.011905
0.0119714
0.0120315
0.0120863
0.0121352
0.0121802
0.0122195
0.0122548
0.0122856
0.0123135
0.0123374
0.0123592
0.0123777
0.0123948
0.0124092
0.012423
0.0124348
0.012447
0.0124579
0.0124701
0.0124818
0.0124953
0.0125094
0.0125251
0.0125428
0.012561
0.0125835
0.0126077
0.0126389
0.0126401
0.0126341
0.0126022
0.0125515
0.0124239
0.012216
0.0117547
0.010892
0.00929328
0.00633374
0.00256235
0.00010915
0.000226759
0.000386705
0.000522416
0.000634439
0.000733108
0.000825067
0.000915008
0.00100512
0.00109604
0.00118779
0.00128025
0.00137335
0.00146703
0.00156116
0.0016556
0.00175012
0.00184451
0.00193849
0.00203182
0.00212424
0.00221549
0.00230536
0.00239354
0.00247998
0.00256422
0.00264641
0.00272565
0.00280149
0.0028737
0.00294223
0.00300716
0.00306858
0.00312671
0.0031817
0.00323371
0.00328299
0.0033297
0.0033741
0.00341617
0.00345612
0.00349386
0.00352955
0.00356311
0.00359478
0.00362435
0.00365231
0.00367789
0.00370221
0.00372404
0.00374496
0.00376319
0.00378097
0.00379579
0.00381072
0.00382234
0.00383473
0.00384341
0.00385357
0.00385967
0.00386783
0.00387171
0.00387775
0.00387978
0.00388264
0.00388188
0.00388007
0.0038738
0.00386916
0.00386426
0.00386152
0.0038567
0.00385114
0.00383909
0.00381905
0.00377786
0.0036977
0.00353469
0.00318064
0.00227195
)
;

boundaryField
{
    movingWall
    {
        type            kqRWallFunction;
        value           nonuniform List<scalar> 
80
(
0.00010915
0.000226759
0.000386705
0.000522416
0.000634439
0.000733108
0.000825067
0.000915008
0.00100512
0.00109604
0.00118779
0.00128025
0.00137335
0.00146703
0.00156116
0.0016556
0.00175012
0.00184451
0.00193849
0.00203182
0.00212424
0.00221549
0.00230536
0.00239354
0.00247998
0.00256422
0.00264641
0.00272565
0.00280149
0.0028737
0.00294223
0.00300716
0.00306858
0.00312671
0.0031817
0.00323371
0.00328299
0.0033297
0.0033741
0.00341617
0.00345612
0.00349386
0.00352955
0.00356311
0.00359478
0.00362435
0.00365231
0.00367789
0.00370221
0.00372404
0.00374496
0.00376319
0.00378097
0.00379579
0.00381072
0.00382234
0.00383473
0.00384341
0.00385357
0.00385967
0.00386783
0.00387171
0.00387775
0.00387978
0.00388264
0.00388188
0.00388007
0.0038738
0.00386916
0.00386426
0.00386152
0.0038567
0.00385114
0.00383909
0.00381905
0.00377786
0.0036977
0.00353469
0.00318064
0.00227195
)
;
    }
    fixedWalls
    {
        type            kqRWallFunction;
        value           nonuniform List<scalar> 
240
(
7.79552e-07
3.75412e-06
7.86188e-06
1.21823e-05
1.63317e-05
2.01961e-05
2.37531e-05
2.70115e-05
2.99891e-05
3.27063e-05
3.51828e-05
3.74374e-05
3.94874e-05
4.13485e-05
4.30352e-05
4.45608e-05
4.59379e-05
4.71778e-05
4.82913e-05
4.92881e-05
5.01774e-05
5.09677e-05
5.16671e-05
5.2283e-05
5.28225e-05
5.32922e-05
5.36981e-05
5.40461e-05
5.43414e-05
5.45889e-05
5.47934e-05
5.49588e-05
5.50893e-05
5.51883e-05
5.52594e-05
5.53055e-05
5.53297e-05
5.53342e-05
5.53227e-05
5.52971e-05
5.52592e-05
5.52117e-05
5.51572e-05
5.50976e-05
5.50352e-05
5.49725e-05
5.4912e-05
5.4856e-05
5.48074e-05
5.47686e-05
5.47466e-05
5.4747e-05
5.47666e-05
5.48095e-05
5.48773e-05
5.49749e-05
5.51075e-05
5.52805e-05
5.55006e-05
5.57801e-05
5.61394e-05
5.65796e-05
5.71138e-05
5.77586e-05
5.85349e-05
5.94695e-05
6.05969e-05
6.19629e-05
6.36285e-05
6.56777e-05
6.82264e-05
7.14377e-05
7.55368e-05
8.087e-05
8.77118e-05
9.74973e-05
0.000108539
0.000130765
0.000175416
0.00010915
7.83628e-07
3.75171e-06
7.70449e-06
1.15685e-05
1.50355e-05
1.80976e-05
2.07866e-05
2.3157e-05
2.52548e-05
2.71184e-05
2.87824e-05
3.02805e-05
3.16478e-05
3.29213e-05
3.4141e-05
3.53486e-05
3.65852e-05
3.78979e-05
3.93317e-05
4.08728e-05
4.25125e-05
4.42139e-05
4.59082e-05
4.7497e-05
4.88647e-05
4.98955e-05
5.04914e-05
5.05967e-05
5.02481e-05
4.95576e-05
4.87475e-05
4.81896e-05
4.84402e-05
5.02708e-05
5.49322e-05
6.4274e-05
7.98932e-05
0.00010134
0.000123865
0.000151825
0.000196294
0.000239902
0.000262143
0.000270068
0.000277855
0.000295867
0.0003273
0.000362605
0.00040003
0.000438869
0.000479284
0.000522881
0.000569985
0.000621452
0.000678557
0.000741544
0.00081208
0.000889571
0.0009756
0.00106936
0.00117176
0.00128182
0.00139963
0.00152395
0.00165404
0.00178837
0.00192554
0.00206391
0.00220204
0.00233844
0.00247187
0.00260206
0.00273078
0.00286148
0.00295514
0.00299253
0.00298903
0.00277757
0.00256235
0.00227195
7.79552e-07
3.73434e-06
7.65614e-06
1.15473e-05
1.50685e-05
1.81764e-05
2.09084e-05
2.33113e-05
2.54255e-05
2.72838e-05
2.89137e-05
3.03388e-05
3.15808e-05
3.26597e-05
3.35945e-05
3.4403e-05
3.51024e-05
3.57084e-05
3.62361e-05
3.6699e-05
3.71097e-05
3.74795e-05
3.78186e-05
3.81358e-05
3.84392e-05
3.87355e-05
3.90309e-05
3.93306e-05
3.96391e-05
3.99603e-05
4.02978e-05
4.06546e-05
4.10332e-05
4.14361e-05
4.18651e-05
4.23219e-05
4.28074e-05
4.33226e-05
4.38674e-05
4.44413e-05
4.50429e-05
4.56696e-05
4.63172e-05
4.69785e-05
4.76458e-05
4.83389e-05
4.90362e-05
4.97215e-05
5.03859e-05
5.10175e-05
5.16033e-05
5.21295e-05
5.25819e-05
5.29482e-05
5.31891e-05
5.33068e-05
5.33184e-05
5.31744e-05
5.28667e-05
5.23873e-05
5.17277e-05
5.08807e-05
4.98404e-05
4.86019e-05
4.7161e-05
4.55141e-05
4.36579e-05
4.15884e-05
3.93008e-05
3.67884e-05
3.40433e-05
3.10559e-05
2.78161e-05
2.43148e-05
2.05428e-05
1.65045e-05
1.22501e-05
7.89012e-06
3.76265e-06
7.83628e-07
)
;
    }
    frontAndBack
    {
        type            empty;
    }
}


// ************************************************************************* //
