/*--------------------------------*- C++ -*----------------------------------*\
  =========                 |
  \\      /  F ield         | OpenFOAM: The Open Source CFD Toolbox
   \\    /   O peration     | Website:  https://openfoam.org
    \\  /    A nd           | Version:  13
     \\/     M anipulation  |
\*---------------------------------------------------------------------------*/
FoamFile
{
    format      ascii;
    class       volScalarField;
    location    "0.8";
    object      nut;
}
// * * * * * * * * * * * * * * * * * * * * * * * * * * * * * * * * * * * * * //

dimensions      [0 2 -1 0 0 0 0];

internalField   nonuniform List<scalar> 
6400
(
1.36702e-09
6.5488e-09
1.34268e-08
2.02518e-08
2.64282e-08
3.188e-08
3.66726e-08
4.08881e-08
4.45974e-08
4.7858e-08
5.07179e-08
5.32189e-08
5.53986e-08
5.72923e-08
5.89332e-08
6.03528e-08
6.15808e-08
6.26452e-08
6.35721e-08
6.43854e-08
6.51073e-08
6.57575e-08
6.63537e-08
6.69118e-08
6.74456e-08
6.79672e-08
6.84873e-08
6.9015e-08
6.95583e-08
7.01242e-08
7.07188e-08
7.13475e-08
7.20148e-08
7.27248e-08
7.3481e-08
7.4286e-08
7.51419e-08
7.60499e-08
7.70103e-08
7.80219e-08
7.90823e-08
8.0187e-08
8.13283e-08
8.24938e-08
8.36695e-08
8.48911e-08
8.61196e-08
8.73267e-08
8.84967e-08
8.96089e-08
9.064e-08
9.15655e-08
9.2361e-08
9.30045e-08
9.34263e-08
9.36317e-08
9.36497e-08
9.33936e-08
9.28492e-08
9.20027e-08
9.08392e-08
8.93463e-08
8.75137e-08
8.53331e-08
8.27971e-08
7.98996e-08
7.66349e-08
7.29966e-08
6.89757e-08
6.45611e-08
5.97388e-08
5.44921e-08
4.88034e-08
4.26568e-08
3.60362e-08
2.89499e-08
2.1486e-08
1.38377e-08
6.59858e-09
1.3742e-09
6.58354e-09
4.88007e-07
1.36831e-06
2.13144e-06
2.74208e-06
3.23758e-06
3.64908e-06
3.99692e-06
4.29433e-06
4.55034e-06
4.77141e-06
4.96249e-06
5.12757e-06
5.27003e-06
5.39283e-06
5.49861e-06
5.58973e-06
5.66836e-06
5.73648e-06
5.7959e-06
5.84828e-06
5.89509e-06
5.93771e-06
5.97735e-06
6.0151e-06
6.05195e-06
6.08877e-06
6.12636e-06
6.16542e-06
6.20659e-06
6.25045e-06
6.29752e-06
6.34828e-06
6.40314e-06
6.46249e-06
6.52665e-06
6.59588e-06
6.67035e-06
6.75018e-06
6.83533e-06
6.92565e-06
7.02083e-06
7.12026e-06
7.2226e-06
7.32515e-06
7.42239e-06
7.5161e-06
7.6081e-06
7.6972e-06
7.78183e-06
7.86024e-06
7.93059e-06
7.99093e-06
8.04303e-06
8.07453e-06
8.09283e-06
8.09784e-06
8.08264e-06
8.04713e-06
7.99021e-06
7.9108e-06
7.80791e-06
7.68064e-06
7.52806e-06
7.34921e-06
7.14302e-06
6.90826e-06
6.64334e-06
6.34618e-06
6.01413e-06
5.64375e-06
5.23062e-06
4.76911e-06
4.25169e-06
3.66919e-06
3.00945e-06
2.25424e-06
1.39223e-06
4.85811e-07
6.5795e-09
1.37883e-08
1.40025e-06
4.56294e-06
7.33484e-06
9.4469e-06
1.10913e-05
1.24131e-05
1.35029e-05
1.4418e-05
1.51956e-05
1.5861e-05
1.64323e-05
1.69235e-05
1.73456e-05
1.77081e-05
1.8019e-05
1.82853e-05
1.85135e-05
1.87095e-05
1.88785e-05
1.90254e-05
1.91547e-05
1.92703e-05
1.93761e-05
1.94753e-05
1.9571e-05
1.96659e-05
1.97624e-05
1.98628e-05
1.99692e-05
2.00832e-05
2.02065e-05
2.03406e-05
2.04868e-05
2.06462e-05
2.08196e-05
2.10079e-05
2.12114e-05
2.14304e-05
2.16645e-05
2.19132e-05
2.21752e-05
2.24487e-05
2.27305e-05
2.30166e-05
2.33013e-05
2.35835e-05
2.3861e-05
2.41298e-05
2.4385e-05
2.46214e-05
2.48333e-05
2.50151e-05
2.51693e-05
2.52684e-05
2.53244e-05
2.53386e-05
2.52947e-05
2.51906e-05
2.50234e-05
2.47901e-05
2.4488e-05
2.41146e-05
2.36672e-05
2.31429e-05
2.25384e-05
2.18499e-05
2.10721e-05
2.01983e-05
1.92193e-05
1.81229e-05
1.68932e-05
1.55089e-05
1.39427e-05
1.21484e-05
1.00592e-05
7.57428e-06
4.5792e-06
1.38204e-06
1.35128e-08
2.13676e-08
2.25231e-06
7.5568e-06
1.23265e-05
1.59823e-05
1.8809e-05
2.10631e-05
2.29066e-05
2.4445e-05
2.57475e-05
2.68624e-05
2.78206e-05
2.86447e-05
2.93537e-05
2.99633e-05
3.04872e-05
3.09369e-05
3.13231e-05
3.16552e-05
3.19421e-05
3.21919e-05
3.24117e-05
3.26084e-05
3.2788e-05
3.29562e-05
3.31178e-05
3.32776e-05
3.34395e-05
3.36074e-05
3.37845e-05
3.39737e-05
3.41777e-05
3.43987e-05
3.46389e-05
3.48998e-05
3.51827e-05
3.54886e-05
3.58178e-05
3.61702e-05
3.65452e-05
3.69412e-05
3.73559e-05
3.7786e-05
3.82269e-05
3.86725e-05
3.91174e-05
3.95567e-05
3.99848e-05
4.03946e-05
4.0778e-05
4.11267e-05
4.14319e-05
4.1685e-05
4.18817e-05
4.19997e-05
4.20444e-05
4.20136e-05
4.18899e-05
4.1669e-05
4.13465e-05
4.0918e-05
4.03796e-05
3.97277e-05
3.89587e-05
3.80697e-05
3.70548e-05
3.5907e-05
3.46177e-05
3.31755e-05
3.15654e-05
2.97671e-05
2.7753e-05
2.54852e-05
2.29097e-05
1.99507e-05
1.6494e-05
1.23673e-05
7.38314e-06
2.15971e-06
2.02912e-08
2.86483e-08
2.9891e-06
1.00116e-05
1.64236e-05
2.14158e-05
2.5315e-05
2.84378e-05
3.10006e-05
3.31412e-05
3.49511e-05
3.64926e-05
3.7813e-05
3.89483e-05
3.99257e-05
4.07675e-05
4.1492e-05
4.21153e-05
4.26514e-05
4.31134e-05
4.35133e-05
4.3862e-05
4.41694e-05
4.44445e-05
4.46956e-05
4.49303e-05
4.51554e-05
4.5377e-05
4.56008e-05
4.58317e-05
4.60743e-05
4.63331e-05
4.66115e-05
4.69117e-05
4.72363e-05
4.75872e-05
4.79659e-05
4.83732e-05
4.88094e-05
4.92741e-05
4.97659e-05
5.02824e-05
5.08202e-05
5.13747e-05
5.19399e-05
5.25083e-05
5.30732e-05
5.36271e-05
5.41614e-05
5.46662e-05
5.51312e-05
5.55454e-05
5.58976e-05
5.61767e-05
5.63721e-05
5.6461e-05
5.64651e-05
5.63539e-05
5.61204e-05
5.57584e-05
5.5262e-05
5.46261e-05
5.38459e-05
5.29169e-05
5.18342e-05
5.0592e-05
4.91841e-05
4.76019e-05
4.58346e-05
4.38672e-05
4.16801e-05
3.92464e-05
3.65302e-05
3.34817e-05
3.00314e-05
2.60801e-05
2.14817e-05
1.60269e-05
9.50504e-06
2.77688e-06
2.63734e-08
3.543e-08
3.6257e-06
1.20454e-05
1.98144e-05
2.59506e-05
3.07938e-05
3.46963e-05
3.79063e-05
4.059e-05
4.28601e-05
4.4796e-05
4.64558e-05
4.78837e-05
4.91142e-05
5.01749e-05
5.10893e-05
5.18776e-05
5.2558e-05
5.31464e-05
5.36569e-05
5.4103e-05
5.44967e-05
5.48494e-05
5.51713e-05
5.54717e-05
5.5759e-05
5.60408e-05
5.63239e-05
5.66143e-05
5.69174e-05
5.72375e-05
5.75787e-05
5.79451e-05
5.83396e-05
5.87644e-05
5.92212e-05
5.97109e-05
6.02334e-05
6.07878e-05
6.13722e-05
6.19835e-05
6.26171e-05
6.32675e-05
6.39278e-05
6.45898e-05
6.52443e-05
6.58808e-05
6.64884e-05
6.7055e-05
6.75677e-05
6.80135e-05
6.83792e-05
6.86519e-05
6.88152e-05
6.88439e-05
6.87834e-05
6.85691e-05
6.82067e-05
6.76886e-05
6.70083e-05
6.61601e-05
6.51388e-05
6.39392e-05
6.25558e-05
6.09824e-05
5.92113e-05
5.72326e-05
5.50333e-05
5.25961e-05
4.98975e-05
4.69063e-05
4.358e-05
3.98606e-05
3.56675e-05
3.08864e-05
2.53525e-05
1.8839e-05
1.11419e-05
3.27068e-06
3.1746e-08
4.16733e-08
4.17965e-06
1.3766e-05
2.26769e-05
2.97986e-05
3.54727e-05
4.0073e-05
4.38705e-05
4.70519e-05
4.97466e-05
5.2047e-05
5.4021e-05
5.57205e-05
5.71861e-05
5.84507e-05
5.9542e-05
6.04839e-05
6.12976e-05
6.20018e-05
6.26135e-05
6.31483e-05
6.36205e-05
6.40433e-05
6.44287e-05
6.47876e-05
6.51297e-05
6.54641e-05
6.57986e-05
6.61403e-05
6.64954e-05
6.68693e-05
6.72666e-05
6.76917e-05
6.81477e-05
6.86374e-05
6.91622e-05
6.97232e-05
7.032e-05
7.09512e-05
7.16145e-05
7.23057e-05
7.30197e-05
7.37495e-05
7.44868e-05
7.5222e-05
7.59439e-05
7.66402e-05
7.72976e-05
7.79018e-05
7.8438e-05
7.88914e-05
7.9247e-05
7.94904e-05
7.95983e-05
7.95527e-05
7.94054e-05
7.90763e-05
7.85747e-05
7.7894e-05
7.70277e-05
7.59699e-05
7.47151e-05
7.32578e-05
7.15922e-05
6.97115e-05
6.76071e-05
6.5268e-05
6.26799e-05
5.98234e-05
5.66725e-05
5.31926e-05
4.93368e-05
4.50414e-05
4.0218e-05
3.47427e-05
2.84395e-05
2.10733e-05
1.24535e-05
3.68008e-06
3.64644e-08
4.73931e-08
4.66507e-06
1.5246e-05
2.51343e-05
3.31145e-05
3.95238e-05
4.47502e-05
4.9081e-05
5.2718e-05
5.58037e-05
5.84411e-05
6.07065e-05
6.26584e-05
6.4343e-05
6.57978e-05
6.70545e-05
6.81401e-05
6.90788e-05
6.98918e-05
7.05985e-05
7.12166e-05
7.17625e-05
7.22509e-05
7.26954e-05
7.31084e-05
7.3501e-05
7.38833e-05
7.42643e-05
7.4652e-05
7.50534e-05
7.54748e-05
7.59214e-05
7.63979e-05
7.69079e-05
7.74542e-05
7.80387e-05
7.86619e-05
7.93237e-05
8.00221e-05
8.07541e-05
8.15149e-05
8.2298e-05
8.30956e-05
8.38976e-05
8.46926e-05
8.54675e-05
8.62081e-05
8.68987e-05
8.75233e-05
8.8065e-05
8.85074e-05
8.88342e-05
8.90298e-05
8.90648e-05
8.8934e-05
8.86803e-05
8.82284e-05
8.75795e-05
8.67324e-05
8.56806e-05
8.44182e-05
8.29397e-05
8.12394e-05
7.9311e-05
7.71474e-05
7.47391e-05
7.20743e-05
6.91372e-05
6.59071e-05
6.23563e-05
5.84475e-05
5.41309e-05
4.93388e-05
4.39776e-05
3.79171e-05
3.0974e-05
2.2907e-05
1.35401e-05
4.02865e-06
4.06244e-08
5.26207e-08
5.09252e-06
1.65375e-05
2.72693e-05
3.60059e-05
4.30706e-05
4.88609e-05
5.36766e-05
5.7731e-05
6.11772e-05
6.41265e-05
6.66625e-05
6.88497e-05
7.07389e-05
7.23719e-05
7.37836e-05
7.50044e-05
7.60608e-05
7.69764e-05
7.77729e-05
7.84698e-05
7.90852e-05
7.96354e-05
8.01354e-05
8.0599e-05
8.10386e-05
8.14653e-05
8.18891e-05
8.23189e-05
8.27627e-05
8.32274e-05
8.37188e-05
8.42421e-05
8.48014e-05
8.53996e-05
8.60388e-05
8.67196e-05
8.74415e-05
8.82022e-05
8.89979e-05
8.98229e-05
9.06696e-05
9.15284e-05
9.23876e-05
9.32338e-05
9.40516e-05
9.48246e-05
9.55349e-05
9.61644e-05
9.66948e-05
9.71079e-05
9.73869e-05
9.75156e-05
9.74588e-05
9.72279e-05
9.68523e-05
9.62663e-05
9.54627e-05
9.4446e-05
9.32104e-05
9.17503e-05
9.00601e-05
8.8134e-05
8.59652e-05
8.35455e-05
8.08647e-05
7.79096e-05
7.46632e-05
7.11034e-05
6.72007e-05
6.29164e-05
5.81984e-05
5.2976e-05
4.71526e-05
4.05935e-05
3.31111e-05
2.4452e-05
1.44637e-05
4.3311e-06
4.43067e-08
5.73917e-08
5.471e-06
1.76713e-05
2.91427e-05
3.85506e-05
4.62025e-05
5.25027e-05
5.77602e-05
6.21978e-05
6.59766e-05
6.92152e-05
7.20032e-05
7.441e-05
7.64909e-05
7.82912e-05
7.9849e-05
8.11973e-05
8.2365e-05
8.3378e-05
8.42598e-05
8.50316e-05
8.5713e-05
8.63219e-05
8.68747e-05
8.73864e-05
8.78704e-05
8.8339e-05
8.88031e-05
8.92728e-05
8.97566e-05
9.02622e-05
9.07962e-05
9.13643e-05
9.19709e-05
9.26194e-05
9.3312e-05
9.40492e-05
9.48303e-05
9.56524e-05
9.65109e-05
9.73988e-05
9.83069e-05
9.92236e-05
0.000100135
0.000101025
0.000101876
0.000102669
0.000103384
0.000104
0.000104497
0.000104858
0.000105064
0.000105101
0.000104928
0.000104575
0.000104058
0.000103324
0.000102356
0.000101166
9.97495e-05
9.81009e-05
9.62149e-05
9.40851e-05
9.17036e-05
8.90608e-05
8.61446e-05
8.294e-05
7.9428e-05
7.55847e-05
7.1379e-05
6.67703e-05
6.17048e-05
5.61102e-05
4.98873e-05
4.28985e-05
3.49531e-05
2.57865e-05
1.52661e-05
4.59754e-06
4.75789e-08
6.17407e-08
5.8073e-06
1.8672e-05
3.07981e-05
4.08053e-05
4.89859e-05
5.57486e-05
6.14098e-05
6.61996e-05
7.02858e-05
7.37931e-05
7.6816e-05
7.94283e-05
8.16892e-05
8.3647e-05
8.53428e-05
8.68119e-05
8.80854e-05
8.91911e-05
9.01541e-05
9.09975e-05
9.17422e-05
9.24075e-05
9.3011e-05
9.35688e-05
9.40957e-05
9.46048e-05
9.51081e-05
9.56165e-05
9.61395e-05
9.66855e-05
9.7262e-05
9.7875e-05
9.85297e-05
9.92298e-05
9.99774e-05
0.000100773
0.000101616
0.000102502
0.000103425
0.000104376
0.000105345
0.000106317
0.000107275
0.0001082
0.00010907
0.000109865
0.000110561
0.000111136
0.00011157
0.000111844
0.000111942
0.000111851
0.000111526
0.000111018
0.000110333
0.000109432
0.000108286
0.000106918
0.000105324
0.000103499
0.000101439
9.91352e-05
9.6578e-05
9.3755e-05
9.06513e-05
8.72486e-05
8.35247e-05
7.94526e-05
7.49988e-05
7.01205e-05
6.47622e-05
5.885e-05
5.22831e-05
4.49222e-05
3.65737e-05
2.69644e-05
1.59772e-05
4.8357e-06
5.05016e-08
6.57005e-08
6.10691e-06
1.9559e-05
3.22681e-05
4.28131e-05
5.14714e-05
5.8655e-05
6.46857e-05
6.97997e-05
7.41704e-05
7.79273e-05
8.11695e-05
8.39745e-05
8.64046e-05
8.85111e-05
9.03376e-05
9.19213e-05
9.32956e-05
9.44898e-05
9.55308e-05
9.6443e-05
9.72487e-05
9.79685e-05
9.86213e-05
9.92242e-05
9.97931e-05
0.000100342
0.000100885
0.000101432
0.000101995
0.000102583
0.000103203
0.000103864
0.00010457
0.000105325
0.000106132
0.000106991
0.000107899
0.000108853
0.000109844
0.000110861
0.000111889
0.00011291
0.000113904
0.000114847
0.000115714
0.000116481
0.000117122
0.000117613
0.000117936
0.000118072
0.000118009
0.000117738
0.000117211
0.000116504
0.000115611
0.000114518
0.000113176
0.000111622
0.000109856
0.000107873
0.000105667
0.00010323
0.000100546
9.76004e-05
9.43726e-05
9.08391e-05
8.69728e-05
8.27416e-05
7.81079e-05
7.30257e-05
6.74367e-05
6.12654e-05
5.44096e-05
4.67287e-05
3.80276e-05
2.80268e-05
1.66208e-05
5.05222e-06
5.31342e-08
6.93014e-08
6.37432e-06
2.03477e-05
3.35782e-05
4.46074e-05
5.36988e-05
6.12659e-05
6.76353e-05
7.30481e-05
7.76823e-05
8.16716e-05
8.51187e-05
8.81044e-05
9.06939e-05
9.29409e-05
9.48912e-05
9.65841e-05
9.80546e-05
9.93337e-05
0.00010045
0.000101428
0.000102293
0.000103066
0.000103768
0.000104415
0.000105026
0.000105616
0.000106198
0.000106786
0.000107391
0.000108023
0.000108692
0.000109404
0.000110166
0.000110982
0.000111855
0.000112783
0.000113764
0.00011479
0.000115851
0.000116931
0.000118012
0.00011907
0.00012008
0.000121013
0.000121839
0.00012253
0.00012306
0.000123405
0.000123546
0.000123472
0.000123173
0.000122649
0.000121854
0.000120887
0.000119736
0.000118416
0.000116855
0.000115108
0.000113176
0.000111058
0.000108744
0.000106224
0.000103478
0.000100484
9.72148e-05
9.36385e-05
8.97203e-05
8.54207e-05
8.06954e-05
7.54929e-05
6.97507e-05
6.33903e-05
5.63077e-05
4.83612e-05
3.9355e-05
2.90062e-05
1.72169e-05
5.2533e-06
5.55383e-08
7.25711e-08
6.61326e-06
2.10503e-05
3.47485e-05
4.62149e-05
5.56995e-05
6.36169e-05
7.02971e-05
7.59855e-05
8.08638e-05
8.50694e-05
8.87081e-05
9.18635e-05
9.46032e-05
9.69831e-05
9.9051e-05
0.000100848
0.000102411
0.000103771
0.00010496
0.000106003
0.000106926
0.000107751
0.0001085
0.000109193
0.000109846
0.000110478
0.000111102
0.000111733
0.000112384
0.000113065
0.000113786
0.000114556
0.000115382
0.000116267
0.000117213
0.000118218
0.000119276
0.000120378
0.000121507
0.000122644
0.000123762
0.000124833
0.000125823
0.000126697
0.000127423
0.000127968
0.000128305
0.000128414
0.000128279
0.000127896
0.000127266
0.000126398
0.000125248
0.000123949
0.000122477
0.000120887
0.000119084
0.000117134
0.000115047
0.00011282
0.000110445
0.000107904
0.000105174
0.000102223
9.90136e-05
9.55042e-05
9.16483e-05
8.73957e-05
8.2692e-05
7.74771e-05
7.16815e-05
6.52215e-05
5.79897e-05
4.98424e-05
4.05826e-05
2.99282e-05
1.77832e-05
5.44498e-06
5.77792e-08
7.55347e-08
6.82686e-06
2.16768e-05
3.57957e-05
4.76572e-05
5.74993e-05
6.57367e-05
7.27025e-05
7.86451e-05
8.37497e-05
8.81567e-05
9.19746e-05
9.52893e-05
9.81706e-05
0.000100676
0.000102856
0.000104752
0.000106403
0.000107843
0.000109101
0.000110207
0.000111187
0.000112064
0.000112862
0.0001136
0.000114298
0.000114973
0.000115642
0.00011632
0.000117021
0.000117756
0.000118538
0.000119374
0.000120271
0.000121233
0.00012226
0.000123348
0.000124487
0.000125662
0.000126851
0.000128026
0.000129154
0.000130195
0.000131109
0.000131855
0.000132395
0.000132695
0.000132731
0.000132486
0.000131955
0.000131143
0.000130065
0.000128742
0.000127141
0.000125428
0.000123572
0.000121656
0.000119596
0.000117433
0.000115201
0.000112898
0.000110512
0.000108021
0.000105394
0.00010259
9.95578e-05
9.62432e-05
9.25851e-05
8.85189e-05
8.3976e-05
7.88836e-05
7.31615e-05
6.6717e-05
5.94364e-05
5.11714e-05
4.17227e-05
3.08094e-05
1.83346e-05
5.63317e-06
5.9927e-08
7.82158e-08
7.01773e-06
2.22354e-05
3.67343e-05
4.89516e-05
5.91193e-05
6.76495e-05
7.48775e-05
8.10547e-05
8.63692e-05
9.09638e-05
9.49492e-05
9.84135e-05
0.000101428
0.000104053
0.000106339
0.000108331
0.000110066
0.000111582
0.000112908
0.000114076
0.000115112
0.000116042
0.000116888
0.000117673
0.000118417
0.000119139
0.000119857
0.000120587
0.000121343
0.000122141
0.00012299
0.0001239
0.000124878
0.000125925
0.00012704
0.000128214
0.000129432
0.000130671
0.0001319
0.000133082
0.00013417
0.000135118
0.000135875
0.000136395
0.000136635
0.000136564
0.000136162
0.000135424
0.000134355
0.000132979
0.000131327
0.000129435
0.000127283
0.000125072
0.000122773
0.000120484
0.00011815
0.00011577
0.000113407
0.00011106
0.000108715
0.000106345
0.00010391
0.000101358
9.86267e-05
9.56441e-05
9.23327e-05
8.86095e-05
8.43879e-05
7.95777e-05
7.40829e-05
6.77972e-05
6.05957e-05
5.23215e-05
4.27688e-05
3.16559e-05
1.88821e-05
5.82334e-06
6.20549e-08
8.06362e-08
7.18816e-06
2.2733e-05
3.75751e-05
5.01134e-05
6.05775e-05
6.93754e-05
7.68443e-05
8.3238e-05
8.8747e-05
9.35161e-05
9.76581e-05
0.000101263
0.000104404
0.000107142
0.000109529
0.000111611
0.000113428
0.000115017
0.00011641
0.000117639
0.000118731
0.000119713
0.000120609
0.000121443
0.000122236
0.000123008
0.000123779
0.000124567
0.000125387
0.000126253
0.000127179
0.000128173
0.000129239
0.000130379
0.000131585
0.000132844
0.000134131
0.000135413
0.000136648
0.000137784
0.000138765
0.00013953
0.000140022
0.000140188
0.000139989
0.000139397
0.000138403
0.000137017
0.000135264
0.000133186
0.000130838
0.000128271
0.000125481
0.000122705
0.000119914
0.000117219
0.000114609
0.000112013
0.000109536
0.000107176
0.000104917
0.000102728
0.000100563
9.83589e-05
9.60407e-05
9.35213e-05
9.07039e-05
8.74847e-05
8.37551e-05
7.94027e-05
7.43101e-05
6.83516e-05
6.13848e-05
5.32378e-05
4.36922e-05
3.24599e-05
1.94295e-05
6.01951e-06
6.42349e-08
8.28159e-08
7.34015e-06
2.31761e-05
3.83269e-05
5.11554e-05
6.18892e-05
7.09318e-05
7.86219e-05
8.52152e-05
9.09042e-05
9.58357e-05
0.000100124
0.000103861
0.000107121
0.000109966
0.000112449
0.000114618
0.000116514
0.000118174
0.000119633
0.000120921
0.000122069
0.000123104
0.000124051
0.000124936
0.000125782
0.000126609
0.000127439
0.000128291
0.000129181
0.000130126
0.000131137
0.000132223
0.000133386
0.000134622
0.000135917
0.00013725
0.000138585
0.000139874
0.000141062
0.00014208
0.000142859
0.000143327
0.00014342
0.000143085
0.000142287
0.000141011
0.000139266
0.00013708
0.000134505
0.000131606
0.000128463
0.000125148
0.000121665
0.000118287
0.000114988
0.000111876
0.000109006
0.000106211
0.000103639
0.000101289
9.91454e-05
9.71758e-05
9.53294e-05
9.35382e-05
9.1717e-05
8.9765e-05
8.75674e-05
8.49985e-05
8.19248e-05
7.82069e-05
7.37005e-05
6.82536e-05
6.1699e-05
5.38417e-05
4.44417e-05
3.31969e-05
1.99705e-05
6.221e-06
6.65501e-08
8.47737e-08
7.47543e-06
2.35696e-05
3.89976e-05
5.20886e-05
6.30674e-05
7.23335e-05
8.02265e-05
8.70038e-05
9.28595e-05
9.79421e-05
0.000102367
0.000106228
0.0001096
0.000112546
0.000115122
0.000117374
0.000119346
0.000121075
0.000122597
0.000123945
0.000125149
0.000126238
0.000127239
0.000128178
0.00012908
0.000129967
0.000130862
0.000131785
0.000132754
0.000133786
0.000134891
0.000136075
0.000137338
0.000138669
0.000140046
0.000141432
0.00014278
0.000144024
0.00014509
0.000145895
0.000146354
0.000146388
0.00014593
0.000144932
0.000143371
0.000141252
0.000138607
0.000135494
0.000131992
0.000128194
0.000124204
0.000120118
0.000115943
0.000111973
0.000108196
0.000104692
0.0001016
9.86459e-05
9.60009e-05
9.36741e-05
9.16526e-05
8.99053e-05
8.83832e-05
8.70188e-05
8.57243e-05
8.43916e-05
8.28925e-05
8.10813e-05
7.87982e-05
7.58733e-05
7.21293e-05
6.73803e-05
6.14262e-05
5.40396e-05
4.49478e-05
3.38241e-05
2.04856e-05
6.42161e-06
6.90766e-08
8.65266e-08
7.59549e-06
2.3918e-05
3.95943e-05
5.29223e-05
6.41236e-05
7.35937e-05
8.16727e-05
8.86193e-05
9.46292e-05
9.9852e-05
0.000104405
0.000108381
0.000111859
0.000114901
0.000117564
0.000119897
0.000121942
0.000123738
0.000125323
0.00012673
0.000127991
0.000129136
0.000130193
0.000131189
0.000132151
0.000133103
0.00013407
0.000135072
0.000136128
0.000137254
0.00013846
0.000139748
0.000141111
0.000142529
0.000143967
0.000145375
0.000146684
0.000147811
0.000148662
0.000149137
0.000149141
0.00014859
0.00014742
0.000145599
0.000143122
0.000140024
0.000136368
0.000132245
0.000127766
0.000123054
0.000118234
0.000113426
0.000108632
0.000104138
9.99757e-05
9.61627e-05
9.28924e-05
8.98725e-05
8.71796e-05
8.48799e-05
8.29608e-05
8.13964e-05
8.01457e-05
7.91511e-05
7.8334e-05
7.75913e-05
7.67919e-05
7.57771e-05
7.43634e-05
7.23479e-05
6.95141e-05
6.56341e-05
6.04651e-05
5.3737e-05
4.51331e-05
3.4285e-05
2.09478e-05
6.62194e-06
7.17897e-08
8.80907e-08
7.70168e-06
2.42251e-05
4.01232e-05
5.36648e-05
6.50679e-05
7.47238e-05
8.2973e-05
9.00754e-05
9.62276e-05
0.000101581
0.000106252
0.000110338
0.000113915
0.000117048
0.000119795
0.000122204
0.000124319
0.000126182
0.000127829
0.000129295
0.000130614
0.000131815
0.00013293
0.000133988
0.000135015
0.000136038
0.000137083
0.000138171
0.000139322
0.000140549
0.00014186
0.000143252
0.000144709
0.000146197
0.000147668
0.000149049
0.000150253
0.000151174
0.000151698
0.000151712
0.000151115
0.000149824
0.00014779
0.000145002
0.00014149
0.00013732
0.000132597
0.000127449
0.00012202
0.000116459
0.000110911
0.000105505
0.000100257
9.53774e-05
9.09778e-05
8.70114e-05
8.36499e-05
8.06789e-05
7.79846e-05
7.5717e-05
7.38639e-05
7.24056e-05
7.13145e-05
7.05526e-05
7.0066e-05
6.97749e-05
6.95651e-05
6.9281e-05
6.87251e-05
6.76637e-05
6.58356e-05
6.29608e-05
5.87415e-05
5.28526e-05
4.49214e-05
3.45181e-05
2.13242e-05
6.81515e-06
7.46727e-08
8.9481e-08
7.79517e-06
2.44944e-05
4.05898e-05
5.43235e-05
6.59092e-05
7.5734e-05
8.41389e-05
9.13843e-05
9.76679e-05
0.000103142
0.000107924
0.000112112
0.000115782
0.000119002
0.000121828
0.00012431
0.000126495
0.000128422
0.00013013
0.000131656
0.000133032
0.000134293
0.000135469
0.000136591
0.000137688
0.000138789
0.000139918
0.000141099
0.000142351
0.000143684
0.000145102
0.000146593
0.00014813
0.000149663
0.000151123
0.000152418
0.000153433
0.000154043
0.000154117
0.000153533
0.000152189
0.000150016
0.000146989
0.00014313
0.000138509
0.00013324
0.000127468
0.00012136
0.000115094
0.000108839
0.000102749
9.69533e-05
9.15034e-05
8.6452e-05
8.20208e-05
7.80957e-05
7.4774e-05
7.19897e-05
6.93805e-05
6.71651e-05
6.53457e-05
6.39055e-05
6.28287e-05
6.2102e-05
6.1708e-05
6.16119e-05
6.1744e-05
6.19819e-05
6.21395e-05
6.19655e-05
6.11542e-05
5.93622e-05
5.62199e-05
5.13298e-05
4.42473e-05
3.4466e-05
2.15762e-05
6.99014e-06
7.76592e-08
9.07116e-08
7.87705e-06
2.4729e-05
4.0999e-05
5.4905e-05
6.66554e-05
7.66337e-05
8.51805e-05
9.2557e-05
9.89616e-05
0.000104547
0.000109433
0.000113715
0.000117474
0.000120775
0.000123677
0.00012623
0.000128481
0.000130471
0.000132241
0.000133826
0.000135262
0.000136584
0.000137824
0.000139014
0.000140186
0.000141369
0.000142589
0.000143869
0.000145226
0.000146668
0.00014819
0.000149769
0.000151364
0.000152906
0.000154303
0.000155436
0.000156169
0.000156355
0.000155852
0.000154535
0.000152313
0.000149142
0.000145032
0.00014005
0.000134316
0.000127992
0.000121271
0.000114358
0.000107452
0.000100738
9.43673e-05
8.84543e-05
8.30714e-05
7.81996e-05
7.39156e-05
7.02603e-05
6.71359e-05
6.46277e-05
6.22679e-05
6.01432e-05
5.83557e-05
5.68766e-05
5.56919e-05
5.48069e-05
5.4239e-05
5.40073e-05
5.41132e-05
5.4507e-05
5.5061e-05
5.55463e-05
5.56323e-05
5.49076e-05
5.29102e-05
4.91434e-05
4.30673e-05
3.40807e-05
2.16663e-05
7.1334e-06
8.06269e-08
9.17955e-08
7.94829e-06
2.49317e-05
4.13555e-05
5.54152e-05
6.7314e-05
7.74312e-05
8.61073e-05
9.36038e-05
0.00010012
0.000105808
0.00011079
0.000115162
0.000119003
0.000122381
0.000125356
0.000127977
0.000130292
0.000132344
0.000134173
0.000135818
0.000137315
0.0001387
0.000140007
0.000141271
0.000142522
0.000143792
0.000145108
0.000146492
0.000147957
0.000149505
0.000151123
0.000152774
0.000154396
0.000155901
0.00015717
0.000158058
0.000158408
0.000158056
0.000156854
0.000154686
0.000151484
0.000147239
0.000142009
0.000135916
0.000129135
0.000121883
0.000114393
0.000106901
9.96246e-05
9.27444e-05
8.63981e-05
8.0672e-05
7.56035e-05
7.11888e-05
6.73417e-05
6.40563e-05
6.13168e-05
5.90987e-05
5.71414e-05
5.51757e-05
5.34573e-05
5.19466e-05
5.06152e-05
4.94733e-05
4.85538e-05
4.79076e-05
4.76097e-05
4.77041e-05
4.8178e-05
4.88981e-05
4.95736e-05
4.97548e-05
4.88746e-05
4.63014e-05
4.13612e-05
3.33299e-05
2.15632e-05
7.23108e-06
8.34024e-08
9.27451e-08
8.00976e-06
2.51048e-05
4.16633e-05
5.58595e-05
6.78914e-05
7.81342e-05
8.69277e-05
9.45337e-05
0.000101152
0.000106936
0.000112006
0.000116461
0.00012038
0.000123832
0.000126874
0.000129561
0.000131939
0.000134052
0.000135941
0.000137646
0.000139205
0.000140655
0.000142032
0.000143371
0.000144706
0.000146068
0.000147484
0.000148974
0.000150547
0.000152196
0.000153896
0.000155594
0.000157208
0.000158621
0.00015969
0.000160247
0.000160112
0.000159113
0.000157108
0.000153998
0.00014975
0.000144406
0.00013808
0.000130956
0.000123268
0.000115281
0.000107266
9.94755e-05
9.21273e-05
8.5385e-05
7.93529e-05
7.4075e-05
6.95404e-05
6.56977e-05
6.24745e-05
5.96917e-05
5.73259e-05
5.53981e-05
5.38045e-05
5.21473e-05
5.05477e-05
4.90802e-05
4.76636e-05
4.6303e-05
4.50424e-05
4.39019e-05
4.29981e-05
4.24386e-05
4.23398e-05
4.27315e-05
4.34772e-05
4.41924e-05
4.42474e-05
4.28492e-05
3.91322e-05
3.21982e-05
2.12467e-05
7.27132e-06
8.57836e-08
9.35718e-08
8.06229e-06
2.52509e-05
4.1926e-05
5.62431e-05
6.83939e-05
7.87497e-05
8.76495e-05
9.53554e-05
0.000102067
0.000107939
0.000113092
0.000117624
0.000121616
0.000125136
0.000128245
0.000130994
0.000133432
0.000135605
0.000137553
0.000139319
0.000140941
0.000142458
0.000143907
0.000145326
0.000146749
0.000148206
0.000149725
0.000151321
0.000152997
0.000154738
0.000156502
0.000158217
0.000159777
0.000161041
0.000161836
0.000161972
0.000161259
0.000159522
0.000156633
0.000152526
0.000147216
0.000140802
0.000133466
0.000125453
0.000117056
0.000108578
0.000100313
9.2514e-05
8.53769e-05
7.90273e-05
7.35187e-05
6.88409e-05
6.49271e-05
6.16864e-05
5.90177e-05
5.6723e-05
5.46956e-05
5.29833e-05
5.15643e-05
5.02877e-05
4.88838e-05
4.76025e-05
4.6267e-05
4.47732e-05
4.33574e-05
4.18945e-05
4.04602e-05
3.9195e-05
3.82652e-05
3.78457e-05
3.80407e-05
3.8697e-05
3.9279e-05
3.88851e-05
3.64065e-05
3.06865e-05
2.07086e-05
7.24633e-06
8.75689e-08
9.42865e-08
8.10661e-06
2.5372e-05
4.21472e-05
5.65703e-05
6.88269e-05
7.92842e-05
8.82802e-05
9.60768e-05
0.000102874
0.000108826
0.000114056
0.00011866
0.00012272
0.000126305
0.000129476
0.000132285
0.000134783
0.000137014
0.000139021
0.000140848
0.000142534
0.000144119
0.000145643
0.000147144
0.000148656
0.000150212
0.000151833
0.000153533
0.000155307
0.000157125
0.000158931
0.000160628
0.000162087
0.000163138
0.000163586
0.000163223
0.000161851
0.000159307
0.000155487
0.00015037
0.00014403
0.000136631
0.000128424
0.000119715
0.000110842
0.000102136
9.38894e-05
8.63331e-05
7.96185e-05
7.38129e-05
6.89047e-05
6.48384e-05
6.1468e-05
5.85929e-05
5.61426e-05
5.41967e-05
5.25346e-05
5.10513e-05
4.97306e-05
4.84644e-05
4.72372e-05
4.61203e-05
4.4985e-05
4.39557e-05
4.26234e-05
4.12379e-05
3.94879e-05
3.78049e-05
3.61551e-05
3.4788e-05
3.39919e-05
3.393e-05
3.4397e-05
3.46031e-05
3.32438e-05
2.88082e-05
1.9952e-05
7.15176e-06
8.85892e-08
9.4899e-08
8.14343e-06
2.547e-05
4.233e-05
5.68456e-05
6.91959e-05
7.97438e-05
8.88263e-05
9.67051e-05
0.00010358
0.000109607
0.000114906
0.000119577
0.000123701
0.000127348
0.000130578
0.000133445
0.000135999
0.000138287
0.000140353
0.000142241
0.000143991
0.000145647
0.000147247
0.000148832
0.000150436
0.00015209
0.000153813
0.000155613
0.000157473
0.000159352
0.000161171
0.000162814
0.000164121
0.000164901
0.000164935
0.000164006
0.000161916
0.000158524
0.000153764
0.000147669
0.000140376
0.000132124
0.000123225
0.000114039
0.000104933
9.62405e-05
8.82313e-05
8.10881e-05
7.48975e-05
6.96583e-05
6.52675e-05
6.16033e-05
5.86293e-05
5.62822e-05
5.44014e-05
5.27658e-05
5.1303e-05
4.99671e-05
4.87081e-05
4.75607e-05
4.64222e-05
4.52679e-05
4.39742e-05
4.2889e-05
4.16404e-05
4.05435e-05
3.9196e-05
3.76317e-05
3.55707e-05
3.35306e-05
3.17434e-05
3.0559e-05
3.02124e-05
3.03581e-05
2.97719e-05
2.65925e-05
1.89875e-05
6.99132e-06
8.87512e-08
9.54189e-08
8.17336e-06
2.55468e-05
4.24773e-05
5.70729e-05
6.95055e-05
8.01341e-05
8.92943e-05
9.72474e-05
0.000104193
0.000110287
0.000115652
0.000120384
0.000124568
0.000128273
0.000131559
0.000134481
0.00013709
0.000139434
0.000141558
0.000143506
0.000145322
0.000147048
0.000148726
0.000150396
0.000152092
0.000153843
0.000155665
0.000157557
0.000159492
0.000161411
0.000163216
0.000164764
0.000165873
0.000166326
0.000165892
0.000164347
0.000161507
0.000157259
0.000151586
0.000144583
0.000136458
0.000127515
0.000118124
0.000108681
9.95582e-05
9.10691e-05
8.34345e-05
7.67707e-05
7.10839e-05
6.637e-05
6.22992e-05
5.91008e-05
5.65661e-05
5.42732e-05
5.22807e-05
5.05708e-05
4.9203e-05
4.80069e-05
4.67661e-05
4.57683e-05
4.49056e-05
4.40832e-05
4.32647e-05
4.22077e-05
4.10723e-05
3.98187e-05
3.85037e-05
3.72368e-05
3.56665e-05
3.34922e-05
3.11556e-05
2.89291e-05
2.73558e-05
2.66934e-05
2.62513e-05
2.41043e-05
1.78306e-05
6.77503e-06
8.81258e-08
9.58547e-08
8.19701e-06
2.56041e-05
4.25921e-05
5.72559e-05
6.97605e-05
8.04605e-05
8.969e-05
9.77099e-05
0.00010472
0.000110876
0.000116299
0.00012109
0.000125329
0.000129087
0.000132426
0.000135401
0.000138064
0.000140462
0.000142643
0.000144652
0.000146532
0.00014833
0.000150086
0.00015184
0.000153628
0.000155474
0.00015739
0.000159365
0.000161359
0.000163296
0.000165057
0.000166474
0.000167342
0.000167425
0.000166482
0.000164293
0.000160696
0.000155616
0.000149094
0.000141288
0.000132476
0.000123022
0.000113336
0.000103828
9.48544e-05
8.66814e-05
7.94658e-05
7.32646e-05
6.78158e-05
6.32301e-05
5.97612e-05
5.6976e-05
5.43997e-05
5.21015e-05
5.02656e-05
4.8629e-05
4.74436e-05
4.64691e-05
4.53089e-05
4.42586e-05
4.33937e-05
4.25683e-05
4.18146e-05
4.10408e-05
4.02764e-05
3.9229e-05
3.80125e-05
3.67515e-05
3.54085e-05
3.38749e-05
3.16884e-05
2.8858e-05
2.61592e-05
2.42123e-05
2.31284e-05
2.14903e-05
1.65043e-05
6.51992e-06
8.69126e-08
9.62144e-08
8.21492e-06
2.56435e-05
4.26768e-05
5.73982e-05
6.9965e-05
8.07278e-05
9.0019e-05
9.80988e-05
0.000105167
0.000111379
0.000116857
0.000121699
0.00012599
0.000129799
0.000133188
0.000136214
0.000138928
0.000141379
0.000143615
0.000145684
0.000147629
0.000149497
0.00015133
0.000153169
0.000155046
0.000156984
0.000158986
0.000161032
0.00016307
0.000165004
0.000166692
0.000167945
0.000168537
0.000168219
0.000166744
0.000163906
0.000159573
0.000153717
0.000146436
0.000137956
0.000128615
0.000118824
0.000109016
9.95909e-05
9.08626e-05
8.30302e-05
7.61707e-05
6.98871e-05
6.48512e-05
6.13915e-05
5.80445e-05
5.48088e-05
5.24952e-05
5.06894e-05
4.92875e-05
4.81207e-05
4.72507e-05
4.6742e-05
4.58242e-05
4.49711e-05
4.40565e-05
4.29413e-05
4.17047e-05
4.04682e-05
3.93901e-05
3.84736e-05
3.74719e-05
3.62168e-05
3.51793e-05
3.36507e-05
3.1974e-05
2.97245e-05
2.64306e-05
2.32724e-05
2.09604e-05
1.90439e-05
1.50635e-05
6.24218e-06
8.5511e-08
9.65055e-08
8.22761e-06
2.56666e-05
4.2734e-05
5.75029e-05
7.01232e-05
8.09409e-05
9.02866e-05
9.84198e-05
0.00010554
0.000111803
0.00011733
0.000122221
0.000126559
0.000130416
0.000133852
0.000136925
0.000139688
0.000142191
0.000144482
0.000146608
0.000148617
0.000150555
0.000152465
0.000154386
0.000156349
0.000158372
0.000160452
0.000162559
0.000164623
0.000166532
0.000168123
0.000169186
0.000169477
0.000168739
0.00016673
0.000163263
0.00015824
0.000151685
0.000143756
0.000134741
0.000125027
0.000115055
0.000105258
9.6005e-05
8.75471e-05
7.99971e-05
7.28664e-05
6.72897e-05
6.3495e-05
5.94371e-05
5.59708e-05
5.34861e-05
5.17187e-05
5.0585e-05
4.99175e-05
4.95976e-05
4.95026e-05
4.94811e-05
4.91809e-05
4.87661e-05
4.80705e-05
4.70173e-05
4.56625e-05
4.3947e-05
4.17818e-05
3.93844e-05
3.73152e-05
3.59237e-05
3.4449e-05
3.3222e-05
3.17438e-05
2.99769e-05
2.74961e-05
2.37236e-05
2.01363e-05
1.72302e-05
1.3622e-05
5.96285e-06
8.45826e-08
9.67349e-08
8.23554e-06
2.56748e-05
4.2766e-05
5.75733e-05
7.02388e-05
8.1104e-05
9.04976e-05
9.86782e-05
0.000105845
0.000112153
0.000117725
0.000122661
0.000127043
0.000130943
0.000134424
0.000137542
0.000140352
0.000142904
0.000145247
0.000147431
0.000149502
0.000151508
0.000153492
0.000155492
0.000157536
0.000159639
0.000161788
0.000163942
0.000166018
0.000167883
0.000169356
0.00017021
0.000170188
0.000169029
0.000166502
0.000162443
0.000156798
0.00014964
0.000141184
0.000131771
0.000121823
0.000111794
0.000102097
9.30529e-05
8.48382e-05
7.69746e-05
7.04293e-05
6.61812e-05
6.15979e-05
5.77053e-05
5.48693e-05
5.30567e-05
5.20591e-05
5.181e-05
5.19518e-05
5.21733e-05
5.25125e-05
5.28226e-05
5.27995e-05
5.25234e-05
5.18241e-05
5.07653e-05
4.94048e-05
4.77819e-05
4.58541e-05
4.35815e-05
4.08786e-05
3.74754e-05
3.4579e-05
3.27351e-05
3.11764e-05
2.9826e-05
2.78861e-05
2.49419e-05
2.05831e-05
1.65095e-05
1.24182e-05
5.70542e-06
8.51163e-08
9.69088e-08
8.23919e-06
2.56693e-05
4.27749e-05
5.76123e-05
7.03154e-05
8.12214e-05
9.06567e-05
9.88789e-05
0.000106087
0.000112436
0.000118049
0.000123025
0.000127447
0.000131388
0.00013491
0.000138071
0.000140925
0.000143524
0.000145918
0.000148156
0.000150288
0.000152359
0.000154414
0.00015649
0.000158611
0.000160785
0.000162994
0.000165183
0.000167255
0.000169061
0.000170402
0.000171037
0.000170701
0.000169135
0.000166123
0.00016153
0.000155344
0.000147688
0.000138828
0.000129143
0.000119078
0.000109078
9.95252e-05
9.06981e-05
8.22677e-05
7.45165e-05
6.95258e-05
6.46305e-05
6.00621e-05
5.66615e-05
5.45245e-05
5.34634e-05
5.34528e-05
5.38776e-05
5.43314e-05
5.49388e-05
5.57363e-05
5.61132e-05
5.61881e-05
5.59406e-05
5.53288e-05
5.42905e-05
5.27944e-05
5.09407e-05
4.88678e-05
4.67119e-05
4.43454e-05
4.15013e-05
3.7982e-05
3.36964e-05
3.09076e-05
2.9095e-05
2.78426e-05
2.55792e-05
2.17981e-05
1.69311e-05
1.17845e-05
5.51365e-06
8.84875e-08
9.70333e-08
8.23897e-06
2.56516e-05
4.27629e-05
5.76226e-05
7.03564e-05
8.12969e-05
9.0768e-05
9.90266e-05
0.000106271
0.000112656
0.000118305
0.000123318
0.000127777
0.000131755
0.000135315
0.000138516
0.000141412
0.000144056
0.000146498
0.000148789
0.000150979
0.000153113
0.000155235
0.000157381
0.000159572
0.000161811
0.000164069
0.000166283
0.000168339
0.000170075
0.000171277
0.000171692
0.000171054
0.000169108
0.000165658
0.000160602
0.000153965
0.000145919
0.000136769
0.000126922
0.000116826
0.000106905
9.74874e-05
8.87112e-05
7.9908e-05
7.35131e-05
6.84893e-05
6.32299e-05
5.90282e-05
5.62353e-05
5.48063e-05
5.47173e-05
5.53548e-05
5.60214e-05
5.66993e-05
5.79755e-05
5.88749e-05
5.95647e-05
6.00371e-05
6.01807e-05
5.99305e-05
5.91837e-05
5.78276e-05
5.59016e-05
5.32635e-05
5.03315e-05
4.73149e-05
4.42531e-05
4.1217e-05
3.76354e-05
3.31139e-05
2.88705e-05
2.70568e-05
2.56315e-05
2.28358e-05
1.80799e-05
1.20171e-05
5.43345e-06
9.69343e-08
9.71139e-08
8.23528e-06
2.56228e-05
4.27319e-05
5.76069e-05
7.0365e-05
8.1334e-05
9.08354e-05
9.9125e-05
0.000106401
0.000112818
0.0001185
0.000123545
0.000128038
0.00013205
0.000135646
0.000138884
0.00014182
0.000144506
0.000146994
0.000149335
0.000151578
0.000153772
0.000155957
0.000158168
0.000160423
0.000162717
0.000165017
0.000167244
0.000169276
0.000170935
0.000171997
0.000172202
0.000171283
0.000168997
0.000165169
0.000159727
0.000152736
0.000144404
0.000135067
0.000125145
0.000115081
0.000105271
9.60133e-05
8.69232e-05
7.84793e-05
7.29621e-05
6.74366e-05
6.22461e-05
5.84844e-05
5.63269e-05
5.56478e-05
5.64004e-05
5.72694e-05
5.79798e-05
5.93971e-05
6.0851e-05
6.19698e-05
6.29063e-05
6.35995e-05
6.40346e-05
6.41593e-05
6.39211e-05
6.31894e-05
6.17318e-05
5.92644e-05
5.60295e-05
5.26204e-05
4.85821e-05
4.42614e-05
4.04633e-05
3.66604e-05
3.17021e-05
2.6547e-05
2.50558e-05
2.29819e-05
1.92816e-05
1.31632e-05
5.57625e-06
1.13737e-07
9.71556e-08
8.2285e-06
2.55842e-05
4.26838e-05
5.75673e-05
7.03435e-05
8.13354e-05
9.08623e-05
9.91799e-05
0.000106484
0.00011293
0.00011864
0.000123715
0.000128237
0.000132279
0.000135907
0.00013918
0.000142152
0.000144877
0.000147408
0.000149796
0.00015209
0.000154339
0.000156583
0.000158852
0.000161164
0.000163506
0.000165838
0.000168072
0.000170073
0.000171654
0.000172582
0.000172594
0.000171427
0.00016885
0.00016471
0.000158966
0.000151714
0.000143193
0.000133756
0.000123827
0.000113831
0.000104119
9.49018e-05
8.54703e-05
7.81142e-05
7.25796e-05
6.65909e-05
6.16666e-05
5.83402e-05
5.67178e-05
5.70277e-05
5.80421e-05
5.89997e-05
6.00531e-05
6.19753e-05
6.35829e-05
6.49693e-05
6.61658e-05
6.70811e-05
6.76562e-05
6.78629e-05
6.77025e-05
6.72596e-05
6.63885e-05
6.48904e-05
6.21e-05
5.85257e-05
5.47876e-05
5.01222e-05
4.44179e-05
3.92988e-05
3.47611e-05
2.94364e-05
2.3783e-05
2.26916e-05
1.97599e-05
1.44618e-05
5.9193e-06
1.41612e-07
9.71625e-08
8.21899e-06
2.55367e-05
4.26197e-05
5.75063e-05
7.02961e-05
8.13065e-05
9.08549e-05
9.91936e-05
0.000106521
0.000112992
0.000118727
0.000123827
0.000128376
0.000132447
0.000136105
0.000139409
0.000142414
0.000145175
0.000147745
0.000150177
0.000152518
0.000154817
0.000157114
0.000159437
0.000161797
0.000164181
0.000166537
0.000168771
0.000170739
0.000172246
0.000173052
0.000172896
0.000171519
0.000168708
0.000164328
0.000158365
0.000150942
0.000142318
0.000132856
0.000122974
0.000113073
0.000103487
9.41397e-05
8.47974e-05
7.8047e-05
7.21851e-05
6.614e-05
6.14556e-05
5.85351e-05
5.74365e-05
5.83765e-05
5.95596e-05
6.06055e-05
6.21008e-05
6.42857e-05
6.61067e-05
6.77456e-05
6.9182e-05
7.03349e-05
7.11524e-05
7.15835e-05
7.15743e-05
7.10632e-05
7.01332e-05
6.89464e-05
6.71215e-05
6.39141e-05
5.9802e-05
5.58755e-05
5.09397e-05
4.43452e-05
3.75515e-05
3.21834e-05
2.59335e-05
2.10542e-05
1.98697e-05
1.52712e-05
6.17199e-06
1.79627e-07
9.71412e-08
8.20709e-06
2.54814e-05
4.25446e-05
5.74305e-05
7.02289e-05
8.12543e-05
9.08208e-05
9.91806e-05
0.000106528
0.000113019
0.000118773
0.000123894
0.000128465
0.00013256
0.000136242
0.000139573
0.00014261
0.000145405
0.000148011
0.000150481
0.000152865
0.00015521
0.000157553
0.000159923
0.000162326
0.000164743
0.000167118
0.000169349
0.000171285
0.000172724
0.000173427
0.000173132
0.000171592
0.000168605
0.000164058
0.000157959
0.000150449
0.000141801
0.000132378
0.000122585
0.000112803
0.000103326
9.38276e-05
8.46301e-05
7.83758e-05
7.20509e-05
6.60561e-05
6.15602e-05
5.89305e-05
5.83221e-05
5.95493e-05
6.09227e-05
6.21213e-05
6.39097e-05
6.6265e-05
6.83162e-05
7.01808e-05
7.184e-05
7.32239e-05
7.42795e-05
7.49507e-05
7.51781e-05
7.49026e-05
7.40734e-05
7.26582e-05
7.09762e-05
6.86402e-05
6.47658e-05
6.01733e-05
5.59488e-05
5.06715e-05
4.33158e-05
3.49075e-05
2.86293e-05
2.15836e-05
1.87016e-05
1.52529e-05
6.19811e-06
2.19322e-07
9.70947e-08
8.19318e-06
2.54206e-05
4.24571e-05
5.73355e-05
7.01381e-05
8.11741e-05
9.07553e-05
9.91313e-05
0.000106497
0.000113007
0.000118782
0.000123924
0.000128514
0.000132627
0.00013633
0.000139682
0.000142743
0.000145567
0.000148207
0.000150714
0.000153136
0.00015552
0.000157905
0.000160314
0.000162753
0.000165198
0.000167586
0.000169812
0.000171719
0.000173103
0.000173724
0.000173326
0.00017167
0.00016857
0.00016393
0.000157774
0.000150257
0.000141657
0.000132331
0.000122669
0.000113035
0.000103618
9.38728e-05
8.51124e-05
7.89154e-05
7.22544e-05
6.63182e-05
6.19319e-05
5.94725e-05
5.91659e-05
6.05314e-05
6.20738e-05
6.34712e-05
6.54591e-05
6.78195e-05
7.01035e-05
7.2173e-05
7.40441e-05
7.56633e-05
7.69778e-05
7.79255e-05
7.84343e-05
7.84275e-05
7.78356e-05
7.6605e-05
7.46987e-05
7.24916e-05
6.93001e-05
6.46288e-05
5.98983e-05
5.53052e-05
4.92285e-05
4.07377e-05
3.1233e-05
2.42777e-05
1.7481e-05
1.52175e-05
6.65213e-06
2.69342e-07
9.70267e-08
8.17761e-06
2.53539e-05
4.23588e-05
5.72264e-05
7.00295e-05
8.10727e-05
9.06647e-05
9.90533e-05
0.000106433
0.000112958
0.000118749
0.000123907
0.000128517
0.000132651
0.000136376
0.000139749
0.000142829
0.000145673
0.000148337
0.000150873
0.000153331
0.000155753
0.000158172
0.000160615
0.000163083
0.00016555
0.000167948
0.00017017
0.000172054
0.000173397
0.000173961
0.000173497
0.000171776
0.000168626
0.000163967
0.000157831
0.000150383
0.000141905
0.000132729
0.000123188
0.000113534
0.000104119
9.44124e-05
8.60505e-05
7.96909e-05
7.28565e-05
6.69187e-05
6.25511e-05
6.01432e-05
5.98964e-05
6.12819e-05
6.29415e-05
6.45353e-05
6.66452e-05
6.89753e-05
7.13596e-05
7.3624e-05
7.56971e-05
7.75581e-05
7.91599e-05
8.04332e-05
8.12864e-05
8.1614e-05
8.13155e-05
8.0318e-05
7.85905e-05
7.61333e-05
7.33359e-05
6.91831e-05
6.36599e-05
5.91235e-05
5.37882e-05
4.62665e-05
3.63602e-05
2.62025e-05
1.85187e-05
1.44972e-05
7.15793e-06
3.48261e-07
9.69415e-08
8.16049e-06
2.52821e-05
4.22521e-05
5.71054e-05
6.99057e-05
8.0953e-05
9.05524e-05
9.89507e-05
0.000106342
0.000112878
0.000118682
0.000123854
0.000128478
0.000132628
0.000136369
0.000139764
0.000142868
0.000145736
0.000148421
0.000150975
0.000153453
0.000155903
0.000158357
0.00016083
0.000163321
0.000165804
0.000168211
0.00017043
0.0001723
0.000173619
0.000174153
0.000173662
0.000171927
0.000168792
0.000164188
0.000158144
0.000150814
0.000142434
0.000133308
0.000123852
0.000114415
0.000105165
9.55602e-05
8.73512e-05
8.07962e-05
7.3856e-05
6.78629e-05
6.34178e-05
6.09331e-05
6.05235e-05
6.18056e-05
6.35062e-05
6.52362e-05
6.7357e-05
6.97386e-05
7.20541e-05
7.44475e-05
7.67087e-05
7.88116e-05
8.07272e-05
8.23812e-05
8.36579e-05
8.44122e-05
8.44966e-05
8.37962e-05
8.22608e-05
7.99158e-05
7.68931e-05
7.32468e-05
6.79749e-05
6.23961e-05
5.76538e-05
5.07987e-05
4.16549e-05
3.05177e-05
2.04501e-05
1.39182e-05
7.53251e-06
4.24107e-07
9.68439e-08
8.1425e-06
2.5207e-05
4.21387e-05
5.69745e-05
6.97689e-05
8.08174e-05
9.04216e-05
9.88268e-05
0.000106226
0.000112771
0.000118585
0.000123768
0.000128404
0.000132567
0.000136322
0.000139732
0.000142852
0.00014574
0.000148449
0.000151029
0.000153529
0.000155992
0.000158456
0.000160949
0.000163465
0.000165967
0.000168382
0.000170602
0.000172468
0.000173782
0.000174315
0.000173836
0.000172135
0.000169056
0.000164509
0.000158536
0.00015132
0.000143119
0.000134265
0.000125073
0.000115805
0.00010665
9.71974e-05
8.90059e-05
8.22791e-05
7.52673e-05
6.91835e-05
6.46093e-05
6.19102e-05
6.11234e-05
6.21368e-05
6.37695e-05
6.5573e-05
6.76257e-05
6.99565e-05
7.22957e-05
7.46065e-05
7.70267e-05
7.93579e-05
8.16026e-05
8.36874e-05
8.54708e-05
8.67592e-05
8.73429e-05
8.7046e-05
8.57746e-05
8.35415e-05
8.04405e-05
7.68318e-05
7.21281e-05
6.56961e-05
6.08416e-05
5.47131e-05
4.59542e-05
3.49733e-05
2.3032e-05
1.40606e-05
7.71362e-06
4.6218e-07
9.67372e-08
8.12355e-06
2.51293e-05
4.202e-05
5.68359e-05
6.96216e-05
8.06687e-05
9.02753e-05
9.8685e-05
0.00010609
0.000112642
0.000118463
0.000123654
0.000128299
0.000132472
0.000136238
0.00013966
0.000142794
0.000145696
0.000148421
0.000151019
0.00015354
0.000156027
0.000158511
0.00016101
0.000163525
0.000166027
0.000168446
0.000170668
0.000172537
0.000173856
0.000174405
0.000173957
0.000172309
0.000169314
0.000164916
0.000159164
0.000152202
0.000144264
0.000135646
0.000126638
0.000117536
0.000108527
9.92907e-05
9.10407e-05
8.41668e-05
7.71275e-05
7.09904e-05
6.61267e-05
6.30745e-05
6.1936e-05
6.23891e-05
6.3785e-05
6.55592e-05
6.7491e-05
6.96887e-05
7.19951e-05
7.42124e-05
7.66777e-05
7.92e-05
8.177e-05
8.43184e-05
8.66799e-05
8.86065e-05
8.98117e-05
9.00386e-05
8.91288e-05
8.70736e-05
8.40104e-05
8.01673e-05
7.56854e-05
6.95712e-05
6.35843e-05
5.81783e-05
4.98181e-05
3.89533e-05
2.65012e-05
1.52154e-05
7.79734e-06
4.75655e-07
9.66256e-08
8.10413e-06
2.505e-05
4.18977e-05
5.66916e-05
6.94662e-05
8.05096e-05
9.01164e-05
9.85284e-05
0.000105937
0.000112494
0.00011832
0.000123516
0.000128168
0.000132347
0.000136122
0.000139553
0.000142697
0.00014561
0.000148346
0.000150957
0.00015349
0.000155989
0.000158487
0.000161002
0.00016353
0.000166037
0.000168457
0.000170681
0.000172556
0.000173894
0.000174483
0.000174105
0.000172567
0.000169729
0.000165536
0.000160019
0.000153308
0.000145636
0.000137281
0.000128521
0.00011962
0.000110774
0.000101796
9.34932e-05
8.64563e-05
7.94075e-05
7.30137e-05
6.78214e-05
6.42942e-05
6.26533e-05
6.2714e-05
6.36942e-05
6.52357e-05
6.70415e-05
6.90453e-05
7.12057e-05
7.33791e-05
7.57765e-05
7.8436e-05
8.13055e-05
8.43215e-05
8.73051e-05
8.9954e-05
9.18894e-05
9.27592e-05
9.23154e-05
9.04991e-05
8.74614e-05
8.34962e-05
7.88929e-05
7.33369e-05
6.6251e-05
6.09878e-05
5.31333e-05
4.31097e-05
2.98205e-05
1.69016e-05
8.13004e-06
4.89363e-07
9.65132e-08
8.08455e-06
2.49701e-05
4.17733e-05
5.65435e-05
6.9305e-05
8.03429e-05
8.99479e-05
9.83602e-05
0.00010577
0.000112329
0.000118158
0.000123358
0.000128013
0.000132198
0.000135978
0.000139414
0.000142565
0.000145486
0.00014823
0.000150848
0.00015339
0.000155896
0.000158399
0.000160917
0.000163447
0.000165957
0.000168382
0.000170615
0.000172509
0.000173882
0.000174531
0.000174248
0.000172851
0.000170202
0.000166244
0.000161004
0.000154601
0.000147243
0.000139187
0.000130699
0.000122027
0.000113364
0.000104653
9.63957e-05
8.91355e-05
8.20744e-05
7.55439e-05
7.00652e-05
6.60094e-05
6.36879e-05
6.30551e-05
6.36305e-05
6.48131e-05
6.63777e-05
6.8161e-05
7.01212e-05
7.2203e-05
7.45283e-05
7.72537e-05
8.0359e-05
8.38146e-05
8.7447e-05
9.08712e-05
9.36074e-05
9.52142e-05
9.53314e-05
9.3822e-05
9.08208e-05
8.66872e-05
8.18242e-05
7.6525e-05
6.93238e-05
6.3345e-05
5.62854e-05
4.62755e-05
3.3331e-05
1.92261e-05
8.53517e-06
5.21152e-07
9.64045e-08
8.06513e-06
2.48905e-05
4.16484e-05
5.63935e-05
6.91405e-05
8.01712e-05
8.97728e-05
9.81836e-05
0.000105593
0.000112152
0.000117982
0.000123183
0.00012784
0.000132026
0.000135809
0.000139249
0.000142403
0.000145328
0.000148076
0.000150698
0.000153243
0.000155751
0.000158255
0.000160772
0.0001633
0.000165808
0.000168234
0.000170475
0.000172393
0.000173814
0.000174543
0.000174384
0.000173157
0.000170733
0.000167048
0.000162122
0.000156062
0.000149052
0.000141327
0.00013314
0.000124725
0.000116272
0.000107836
9.96925e-05
9.22583e-05
8.52048e-05
7.86027e-05
7.28518e-05
6.83588e-05
6.53725e-05
6.38859e-05
6.38012e-05
6.45176e-05
6.57176e-05
6.72245e-05
6.89581e-05
7.08912e-05
7.30946e-05
7.57726e-05
7.90319e-05
8.29056e-05
8.7216e-05
9.15342e-05
9.52401e-05
9.76191e-05
9.83358e-05
9.71613e-05
9.41991e-05
8.98483e-05
8.46815e-05
7.90951e-05
7.24098e-05
6.53956e-05
5.89508e-05
4.90604e-05
3.68524e-05
2.16833e-05
9.34049e-06
5.76398e-07
9.63038e-08
8.0462e-06
2.48124e-05
4.15246e-05
5.62437e-05
6.8975e-05
7.99971e-05
8.95938e-05
9.80016e-05
0.000105409
0.000111966
0.000117795
0.000122995
0.000127651
0.000131837
0.00013562
0.00013906
0.000142215
0.000145141
0.000147889
0.000150511
0.000153055
0.00015556
0.000158059
0.00016057
0.000163092
0.000165596
0.000168022
0.000170275
0.000172222
0.0001737
0.000174524
0.000174507
0.000173476
0.000171304
0.000167923
0.000163344
0.000157658
0.000151027
0.000143666
0.00013581
0.000127682
0.000119469
0.000111296
0.000103328
9.58373e-05
8.87924e-05
8.2161e-05
7.61526e-05
7.12415e-05
6.7617e-05
6.54178e-05
6.44801e-05
6.46225e-05
6.53517e-05
6.64972e-05
6.79911e-05
6.97514e-05
7.18676e-05
7.46264e-05
7.81189e-05
8.23234e-05
8.70544e-05
9.19498e-05
9.64237e-05
9.96931e-05
0.000101058
0.00010031
9.74525e-05
9.29412e-05
8.74514e-05
8.15478e-05
7.51852e-05
6.74116e-05
6.12438e-05
5.15299e-05
3.97067e-05
2.40113e-05
1.0163e-05
6.38201e-07
9.62158e-08
8.02808e-06
2.47366e-05
4.14034e-05
5.60961e-05
6.8811e-05
7.98233e-05
8.94139e-05
9.78172e-05
0.000105221
0.000111775
0.0001176
0.000122797
0.000127451
0.000131634
0.000135415
0.000138853
0.000142006
0.000144929
0.000147674
0.000150292
0.00015283
0.000155328
0.000157818
0.000160319
0.000162831
0.000165327
0.000167752
0.000170017
0.000171998
0.000173541
0.000174472
0.000174611
0.000173796
0.000171898
0.000168846
0.00016464
0.000159355
0.000153133
0.000146165
0.00013867
0.00013086
0.00012292
0.000114997
0.000107228
9.97749e-05
9.28021e-05
8.62289e-05
7.99967e-05
7.47707e-05
7.0596e-05
6.76631e-05
6.59479e-05
6.53114e-05
6.55492e-05
6.63471e-05
6.7548e-05
6.91096e-05
7.10686e-05
7.38797e-05
7.75169e-05
8.19385e-05
8.70524e-05
9.24189e-05
9.74161e-05
0.000101444
0.000103541
0.000103274
0.000100596
9.59453e-05
9.00965e-05
8.38034e-05
7.7451e-05
6.95164e-05
6.31155e-05
5.39432e-05
4.20428e-05
2.6353e-05
1.1087e-05
7.03821e-07
9.6145e-08
8.01111e-06
2.46641e-05
4.12866e-05
5.59528e-05
6.86509e-05
7.96525e-05
8.9236e-05
9.76335e-05
0.000105032
0.000111581
0.000117401
0.000122593
0.000127242
0.000131421
0.000135196
0.00013863
0.000141778
0.000144695
0.000147435
0.000150045
0.000152574
0.000155061
0.000157538
0.000160025
0.000162522
0.000165007
0.00016743
0.000169708
0.000171725
0.000173338
0.000174382
0.00017469
0.000174102
0.000172494
0.000169791
0.00016598
0.000161119
0.00015533
0.000148783
0.000141678
0.000134216
0.00012658
0.000118922
0.000111371
0.000104037
9.7143e-05
9.06968e-05
8.44699e-05
7.89518e-05
7.43318e-05
7.07848e-05
6.8355e-05
6.69698e-05
6.64966e-05
6.68063e-05
6.77251e-05
6.91646e-05
7.09181e-05
7.36984e-05
7.74371e-05
8.20414e-05
8.74673e-05
9.33022e-05
9.8879e-05
0.000103354
0.000106065
0.000106216
0.000103677
9.88569e-05
9.26223e-05
8.58857e-05
7.92164e-05
7.16991e-05
6.45189e-05
5.59747e-05
4.39635e-05
2.85385e-05
1.20243e-05
7.71878e-07
9.61049e-08
7.99517e-06
2.45961e-05
4.11757e-05
5.5816e-05
6.84973e-05
7.94874e-05
8.90631e-05
9.74536e-05
0.000104845
0.000111388
0.000117201
0.000122387
0.000127028
0.000131201
0.000134969
0.000138396
0.000141536
0.000144445
0.000147175
0.000149775
0.000152291
0.000154763
0.000157223
0.000159691
0.000162171
0.000164643
0.000167061
0.000169351
0.000171404
0.000173089
0.000174252
0.000174734
0.000174383
0.000173076
0.000170734
0.000167333
0.000162915
0.00015758
0.000151479
0.000144791
0.000137705
0.000130401
0.000123032
0.000115725
0.00010858
0.000101805
9.54701e-05
8.94127e-05
8.35874e-05
7.87459e-05
7.4767e-05
7.17506e-05
6.97206e-05
6.86197e-05
6.83302e-05
6.88297e-05
7.01295e-05
7.16923e-05
7.43731e-05
7.8154e-05
8.28419e-05
8.84409e-05
9.45579e-05
0.000100531
0.000105505
0.000108613
0.000109086
0.000106646
0.000101632
9.49502e-05
8.77804e-05
8.07636e-05
7.35173e-05
6.58162e-05
5.77751e-05
4.57084e-05
3.04378e-05
1.284e-05
8.42738e-07
9.61035e-08
7.98028e-06
2.45334e-05
4.10726e-05
5.56879e-05
6.8353e-05
7.93321e-05
8.88981e-05
9.72803e-05
0.000104664
0.000111198
0.000117004
0.000122181
0.000126813
0.000130977
0.000134736
0.000138153
0.000141284
0.000144183
0.0001469
0.000149486
0.000151986
0.000154439
0.000156879
0.000159326
0.000161784
0.000164239
0.00016665
0.000168949
0.000171038
0.000172796
0.000174078
0.000174736
0.000174625
0.000173624
0.00017165
0.00016867
0.000164708
0.000159845
0.00015421
0.000147964
0.000141282
0.000134337
0.000127282
0.000120244
0.000113326
0.000106609
0.000100416
9.45707e-05
8.88093e-05
8.38206e-05
7.95183e-05
7.60661e-05
7.3515e-05
7.1868e-05
7.1088e-05
7.11682e-05
7.21701e-05
7.35869e-05
7.60322e-05
7.97613e-05
8.4422e-05
9.00533e-05
9.62814e-05
0.000102463
0.000107728
0.000111154
0.000111862
0.000109471
0.000104202
9.70671e-05
8.9384e-05
8.20902e-05
7.49532e-05
6.69174e-05
5.92877e-05
4.73903e-05
3.20702e-05
1.35986e-05
9.19275e-07
9.61351e-08
7.96747e-06
2.44763e-05
4.09789e-05
5.55708e-05
6.82203e-05
7.91882e-05
8.87434e-05
9.71167e-05
0.000104491
0.000111016
0.000116811
0.000121978
0.0001266
0.000130752
0.000134501
0.000137906
0.000141025
0.00014391
0.000146613
0.000149182
0.000151663
0.000154095
0.00015651
0.000158932
0.000161366
0.000163801
0.000166201
0.000168507
0.000170629
0.000172456
0.000173856
0.000174688
0.000174816
0.000174121
0.000172517
0.000169961
0.000166464
0.000162085
0.000156934
0.000151152
0.0001449
0.00013834
0.000131624
0.000124881
0.000118217
0.00011171
0.000105626
9.99399e-05
9.44824e-05
8.91939e-05
8.48529e-05
8.11363e-05
7.82151e-05
7.61395e-05
7.49279e-05
7.46065e-05
7.52656e-05
7.65556e-05
7.86808e-05
8.2242e-05
8.67682e-05
9.22999e-05
9.84809e-05
0.000104702
0.000110157
0.000113701
0.000114527
0.000112078
0.000106617
9.9068e-05
9.07869e-05
8.30586e-05
7.59731e-05
6.7859e-05
6.04999e-05
4.88708e-05
3.35112e-05
1.42718e-05
1.00191e-06
9.62077e-08
7.95749e-06
2.44268e-05
4.08962e-05
5.54668e-05
6.81015e-05
7.90574e-05
8.8602e-05
9.69658e-05
0.00010433
0.000110844
0.000116627
0.000121781
0.000126391
0.000130531
0.000134266
0.000137657
0.000140761
0.000143631
0.000146316
0.000148866
0.000151325
0.000153732
0.000156121
0.000158513
0.00016092
0.000163331
0.000165718
0.000168026
0.000170178
0.00017207
0.000173582
0.000174584
0.000174946
0.000174552
0.000173314
0.000171182
0.000168151
0.000164264
0.00015961
0.00015431
0.000148509
0.000142359
0.000136007
0.000129583
0.000123198
0.000116946
0.000110929
0.000105364
0.000100129
9.50939e-05
9.04848e-05
8.67621e-05
8.36021e-05
8.12214e-05
7.96669e-05
7.89912e-05
7.92968e-05
8.04452e-05
8.22266e-05
8.54741e-05
8.97894e-05
9.51081e-05
0.000101135
0.000107323
0.000112656
0.00011621
0.000116984
0.000114488
0.000108815
0.000100822
9.20212e-05
8.37327e-05
7.66125e-05
6.86896e-05
6.14193e-05
5.01473e-05
3.48436e-05
1.48811e-05
1.09234e-06
9.6324e-08
7.9511e-06
2.43873e-05
4.0825e-05
5.53788e-05
6.8e-05
7.89448e-05
8.84784e-05
9.68307e-05
0.000104183
0.000110684
0.000116454
0.000121594
0.000126189
0.000130313
0.000134033
0.000137408
0.000140495
0.000143346
0.000146012
0.00014854
0.000150974
0.000153354
0.000155712
0.000158073
0.000160449
0.000162833
0.000165202
0.000167509
0.000169684
0.000171635
0.000173253
0.000174416
0.000175002
0.0001749
0.00017402
0.000172305
0.000169738
0.000166346
0.000162197
0.000157393
0.000152062
0.000146344
0.000140379
0.000134297
0.000128211
0.000122218
0.000116403
0.000110985
0.000105864
0.000101052
9.64825e-05
9.25493e-05
8.9434e-05
8.68587e-05
8.50506e-05
8.40814e-05
8.40536e-05
8.50151e-05
8.6451e-05
8.93142e-05
9.33881e-05
9.84706e-05
0.000104265
0.000110095
0.000115213
0.000118555
0.00011927
0.000116697
0.000110739
0.000102298
9.29883e-05
8.43451e-05
7.69179e-05
6.93815e-05
6.2028e-05
5.12421e-05
3.60588e-05
1.54352e-05
1.19259e-06
9.64926e-08
7.94905e-06
2.43583e-05
4.07711e-05
5.5306e-05
6.79185e-05
7.8853e-05
8.83764e-05
9.6714e-05
0.000104053
0.000110539
0.000116294
0.000121417
0.000125995
0.000130102
0.000133803
0.00013716
0.000140227
0.000143058
0.000145701
0.000148204
0.000150611
0.000152961
0.000155286
0.000157613
0.000159953
0.000162307
0.000164654
0.000166954
0.000169147
0.000171149
0.000172863
0.000174176
0.000174974
0.000175151
0.000174616
0.000173307
0.000171196
0.000168296
0.000164654
0.000160356
0.000155511
0.000150245
0.000144689
0.000138969
0.000133201
0.000127486
0.000121911
0.000116564
0.000111658
0.00010698
0.000102651
9.86164e-05
9.52737e-05
9.27568e-05
9.08164e-05
8.9614e-05
8.92947e-05
8.99996e-05
9.11697e-05
9.36919e-05
9.74677e-05
0.000102117
0.00010744
0.000112908
0.000117634
0.000120815
0.000121414
0.000118626
0.000112358
0.000103471
9.3654e-05
8.46118e-05
7.70008e-05
6.98615e-05
6.23729e-05
5.21842e-05
3.71717e-05
1.59537e-05
1.30329e-06
9.67225e-08
7.95202e-06
2.43415e-05
4.07352e-05
5.52565e-05
6.78562e-05
7.87844e-05
8.82958e-05
9.66189e-05
0.000103942
0.000110412
0.000116148
0.000121252
0.000125811
0.000129897
0.000133577
0.000136913
0.000139958
0.000142765
0.000145383
0.000147858
0.000150235
0.000152551
0.000154841
0.000157129
0.000159432
0.000161751
0.000164071
0.000166359
0.000168562
0.000170607
0.000172405
0.000173855
0.00017485
0.000175289
0.000175082
0.000174164
0.000172497
0.000170079
0.000166944
0.000163156
0.000158807
0.00015401
0.000148882
0.000143546
0.000138115
0.000132692
0.000127368
0.000122229
0.000117372
0.000112937
0.000108673
0.000104854
0.000101384
9.85683e-05
9.65795e-05
9.52953e-05
9.4778e-05
9.51808e-05
9.61105e-05
9.82381e-05
0.000101598
0.000105816
0.000110661
0.000115614
0.000120068
0.000122978
0.0001233
0.000120246
0.00011365
0.000104331
9.40334e-05
8.46275e-05
7.69494e-05
7.01078e-05
6.25636e-05
5.29568e-05
3.81432e-05
1.65137e-05
1.4272e-06
9.70235e-08
7.96068e-06
2.43385e-05
4.07193e-05
5.52318e-05
6.78218e-05
7.87381e-05
8.8242e-05
9.65512e-05
0.000103853
0.000110303
0.000116017
0.0001211
0.000125635
0.000129697
0.000133354
0.000136664
0.000139683
0.000142463
0.000145053
0.000147497
0.00014984
0.00015212
0.00015437
0.000156618
0.000158879
0.000161158
0.000163446
0.000165716
0.000167921
0.000169999
0.00017187
0.000173441
0.000174616
0.000175298
0.000175399
0.000174851
0.000173611
0.000171663
0.000169026
0.000165747
0.000161902
0.000157585
0.000152904
0.000147971
0.000142895
0.000137781
0.000132721
0.000127799
0.000123089
0.000118748
0.000114714
0.000110884
0.000107569
0.000104688
0.000102429
0.000100911
0.00010019
0.000100355
0.000101098
0.000102877
0.000105792
0.00010949
0.000113828
0.000118403
0.000122415
0.000124916
0.000124892
0.000121527
0.000114599
0.000104874
9.413e-05
8.43776e-05
7.65703e-05
6.99519e-05
6.2605e-05
5.35872e-05
3.90182e-05
1.7079e-05
1.56339e-06
9.7407e-08
7.97553e-06
2.43509e-05
4.07261e-05
5.5234e-05
6.78181e-05
7.87235e-05
8.82118e-05
9.65094e-05
0.000103791
0.000110213
0.000115902
0.000120958
0.000125466
0.0001295
0.000133127
0.000136409
0.000139398
0.000142147
0.000144704
0.000147114
0.000149419
0.000151658
0.000153866
0.000156068
0.000158283
0.000160519
0.000162769
0.000165013
0.000167212
0.000169312
0.000171241
0.000172918
0.000174253
0.000175156
0.000175542
0.000175343
0.000174507
0.000173012
0.00017086
0.000168085
0.000164744
0.000160916
0.000156695
0.000152182
0.000147482
0.000142694
0.000137912
0.000133221
0.000128698
0.000124417
0.000120537
0.00011692
0.000113531
0.000110677
0.000108367
0.000106657
0.000105701
0.000105569
0.000106083
0.000107465
0.000109881
0.000113137
0.000117018
0.000121056
0.000124545
0.000126574
0.00012615
0.000122447
0.000115193
0.000105098
9.39563e-05
8.39104e-05
7.60757e-05
6.97265e-05
6.25611e-05
5.40846e-05
3.98117e-05
1.77048e-05
1.71457e-06
9.78934e-08
7.99644e-06
2.43802e-05
4.07584e-05
5.52666e-05
6.78465e-05
7.87429e-05
8.82151e-05
9.64901e-05
0.000103755
0.00011015
0.000115805
0.000120826
0.000125299
0.000129299
0.000132892
0.000136139
0.000139093
0.000141806
0.000144324
0.000146694
0.000148957
0.000151151
0.000153311
0.000155463
0.000157627
0.000159813
0.00016202
0.00016423
0.000166414
0.000168523
0.000170497
0.000172262
0.000173736
0.000174837
0.000175483
0.000175605
0.00017515
0.000174084
0.000172402
0.000170119
0.000167278
0.000163943
0.000160192
0.000156116
0.000151809
0.000147367
0.00014288
0.000138435
0.000134108
0.000129973
0.000126095
0.000122636
0.000119441
0.00011653
0.000114091
0.000112253
0.000111091
0.000110726
0.000110947
0.000111935
0.000113922
0.000116686
0.000120014
0.000123473
0.000126391
0.000127898
0.000127035
0.000122979
0.000115419
0.000105003
9.35155e-05
8.32052e-05
7.53551e-05
6.9398e-05
6.24286e-05
5.44468e-05
4.05353e-05
1.83744e-05
1.87936e-06
9.85211e-08
8.02319e-06
2.44286e-05
4.08196e-05
5.53333e-05
6.79106e-05
7.87972e-05
8.82524e-05
9.65029e-05
0.000103736
0.000110106
0.000115728
0.000120709
0.000125138
0.000129094
0.000132642
0.000135844
0.000138754
0.000141422
0.000143895
0.000146218
0.000148432
0.000150576
0.000152681
0.000154777
0.000156884
0.000159014
0.000161169
0.000163338
0.000165495
0.000167601
0.000169603
0.000171437
0.000173029
0.000174302
0.000175181
0.000175596
0.000175493
0.000174832
0.000173596
0.00017179
0.000169442
0.000166598
0.000163323
0.000159695
0.000155799
0.000151722
0.000147551
0.000143369
0.000139254
0.000135278
0.000131503
0.000128012
0.000124911
0.000122087
0.000119668
0.000117708
0.00011634
0.000115701
0.000115589
0.000116195
0.000117731
0.000119979
0.000122729
0.000125575
0.000127883
0.000128831
0.000127503
0.000123094
0.000115263
0.00010459
9.28236e-05
8.2283e-05
7.43794e-05
6.85849e-05
6.21923e-05
5.467e-05
4.12097e-05
1.9122e-05
2.05934e-06
9.92911e-08
8.05797e-06
2.4499e-05
4.09132e-05
5.54379e-05
6.80137e-05
7.88887e-05
8.83226e-05
9.65441e-05
0.000103741
0.000110066
0.00011565
0.00012059
0.000124972
0.000128879
0.000132377
0.000135526
0.000138383
0.000140996
0.000143412
0.000145674
0.000147824
0.000149901
0.000151942
0.000153972
0.000156015
0.00015808
0.000160174
0.000162291
0.00016441
0.000166499
0.000168513
0.000170395
0.000172081
0.0001735
0.000174582
0.00017526
0.000175477
0.000175191
0.000174377
0.000173027
0.000171156
0.000168797
0.000166
0.00016283
0.000159359
0.000155665
0.000151831
0.000147934
0.000144051
0.000140252
0.000136603
0.000133161
0.000130038
0.000127241
0.000124767
0.000122734
0.000121221
0.000120339
0.00011991
0.000120143
0.000121215
0.000122926
0.000125075
0.000127278
0.000128945
0.000129306
0.0001275
0.000122752
0.0001147
0.000103853
9.18947e-05
8.11908e-05
7.32889e-05
6.77253e-05
6.18952e-05
5.47494e-05
4.18419e-05
1.99392e-05
2.25277e-06
1.00226e-07
8.1023e-06
2.45946e-05
4.10435e-05
5.55844e-05
6.81589e-05
7.90187e-05
8.84249e-05
9.66084e-05
0.000103759
0.000110033
0.000115556
0.000120437
0.000124765
0.00012861
0.000132046
0.000135134
0.000137927
0.000140476
0.000142828
0.000145024
0.000147107
0.000149112
0.000151071
0.000153015
0.000154966
0.000156953
0.000158975
0.000161027
0.000163093
0.000165148
0.000167155
0.000169064
0.000170819
0.000172355
0.000173609
0.000174516
0.000175021
0.000175077
0.000174653
0.000173734
0.000172321
0.000170436
0.000168113
0.000165404
0.00016237
0.000159077
0.0001556
0.000152011
0.000148383
0.000144784
0.00014128
0.00013793
0.000134797
0.000131999
0.000129475
0.000127331
0.000125649
0.000124522
0.000123796
0.000123664
0.000124265
0.000125423
0.000126949
0.000128483
0.000129484
0.00012924
0.000126953
0.000121892
0.000113687
0.000102766
9.07206e-05
7.99234e-05
7.20532e-05
6.67593e-05
6.16848e-05
5.47168e-05
4.24466e-05
2.08431e-05
2.45984e-06
1.01356e-07
8.15773e-06
2.47191e-05
4.12151e-05
5.57771e-05
6.83485e-05
7.9187e-05
8.85554e-05
9.66884e-05
0.000103779
0.000109984
0.000115434
0.000120236
0.000124482
0.000128251
0.000131605
0.000134611
0.000137322
0.00013979
0.00014206
0.000144176
0.000146178
0.000148102
0.00014998
0.000151839
0.000153701
0.000155584
0.000157498
0.000159457
0.000161452
0.000163456
0.000165433
0.000167344
0.00016914
0.000170763
0.000172154
0.000173255
0.000174009
0.00017437
0.000174302
0.000173783
0.000172803
0.000171373
0.000169515
0.000167266
0.000164674
0.000161796
0.000158696
0.000155438
0.00015209
0.000148717
0.000145382
0.000142145
0.000139062
0.000136223
0.000133672
0.000131414
0.000129557
0.000128178
0.000127152
0.000126638
0.000126753
0.00012734
0.000128219
0.000129064
0.000129377
0.000128518
0.000125759
0.000120426
0.00011215
0.000101279
8.92772e-05
7.84778e-05
7.06713e-05
6.56166e-05
6.10678e-05
5.44988e-05
4.30235e-05
2.1827e-05
2.67835e-06
1.02716e-07
8.22619e-06
2.48768e-05
4.14333e-05
5.60198e-05
6.85833e-05
7.93901e-05
8.87058e-05
9.67699e-05
0.000103779
0.000109894
0.000115248
0.000119948
0.000124089
0.00012775
0.000131002
0.000133903
0.00013651
0.000138873
0.000141039
0.00014305
0.000144947
0.000146765
0.000148538
0.000150295
0.00015206
0.000153846
0.000155661
0.00015751
0.000159387
0.000161291
0.00016321
0.000165098
0.000166902
0.000168576
0.000170068
0.000171321
0.000172283
0.000172907
0.000173154
0.000172996
0.000172418
0.000171417
0.000170005
0.000168207
0.000166057
0.000163602
0.000160893
0.000157988
0.000154945
0.000151824
0.000148686
0.000145588
0.000142586
0.000139736
0.000137153
0.000134789
0.000132757
0.000131128
0.000129793
0.000128881
0.000128495
0.000128492
0.000128707
0.000128844
0.000128461
0.000126985
0.000123773
0.000118221
0.000109975
9.93036e-05
8.75104e-05
7.6836e-05
6.91627e-05
6.44213e-05
6.05042e-05
5.4208e-05
4.35715e-05
2.28912e-05
2.907e-06
1.04354e-07
8.31003e-06
2.50732e-05
4.17036e-05
5.63156e-05
6.88615e-05
7.96197e-05
8.886e-05
9.68282e-05
0.000103727
0.00010972
0.000114944
0.000119511
0.000123515
0.000127038
0.000130151
0.000132916
0.000135388
0.000137617
0.00013965
0.00014153
0.000143295
0.000144982
0.000146622
0.000148246
0.000149878
0.000151537
0.000153238
0.000154982
0.000156758
0.000158558
0.000160361
0.000162148
0.000163907
0.000165591
0.000167141
0.0001685
0.00016962
0.000170458
0.000170972
0.000171131
0.000170911
0.000170303
0.000169309
0.000167941
0.000166225
0.000164191
0.000161881
0.000159343
0.000156625
0.000153783
0.000150869
0.000147937
0.000145041
0.000142228
0.000139607
0.000137157
0.000134958
0.000133079
0.00013144
0.00013012
0.000129215
0.000128612
0.000128156
0.000127582
0.000126505
0.000124429
0.0001208
0.000115094
0.000106996
9.67008e-05
8.53238e-05
7.49428e-05
6.74784e-05
6.30484e-05
5.97039e-05
5.3852e-05
4.40534e-05
2.40217e-05
3.14309e-06
1.06332e-07
8.41224e-06
2.53145e-05
4.20321e-05
5.66653e-05
6.91763e-05
7.98587e-05
8.89893e-05
9.68224e-05
0.000103567
0.000109395
0.000114444
0.000118831
0.000122654
0.000125996
0.000128928
0.000131515
0.000133812
0.000135869
0.000137733
0.000139445
0.000141045
0.000142566
0.000144043
0.000145502
0.000146969
0.000148465
0.000150004
0.000151595
0.000153242
0.000154933
0.00015664
0.000158345
0.000160014
0.000161615
0.000163116
0.000164499
0.000165716
0.00016671
0.000167436
0.000167852
0.000167934
0.000167669
0.000167051
0.000166081
0.000164772
0.000163146
0.000161231
0.000159062
0.000156682
0.000154135
0.000151469
0.000148731
0.000145967
0.000143224
0.000140588
0.000138073
0.000135722
0.000133603
0.00013167
0.000129947
0.000128523
0.000127328
0.000126214
0.000124949
0.000123195
0.000120541
0.000116545
0.000110794
0.000102996
9.3281e-05
8.25746e-05
7.27249e-05
6.56056e-05
6.1514e-05
5.87222e-05
5.36443e-05
4.44822e-05
2.52028e-05
3.3842e-06
1.08728e-07
8.53666e-06
2.56085e-05
4.24237e-05
5.70655e-05
6.95113e-05
8.00753e-05
8.90442e-05
9.66847e-05
0.000103215
0.000108814
0.000113626
0.000117773
0.000121354
0.000124455
0.000127151
0.000129507
0.000131577
0.000133413
0.00013506
0.00013656
0.00013795
0.000139265
0.000140536
0.000141791
0.000143055
0.000144347
0.000145685
0.000147078
0.000148531
0.000150042
0.000151606
0.000153198
0.000154782
0.000156324
0.000157795
0.000159147
0.000160347
0.000161358
0.000162148
0.000162709
0.000163016
0.000163028
0.000162727
0.000162104
0.000161161
0.00015991
0.000158365
0.000156552
0.000154505
0.000152261
0.000149856
0.000147332
0.000144728
0.000142083
0.000139462
0.000136911
0.000134435
0.000132104
0.000129898
0.000127802
0.000125894
0.000124142
0.000122386
0.000120431
0.000118011
0.000114806
0.000110462
0.000104662
9.72811e-05
8.85106e-05
7.9037e-05
7.00732e-05
6.35153e-05
5.98222e-05
5.74754e-05
5.33128e-05
4.48114e-05
2.64028e-05
3.62739e-06
1.11651e-07
8.68818e-06
2.59638e-05
4.28812e-05
5.75033e-05
6.98333e-05
8.02114e-05
8.89405e-05
9.6304e-05
0.000102533
0.000107816
0.000112306
0.000116128
0.000119387
0.000122171
0.000124562
0.000126616
0.000128394
0.000129946
0.000131317
0.000132548
0.000133675
0.000134731
0.000135746
0.000136747
0.000137758
0.000138798
0.000139885
0.000141029
0.000142237
0.00014351
0.000144844
0.000146226
0.00014764
0.000149061
0.000150452
0.00015176
0.000152954
0.000154004
0.000154874
0.000155524
0.000155928
0.000156071
0.000155936
0.000155513
0.0001548
0.000153802
0.000152541
0.000151041
0.000149307
0.000147357
0.000145219
0.000142922
0.0001405
0.000137986
0.000135418
0.000132868
0.000130316
0.00012783
0.000125404
0.000123019
0.000120726
0.000118507
0.000116237
0.000113766
0.000110873
0.000107338
0.000102906
9.73474e-05
9.05229e-05
8.25246e-05
7.39855e-05
6.65482e-05
6.11753e-05
5.8037e-05
5.61922e-05
5.28785e-05
4.50733e-05
2.76028e-05
3.87018e-06
1.15247e-07
8.87315e-06
2.63896e-05
4.34006e-05
5.79477e-05
7.0078e-05
8.0164e-05
8.85354e-05
9.54989e-05
0.000101304
0.00010615
0.000110201
0.000113588
0.00011642
0.000118795
0.000120783
0.00012245
0.000123855
0.000125048
0.000126071
0.000126965
0.000127763
0.000128498
0.000129196
0.000129884
0.000130583
0.000131313
0.000132089
0.000132922
0.000133822
0.00013479
0.000135826
0.000136922
0.000138066
0.000139237
0.000140412
0.000141568
0.000142666
0.000143669
0.000144531
0.000145224
0.000145716
0.000145989
0.000146026
0.000145814
0.000145345
0.000144615
0.000143622
0.000142373
0.000140887
0.000139181
0.000137276
0.000135194
0.00013296
0.000130598
0.000128138
0.000125616
0.000123056
0.000120479
0.000117869
0.00011524
0.000112627
0.000110012
0.000107328
0.000104493
0.000101384
9.78141e-05
9.36036e-05
8.86038e-05
8.27518e-05
7.61576e-05
6.92203e-05
6.26654e-05
5.80549e-05
5.60924e-05
5.49159e-05
5.22733e-05
4.51861e-05
2.8825e-05
4.1099e-06
1.19722e-07
9.09962e-06
2.68936e-05
4.39621e-05
5.83312e-05
7.01233e-05
7.97501e-05
8.75859e-05
9.3971e-05
9.91781e-05
0.000103424
0.000106882
0.000109692
0.000111969
0.00011381
0.000115283
0.00011646
0.000117398
0.000118143
0.000118738
0.000119217
0.000119613
0.000119955
0.000120269
0.000120578
0.0001209
0.000121254
0.000121652
0.000122106
0.000122626
0.000123215
0.000123876
0.000124603
0.000125389
0.00012622
0.000127076
0.000127935
0.00012877
0.000129556
0.000130272
0.00013088
0.000131341
0.000131632
0.000131737
0.00013164
0.000131329
0.000130794
0.000130028
0.000129027
0.000127799
0.000126352
0.000124701
0.000122861
0.000120848
0.000118679
0.000116377
0.000113967
0.000111471
0.000108907
0.00010628
0.000103601
0.000100898
9.81721e-05
9.53926e-05
9.25069e-05
8.94423e-05
8.61061e-05
8.23784e-05
7.81663e-05
7.34639e-05
6.84264e-05
6.34454e-05
5.91406e-05
5.59188e-05
5.3954e-05
5.33634e-05
5.14904e-05
4.516e-05
3.00083e-05
4.34444e-06
1.25361e-07
9.37755e-06
2.74763e-05
4.45112e-05
5.85137e-05
6.97376e-05
7.86414e-05
8.56762e-05
9.12282e-05
9.56009e-05
9.90306e-05
0.000101702
0.000103759
0.000105326
0.000106485
0.00010732
0.000107896
0.000108264
0.00010847
0.000108551
0.000108538
0.000108459
0.000108341
0.000108206
0.000108073
0.000107958
0.000107875
0.000107835
0.000107848
0.000107922
0.000108065
0.000108278
0.000108563
0.000108913
0.000109321
0.00010977
0.000110238
0.000110709
0.000111166
0.000111589
0.000111954
0.000112243
0.000112431
0.000112493
0.000112411
0.00011217
0.000111757
0.00011116
0.000110373
0.000109392
0.000108215
0.000106832
0.00010525
0.000103496
0.000101589
9.95497e-05
9.73992e-05
9.51599e-05
9.28536e-05
9.05005e-05
8.81202e-05
8.57259e-05
8.33268e-05
8.09185e-05
7.84811e-05
7.59744e-05
7.33217e-05
7.04674e-05
6.73538e-05
6.39846e-05
6.04829e-05
5.71415e-05
5.44399e-05
5.29234e-05
5.27002e-05
5.22119e-05
5.06343e-05
4.49609e-05
3.1065e-05
4.57325e-06
1.3256e-07
9.71809e-06
2.81159e-05
4.49103e-05
5.82083e-05
6.84723e-05
7.62408e-05
8.20865e-05
8.64552e-05
8.96858e-05
9.20343e-05
9.36917e-05
9.48058e-05
9.54852e-05
9.5828e-05
9.59067e-05
9.57796e-05
9.54936e-05
9.50882e-05
9.45947e-05
9.40344e-05
9.34335e-05
9.2815e-05
9.21969e-05
9.15939e-05
9.10173e-05
9.04756e-05
8.99764e-05
8.95275e-05
8.91374e-05
8.88134e-05
8.8561e-05
8.83828e-05
8.82778e-05
8.82409e-05
8.82633e-05
8.83361e-05
8.84403e-05
8.8557e-05
8.86731e-05
8.87734e-05
8.8843e-05
8.88645e-05
8.88195e-05
8.86907e-05
8.84626e-05
8.81217e-05
8.7657e-05
8.70602e-05
8.63257e-05
8.54513e-05
8.44441e-05
8.33093e-05
8.20504e-05
8.06786e-05
7.92082e-05
7.7656e-05
7.60407e-05
7.43825e-05
7.27035e-05
7.10232e-05
6.93568e-05
6.77161e-05
6.61073e-05
6.45293e-05
6.2966e-05
6.13774e-05
5.97002e-05
5.79024e-05
5.59777e-05
5.39975e-05
5.21429e-05
5.07515e-05
5.01695e-05
5.05024e-05
5.11806e-05
5.0171e-05
4.45246e-05
3.19051e-05
4.79951e-06
1.41929e-07
1.0131e-05
2.87225e-05
4.48115e-05
5.68169e-05
6.54262e-05
7.14397e-05
7.55649e-05
7.83121e-05
8.00486e-05
8.10459e-05
8.148e-05
8.14867e-05
8.11687e-05
8.06132e-05
7.98828e-05
7.90249e-05
7.80757e-05
7.70608e-05
7.60046e-05
7.49338e-05
7.38646e-05
7.28114e-05
7.17865e-05
7.08e-05
6.98579e-05
6.8963e-05
6.81181e-05
6.73289e-05
6.66035e-05
6.59501e-05
6.53753e-05
6.48831e-05
6.44745e-05
6.41471e-05
6.38951e-05
6.37119e-05
6.35881e-05
6.35137e-05
6.3477e-05
6.34678e-05
6.34753e-05
6.34875e-05
6.34915e-05
6.34741e-05
6.34228e-05
6.33262e-05
6.31747e-05
6.29611e-05
6.268e-05
6.23296e-05
6.19143e-05
6.14353e-05
6.08935e-05
6.0293e-05
5.96411e-05
5.89481e-05
5.8226e-05
5.74891e-05
5.67583e-05
5.60492e-05
5.53708e-05
5.47299e-05
5.41298e-05
5.35773e-05
5.30653e-05
5.2567e-05
5.20381e-05
5.14456e-05
5.0768e-05
5.00275e-05
4.9288e-05
4.8757e-05
4.86582e-05
4.91857e-05
4.97319e-05
4.90225e-05
4.37214e-05
3.21534e-05
5.02925e-06
1.53948e-07
1.06037e-05
2.89707e-05
4.33491e-05
5.29725e-05
5.89505e-05
6.24612e-05
6.43458e-05
6.5135e-05
6.51784e-05
6.47083e-05
6.38951e-05
6.28526e-05
6.16591e-05
6.03685e-05
5.90227e-05
5.76526e-05
5.62818e-05
5.49296e-05
5.36111e-05
5.23379e-05
5.1119e-05
4.99616e-05
4.88721e-05
4.78549e-05
4.69113e-05
4.60388e-05
4.52361e-05
4.45067e-05
4.38566e-05
4.32916e-05
4.28156e-05
4.24303e-05
4.21352e-05
4.1927e-05
4.18007e-05
4.17514e-05
4.17744e-05
4.18651e-05
4.20165e-05
4.222e-05
4.24663e-05
4.27457e-05
4.30481e-05
4.33642e-05
4.3685e-05
4.40029e-05
4.43109e-05
4.46035e-05
4.48765e-05
4.513e-05
4.53716e-05
4.55987e-05
4.58059e-05
4.59902e-05
4.61518e-05
4.62948e-05
4.64243e-05
4.65478e-05
4.6691e-05
4.68617e-05
4.70524e-05
4.72603e-05
4.74808e-05
4.77116e-05
4.79459e-05
4.8182e-05
4.8393e-05
4.85763e-05
4.86831e-05
4.87051e-05
4.86097e-05
4.85025e-05
4.84547e-05
4.87383e-05
4.89362e-05
4.83385e-05
4.27272e-05
3.15192e-05
5.19389e-06
1.71138e-07
1.10902e-05
2.80077e-05
3.89642e-05
4.46504e-05
4.71127e-05
4.77224e-05
4.72795e-05
4.62665e-05
4.49588e-05
4.35095e-05
4.20135e-05
4.05269e-05
3.90826e-05
3.76999e-05
3.63919e-05
3.51669e-05
3.40302e-05
3.29855e-05
3.20339e-05
3.11755e-05
3.041e-05
2.97367e-05
2.91547e-05
2.86625e-05
2.82574e-05
2.79371e-05
2.77007e-05
2.75476e-05
2.74769e-05
2.74867e-05
2.75737e-05
2.77342e-05
2.79636e-05
2.82568e-05
2.8609e-05
2.90156e-05
2.94751e-05
2.99974e-05
3.05743e-05
3.11927e-05
3.18418e-05
3.25116e-05
3.31939e-05
3.38825e-05
3.45728e-05
3.52605e-05
3.59421e-05
3.66154e-05
3.72783e-05
3.79327e-05
3.86084e-05
3.9291e-05
3.99657e-05
4.06226e-05
4.12588e-05
4.18763e-05
4.24769e-05
4.30664e-05
4.36362e-05
4.41891e-05
4.47356e-05
4.52779e-05
4.58106e-05
4.63444e-05
4.68766e-05
4.74115e-05
4.79303e-05
4.84296e-05
4.88467e-05
4.9172e-05
4.93106e-05
4.93127e-05
4.90912e-05
4.89057e-05
4.82868e-05
4.72927e-05
4.12665e-05
3.02777e-05
5.25961e-06
1.90537e-07
1.11049e-05
2.44048e-05
2.95545e-05
3.05045e-05
2.98593e-05
2.86111e-05
2.71936e-05
2.58168e-05
2.45625e-05
2.34531e-05
2.249e-05
2.1667e-05
2.09751e-05
2.04047e-05
1.99473e-05
1.9595e-05
1.93411e-05
1.91792e-05
1.91033e-05
1.9108e-05
1.91885e-05
1.93403e-05
1.95596e-05
1.98418e-05
2.01835e-05
2.05923e-05
2.10795e-05
2.1636e-05
2.22501e-05
2.29113e-05
2.36106e-05
2.43405e-05
2.50943e-05
2.58672e-05
2.66542e-05
2.74506e-05
2.82545e-05
2.91096e-05
2.99995e-05
3.08968e-05
3.17903e-05
3.26696e-05
3.35294e-05
3.43675e-05
3.51844e-05
3.59788e-05
3.67511e-05
3.75021e-05
3.82329e-05
3.89476e-05
3.9628e-05
4.0281e-05
4.09153e-05
4.15222e-05
4.21087e-05
4.26809e-05
4.32416e-05
4.37954e-05
4.4342e-05
4.48837e-05
4.54207e-05
4.59586e-05
4.64993e-05
4.7044e-05
4.75826e-05
4.81204e-05
4.86298e-05
4.91295e-05
4.95394e-05
4.9865e-05
4.99804e-05
4.99192e-05
4.9478e-05
4.8862e-05
4.73285e-05
4.56069e-05
3.92295e-05
2.84144e-05
5.25346e-06
2.29583e-07
1.05988e-05
1.70589e-05
1.69383e-05
1.6098e-05
1.53955e-05
1.48569e-05
1.44895e-05
1.4287e-05
1.42291e-05
1.42936e-05
1.44626e-05
1.47216e-05
1.50594e-05
1.54665e-05
1.59353e-05
1.64589e-05
1.70317e-05
1.76481e-05
1.83033e-05
1.89925e-05
1.97115e-05
2.04558e-05
2.12215e-05
2.20052e-05
2.27992e-05
2.36239e-05
2.45233e-05
2.54564e-05
2.64002e-05
2.73407e-05
2.82693e-05
2.91807e-05
3.00708e-05
3.09383e-05
3.17807e-05
3.25952e-05
3.33889e-05
3.414e-05
3.48496e-05
3.55274e-05
3.61816e-05
3.68056e-05
3.74018e-05
3.79737e-05
3.85275e-05
3.90612e-05
3.95783e-05
4.00801e-05
4.05674e-05
4.10423e-05
4.15032e-05
4.19507e-05
4.23845e-05
4.28113e-05
4.32309e-05
4.36433e-05
4.40491e-05
4.44492e-05
4.48446e-05
4.52361e-05
4.5624e-05
4.60099e-05
4.6392e-05
4.67752e-05
4.7149e-05
4.75276e-05
4.78766e-05
4.82373e-05
4.84763e-05
4.86445e-05
4.86081e-05
4.8411e-05
4.77885e-05
4.6885e-05
4.45272e-05
4.12493e-05
3.52692e-05
2.3769e-05
4.88174e-06
3.08062e-07
9.6745e-06
1.21731e-05
1.23559e-05
1.26804e-05
1.33803e-05
1.41974e-05
1.50676e-05
1.59606e-05
1.68619e-05
1.77657e-05
1.86688e-05
1.95685e-05
2.04614e-05
2.13446e-05
2.22148e-05
2.30695e-05
2.39065e-05
2.47239e-05
2.55203e-05
2.62945e-05
2.70459e-05
2.77735e-05
2.84772e-05
2.91565e-05
2.98108e-05
3.04381e-05
3.10119e-05
3.1545e-05
3.20467e-05
3.25235e-05
3.29799e-05
3.34193e-05
3.38439e-05
3.42547e-05
3.46536e-05
3.50407e-05
3.54182e-05
3.57841e-05
3.61363e-05
3.64749e-05
3.67986e-05
3.71102e-05
3.74116e-05
3.77015e-05
3.79859e-05
3.82473e-05
3.85027e-05
3.87479e-05
3.89839e-05
3.92102e-05
3.94286e-05
3.96381e-05
3.9841e-05
4.00361e-05
4.02267e-05
4.04112e-05
4.05933e-05
4.07711e-05
4.09482e-05
4.1123e-05
4.1298e-05
4.14735e-05
4.16473e-05
4.18272e-05
4.19977e-05
4.21876e-05
4.23518e-05
4.25677e-05
4.26066e-05
4.26234e-05
4.25456e-05
4.23414e-05
4.17885e-05
4.09055e-05
3.89096e-05
3.54809e-05
2.85922e-05
1.59049e-05
4.50335e-06
1.9169e-07
3.98259e-07
6.79176e-07
9.17516e-07
1.11427e-06
1.28758e-06
1.44911e-06
1.60711e-06
1.76541e-06
1.92514e-06
2.08633e-06
2.24878e-06
2.41237e-06
2.57697e-06
2.74238e-06
2.90833e-06
3.07443e-06
3.2403e-06
3.40546e-06
3.56948e-06
3.7319e-06
3.89227e-06
4.05023e-06
4.20521e-06
4.35714e-06
4.50518e-06
4.64966e-06
4.78896e-06
4.92227e-06
5.04923e-06
5.16971e-06
5.28386e-06
5.39183e-06
5.49402e-06
5.59068e-06
5.68211e-06
5.76872e-06
5.8508e-06
5.92882e-06
6.00275e-06
6.07295e-06
6.13925e-06
6.20197e-06
6.26093e-06
6.31657e-06
6.36853e-06
6.41763e-06
6.46257e-06
6.5053e-06
6.54364e-06
6.58039e-06
6.61241e-06
6.64365e-06
6.66968e-06
6.69592e-06
6.71633e-06
6.73811e-06
6.75337e-06
6.77125e-06
6.78196e-06
6.79635e-06
6.80318e-06
6.81386e-06
6.81744e-06
6.82255e-06
6.82126e-06
6.81812e-06
6.80719e-06
6.79909e-06
6.79058e-06
6.78582e-06
6.77744e-06
6.76772e-06
6.74664e-06
6.71148e-06
6.63919e-06
6.49836e-06
6.21195e-06
5.58979e-06
3.99289e-06
)
;

boundaryField
{
    movingWall
    {
        type            nutkWallFunction;
        Cmu             0.09;
        kappa           0.41;
        E               9.8;
        value           uniform 0;
    }
    fixedWalls
    {
        type            nutkWallFunction;
        Cmu             0.09;
        kappa           0.41;
        E               9.8;
        value           uniform 0;
    }
    frontAndBack
    {
        type            empty;
    }
}


// ************************************************************************* //
