/*--------------------------------*- C++ -*----------------------------------*\
  =========                 |
  \\      /  F ield         | OpenFOAM: The Open Source CFD Toolbox
   \\    /   O peration     | Website:  https://openfoam.org
    \\  /    A nd           | Version:  13
     \\/     M anipulation  |
\*---------------------------------------------------------------------------*/
FoamFile
{
    format      ascii;
    class       volScalarField;
    location    "6.7";
    object      p;
}
// * * * * * * * * * * * * * * * * * * * * * * * * * * * * * * * * * * * * * //

dimensions      [0 2 -2 0 0 0 0];

internalField   nonuniform List<scalar> 
6400
(
4.08959e-09
1.94482e-05
2.82662e-05
1.35167e-05
-3.00408e-05
-9.74832e-05
-0.000179295
-0.000266516
-0.000352916
-0.000435442
-0.000514773
-0.000594966
-0.000680653
-0.000776976
-0.000888998
-0.00102075
-0.00117516
-0.00135398
-0.00155845
-0.00178929
-0.00204695
-0.00233265
-0.00264912
-0.00300076
-0.00339387
-0.00383304
-0.00431461
-0.00482972
-0.00535769
-0.0058627
-0.00633873
-0.00679358
-0.00722504
-0.0076304
-0.0080046
-0.00833942
-0.00862396
-0.0088455
-0.00899053
-0.00904556
-0.00899773
-0.00883586
-0.00855142
-0.00813929
-0.00759618
-0.00691585
-0.00609226
-0.0051383
-0.00407012
-0.00289504
-0.00163264
-0.000303579
0.00106394
0.00243823
0.00378002
0.00504439
0.00618674
0.00716549
0.00794042
0.00847908
0.00876164
0.00878406
0.00855808
0.00810612
0.00748191
0.0067398
0.00594439
0.00515904
0.00444125
0.00382194
0.0033364
0.00299809
0.00277734
0.00264731
0.00259053
0.00258279
0.00260456
0.00264052
0.00267989
0.00270698
-1.47037e-05
5.15421e-06
9.48183e-06
-1.01543e-05
-5.65292e-05
-0.000123953
-0.000201996
-0.000282218
-0.000359713
-0.000433172
-0.000504488
-0.000577672
-0.000657553
-0.00074875
-0.000855081
-0.000980011
-0.00112684
-0.00129806
-0.00149441
-0.00171617
-0.00196247
-0.00223357
-0.00253239
-0.00286164
-0.00322434
-0.0036272
-0.00407796
-0.00457599
-0.00510849
-0.00565222
-0.00617848
-0.00667684
-0.00714921
-0.00759252
-0.00800126
-0.0083671
-0.00867927
-0.00892562
-0.00909336
-0.00917015
-0.00914423
-0.0090055
-0.00874604
-0.00835955
-0.00784061
-0.00718512
-0.00640202
-0.00549616
-0.00446857
-0.00333514
-0.00211382
-0.000826881
0.000498508
0.00182988
0.00312991
0.00435883
0.00547441
0.00643447
0.00720221
0.00774665
0.00804748
0.00809988
0.00791473
0.00751807
0.00695345
0.00627465
0.00554411
0.00482127
0.00415965
0.00360155
0.00316749
0.00286514
0.0026825
0.00259534
0.00257871
0.00260728
0.00264972
0.0026881
0.00272039
0.00274612
-3.05122e-05
-8.39557e-06
-9.54811e-06
-3.81166e-05
-9.23793e-05
-0.000162431
-0.000236831
-0.000307446
-0.000371538
-0.000430736
-0.000488661
-0.000550212
-0.000620387
-0.000702932
-0.000800287
-0.000914217
-0.00104625
-0.00119862
-0.00137357
-0.00157377
-0.00180271
-0.00206365
-0.00236076
-0.00269883
-0.00308218
-0.0035133
-0.00399271
-0.00451704
-0.00507618
-0.0056531
-0.00622794
-0.00678447
-0.00731312
-0.00780724
-0.00826008
-0.00866286
-0.00900567
-0.00927782
-0.00946799
-0.009565
-0.00955881
-0.00944054
-0.00920286
-0.00884034
-0.00835089
-0.00773473
-0.00698219
-0.0061089
-0.00512123
-0.00403021
-0.00285181
-0.00160684
-0.000321001
0.000975252
0.00224714
0.00345691
0.0045631
0.0055243
0.00630442
0.00687349
0.00721077
0.0073091
0.00717861
0.00684435
0.00634703
0.00573885
0.00507238
0.0044152
0.00381293
0.00330411
0.00291352
0.00265659
0.00252173
0.00248171
0.00250242
0.0025616
0.00262996
0.00268761
0.00273476
0.00277168
-3.90726e-05
-1.77009e-05
-2.61858e-05
-6.57746e-05
-0.000130096
-0.000203447
-0.000274386
-0.000336398
-0.000388061
-0.000431497
-0.000472842
-0.000518706
-0.000574552
-0.000644078
-0.000729033
-0.000830165
-0.000948768
-0.0010876
-0.00125049
-0.00144283
-0.00167154
-0.0019443
-0.00226859
-0.00264707
-0.00308214
-0.00357513
-0.00412247
-0.00471421
-0.00533505
-0.00596846
-0.00659804
-0.00720868
-0.00778786
-0.00832642
-0.00881611
-0.00924794
-0.00961325
-0.00990261
-0.0101062
-0.0102142
-0.0102184
-0.0101109
-0.0098851
-0.00953663
-0.00906394
-0.00846637
-0.00774229
-0.00689703
-0.00593757
-0.00487455
-0.00372303
-0.00250248
-0.00123667
4.65786e-05
0.00131504
0.00253149
0.00365493
0.00464543
0.00546504
0.00608249
0.00647594
0.00663419
0.00656443
0.00629122
0.00585275
0.00529742
0.00468114
0.00406434
0.0034976
0.00302043
0.00265744
0.00242045
0.00230239
0.00228778
0.00234858
0.00244317
0.00254328
0.00263112
0.00270213
0.0027514
-3.37399e-05
-1.94164e-05
-3.785e-05
-8.88691e-05
-0.000162769
-0.000239128
-0.000306587
-0.000360071
-0.000399568
-0.000429247
-0.000456235
-0.000488049
-0.000530581
-0.000587461
-0.000660786
-0.00075231
-0.000865028
-0.00100457
-0.00117788
-0.00139291
-0.00165946
-0.00198307
-0.00236853
-0.00282031
-0.00333801
-0.00391604
-0.00454469
-0.00520982
-0.00589414
-0.00658153
-0.00725657
-0.00790683
-0.00852171
-0.0090908
-0.0096051
-0.0100561
-0.0104355
-0.0107351
-0.0109463
-0.0110607
-0.0110716
-0.0109725
-0.0107577
-0.010423
-0.0099672
-0.00938983
-0.00869117
-0.00787357
-0.00694172
-0.00590522
-0.00477835
-0.00357949
-0.00232955
-0.00105246
0.000222779
0.00145858
0.00261337
0.00365041
0.00453132
0.00522135
0.00569672
0.00594207
0.00595818
0.00576417
0.00539895
0.00490854
0.0043469
0.00377148
0.00323564
0.00278112
0.00243534
0.00220966
0.00210146
0.00209478
0.00216549
0.00228011
0.00240552
0.00252068
0.00261409
0.00267251
-5.91898e-06
-5.10617e-06
-3.57632e-05
-0.000100434
-0.000182606
-0.0002602
-0.000323784
-0.000369754
-0.000399267
-0.000418286
-0.000435032
-0.00045747
-0.00049164
-0.000541809
-0.000611683
-0.00070554
-0.000829761
-0.000992988
-0.00120605
-0.00147613
-0.00181076
-0.00221725
-0.00269734
-0.00324829
-0.00386158
-0.00452556
-0.0052281
-0.00595562
-0.00669291
-0.00742492
-0.0081376
-0.00881936
-0.0094601
-0.0100504
-0.0105817
-0.0110457
-0.0114344
-0.0117408
-0.0119577
-0.0120776
-0.0120962
-0.0120083
-0.011809
-0.0114943
-0.0110644
-0.0105173
-0.00985297
-0.00907321
-0.00818158
-0.00718479
-0.00609467
-0.00492755
-0.00369981
-0.00243118
-0.00114916
0.000106405
0.00129735
0.00239276
0.00335254
0.00413652
0.0047207
0.00508484
0.0052242
0.00514813
0.00488939
0.00449419
0.00401413
0.00350281
0.0030136
0.00259104
0.00226537
0.00205084
0.00194682
0.00194021
0.0020088
0.00212431
0.00225642
0.00238165
0.00248452
0.00254597
5.45667e-05
3.81998e-05
-8.34524e-06
-8.97544e-05
-0.000177269
-0.000255261
-0.000315679
-0.000356239
-0.000380031
-0.000394232
-0.000407655
-0.000428507
-0.000463464
-0.000518497
-0.000600225
-0.000715992
-0.000875987
-0.00109211
-0.00137258
-0.00172606
-0.0021591
-0.00267337
-0.00326043
-0.00390977
-0.00461144
-0.00535364
-0.0061228
-0.00690531
-0.00768763
-0.00845654
-0.0091997
-0.00990639
-0.010567
-0.0111729
-0.011716
-0.0121877
-0.0125807
-0.0128901
-0.0131106
-0.0132388
-0.0132697
-0.0131985
-0.0130208
-0.0127342
-0.0123372
-0.011827
-0.0112041
-0.0104706
-0.00963162
-0.00869323
-0.00766202
-0.0065457
-0.00535832
-0.00412018
-0.00285762
-0.0015972
-0.000368407
0.000795526
0.0018445
0.00274135
0.00346161
0.00397755
0.00427896
0.00436654
0.00426166
0.00400371
0.0036426
0.00322929
0.00281444
0.00244388
0.00215081
0.00195283
0.00185261
0.00184157
0.00189983
0.00200341
0.00212555
0.00224296
0.00234005
0.00239615
0.000157778
0.000121134
5.32865e-05
-4.19351e-05
-0.000134905
-0.000214171
-0.000273498
-0.000312843
-0.000337055
-0.000354356
-0.000373999
-0.000404614
-0.000454206
-0.000531522
-0.000646085
-0.000809113
-0.00103272
-0.00132853
-0.0017047
-0.00216775
-0.00271475
-0.00333765
-0.00402611
-0.00476859
-0.00555232
-0.0063644
-0.0071918
-0.00802184
-0.00884221
-0.0096412
-0.010408
-0.0111329
-0.0118065
-0.0124199
-0.0129658
-0.0134378
-0.0138327
-0.0141464
-0.0143748
-0.0145149
-0.0145602
-0.0145063
-0.0143497
-0.014088
-0.0137237
-0.0132526
-0.0126758
-0.0119959
-0.0112177
-0.0103463
-0.0093846
-0.00833647
-0.0072138
-0.00603399
-0.00481614
-0.00357792
-0.00233974
-0.0011433
-1.95064e-05
0.00100402
0.00188031
0.00257524
0.00307455
0.00336748
0.0034657
0.00339404
0.00319589
0.00292008
0.0026135
0.00232175
0.00208053
0.00191105
0.00182012
0.00180267
0.00184508
0.00192822
0.00202815
0.00212524
0.0022021
0.00224348
0.000309016
0.000251961
0.000159692
5.11427e-05
-4.83526e-05
-0.000130512
-0.00019241
-0.000236319
-0.000268898
-0.000299338
-0.000337375
-0.000392514
-0.000474808
-0.000595971
-0.000768894
-0.00100567
-0.00131932
-0.00172098
-0.00221362
-0.00279335
-0.00345325
-0.00418185
-0.0049662
-0.00579294
-0.00664909
-0.00752176
-0.0083988
-0.00926837
-0.0101192
-0.0109407
-0.0117231
-0.0124574
-0.0131342
-0.0137467
-0.0142909
-0.0147654
-0.0151668
-0.0154885
-0.0157253
-0.0158715
-0.015925
-0.015884
-0.015747
-0.015513
-0.01518
-0.0147495
-0.0142215
-0.0135973
-0.0128791
-0.0120699
-0.0111739
-0.0101981
-0.00915113
-0.00804514
-0.00689369
-0.00570792
-0.00450094
-0.00330072
-0.0021292
-0.00101907
-1.05922e-05
0.00087423
0.00159148
0.00212046
0.0024621
0.00262578
0.00263794
0.002542
0.00238088
0.00219793
0.00203149
0.00190682
0.00183516
0.00181614
0.00184106
0.00189689
0.00196639
0.00203422
0.00208046
0.00210296
0.000515514
0.000435964
0.000316633
0.000193283
8.49006e-05
-3.09103e-06
-7.24205e-05
-0.000128169
-0.000178815
-0.000234481
-0.000305583
-0.000402892
-0.000538974
-0.000728359
-0.000984667
-0.00132026
-0.00174713
-0.00226946
-0.00288327
-0.00358041
-0.00434951
-0.00517611
-0.00604677
-0.00694789
-0.00786673
-0.00879084
-0.00970871
-0.0106092
-0.0114821
-0.0123176
-0.0131071
-0.0138428
-0.0145193
-0.0151324
-0.0156773
-0.0161497
-0.0165444
-0.0168577
-0.0170879
-0.0172329
-0.017291
-0.0172607
-0.0171419
-0.0169345
-0.0166343
-0.0162441
-0.0157648
-0.0151974
-0.0145435
-0.0138049
-0.0129847
-0.0120876
-0.0111193
-0.0100866
-0.00899688
-0.00786104
-0.00669954
-0.00552756
-0.00435722
-0.00320659
-0.0021026
-0.00107347
-0.000160848
0.000618321
0.00122594
0.00166145
0.00192948
0.00205786
0.00208263
0.00204224
0.0019753
0.00191335
0.00187344
0.00186057
0.00187109
0.00189836
0.00193339
0.00196466
0.00197756
0.00198137
0.000780185
0.000672007
0.000524884
0.000381579
0.000262326
0.000164016
8.09929e-05
4.70847e-06
-7.52406e-05
-0.000169918
-0.000290526
-0.000449684
-0.000662105
-0.000942884
-0.00130505
-0.00175933
-0.00231139
-0.0029594
-0.00369439
-0.00450376
-0.00537348
-0.00628874
-0.00723584
-0.00820136
-0.00917288
-0.0101385
-0.0110871
-0.0120087
-0.012894
-0.0137345
-0.014523
-0.0152536
-0.0159217
-0.0165233
-0.0170547
-0.017513
-0.0178947
-0.0181979
-0.0184214
-0.018564
-0.0186248
-0.0186031
-0.0184987
-0.0183118
-0.0180409
-0.0176871
-0.0172515
-0.0167355
-0.0161405
-0.0154684
-0.0147215
-0.013903
-0.0130168
-0.0120666
-0.0110565
-0.00999267
-0.0088847
-0.00774244
-0.00658078
-0.0054225
-0.00427846
-0.00316209
-0.00209546
-0.00111142
-0.000243176
0.000475317
0.00103056
0.00142569
0.00167926
0.0018207
0.00188352
0.00190325
0.00190767
0.00190945
0.00191187
0.00191318
0.00191329
0.00190577
0.00188727
0.00187481
0.00109131
0.000954215
0.000772831
0.000606714
0.000473191
0.000360462
0.000256688
0.000150112
2.85861e-05
-0.000119741
-0.000307285
-0.000547989
-0.000857238
-0.00124903
-0.00173384
-0.0023177
-0.00300014
-0.00377301
-0.00462316
-0.00553624
-0.00649693
-0.00749059
-0.0085034
-0.00952224
-0.010535
-0.0115303
-0.012498
-0.0134291
-0.0143155
-0.0151505
-0.0159283
-0.0166445
-0.0172955
-0.0178784
-0.018391
-0.0188314
-0.0191978
-0.019489
-0.0197043
-0.0198429
-0.0199044
-0.0198888
-0.019796
-0.0196264
-0.01938
-0.0190576
-0.0186603
-0.0181894
-0.0176465
-0.0170333
-0.0163518
-0.0156044
-0.0147936
-0.013922
-0.0129921
-0.0120074
-0.0109715
-0.00988843
-0.00876445
-0.0076093
-0.00643655
-0.00527109
-0.00411629
-0.00298661
-0.00191057
-0.000932274
-8.53373e-05
0.000603281
0.00112576
0.00149143
0.00172343
0.00185194
0.00191436
0.00193864
0.00193784
0.00191829
0.00188678
0.00184428
0.00179978
0.00177344
0.00143502
0.00126754
0.00104744
0.000855666
0.000704241
0.000571283
0.000438738
0.000291499
0.000115901
-0.000100849
-0.000371662
-0.000711413
-0.00113428
-0.00165121
-0.00226847
-0.00298621
-0.00379736
-0.00468891
-0.00564576
-0.00665241
-0.00769325
-0.00875373
-0.00982012
-0.0108797
-0.0119208
-0.0129331
-0.0139077
-0.0148368
-0.0157141
-0.0165345
-0.0172938
-0.0179891
-0.018618
-0.0191788
-0.0196703
-0.0200913
-0.0204409
-0.0207188
-0.0209246
-0.021058
-0.0211188
-0.0211075
-0.0210242
-0.0208694
-0.0206438
-0.0203482
-0.0199838
-0.019552
-0.0190543
-0.0184924
-0.0178679
-0.0171829
-0.0164391
-0.015638
-0.0147813
-0.0138704
-0.0129066
-0.011891
-0.0108251
-0.00971056
-0.00855087
-0.00735476
-0.00613648
-0.00491746
-0.00370386
-0.00252253
-0.00141669
-0.000437144
0.00037843
0.00100772
0.00145218
0.00172989
0.00187437
0.00193116
0.00193151
0.00189502
0.00183735
0.00176691
0.00170366
0.0016687
0.00179387
0.00159314
0.00133181
0.00111037
0.000936771
0.00077737
0.000607748
0.000409627
0.000167997
-0.00013013
-0.000498693
-0.000951615
-0.0015
-0.00215053
-0.00290341
-0.00375247
-0.00468549
-0.00568662
-0.00673957
-0.0078282
-0.00893689
-0.0100512
-0.0111578
-0.0122446
-0.0133011
-0.0143182
-0.0152885
-0.016206
-0.0170662
-0.0178655
-0.0186015
-0.0192722
-0.0198767
-0.0204139
-0.0208835
-0.0212849
-0.0216178
-0.0218824
-0.0220786
-0.0222064
-0.0222661
-0.022258
-0.0221827
-0.0220407
-0.0218328
-0.0215602
-0.021224
-0.0208256
-0.0203665
-0.0198484
-0.0192728
-0.0186414
-0.0179555
-0.0172162
-0.0164242
-0.0155799
-0.0146828
-0.0137324
-0.0127272
-0.0116658
-0.0105468
-0.00936903
-0.00813469
-0.00685431
-0.00554909
-0.00423213
-0.00292899
-0.00169563
-0.000591336
0.000327009
0.00102402
0.0014967
0.00176442
0.00187439
0.00188441
0.00183404
0.00175435
0.00166248
0.00158735
0.00154732
0.00214367
0.00190825
0.00160255
0.00134937
0.00114946
0.00095742
0.000742674
0.0004845
0.00016692
-0.000224035
-0.000702009
-0.00127782
-0.00195853
-0.00274426
-0.00362937
-0.00460236
-0.00564725
-0.00674655
-0.00788322
-0.00904075
-0.0102037
-0.0113581
-0.0124912
-0.0135921
-0.0146519
-0.0156632
-0.0166204
-0.0175193
-0.018357
-0.0191315
-0.0198415
-0.0204865
-0.0210659
-0.0215798
-0.0220281
-0.022411
-0.0227284
-0.0229806
-0.023168
-0.0232908
-0.0233494
-0.0233441
-0.0232757
-0.0231448
-0.0229523
-0.0226994
-0.0223872
-0.0220172
-0.0215909
-0.0211098
-0.0205754
-0.0199892
-0.0193525
-0.0186658
-0.0179297
-0.0171436
-0.0163065
-0.0154162
-0.0144697
-0.0134634
-0.0123928
-0.0112534
-0.0100418
-0.00875725
-0.00740457
-0.00599747
-0.00456489
-0.00313759
-0.00178343
-0.000578511
0.000400838
0.00111116
0.00155234
0.00175558
0.00179149
0.00173422
0.00163462
0.00152433
0.0014417
0.00139739
0.00245798
0.00218798
0.00183737
0.00155045
0.00132006
0.00108912
0.000822219
0.000496598
9.47907e-05
-0.000398208
-0.000992893
-0.00169625
-0.00250908
-0.0034257
-0.00443508
-0.00552125
-0.00666573
-0.00785004
-0.00905662
-0.0102689
-0.011472
-0.0126526
-0.0137992
-0.0149027
-0.0159559
-0.0169532
-0.0178909
-0.0187667
-0.019579
-0.0203271
-0.0210108
-0.0216303
-0.0221858
-0.0226777
-0.0231065
-0.0234725
-0.0237761
-0.0240176
-0.0241974
-0.024316
-0.0243739
-0.0243713
-0.0243092
-0.0241882
-0.0240092
-0.0237733
-0.0234817
-0.0231358
-0.0227371
-0.0222871
-0.0217872
-0.0212388
-0.020643
-0.0200005
-0.0193114
-0.0185751
-0.0177899
-0.0169533
-0.0160612
-0.0151086
-0.0140892
-0.0129958
-0.0118215
-0.0105604
-0.00920942
-0.0077709
-0.00625941
-0.00470706
-0.00316328
-0.00170939
-0.000444313
0.000541161
0.00120279
0.00155173
0.00164904
0.00159698
0.00148033
0.00135273
0.00126195
0.00121023
0.00271495
0.00240817
0.00201357
0.00169138
0.0014263
0.00115118
0.000827138
0.000428709
-6.44774e-05
-0.000664632
-0.00137828
-0.00220753
-0.00314705
-0.00418599
-0.00530826
-0.0064945
-0.00772463
-0.00897952
-0.0102414
-0.0114941
-0.0127234
-0.0139174
-0.0150663
-0.0161629
-0.0172017
-0.0181795
-0.019094
-0.0199443
-0.0207303
-0.0214521
-0.0221105
-0.022706
-0.0232395
-0.0237116
-0.024123
-0.0244743
-0.024766
-0.0249985
-0.0251722
-0.0252876
-0.0253453
-0.0253457
-0.0252894
-0.0251773
-0.0250102
-0.0247892
-0.0245153
-0.0241901
-0.0238147
-0.0233908
-0.0229196
-0.0224026
-0.0218407
-0.0212347
-0.0205846
-0.0198899
-0.0191488
-0.0183585
-0.0175149
-0.0166121
-0.0156431
-0.0145991
-0.0134708
-0.0122485
-0.0109239
-0.00949293
-0.00795875
-0.00633871
-0.00467326
-0.00303119
-0.00151443
-0.000242725
0.000685097
0.00123341
0.00144256
0.00142122
0.00129582
0.00114999
0.00104398
0.000979069
0.00288328
0.00254557
0.00210993
0.00175194
0.00144886
0.00112645
0.000741727
0.000265295
-0.000321747
-0.00102876
-0.0018591
-0.00280805
-0.00386529
-0.00501472
-0.00623611
-0.00750774
-0.00880852
-0.010119
-0.0114215
-0.0127006
-0.0139435
-0.0151398
-0.0162818
-0.0173642
-0.0183837
-0.0193384
-0.0202278
-0.0210522
-0.0218124
-0.0225093
-0.0231441
-0.0237178
-0.0242316
-0.0246864
-0.0250828
-0.0254216
-0.0257033
-0.0259285
-0.0260975
-0.0262108
-0.0262689
-0.0262724
-0.0262217
-0.0261178
-0.0259613
-0.0257534
-0.025495
-0.0251874
-0.024832
-0.02443
-0.0239829
-0.0234919
-0.022958
-0.022382
-0.021764
-0.0211036
-0.0203991
-0.019648
-0.0188462
-0.0179879
-0.0170657
-0.0160704
-0.0149913
-0.0138166
-0.0125345
-0.0111353
-0.0096145
-0.00797762
-0.00624966
-0.00448618
-0.00277771
-0.00124625
-3.12789e-05
0.000767674
0.00114899
0.00120153
0.00107986
0.000915303
0.000783094
0.000700744
0.00294789
0.00258258
0.00210932
0.00171573
0.00137322
0.00100178
0.000553542
-2.07722e-06
-0.000681637
-0.00149233
-0.00243226
-0.0034916
-0.00465456
-0.00590036
-0.00720566
-0.00854717
-0.00990319
-0.0112543
-0.0125834
-0.0138763
-0.0151217
-0.0163114
-0.0174396
-0.0185029
-0.0194997
-0.0204298
-0.0212939
-0.0220931
-0.0228289
-0.0235028
-0.0241163
-0.0246707
-0.0251673
-0.0256071
-0.0259908
-0.0263192
-0.0265929
-0.0268122
-0.0269777
-0.0270898
-0.0271489
-0.0271556
-0.0271104
-0.027014
-0.0268672
-0.0266709
-0.0264261
-0.0261339
-0.0257955
-0.0254123
-0.0249854
-0.0245161
-0.0240054
-0.0234541
-0.0228625
-0.0222301
-0.0215558
-0.0208373
-0.0200709
-0.0192512
-0.0183711
-0.0174213
-0.0163909
-0.015267
-0.0140357
-0.0126838
-0.0112009
-0.00958298
-0.00784059
-0.00601264
-0.00417853
-0.00244509
-0.000955716
0.000131152
0.000737271
0.000916171
0.000827006
0.000644926
0.000474985
0.000374257
0.00289405
0.00250574
0.00199964
0.00157205
0.00118999
0.000767882
0.000255334
-0.000376584
-0.00114426
-0.00205186
-0.0030919
-0.00424958
-0.00550407
-0.00683077
-0.0082041
-0.00959979
-0.010996
-0.0123735
-0.0137165
-0.0150122
-0.0162513
-0.0174273
-0.0185368
-0.0195779
-0.0205506
-0.0214559
-0.0222953
-0.0230707
-0.0237841
-0.0244372
-0.0250319
-0.0255695
-0.0260513
-0.0264783
-0.0268515
-0.0271713
-0.0274384
-0.0276533
-0.0278163
-0.0279279
-0.0279885
-0.0279986
-0.0279586
-0.0278693
-0.0277313
-0.0275454
-0.0273126
-0.0270339
-0.0267103
-0.0263432
-0.0259336
-0.0254827
-0.0249914
-0.0244606
-0.0238906
-0.0232812
-0.0226317
-0.0219401
-0.0212032
-0.0204165
-0.0195732
-0.0186648
-0.0176803
-0.0166069
-0.0154296
-0.0141329
-0.0127028
-0.0111287
-0.0094086
-0.00756236
-0.00565613
-0.00378714
-0.00207533
-0.000701613
0.00017808
0.000544171
0.000524979
0.000329633
0.000115991
-1.52909e-06
0.00271301
0.00230719
0.00177401
0.00131509
0.000893569
0.000421267
-0.0001524
-0.000856321
-0.0017059
-0.00270082
-0.00382922
-0.00507132
-0.00640195
-0.00779359
-0.00921913
-0.0106538
-0.0120759
-0.0134671
-0.0148129
-0.0161023
-0.017328
-0.0184856
-0.0195731
-0.0205904
-0.0215387
-0.0224198
-0.0232359
-0.0239894
-0.0246825
-0.0253172
-0.0258954
-0.0264184
-0.0268876
-0.0273039
-0.0276682
-0.027981
-0.028243
-0.0284544
-0.0286159
-0.0287275
-0.0287899
-0.0288034
-0.0287685
-0.0286857
-0.0285557
-0.0283793
-0.0281573
-0.0278905
-0.0275801
-0.027227
-0.0268323
-0.0263971
-0.0259223
-0.0254087
-0.0248568
-0.0242665
-0.0236374
-0.022968
-0.0222557
-0.0214966
-0.020685
-0.0198131
-0.0188707
-0.0178453
-0.0167218
-0.0154837
-0.0141144
-0.0125996
-0.010929
-0.00910283
-0.00716061
-0.00521558
-0.00334913
-0.00172346
-0.000550282
5.33945e-05
0.000151053
-3.78847e-05
-0.000293147
-0.000426375
0.00240228
0.00198488
0.00143102
0.000943966
0.000484549
-3.55169e-05
-0.000665825
-0.00143542
-0.0023581
-0.00342942
-0.00463304
-0.00594474
-0.00733583
-0.00877666
-0.0102392
-0.0116987
-0.0131338
-0.0145276
-0.0158671
-0.0171431
-0.0183503
-0.019486
-0.0205499
-0.0215429
-0.0224672
-0.0233253
-0.0241199
-0.0248534
-0.0255284
-0.0261468
-0.0267106
-0.027221
-0.0276794
-0.0280867
-0.0284436
-0.0287508
-0.0290086
-0.0292176
-0.029378
-0.0294902
-0.0295545
-0.0295714
-0.0295413
-0.0294647
-0.0293422
-0.0291744
-0.0289621
-0.0287061
-0.0284072
-0.0280666
-0.027685
-0.0272635
-0.0268029
-0.026304
-0.0257674
-0.0251932
-0.0245812
-0.0239302
-0.0232384
-0.0225026
-0.021718
-0.0208778
-0.019973
-0.0189919
-0.01792
-0.0167403
-0.0154348
-0.0139866
-0.0123816
-0.0106079
-0.00867165
-0.00667562
-0.00472306
-0.00291118
-0.00146402
-0.000585362
-0.000312899
-0.000467889
-0.000751075
-0.000900709
0.00196501
0.00154221
0.000974174
0.000462662
-3.18249e-05
-0.000595173
-0.00127645
-0.00210454
-0.0030902
-0.00422577
-0.00549073
-0.00685703
-0.00829328
-0.00976839
-0.0112539
-0.0127254
-0.0141625
-0.0155495
-0.0168753
-0.0181326
-0.0193178
-0.0204297
-0.0214692
-0.0224382
-0.0233396
-0.0241762
-0.0249509
-0.0256664
-0.0263253
-0.0269294
-0.0274806
-0.0279802
-0.0284294
-0.0288291
-0.0291798
-0.0294823
-0.0297369
-0.0299439
-0.0301038
-0.0302168
-0.0302832
-0.0303035
-0.0302779
-0.0302071
-0.0300914
-0.0299315
-0.029728
-0.0294817
-0.0291934
-0.0288638
-0.0284939
-0.0280845
-0.0276365
-0.0271505
-0.0266271
-0.0260668
-0.0254692
-0.0248339
-0.0241595
-0.0234434
-0.0226818
-0.021869
-0.0209973
-0.0200562
-0.0190322
-0.0179087
-0.0166671
-0.0152884
-0.0137557
-0.012053
-0.0101699
-0.00814271
-0.00614581
-0.0042192
-0.00254363
-0.00138241
-0.000891076
-0.000975426
-0.00125704
-0.00142953
0.00140928
0.000987321
0.000411195
-0.000120252
-0.000645749
-0.00124742
-0.00197326
-0.00285111
-0.00388916
-0.00507644
-0.00638886
-0.00779526
-0.00926228
-0.010758
-0.0122539
-0.0137263
-0.015156
-0.0165289
-0.0178355
-0.0190703
-0.0202313
-0.0213184
-0.0223336
-0.0232794
-0.024159
-0.0249757
-0.0257323
-0.0264317
-0.0270761
-0.0276677
-0.0282079
-0.0286981
-0.0291394
-0.0295325
-0.0298781
-0.0301767
-0.0304286
-0.0306342
-0.0307939
-0.0309079
-0.0309764
-0.0309999
-0.0309787
-0.0309131
-0.0308038
-0.0306512
-0.0304558
-0.0302184
-0.0299395
-0.0296201
-0.0292607
-0.0288622
-0.0284254
-0.0279509
-0.0274393
-0.0268911
-0.0263062
-0.0256845
-0.025025
-0.0243258
-0.0235839
-0.0227949
-0.0219522
-0.0210467
-0.0200664
-0.0189957
-0.0178162
-0.0165072
-0.0150501
-0.0134271
-0.0116171
-0.00961559
-0.00757801
-0.00559881
-0.00376291
-0.00234566
-0.00160474
-0.00155829
-0.00181628
-0.00202384
0.000747225
0.000332369
-0.000245721
-0.000792347
-0.00134401
-0.00197862
-0.00274239
-0.00366106
-0.00474062
-0.00596723
-0.00731381
-0.00874678
-0.0102315
-0.0117356
-0.0132312
-0.0146953
-0.0161101
-0.0174631
-0.0187465
-0.0199564
-0.0210919
-0.0221541
-0.0231455
-0.0240692
-0.0249285
-0.0257267
-0.0264669
-0.0271517
-0.0277834
-0.0283637
-0.0288943
-0.0293763
-0.0298106
-0.0301981
-0.0305392
-0.0308345
-0.0310843
-0.0312889
-0.0314485
-0.0315635
-0.0316341
-0.0316607
-0.0316435
-0.031583
-0.0314795
-0.0313336
-0.0311457
-0.0309164
-0.0306463
-0.030336
-0.0299863
-0.0295977
-0.0291711
-0.0287071
-0.0282062
-0.0276689
-0.0270954
-0.0264858
-0.0258394
-0.025155
-0.0244304
-0.0236622
-0.0228449
-0.021971
-0.02103
-0.0200078
-0.0188868
-0.0176463
-0.016265
-0.0147241
-0.0130015
-0.0110776
-0.0090056
-0.00700679
-0.00508622
-0.00346629
-0.00247068
-0.00223521
-0.00244678
-0.00270088
-4.4143e-06
-0.000408076
-0.000981767
-0.00153884
-0.00211225
-0.00277435
-0.0035686
-0.00451915
-0.00562965
-0.00688383
-0.00825224
-0.00969961
-0.0111905
-0.0126927
-0.0141788
-0.0156271
-0.0170213
-0.0183503
-0.019608
-0.0207916
-0.0219012
-0.0229388
-0.0239073
-0.02481
-0.0256504
-0.0264318
-0.027157
-0.0278286
-0.0284487
-0.0290191
-0.029541
-0.0300157
-0.030444
-0.0308265
-0.0311638
-0.0314562
-0.0317042
-0.0319079
-0.0320677
-0.0321837
-0.0322563
-0.0322858
-0.0322724
-0.0322165
-0.0321184
-0.0319787
-0.0317976
-0.0315758
-0.0313138
-0.031012
-0.0306712
-0.0302919
-0.0298747
-0.0294203
-0.0289293
-0.028402
-0.027839
-0.0272404
-0.0266058
-0.0259347
-0.0252255
-0.0244756
-0.0236809
-0.0228351
-0.0219294
-0.0209513
-0.0198849
-0.0187098
-0.0174036
-0.0159463
-0.0143179
-0.0124868
-0.0104347
-0.00841287
-0.00647027
-0.00471571
-0.00348997
-0.00303902
-0.00316569
-0.00348184
-0.000826952
-0.00121702
-0.00178142
-0.00234464
-0.00293489
-0.00361863
-0.0044361
-0.00540981
-0.0065413
-0.00781228
-0.00919153
-0.0106427
-0.0121299
-0.0136215
-0.0150911
-0.0165179
-0.0178872
-0.0191895
-0.0204198
-0.0215766
-0.0226606
-0.0236744
-0.024621
-0.025504
-0.0263268
-0.0270926
-0.0278041
-0.0284637
-0.0290735
-0.0296348
-0.0301491
-0.0306172
-0.0310401
-0.0314182
-0.031752
-0.0320419
-0.0322883
-0.0324913
-0.0326512
-0.0327683
-0.0328428
-0.0328749
-0.032865
-0.0328134
-0.0327204
-0.0325863
-0.0324116
-0.0321968
-0.0319422
-0.0316483
-0.0313158
-0.0309451
-0.0305367
-0.0300914
-0.0296096
-0.0290918
-0.0285385
-0.0279501
-0.0273265
-0.0266676
-0.0259723
-0.0252389
-0.0244643
-0.0236437
-0.0227696
-0.0218315
-0.020815
-0.0197012
-0.0184678
-0.0170925
-0.0155547
-0.0138239
-0.0118684
-0.00981357
-0.00787939
-0.00606508
-0.00465728
-0.00398651
-0.00398986
-0.00439477
-0.00170245
-0.00207669
-0.00262791
-0.00319296
-0.00379514
-0.00449475
-0.00532873
-0.00631764
-0.00746113
-0.00873937
-0.0101199
-0.0115659
-0.0130415
-0.0145157
-0.0159631
-0.0173643
-0.018706
-0.0199799
-0.0211823
-0.0223123
-0.0233713
-0.0243622
-0.0252881
-0.0261527
-0.0269592
-0.0277106
-0.0284096
-0.0290583
-0.0296585
-0.0302117
-0.0307189
-0.0311812
-0.0315991
-0.0319732
-0.0323039
-0.0325916
-0.0328365
-0.0330389
-0.033199
-0.033317
-0.0333932
-0.0334279
-0.0334212
-0.0333735
-0.0332851
-0.0331563
-0.0329874
-0.032779
-0.0325313
-0.0322448
-0.03192
-0.0315574
-0.0311574
-0.0307206
-0.0302476
-0.0297388
-0.0291948
-0.028616
-0.0280028
-0.0273552
-0.0266728
-0.0259545
-0.0251982
-0.0244002
-0.0235547
-0.0226528
-0.021682
-0.0206252
-0.0194611
-0.0181655
-0.0167172
-0.0150914
-0.0132527
-0.0112053
-0.00928901
-0.00747916
-0.0059537
-0.0050769
-0.00494564
-0.00545008
-0.00261274
-0.00296925
-0.0035039
-0.00406655
-0.00467612
-0.00538639
-0.00623085
-0.00722789
-0.00837554
-0.0096529
-0.0110269
-0.0124603
-0.013918
-0.0153696
-0.0167908
-0.0181638
-0.0194762
-0.0207212
-0.0218956
-0.0229994
-0.0240344
-0.0250034
-0.02591
-0.0267573
-0.0275487
-0.0282869
-0.0289743
-0.0296129
-0.0302045
-0.0307501
-0.031251
-0.0317078
-0.0321212
-0.0324916
-0.0328195
-0.0331051
-0.0333487
-0.0335505
-0.0337107
-0.0338296
-0.0339074
-0.0339443
-0.0339405
-0.0338964
-0.0338122
-0.0336883
-0.0335249
-0.0333224
-0.0330811
-0.0328015
-0.032484
-0.0321289
-0.0317368
-0.0313082
-0.0308435
-0.0303433
-0.0298082
-0.0292388
-0.0286355
-0.0279986
-0.0273283
-0.026624
-0.0258845
-0.0251071
-0.0242874
-0.0234183
-0.0224891
-0.0214847
-0.0203852
-0.0191669
-0.0178081
-0.0162876
-0.014564
-0.0125942
-0.0106732
-0.0089061
-0.0073317
-0.00629144
-0.00605195
-0.00663014
-0.00354021
-0.00387691
-0.00439211
-0.00494903
-0.00556193
-0.00627815
-0.00712775
-0.00812684
-0.00927207
-0.0105418
-0.0119028
-0.0133181
-0.0147531
-0.0161785
-0.0175711
-0.0189142
-0.0201968
-0.0214128
-0.0225598
-0.0236384
-0.0246505
-0.025599
-0.0264874
-0.0273187
-0.028096
-0.028822
-0.0294987
-0.0301281
-0.0307116
-0.0312504
-0.0317453
-0.0321971
-0.0326064
-0.0329734
-0.0332986
-0.0335823
-0.0338246
-0.0340259
-0.0341862
-0.0343059
-0.034385
-0.0344239
-0.0344228
-0.034382
-0.0343017
-0.0341821
-0.0340237
-0.0338267
-0.0335914
-0.0333182
-0.0330075
-0.0326595
-0.0322749
-0.031854
-0.0313973
-0.0309054
-0.0303789
-0.0298185
-0.0292247
-0.0285982
-0.0279394
-0.0272482
-0.0265243
-0.0257658
-0.0249697
-0.0241304
-0.023239
-0.0222825
-0.0212429
-0.0200977
-0.0188234
-0.0173992
-0.0157903
-0.013957
-0.0120312
-0.0103154
-0.00874255
-0.00759637
-0.00729336
-0.0079039
-0.00446763
-0.00478279
-0.00527625
-0.00582477
-0.00643759
-0.00715574
-0.00800593
-0.00900205
-0.0101396
-0.0113964
-0.0127395
-0.0141326
-0.0155417
-0.0169386
-0.0183012
-0.0196139
-0.0208667
-0.0220544
-0.0231752
-0.0242297
-0.0252202
-0.0261495
-0.0270209
-0.0278374
-0.0286017
-0.0293163
-0.0299832
-0.0306041
-0.0311802
-0.0317126
-0.032202
-0.0326492
-0.0330545
-0.0334184
-0.0337412
-0.034023
-0.0342642
-0.0344648
-0.0346252
-0.0347455
-0.0348259
-0.0348666
-0.0348679
-0.03483
-0.0347532
-0.0346377
-0.0344838
-0.0342918
-0.034062
-0.0337947
-0.0334903
-0.0331491
-0.0327715
-0.032358
-0.031909
-0.031425
-0.0309069
-0.0303551
-0.0297706
-0.029154
-0.0285062
-0.0278275
-0.0271181
-0.0263771
-0.0256026
-0.0247904
-0.0239335
-0.0230208
-0.0220365
-0.0209595
-0.0197658
-0.0184345
-0.01694
-0.0152466
-0.0133524
-0.0116794
-0.0101458
-0.0089497
-0.00860732
-0.00919304
-0.00537907
-0.00567149
-0.00614169
-0.00667954
-0.00728943
-0.00800618
-0.00885327
-0.00984245
-0.0109683
-0.012208
-0.0135298
-0.0148979
-0.0162792
-0.0176465
-0.0189787
-0.0202614
-0.0214852
-0.0226458
-0.0237415
-0.0247735
-0.0257437
-0.0266552
-0.0275108
-0.0283135
-0.0290659
-0.0297701
-0.0304279
-0.0310408
-0.0316101
-0.0321366
-0.032621
-0.0330639
-0.0334656
-0.0338266
-0.034147
-0.0344271
-0.0346671
-0.0348672
-0.0350276
-0.0351484
-0.0352298
-0.0352721
-0.0352755
-0.0352403
-0.0351666
-0.0350547
-0.0349049
-0.0347175
-0.0344927
-0.0342309
-0.0339324
-0.0335974
-0.0332265
-0.0328199
-0.0323782
-0.0319019
-0.0313917
-0.0308483
-0.0302727
-0.0296658
-0.0290285
-0.0283616
-0.0276659
-0.0269412
-0.0261866
-0.0253991
-0.0245735
-0.0237005
-0.0227665
-0.0217522
-0.0206347
-0.0193934
-0.0180078
-0.0164363
-0.0146428
-0.0129867
-0.0114987
-0.0102958
-0.00990493
-0.0103876
-0.00625932
-0.00652911
-0.0069751
-0.00750057
-0.00810526
-0.00881796
-0.00965907
-0.0106383
-0.0117497
-0.0129697
-0.0142675
-0.0156092
-0.0169619
-0.0182994
-0.0196018
-0.0208553
-0.0220515
-0.0231864
-0.0242587
-0.0252696
-0.0262212
-0.0271161
-0.0279573
-0.0287473
-0.0294886
-0.0301832
-0.0308327
-0.0314384
-0.0320013
-0.0325224
-0.0330021
-0.033441
-0.0338394
-0.0341976
-0.0345159
-0.0347944
-0.0350333
-0.0352328
-0.0353931
-0.0355144
-0.0355967
-0.0356404
-0.0356457
-0.0356127
-0.0355418
-0.0354332
-0.0352871
-0.0351038
-0.0348836
-0.0346267
-0.0343335
-0.0340044
-0.0336395
-0.0332395
-0.0328046
-0.0323356
-0.031833
-0.0312978
-0.0307307
-0.030133
-0.0295058
-0.0288503
-0.0281674
-0.0274579
-0.0267216
-0.0259567
-0.0251595
-0.0243227
-0.0234344
-0.0224777
-0.0214309
-0.0202723
-0.0189832
-0.0175266
-0.0158635
-0.0142217
-0.0127843
-0.0115891
-0.011124
-0.0114541
-0.00709676
-0.00734323
-0.00776478
-0.00827668
-0.00887445
-0.00958112
-0.0104142
-0.0113817
-0.0124759
-0.013675
-0.0149478
-0.0162625
-0.0175868
-0.0188952
-0.0201688
-0.0213946
-0.0225648
-0.0236758
-0.0247265
-0.025718
-0.0266524
-0.0275322
-0.0283601
-0.0291386
-0.0298699
-0.0305556
-0.0311974
-0.0317965
-0.0323537
-0.0328697
-0.0333452
-0.0337804
-0.0341758
-0.0345315
-0.0348478
-0.0351248
-0.0353627
-0.0355616
-0.0357218
-0.0358433
-0.0359265
-0.0359714
-0.0359782
-0.0359473
-0.0358788
-0.035773
-0.0356302
-0.0354506
-0.0352344
-0.034982
-0.0346937
-0.0343698
-0.0340106
-0.0336165
-0.0331881
-0.0327258
-0.0322305
-0.0317029
-0.0311441
-0.0305552
-0.0299376
-0.0292927
-0.028622
-0.0279266
-0.0272071
-0.0264629
-0.0256915
-0.0248873
-0.0240406
-0.0231364
-0.0221545
-0.021072
-0.0198699
-0.0185199
-0.0169952
-0.0153776
-0.0139878
-0.0128053
-0.0122528
-0.0124426
-0.00787938
-0.00810368
-0.00850079
-0.00899845
-0.00958803
-0.0102872
-0.0111108
-0.0120658
-0.0131414
-0.0143185
-0.0155665
-0.0168547
-0.0181513
-0.0194318
-0.0206782
-0.0218782
-0.0230245
-0.0241134
-0.0251444
-0.0261182
-0.0270371
-0.0279032
-0.0287192
-0.0294872
-0.0302093
-0.0308871
-0.031522
-0.032115
-0.032667
-0.0331785
-0.03365
-0.034082
-0.0344746
-0.034828
-0.0351425
-0.0354181
-0.0356551
-0.0358535
-0.0360135
-0.0361353
-0.036219
-0.0362649
-0.0362732
-0.036244
-0.0361776
-0.0360743
-0.0359343
-0.0357578
-0.0355452
-0.0352968
-0.0350128
-0.0346935
-0.0343394
-0.0339508
-0.0335282
-0.0330723
-0.0325837
-0.0320632
-0.0315121
-0.0309315
-0.030323
-0.0296882
-0.0290288
-0.0283466
-0.0276426
-0.0269172
-0.0261692
-0.0253944
-0.024585
-0.0237281
-0.0228052
-0.0217937
-0.0206744
-0.0194259
-0.0180215
-0.0164564
-0.0151042
-0.0139388
-0.0133157
-0.0133951
-0.00860301
-0.00879946
-0.00917456
-0.00965785
-0.0102385
-0.0109293
-0.0117425
-0.0126842
-0.0137417
-0.0148965
-0.0161205
-0.017383
-0.0186532
-0.0199077
-0.021129
-0.0223053
-0.0234297
-0.0244989
-0.025512
-0.02647
-0.0273749
-0.0282288
-0.0290341
-0.0297927
-0.0305067
-0.0311774
-0.031806
-0.0323937
-0.0329409
-0.0334484
-0.0339165
-0.0343455
-0.0347356
-0.035087
-0.0353999
-0.0356743
-0.0359104
-0.0361083
-0.0362682
-0.0363902
-0.0364745
-0.0365212
-0.0365306
-0.0365028
-0.0364382
-0.036337
-0.0361994
-0.0360256
-0.0358161
-0.035571
-0.0352907
-0.0349756
-0.0346259
-0.0342422
-0.0338249
-0.0333746
-0.0328921
-0.0323782
-0.0318342
-0.0312614
-0.0306613
-0.0300358
-0.029387
-0.0287168
-0.0280271
-0.0273188
-0.0265918
-0.0258434
-0.0250675
-0.0242531
-0.0233835
-0.0224376
-0.0213959
-0.02024
-0.0189372
-0.0174651
-0.0161421
-0.0149938
-0.0143302
-0.0143221
-0.00925632
-0.00942776
-0.00978118
-0.010249
-0.0108201
-0.0115022
-0.0123046
-0.0132324
-0.0142725
-0.0154058
-0.016607
-0.0178453
-0.019091
-0.0203215
-0.02152
-0.022675
-0.0237799
-0.0248314
-0.0258288
-0.0267729
-0.0276654
-0.0285086
-0.0293044
-0.0300548
-0.0307616
-0.031426
-0.0320493
-0.0326322
-0.0331753
-0.0336793
-0.0341444
-0.0345708
-0.0349588
-0.0353084
-0.0356199
-0.0358933
-0.0361287
-0.0363262
-0.0364859
-0.0366081
-0.0366927
-0.0367401
-0.0367505
-0.0367239
-0.0366608
-0.0365612
-0.0364256
-0.0362541
-0.036047
-0.0358048
-0.0355276
-0.0352159
-0.03487
-0.0344905
-0.0340777
-0.0336324
-0.0331553
-0.0326474
-0.0321098
-0.0315439
-0.0309516
-0.0303347
-0.0296956
-0.0290364
-0.0283595
-0.0276667
-0.0269586
-0.0262338
-0.0254879
-0.0247116
-0.0238902
-0.0230041
-0.0220334
-0.0209606
-0.0197522
-0.0183793
-0.0170973
-0.0159825
-0.0153019
-0.0152242
-0.00982464
-0.00997966
-0.0103121
-0.0107662
-0.0113283
-0.0120018
-0.0127935
-0.0137073
-0.0147308
-0.015844
-0.017024
-0.0182398
-0.0194633
-0.0206723
-0.0218504
-0.0229866
-0.0240744
-0.0251105
-0.0260942
-0.0270262
-0.0279082
-0.0287421
-0.0295298
-0.0302731
-0.0309737
-0.0316328
-0.0322514
-0.0328302
-0.0333699
-0.0338709
-0.0343334
-0.0347577
-0.0351439
-0.0354921
-0.0358025
-0.036075
-0.0363098
-0.036507
-0.0366667
-0.0367889
-0.036874
-0.0369219
-0.036933
-0.0369074
-0.0368453
-0.0367471
-0.036613
-0.0364432
-0.0362382
-0.0359981
-0.0357234
-0.0354145
-0.0350717
-0.0346956
-0.0342866
-0.0338455
-0.033373
-0.0328702
-0.0323382
-0.0317786
-0.0311931
-0.0305839
-0.0299534
-0.0293042
-0.0286389
-0.0279599
-0.0272686
-0.0265648
-0.0258455
-0.0251032
-0.0243253
-0.0234933
-0.0225866
-0.0215887
-0.0204692
-0.0192054
-0.0179649
-0.0168993
-0.0162247
-0.0160923
-0.0103119
-0.0104521
-0.010763
-0.0112059
-0.0117599
-0.0124253
-0.0132067
-0.0141066
-0.0151148
-0.0162096
-0.01737
-0.0185656
-0.019769
-0.020959
-0.0221194
-0.0232394
-0.0243125
-0.0253355
-0.0263077
-0.0272295
-0.0281026
-0.0289287
-0.0297097
-0.0304471
-0.0311426
-0.0317972
-0.0324119
-0.0329875
-0.0335244
-0.0340229
-0.0344834
-0.034906
-0.0352909
-0.035638
-0.0359475
-0.0362195
-0.0364539
-0.0366508
-0.0368105
-0.0369329
-0.0370182
-0.0370665
-0.0370782
-0.0370533
-0.036992
-0.0368948
-0.0367617
-0.0365932
-0.0363896
-0.0361512
-0.0358783
-0.0355714
-0.035231
-0.0348575
-0.0344514
-0.0340137
-0.0335449
-0.0330463
-0.032519
-0.0319646
-0.031385
-0.0307825
-0.0301596
-0.0295191
-0.028864
-0.0281971
-0.0275207
-0.0268353
-0.0261394
-0.0254274
-0.0246882
-0.0239051
-0.0230573
-0.0221283
-0.0210936
-0.0199386
-0.0187397
-0.0177377
-0.0170867
-0.0169131
-0.0107217
-0.010845
-0.0111363
-0.0115672
-0.0121133
-0.0127711
-0.0135429
-0.0144296
-0.015423
-0.016501
-0.0176442
-0.0188216
-0.0200076
-0.021181
-0.0223263
-0.0234327
-0.0244936
-0.0255059
-0.0264686
-0.0273823
-0.0282482
-0.029068
-0.0298436
-0.0305764
-0.0312678
-0.0319189
-0.0325307
-0.0331037
-0.0336384
-0.0341352
-0.0345942
-0.0350157
-0.0353996
-0.035746
-0.036055
-0.0363266
-0.0365608
-0.0367577
-0.0369174
-0.03704
-0.0371255
-0.0371742
-0.0371862
-0.0371618
-0.0371011
-0.0370044
-0.0368721
-0.0367043
-0.0365015
-0.0362641
-0.0359923
-0.0356868
-0.0353478
-0.0349761
-0.0345721
-0.0341367
-0.0336707
-0.0331752
-0.0326516
-0.0321014
-0.0315267
-0.0309297
-0.0303131
-0.0296801
-0.0290338
-0.0283774
-0.0277137
-0.0270444
-0.0263689
-0.0256833
-0.0249785
-0.0242393
-0.023446
-0.0225821
-0.0216297
-0.020573
-0.0194217
-0.0184887
-0.0178739
-0.0176721
-0.0110521
-0.011158
-0.0114309
-0.01185
-0.0123883
-0.0130386
-0.0138015
-0.0146763
-0.015655
-0.0167177
-0.0178463
-0.0190076
-0.0201783
-0.0213379
-0.0224707
-0.023566
-0.0246173
-0.0256211
-0.0265765
-0.0274838
-0.0283443
-0.0291595
-0.029931
-0.0306603
-0.0313488
-0.0319975
-0.0326072
-0.0331785
-0.0337118
-0.0342074
-0.0346656
-0.0350864
-0.0354698
-0.0358159
-0.0361248
-0.0363963
-0.0366306
-0.0368276
-0.0369875
-0.0371103
-0.0371961
-0.0372451
-0.0372573
-0.0372331
-0.0371727
-0.0370763
-0.0369441
-0.0367766
-0.0365741
-0.036337
-0.0360657
-0.0357606
-0.0354224
-0.0350515
-0.0346486
-0.0342145
-0.0337502
-0.0332568
-0.0327357
-0.0321885
-0.0316173
-0.0310245
-0.0304131
-0.029786
-0.029147
-0.0284994
-0.0278466
-0.0271909
-0.026533
-0.0258702
-0.0251954
-0.0244954
-0.023752
-0.0229484
-0.022071
-0.0211002
-0.0200214
-0.0191493
-0.0185727
-0.018356
-0.0113025
-0.0113912
-0.0116465
-0.0120545
-0.012585
-0.0132281
-0.0139827
-0.0148469
-0.0158118
-0.0168603
-0.0179757
-0.0191233
-0.0202812
-0.0214294
-0.0225522
-0.0236389
-0.0246828
-0.0256805
-0.0266307
-0.0275336
-0.0283904
-0.0292025
-0.0299714
-0.0306986
-0.0313853
-0.0320325
-0.0326411
-0.0332115
-0.0337442
-0.0342394
-0.0346973
-0.035118
-0.0355015
-0.0358478
-0.0361569
-0.0364287
-0.0366633
-0.0368607
-0.0370209
-0.037144
-0.0372301
-0.0372792
-0.0372916
-0.0372675
-0.037207
-0.0371105
-0.0369782
-0.0368105
-0.0366077
-0.0363702
-0.0360986
-0.0357932
-0.0354547
-0.0350837
-0.0346809
-0.0342471
-0.0337833
-0.0332907
-0.0327708
-0.0322253
-0.0316563
-0.0310664
-0.0304586
-0.0298361
-0.0292026
-0.0285621
-0.0279181
-0.0272738
-0.0266306
-0.0259873
-0.0253384
-0.0246727
-0.023974
-0.0232252
-0.022415
-0.0215222
-0.0205282
-0.0197138
-0.0191754
-0.0189531
-0.0114749
-0.0115465
-0.0117845
-0.0121817
-0.0127046
-0.0133407
-0.0140874
-0.0149418
-0.0158948
-0.0169298
-0.0180321
-0.0191688
-0.0203162
-0.0214553
-0.0225705
-0.023651
-0.0246899
-0.0256836
-0.0266306
-0.027531
-0.0283858
-0.0291964
-0.0299642
-0.0306905
-0.0313766
-0.0320235
-0.0326319
-0.0332024
-0.0337353
-0.0342309
-0.0346892
-0.0351105
-0.0354946
-0.0358415
-0.0361513
-0.0364238
-0.036659
-0.036857
-0.0370177
-0.0371412
-0.0372276
-0.0372769
-0.0372894
-0.0372651
-0.0372044
-0.0371074
-0.0369745
-0.0368061
-0.0366024
-0.0363639
-0.0360912
-0.0357847
-0.0354451
-0.0350729
-0.034669
-0.0342343
-0.0337698
-0.0332768
-0.0327567
-0.0322115
-0.0316433
-0.0310547
-0.0304489
-0.0298293
-0.0291997
-0.0285644
-0.0279272
-0.0272919
-0.0266606
-0.0260335
-0.0254066
-0.0247708
-0.0241113
-0.0234117
-0.0226618
-0.0218406
-0.0209306
-0.0201756
-0.0196762
-0.0194539
-0.0115724
-0.0116273
-0.0118482
-0.0122342
-0.0127493
-0.0133785
-0.0141174
-0.0149627
-0.0159051
-0.0169275
-0.0180167
-0.0191447
-0.0202837
-0.0214158
-0.0225256
-0.0236021
-0.0246381
-0.0256299
-0.0265757
-0.0274755
-0.0283301
-0.0291407
-0.0299088
-0.0306356
-0.0313224
-0.0319701
-0.0325794
-0.0331508
-0.0336848
-0.0341815
-0.0346411
-0.0350635
-0.0354489
-0.035797
-0.0361079
-0.0363815
-0.0366177
-0.0368166
-0.036978
-0.0371021
-0.0371888
-0.0372383
-0.0372507
-0.0372262
-0.0371649
-0.0370672
-0.0369333
-0.0367636
-0.0365585
-0.0363184
-0.0360439
-0.0357354
-0.0353936
-0.0350193
-0.0346132
-0.0341764
-0.0337098
-0.0332149
-0.0326932
-0.0321467
-0.0315777
-0.0309888
-0.0303833
-0.0297648
-0.0291374
-0.0285053
-0.0278729
-0.0272442
-0.0266221
-0.0260079
-0.0253991
-0.0247887
-0.0241634
-0.0235072
-0.0228108
-0.0220547
-0.021226
-0.0205287
-0.0200689
-0.0198511
-0.0115994
-0.0116381
-0.0118417
-0.0122156
-0.0127223
-0.0133441
-0.0140753
-0.0149118
-0.0158443
-0.0168551
-0.0179314
-0.0190517
-0.0201841
-0.0213109
-0.0224173
-0.0234918
-0.024527
-0.0255189
-0.0264654
-0.0273664
-0.0282225
-0.0290348
-0.0298047
-0.0305334
-0.0312221
-0.0318717
-0.032483
-0.0330564
-0.0335924
-0.0340911
-0.0345527
-0.034977
-0.0353642
-0.0357141
-0.0360267
-0.0363019
-0.0365395
-0.0367395
-0.0369019
-0.0370268
-0.037114
-0.0371637
-0.037176
-0.037151
-0.037089
-0.0369902
-0.036855
-0.0366835
-0.0364763
-0.0362339
-0.0359567
-0.0356454
-0.0353006
-0.034923
-0.0345136
-0.0340733
-0.0336033
-0.0331051
-0.0325802
-0.0320308
-0.0314592
-0.0308682
-0.0302612
-0.029642
-0.0290147
-0.0283838
-0.027754
-0.0271296
-0.0265142
-0.0259097
-0.0253152
-0.0247255
-0.0241293
-0.0235113
-0.0228616
-0.0221631
-0.0214127
-0.0207701
-0.0203492
-0.0201395
-0.0115613
-0.011584
-0.0117697
-0.01213
-0.012627
-0.0132409
-0.0139639
-0.0147913
-0.0157143
-0.0167145
-0.0177785
-0.0188911
-0.020018
-0.0211412
-0.0222457
-0.02332
-0.0243563
-0.0253501
-0.0262992
-0.0272031
-0.0280624
-0.028878
-0.0296511
-0.0303831
-0.0310751
-0.0317279
-0.0323423
-0.0329188
-0.0334578
-0.0339594
-0.0344237
-0.0348508
-0.0352406
-0.0355929
-0.0359078
-0.0361849
-0.0364244
-0.036626
-0.0367897
-0.0369155
-0.0370033
-0.0370533
-0.0370654
-0.03704
-0.036977
-0.0368769
-0.0367398
-0.0365661
-0.0363563
-0.0361108
-0.0358301
-0.035515
-0.0351661
-0.0347842
-0.0343702
-0.0339252
-0.0334504
-0.0329473
-0.0324177
-0.0318636
-0.0312876
-0.0306927
-0.0300823
-0.0294603
-0.028831
-0.0281992
-0.0275698
-0.0269473
-0.0263359
-0.025738
-0.0251542
-0.0245808
-0.0240087
-0.0234236
-0.0228144
-0.0221664
-0.0214899
-0.0208977
-0.0205151
-0.0203146
-0.0114641
-0.0114706
-0.0116372
-0.0119821
-0.012468
-0.0130729
-0.0137869
-0.0146044
-0.0155171
-0.0165079
-0.0175608
-0.0186645
-0.0197865
-0.0209072
-0.0220113
-0.0230868
-0.0241257
-0.0251231
-0.0260765
-0.026985
-0.0278491
-0.0286695
-0.0294475
-0.0301842
-0.0308808
-0.031538
-0.0321568
-0.0327375
-0.0332805
-0.033786
-0.034254
-0.0346847
-0.0350778
-0.0354333
-0.035751
-0.0360308
-0.0362725
-0.0364761
-0.0366414
-0.0367684
-0.036857
-0.0369073
-0.0369194
-0.0368933
-0.0368292
-0.0367274
-0.0365882
-0.0364118
-0.0361988
-0.0359495
-0.0356646
-0.0353448
-0.0349906
-0.0346032
-0.0341833
-0.0337321
-0.033251
-0.0327415
-0.0322055
-0.031645
-0.0310628
-0.030462
-0.0298461
-0.0292192
-0.028586
-0.0279511
-0.0273196
-0.0266965
-0.0260864
-0.0254924
-0.0249157
-0.0243545
-0.0238018
-0.0232448
-0.0226712
-0.022069
-0.0214551
-0.0209099
-0.0205655
-0.0203735
-0.0113143
-0.0113038
-0.0114499
-0.0117775
-0.0122503
-0.0128444
-0.0135482
-0.0143548
-0.0152559
-0.0162372
-0.0172808
-0.0183742
-0.0194912
-0.0206098
-0.0217142
-0.0227922
-0.023835
-0.0248375
-0.0257966
-0.0267114
-0.0275819
-0.0284087
-0.0291931
-0.029936
-0.0306385
-0.0313016
-0.0319259
-0.032512
-0.0330601
-0.0335706
-0.0340434
-0.0344785
-0.0348758
-0.0352351
-0.0355564
-0.0358394
-0.036084
-0.03629
-0.0364573
-0.0365857
-0.0366754
-0.0367261
-0.0367381
-0.0367113
-0.036646
-0.0365423
-0.0364005
-0.036221
-0.0360042
-0.0357505
-0.0354606
-0.0351351
-0.0347748
-0.0343805
-0.0339534
-0.0334946
-0.0330055
-0.0324878
-0.0319435
-0.0313748
-0.0307845
-0.0301758
-0.0295524
-0.0289186
-0.0282791
-0.0276388
-0.027003
-0.0263769
-0.0257654
-0.0251722
-0.0245995
-0.0240467
-0.023509
-0.0229755
-0.0224331
-0.0218726
-0.0213102
-0.0208055
-0.0204992
-0.0203159
-0.0111183
-0.0110901
-0.0112137
-0.0115214
-0.0119791
-0.0125604
-0.0132523
-0.0140466
-0.0149351
-0.0159048
-0.0169393
-0.018023
-0.019134
-0.0202502
-0.0213553
-0.0224362
-0.023484
-0.0244927
-0.0254591
-0.0263815
-0.0272599
-0.0280948
-0.028887
-0.0296376
-0.0303476
-0.0310179
-0.0316491
-0.0322418
-0.0327963
-0.0333128
-0.0337914
-0.0342319
-0.0346343
-0.0349984
-0.035324
-0.0356109
-0.0358589
-0.0360678
-0.0362375
-0.0363678
-0.0364587
-0.0365101
-0.036522
-0.0364945
-0.0364277
-0.0363219
-0.0361773
-0.0359942
-0.035773
-0.0355142
-0.0352184
-0.0348864
-0.0345188
-0.0341166
-0.033681
-0.0332131
-0.0327145
-0.0321868
-0.0316322
-0.0310532
-0.0304526
-0.0298339
-0.0292008
-0.0285578
-0.0279098
-0.0272618
-0.0266195
-0.025988
-0.0253726
-0.0247774
-0.0242053
-0.0236573
-0.0231306
-0.022616
-0.0221005
-0.0215772
-0.0210597
-0.0205851
-0.0203162
-0.0201424
-0.010882
-0.0108355
-0.0109347
-0.0112197
-0.0116597
-0.0122262
-0.0129043
-0.0136849
-0.0145592
-0.0155153
-0.0165385
-0.0176124
-0.0187164
-0.0198296
-0.020935
-0.0220193
-0.0230726
-0.0240885
-0.0250632
-0.0259947
-0.0268825
-0.0277268
-0.0285284
-0.0292882
-0.0300072
-0.0306861
-0.0313257
-0.0319264
-0.0324885
-0.0330123
-0.0334977
-0.0339448
-0.0343532
-0.0347229
-0.0350537
-0.0353452
-0.0355973
-0.0358097
-0.0359823
-0.0361148
-0.0362073
-0.0362595
-0.0362715
-0.0362433
-0.036175
-0.0360668
-0.035919
-0.0357318
-0.0355057
-0.0352411
-0.0349387
-0.0345991
-0.0342232
-0.0338119
-0.0333664
-0.032888
-0.0323782
-0.0318389
-0.0312722
-0.0306809
-0.0300679
-0.0294368
-0.0287916
-0.028137
-0.027478
-0.0268199
-0.0261685
-0.0255294
-0.0249077
-0.0243078
-0.0237333
-0.0231864
-0.0226666
-0.0221666
-0.0216743
-0.0211848
-0.0207057
-0.0202511
-0.0200188
-0.0198539
-0.0106111
-0.010546
-0.0106192
-0.0108785
-0.0112978
-0.0118472
-0.0125094
-0.0132743
-0.0141326
-0.0150731
-0.0160824
-0.0171446
-0.0182403
-0.0193493
-0.0204544
-0.0215417
-0.0226007
-0.0236244
-0.0246083
-0.02555
-0.0264485
-0.0273038
-0.0281163
-0.0288869
-0.0296164
-0.0303055
-0.0309549
-0.031565
-0.0321362
-0.0326686
-0.0331621
-0.0336168
-0.0340324
-0.0344087
-0.0347455
-0.0350425
-0.0352994
-0.0355159
-0.0356919
-0.0358271
-0.0359215
-0.0359748
-0.035987
-0.0359581
-0.0358882
-0.0357775
-0.0356262
-0.0354346
-0.0352029
-0.0349319
-0.034622
-0.0342739
-0.0338886
-0.0334669
-0.0330101
-0.0325196
-0.031997
-0.0314443
-0.0308637
-0.030258
-0.0296305
-0.0289848
-0.0283252
-0.0276566
-0.0269841
-0.0263135
-0.0256504
-0.025001
-0.0243704
-0.0237633
-0.0231836
-0.0226346
-0.0221177
-0.0216282
-0.0211548
-0.020694
-0.0202473
-0.0198117
-0.0196108
-0.0194523
-0.010311
-0.0102275
-0.0102732
-0.0105039
-0.0108996
-0.0114292
-0.012073
-0.0128198
-0.0136598
-0.0145824
-0.0155752
-0.0166232
-0.0177083
-0.0188112
-0.0199146
-0.021004
-0.0220685
-0.0231002
-0.0240939
-0.0250467
-0.0259571
-0.0268247
-0.0276497
-0.0284326
-0.0291742
-0.0298752
-0.030536
-0.0311571
-0.0317387
-0.0322811
-0.0327841
-0.0332476
-0.0336716
-0.0340556
-0.0343994
-0.0347027
-0.0349652
-0.0351866
-0.0353666
-0.0355051
-0.0356017
-0.0356563
-0.0356689
-0.0356394
-0.035568
-0.0354546
-0.0352995
-0.035103
-0.0348654
-0.0345872
-0.034269
-0.0339116
-0.0335157
-0.0330824
-0.032613
-0.0321088
-0.0315717
-0.0310036
-0.0304071
-0.029785
-0.0291407
-0.0284782
-0.0278019
-0.0271169
-0.0264285
-0.0257428
-0.0250656
-0.0244031
-0.0237611
-0.0231442
-0.0225566
-0.0220023
-0.0214847
-0.021002
-0.020543
-0.0201042
-0.0196828
-0.0192746
-0.0190959
-0.0189399
-0.00998653
-0.00988544
-0.00990234
-0.0101021
-0.0104718
-0.0109785
-0.011601
-0.0123269
-0.0131459
-0.0140478
-0.0150209
-0.0160517
-0.0171233
-0.0182175
-0.019317
-0.0204072
-0.0214762
-0.0225156
-0.0235194
-0.024484
-0.0254073
-0.0262885
-0.0271274
-0.0279243
-0.0286797
-0.0293941
-0.0300679
-0.0307017
-0.0312954
-0.0318493
-0.0323632
-0.032837
-0.0332705
-0.0336634
-0.0340153
-0.034326
-0.034595
-0.034822
-0.0350067
-0.0351489
-0.0352483
-0.0353046
-0.0353179
-0.0352879
-0.0352148
-0.0350987
-0.0349396
-0.0347378
-0.0344937
-0.0342078
-0.0338805
-0.0335127
-0.0331053
-0.0326591
-0.0321757
-0.0316563
-0.031103
-0.0305178
-0.0299033
-0.0292626
-0.0285994
-0.0279177
-0.0272223
-0.0265184
-0.0258117
-0.0251083
-0.0244145
-0.0237366
-0.0230804
-0.0224512
-0.0218531
-0.0212904
-0.0207686
-0.0202887
-0.0198407
-0.0194192
-0.0190186
-0.0186369
-0.018477
-0.0183209
-0.0096426
-0.00952496
-0.00951253
-0.00967981
-0.0100215
-0.0105021
-0.0110998
-0.0118016
-0.0125965
-0.0134742
-0.0144242
-0.0154342
-0.0164887
-0.0175708
-0.0186637
-0.0197523
-0.0208244
-0.0218707
-0.0228844
-0.0238611
-0.0247981
-0.025694
-0.0265482
-0.0273606
-0.0281314
-0.0288611
-0.0295498
-0.0301979
-0.0308054
-0.0313725
-0.0318989
-0.0323844
-0.0328289
-0.033232
-0.0335932
-0.0339123
-0.0341888
-0.0344223
-0.0346125
-0.0347591
-0.0348617
-0.0349202
-0.0349344
-0.0349042
-0.0348295
-0.0347105
-0.0345472
-0.0343398
-0.0340888
-0.0337944
-0.0334574
-0.0330784
-0.0326582
-0.0321981
-0.0316992
-0.0311632
-0.0305919
-0.0299877
-0.0293533
-0.0286919
-0.0280075
-0.0273043
-0.0265874
-0.0258622
-0.0251347
-0.0244112
-0.0236981
-0.0230022
-0.0223295
-0.0216854
-0.0210742
-0.0205003
-0.0199709
-0.0194901
-0.01905
-0.0186421
-0.0182582
-0.0179007
-0.0177573
-0.0175988
-0.00928394
-0.00915053
-0.00911088
-0.00924483
-0.00955545
-0.0100065
-0.0105761
-0.0112502
-0.0120172
-0.012867
-0.01379
-0.0147749
-0.0158082
-0.0168742
-0.0179567
-0.0190408
-0.0201138
-0.0211655
-0.0221884
-0.0231772
-0.0241285
-0.02504
-0.0259108
-0.0267403
-0.0275283
-0.028275
-0.0289805
-0.0296448
-0.030268
-0.03085
-0.0313906
-0.0318895
-0.0323465
-0.0327612
-0.0331331
-0.0334618
-0.0337468
-0.0339878
-0.0341843
-0.034336
-0.0344425
-0.0345037
-0.0345191
-0.0344888
-0.0344127
-0.0342908
-0.0341231
-0.0339099
-0.0336514
-0.0333482
-0.0330006
-0.0326095
-0.0321757
-0.0317003
-0.0311846
-0.0306304
-0.0300396
-0.0294146
-0.0287583
-0.0280742
-0.0273663
-0.0266394
-0.0258986
-0.0251496
-0.0243988
-0.0236526
-0.0229179
-0.0222014
-0.0215097
-0.0208483
-0.0202214
-0.0196338
-0.0190937
-0.0186084
-0.0181737
-0.0177758
-0.0174046
-0.0170682
-0.0169399
-0.0167777
-0.00891588
-0.0087664
-0.00870493
-0.00880561
-0.00908129
-0.00949924
-0.0100369
-0.0106792
-0.0114142
-0.0122319
-0.0131233
-0.0140786
-0.0150859
-0.016131
-0.0171988
-0.0182746
-0.0193455
-0.0204006
-0.0214314
-0.0224319
-0.0233976
-0.0243256
-0.0252141
-0.0260621
-0.0268691
-0.0276347
-0.0283589
-0.0290414
-0.0296822
-0.030281
-0.0308377
-0.0313518
-0.031823
-0.0322508
-0.0326347
-0.0329743
-0.0332691
-0.0335186
-0.0337224
-0.03388
-0.0339912
-0.0340555
-0.0340727
-0.0340426
-0.0339652
-0.0338404
-0.0336683
-0.033449
-0.0331828
-0.03287
-0.0325113
-0.0321072
-0.0316588
-0.031167
-0.0306333
-0.0300595
-0.0294475
-0.0287999
-0.0281199
-0.027411
-0.0266776
-0.0259246
-0.0251576
-0.0243825
-0.0236059
-0.0228346
-0.0220757
-0.0213361
-0.0206228
-0.0199416
-0.0192969
-0.0186932
-0.0181398
-0.0176472
-0.0172132
-0.0168222
-0.0164602
-0.0161435
-0.0160286
-0.0158612
-0.00854069
-0.00838016
-0.00830339
-0.00837057
-0.00860744
-0.00898853
-0.00949001
-0.0100958
-0.0107941
-0.0115747
-0.0124296
-0.0133501
-0.014326
-0.0153449
-0.016393
-0.0174561
-0.0185212
-0.0195768
-0.0206138
-0.0216248
-0.0226047
-0.0235496
-0.0244569
-0.0253249
-0.0261524
-0.0269389
-0.0276837
-0.0283866
-0.0290471
-0.0296649
-0.0302396
-0.0307708
-0.0312579
-0.0317006
-0.0320981
-0.0324501
-0.032756
-0.0330152
-0.0332273
-0.0333917
-0.0335082
-0.0335763
-0.0335958
-0.0335663
-0.0334879
-0.0333604
-0.0331838
-0.0329582
-0.0326839
-0.0323612
-0.0319906
-0.0315729
-0.0311089
-0.0305998
-0.0300469
-0.029452
-0.0288174
-0.0281456
-0.02744
-0.0267044
-0.0259434
-0.0251622
-0.0243667
-0.0235632
-0.0227584
-0.0219596
-0.021174
-0.0204089
-0.0196715
-0.0189681
-0.0183032
-0.0176813
-0.0171121
-0.016609
-0.0161723
-0.0157846
-0.0154282
-0.0151299
-0.0150265
-0.0148526
-0.00816311
-0.00800359
-0.00791491
-0.00794768
-0.00814264
-0.00848309
-0.00894333
-0.00950722
-0.0101632
-0.0109015
-0.0117144
-0.0125945
-0.0135333
-0.0145202
-0.0155428
-0.016588
-0.0176429
-0.0186955
-0.0197361
-0.0207562
-0.0217496
-0.0227115
-0.0236383
-0.0245274
-0.0253772
-0.0261864
-0.026954
-0.0276794
-0.0283618
-0.0290007
-0.0295956
-0.0301459
-0.030651
-0.0311104
-0.0315233
-0.0318892
-0.0322076
-0.0324778
-0.0326993
-0.0328716
-0.0329943
-0.033067
-0.0330893
-0.0330609
-0.0329818
-0.0328517
-0.0326706
-0.0324387
-0.0321561
-0.0318231
-0.0314403
-0.0310082
-0.0305279
-0.0300004
-0.0294272
-0.0288101
-0.0281514
-0.0274539
-0.026721
-0.025957
-0.0251665
-0.024355
-0.0235289
-0.0226947
-0.0218595
-0.0210308
-0.020216
-0.0194229
-0.018659
-0.017931
-0.0172437
-0.0166014
-0.0160141
-0.0154976
-0.0150548
-0.0146682
-0.014315
-0.0140294
-0.0139359
-0.0137545
-0.00779458
-0.00764546
-0.00754572
-0.00754477
-0.00769587
-0.00799111
-0.00840442
-0.00892054
-0.00952841
-0.0102184
-0.0109833
-0.011817
-0.0127125
-0.0136612
-0.0146523
-0.0156738
-0.0167133
-0.0177588
-0.0187996
-0.0198267
-0.0208325
-0.021811
-0.0227576
-0.0236691
-0.0245426
-0.0253764
-0.0261689
-0.0269189
-0.0276255
-0.0282879
-0.0289053
-0.0294769
-0.0300021
-0.0304801
-0.0309102
-0.0312918
-0.0316242
-0.0319068
-0.0321391
-0.0323204
-0.0324503
-0.0325283
-0.0325541
-0.0325274
-0.0324479
-0.0323156
-0.0321302
-0.0318919
-0.0316009
-0.0312574
-0.0308618
-0.030415
-0.0299176
-0.0293709
-0.0287764
-0.028136
-0.0274521
-0.0267276
-0.025966
-0.0251719
-0.0243501
-0.0235066
-0.0226479
-0.0217809
-0.0209131
-0.0200522
-0.019206
-0.0183825
-0.0175896
-0.0168345
-0.0161225
-0.0154577
-0.0148504
-0.0143179
-0.0138659
-0.0134787
-0.0131259
-0.012844
-0.0127594
-0.0125698
-0.00744398
-0.00731025
-0.00720033
-0.00716811
-0.00727433
-0.00751939
-0.00788042
-0.0083428
-0.00889608
-0.00953121
-0.0102417
-0.0110226
-0.0118685
-0.0127724
-0.0137255
-0.0147172
-0.0157357
-0.0167692
-0.0178066
-0.0188377
-0.0198541
-0.0208484
-0.0218151
-0.0227495
-0.0236481
-0.0245082
-0.0253276
-0.0261046
-0.0268378
-0.027526
-0.0281683
-0.0287635
-0.0293109
-0.0298097
-0.030259
-0.0306581
-0.0310062
-0.0313028
-0.0315472
-0.0317387
-0.0318769
-0.0319613
-0.0319914
-0.031967
-0.0318877
-0.0317535
-0.0315641
-0.0313196
-0.0310201
-0.0306659
-0.0302574
-0.0297953
-0.0292804
-0.028714
-0.0280975
-0.027433
-0.0267228
-0.0259701
-0.0251787
-0.0243531
-0.0234986
-0.0226214
-0.0217283
-0.0208267
-0.0199242
-0.0190289
-0.0181489
-0.0172925
-0.0164681
-0.0156833
-0.0149443
-0.0142551
-0.0136257
-0.0130756
-0.0126129
-0.0122186
-0.0118633
-0.0115787
-0.0114999
-0.0113006
-0.00711543
-0.00699927
-0.00688134
-0.0068217
-0.00688375
-0.00707459
-0.00737851
-0.00778079
-0.00827254
-0.00884586
-0.00949505
-0.0102163
-0.0110059
-0.0118585
-0.0127671
-0.0137225
-0.0147142
-0.0157304
-0.0167599
-0.0177918
-0.0188163
-0.0198252
-0.0208114
-0.0217692
-0.0226939
-0.0235819
-0.0244301
-0.0252363
-0.0259984
-0.0267149
-0.0273845
-0.0280058
-0.0285778
-0.0290995
-0.0295701
-0.0299886
-0.0303544
-0.0306665
-0.0309245
-0.0311276
-0.0312753
-0.031367
-0.0314024
-0.0313811
-0.0313027
-0.031167
-0.030974
-0.0307235
-0.0304157
-0.0300509
-0.0296294
-0.0291519
-0.0286193
-0.0280327
-0.0273937
-0.0267044
-0.0259673
-0.0251857
-0.0243635
-0.0235054
-0.0226171
-0.0217049
-0.0207759
-0.0198379
-0.0188988
-0.017967
-0.017051
-0.0161594
-0.0153007
-0.0144837
-0.0137151
-0.0129992
-0.0123455
-0.0117752
-0.0112982
-0.0108936
-0.0105317
-0.0102378
-0.0101594
-0.00994783
-0.00681087
-0.00671172
-0.0065891
-0.00650704
-0.0065281
-0.0066629
-0.00690498
-0.00724074
-0.00766366
-0.00816773
-0.00874831
-0.00940293
-0.0101293
-0.010924
-0.0117816
-0.0126946
-0.0136532
-0.0146468
-0.0156636
-0.0166923
-0.0177223
-0.0187439
-0.0197487
-0.0207298
-0.0216813
-0.0225984
-0.0234772
-0.0243146
-0.0251079
-0.0258551
-0.0265544
-0.0272042
-0.0278032
-0.0283502
-0.0288442
-0.0292843
-0.0296695
-0.029999
-0.0302722
-0.0304883
-0.0306468
-0.0307471
-0.0307888
-0.0307714
-0.0306946
-0.0305583
-0.0303621
-0.0301061
-0.0297904
-0.0294151
-0.0289808
-0.0284879
-0.0279375
-0.0273307
-0.0266691
-0.0259548
-0.0251905
-0.0243795
-0.023526
-0.0226349
-0.0217119
-0.0207637
-0.0197977
-0.0188218
-0.0178444
-0.0168742
-0.0159199
-0.0149904
-0.014095
-0.0132428
-0.0124417
-0.0116965
-0.0110163
-0.0104228
-0.00992745
-0.00950844
-0.00913411
-0.00882222
-0.00873698
-0.0085097
-0.00653049
-0.00644553
-0.00632266
-0.00622404
-0.00620905
-0.0062885
-0.00646441
-0.00672803
-0.00707483
-0.00750182
-0.0080061
-0.00858676
-0.00924312
-0.00997338
-0.0107738
-0.0116382
-0.0125582
-0.0135235
-0.0145228
-0.0155443
-0.0165764
-0.0176083
-0.0186304
-0.0196344
-0.0206129
-0.02156
-0.0224708
-0.0233412
-0.0241678
-0.0249479
-0.0256793
-0.02636
-0.0269884
-0.027563
-0.0280827
-0.0285464
-0.028953
-0.0293018
-0.0295919
-0.0298226
-0.0299933
-0.0301034
-0.0301526
-0.0301402
-0.0300659
-0.0299296
-0.0297311
-0.0294702
-0.0291471
-0.0287619
-0.0283151
-0.0278073
-0.0272393
-0.0266125
-0.0259285
-0.0251894
-0.024398
-0.0235578
-0.0226729
-0.0217485
-0.0207905
-0.0198058
-0.0188019
-0.0177871
-0.0167699
-0.0157594
-0.0147646
-0.0137947
-0.0128596
-0.0119692
-0.0111323
-0.0103546
-0.00964497
-0.00902471
-0.00850656
-0.00806755
-0.00767304
-0.00733119
-0.00722741
-0.00698002
-0.00627226
-0.0061986
-0.00608036
-0.00597187
-0.00592585
-0.00595279
-0.00605997
-0.00624695
-0.00651071
-0.0068526
-0.00727265
-0.00777185
-0.00835131
-0.00901085
-0.00974819
-0.0105586
-0.0114346
-0.0123668
-0.013344
-0.014354
-0.0153848
-0.0164244
-0.0174619
-0.0184876
-0.0194929
-0.0204705
-0.0214142
-0.0223191
-0.0231808
-0.0239959
-0.0247616
-0.0254755
-0.0261355
-0.0267401
-0.0272876
-0.027777
-0.0282071
-0.028577
-0.0288857
-0.0291327
-0.0293171
-0.0294385
-0.0294963
-0.02949
-0.0294194
-0.0292842
-0.0290842
-0.0288192
-0.0284895
-0.0280952
-0.0276366
-0.0271145
-0.0265298
-0.0258836
-0.0251779
-0.0244146
-0.0235968
-0.0227279
-0.0218122
-0.0208549
-0.0198621
-0.0188408
-0.0177987
-0.0167441
-0.0156859
-0.0146334
-0.0135958
-0.0125829
-0.011605
-0.0106729
-0.00979622
-0.00898184
-0.00823896
-0.00758761
-0.00704099
-0.00657496
-0.00615164
-0.00576314
-0.00562148
-0.00534614
-0.00603332
-0.00596959
-0.0058601
-0.0057482
-0.0056762
-0.00565537
-0.00569385
-0.0057998
-0.00597439
-0.00622344
-0.00655137
-0.00696169
-0.00745755
-0.00804047
-0.00870952
-0.00946107
-0.0102887
-0.0111834
-0.0121344
-0.0131293
-0.0141553
-0.0151998
-0.0162506
-0.0172966
-0.0183278
-0.0193358
-0.020313
-0.0212533
-0.0221515
-0.0230033
-0.0238052
-0.0245543
-0.0252481
-0.0258846
-0.0264622
-0.0269793
-0.0274348
-0.0278276
-0.0281568
-0.0284217
-0.0286214
-0.0287555
-0.0288233
-0.0288245
-0.0287588
-0.0286259
-0.0284254
-0.0281575
-0.0278222
-0.0274198
-0.0269506
-0.0264153
-0.0258149
-0.0251506
-0.0244242
-0.0236381
-0.022795
-0.0218985
-0.0209531
-0.019964
-0.0189372
-0.0178798
-0.0167995
-0.0157048
-0.0146048
-0.0135086
-0.0124261
-0.0113674
-0.0103434
-0.00936537
-0.00844406
-0.00758807
-0.00680674
-0.00611853
-0.00553631
-0.00503369
-0.00457163
-0.00411613
-0.00391186
-0.00358743
-0.00581168
-0.00575746
-0.00565967
-0.00554965
-0.00545719
-0.00539329
-0.00536543
-0.00538707
-0.0054677
-0.00561689
-0.00584506
-0.00615932
-0.00656527
-0.00706619
-0.00766244
-0.00835129
-0.00912697
-0.00998095
-0.0109025
-0.0118791
-0.0128975
-0.0139442
-0.015006
-0.0160706
-0.0171267
-0.0181643
-0.0191749
-0.0201511
-0.0210866
-0.0219763
-0.0228158
-0.0236018
-0.0243311
-0.0250015
-0.0256109
-0.0261577
-0.0266404
-0.027058
-0.0274094
-0.0276938
-0.0279105
-0.0280587
-0.0281381
-0.0281481
-0.0280886
-0.0279592
-0.0277599
-0.0274904
-0.0271509
-0.0267417
-0.0262633
-0.0257163
-0.0251018
-0.024421
-0.0236759
-0.0228686
-0.0220021
-0.02108
-0.0201066
-0.0190873
-0.018028
-0.0169356
-0.0158178
-0.0146832
-0.0135406
-0.0123996
-0.01127
-0.0101626
-0.00908857
-0.00805974
-0.00708809
-0.00618403
-0.00535726
-0.0046239
-0.00399577
-0.00344351
-0.00292685
-0.00238407
-0.00210137
-0.00167443
-0.00560568
-0.00556103
-0.00547664
-0.00537225
-0.00526484
-0.0051619
-0.0050713
-0.00500756
-0.00498977
-0.00503351
-0.00515524
-0.00536712
-0.00567762
-0.006092
-0.00661186
-0.00723518
-0.00795657
-0.00876766
-0.00965764
-0.0106138
-0.0116225
-0.0126692
-0.01374
-0.0148214
-0.0159008
-0.0169672
-0.0180106
-0.0190224
-0.0199955
-0.0209236
-0.0218017
-0.0226256
-0.0233918
-0.0240975
-0.0247403
-0.0253183
-0.02583
-0.0262739
-0.026649
-0.0269545
-0.0271897
-0.0273538
-0.0274461
-0.0274665
-0.0274147
-0.0272905
-0.0270937
-0.0268241
-0.0264821
-0.026068
-0.0255823
-0.0250256
-0.024399
-0.023704
-0.0229423
-0.0221163
-0.0212289
-0.0202837
-0.0192849
-0.0182377
-0.017148
-0.0160225
-0.0148686
-0.0136947
-0.0125095
-0.0113225
-0.0101439
-0.00898466
-0.00785621
-0.00677091
-0.00574184
-0.00478118
-0.00389945
-0.00310944
-0.00241939
-0.00179668
-0.00120517
-0.000538023
-0.000177037
0.00042671
-0.00541337
-0.00537855
-0.0053089
-0.00521264
-0.0050944
-0.00495568
-0.00480469
-0.00465701
-0.00453799
-0.00447238
-0.00448261
-0.00458698
-0.00479768
-0.00512214
-0.0055632
-0.00611937
-0.00678538
-0.00755273
-0.00841031
-0.00934507
-0.0103426
-0.011388
-0.0124662
-0.0135628
-0.0146642
-0.0157579
-0.0168331
-0.0178799
-0.0188901
-0.0198567
-0.0207736
-0.021636
-0.0224399
-0.0231818
-0.0238591
-0.0244695
-0.0250112
-0.0254829
-0.0258832
-0.0262112
-0.0264661
-0.0266475
-0.0267545
-0.0267867
-0.0267442
-0.0266268
-0.0264343
-0.0261665
-0.025824
-0.025407
-0.0249162
-0.0243522
-0.0237162
-0.0230097
-0.0222344
-0.0213928
-0.0204876
-0.0195225
-0.0185015
-0.0174295
-0.0163123
-0.0151561
-0.0139681
-0.0127562
-0.011529
-0.0102956
-0.00906624
-0.00785179
-0.00666396
-0.00551546
-0.00442007
-0.00339154
-0.00244094
-0.00157769
-0.000803935
-8.46097e-05
0.000612273
0.00148691
0.00195551
0.00275727
-0.00523183
-0.00520838
-0.00515458
-0.00506742
-0.00494011
-0.00476785
-0.00455766
-0.00432792
-0.00410765
-0.00393062
-0.00382677
-0.00382062
-0.00392894
-0.00416166
-0.00452292
-0.00501165
-0.00562247
-0.00634649
-0.00717207
-0.00808553
-0.00907185
-0.0101153
-0.0112
-0.0123107
-0.0134326
-0.0145525
-0.0156581
-0.0167388
-0.0177853
-0.0187896
-0.019745
-0.0206458
-0.0214873
-0.0222658
-0.0229781
-0.0236216
-0.0241943
-0.0246945
-0.025121
-0.0254726
-0.0257486
-0.0259485
-0.0260715
-0.0261173
-0.0260856
-0.0259766
-0.0257902
-0.0255266
-0.0251858
-0.0247683
-0.0242749
-0.0237065
-0.0230642
-0.0223494
-0.021564
-0.0207104
-0.0197913
-0.0188101
-0.0177707
-0.0166778
-0.0155365
-0.0143529
-0.0131336
-0.0118859
-0.0106178
-0.00933804
-0.00805647
-0.0067836
-0.00553098
-0.00431128
-0.00313831
-0.00202638
-0.000986254
-2.46696e-05
0.000862741
0.00171531
0.00256424
0.00377359
0.00440392
0.00541522
-0.0050568
-0.00504707
-0.00501135
-0.004933
-0.004796
-0.00459032
-0.00432113
-0.00401017
-0.00369095
-0.00340359
-0.00318608
-0.00306932
-0.00307521
-0.00321676
-0.00349908
-0.00392162
-0.00447878
-0.00516107
-0.00595612
-0.00684948
-0.00782532
-0.00886711
-0.00995816
-0.0110822
-0.0122238
-0.0133685
-0.0145033
-0.0156165
-0.016698
-0.0177388
-0.0187316
-0.01967
-0.0205487
-0.0213634
-0.0221105
-0.0227871
-0.023391
-0.0239203
-0.0243736
-0.0247497
-0.0250477
-0.0252671
-0.0254073
-0.025468
-0.025449
-0.0253503
-0.025172
-0.0249146
-0.0245779
-0.0241626
-0.0236696
-0.0230999
-0.0224546
-0.0217353
-0.0209437
-0.0200822
-0.0191535
-0.0181606
-0.0171073
-0.0159978
-0.0148368
-0.0136298
-0.0123826
-0.0111019
-0.00979479
-0.00846938
-0.00713457
-0.00580006
-0.00447659
-0.00317599
-0.00191117
-0.000695723
0.000461007
0.00155886
0.00260755
0.00365562
0.00476379
0.00639309
0.00720577
0.00860552
-0.0048816
-0.00489054
-0.00487576
-0.00480514
-0.00465577
-0.00441459
-0.00408601
-0.00369473
-0.00327953
-0.00288605
-0.00255904
-0.00233542
-0.00224207
-0.0022953
-0.00250188
-0.00286144
-0.00336788
-0.00401116
-0.00477807
-0.00565331
-0.00662017
-0.00766121
-0.00875889
-0.00989609
-0.0110565
-0.0122249
-0.0133875
-0.0145316
-0.0156464
-0.0167222
-0.0177509
-0.0187255
-0.0196401
-0.0204899
-0.0212711
-0.0219803
-0.0226151
-0.0231733
-0.0236535
-0.0240544
-0.024375
-0.0246148
-0.0247733
-0.0248501
-0.0248452
-0.0247586
-0.0245905
-0.0243413
-0.0240115
-0.0236014
-0.023112
-0.0225444
-0.0218998
-0.0211799
-0.0203864
-0.0195214
-0.0185876
-0.0175879
-0.0165255
-0.0154043
-0.0142284
-0.0130024
-0.0117316
-0.0104213
-0.00907791
-0.00770805
-0.00631919
-0.00491952
-0.00351834
-0.00212564
-0.000752236
0.000591857
0.00190179
0.0031867
0.00446717
0.00580799
0.00731171
0.00948405
0.0104828
0.0126246
-0.0047008
-0.0047333
-0.00474171
-0.00467819
-0.00451284
-0.0042327
-0.0038437
-0.00337436
-0.00286822
-0.00237584
-0.00194681
-0.00162383
-0.00143833
-0.00140921
-0.00154538
-0.00184666
-0.00230684
-0.00291487
-0.0036567
-0.00451623
-0.00547585
-0.00651721
-0.00762191
-0.00877204
-0.00995052
-0.0111414
-0.01233
-0.0135032
-0.0146492
-0.0157578
-0.0168203
-0.017829
-0.0187777
-0.0196611
-0.0204749
-0.0212156
-0.0218803
-0.022467
-0.0229737
-0.0233993
-0.0237428
-0.0240036
-0.0241811
-0.0242752
-0.0242858
-0.0242131
-0.0240572
-0.0238186
-0.0234981
-0.0230962
-0.0226137
-0.0220517
-0.0214118
-0.0206953
-0.0199042
-0.0190403
-0.0181062
-0.0171044
-0.0160379
-0.0149099
-0.013724
-0.012484
-0.011194
-0.00985822
-0.00848147
-0.00706872
-0.00562548
-0.0041575
-0.0026713
-0.00117296
0.000331558
0.00183965
0.00335357
0.00489496
0.00650052
0.00826699
0.0103353
0.0131813
0.0144601
0.0178504
-0.0045093
-0.00457171
-0.00460698
-0.00454751
-0.00436061
-0.00403818
-0.00358817
-0.00304488
-0.00245495
-0.00187331
-0.00135393
-0.000943465
-0.000676399
-0.000574493
-0.000648037
-0.000897307
-0.00131613
-0.00189286
-0.00261275
-0.00345879
-0.00441254
-0.00545476
-0.0065663
-0.00772853
-0.00892368
-0.0101351
-0.0113476
-0.0125474
-0.0137221
-0.0148609
-0.0159545
-0.0169949
-0.0179754
-0.0188902
-0.0197348
-0.0205053
-0.0211988
-0.0218128
-0.0223456
-0.0227957
-0.0231622
-0.0234443
-0.0236417
-0.0237542
-0.0237818
-0.0237246
-0.023583
-0.0233576
-0.0230489
-0.022658
-0.0221855
-0.0216326
-0.0210009
-0.0202918
-0.019507
-0.0186485
-0.0177184
-0.0167189
-0.0156527
-0.0145225
-0.0133312
-0.0120814
-0.0107764
-0.00941884
-0.00801176
-0.00655772
-0.00505946
-0.00351888
-0.00193783
-0.000315497
0.0013503
0.00306944
0.00485726
0.00675513
0.00882017
0.0111832
0.0139946
0.0175844
0.0196457
0.0246376
-0.00431115
-0.00440657
-0.00447279
-0.00441165
-0.00419523
-0.00382484
-0.00331535
-0.00270279
-0.00203796
-0.00137983
-0.000785626
-0.000302839
3.19253e-05
0.000194886
0.000174906
-2.95656e-05
-0.000412075
-0.000960824
-0.00166061
-0.00249415
-0.00344224
-0.00448476
-0.00560191
-0.00677448
-0.00798414
-0.00921371
-0.0104474
-0.0116709
-0.0128713
-0.0140375
-0.0151595
-0.0162291
-0.017239
-0.0181832
-0.0190568
-0.0198558
-0.0205769
-0.0212177
-0.0217761
-0.0222508
-0.0226406
-0.0229448
-0.0231631
-0.0232953
-0.0233414
-0.0233017
-0.0231766
-0.0229665
-0.0226723
-0.0222949
-0.0218351
-0.0212941
-0.0206733
-0.0199744
-0.019199
-0.0183491
-0.0174262
-0.0164322
-0.0153696
-0.0142404
-0.0130467
-0.0117902
-0.010473
-0.00909598
-0.00766012
-0.00616485
-0.00460917
-0.00298921
-0.00129983
0.000470521
0.00233675
0.00432875
0.0064839
0.00887598
0.0115888
0.0147839
0.0185784
0.0231882
0.0265932
0.0333107
-0.00412511
-0.00426496
-0.00436009
-0.00428424
-0.00402357
-0.00359571
-0.00302196
-0.00234276
-0.00161333
-0.000887035
-0.000231303
0.000311049
0.000702074
0.000916859
0.000943049
0.000778057
0.00042768
-9.62147e-05
-0.00077765
-0.00159912
-0.00254139
-0.00358375
-0.0047057
-0.00588752
-0.00711042
-0.00835677
-0.00961027
-0.0108561
-0.0120811
-0.0132735
-0.014423
-0.015521
-0.0165598
-0.0175331
-0.0184359
-0.0192636
-0.0200129
-0.020681
-0.021266
-0.0217662
-0.0221806
-0.0225083
-0.022749
-0.0229024
-0.0229687
-0.0229481
-0.0228411
-0.0226482
-0.0223703
-0.0220081
-0.0215628
-0.0210354
-0.0204272
-0.0197394
-0.0189739
-0.0181336
-0.017219
-0.0162317
-0.0151739
-0.0140471
-0.0128522
-0.01159
-0.0102612
-0.00886508
-0.00739999
-0.00586134
-0.00424343
-0.00253427
-0.000719393
0.00122892
0.00334399
0.00568724
0.00832935
0.0113961
0.0150072
0.0193659
0.0245337
0.0306738
0.0360501
0.0447791
-0.00405953
-0.00422947
-0.00433175
-0.0042086
-0.00387167
-0.00336294
-0.00270878
-0.0019527
-0.00115175
-0.000363111
0.000357398
0.000957643
0.0014014
0.00166372
0.00173118
0.00160115
0.00127862
0.000775106
0.000107078
-0.000706875
-0.00164735
-0.00269352
-0.00382426
-0.00501928
-0.00625927
-0.0075261
-0.00880303
-0.0100748
-0.0113276
-0.0125494
-0.0137296
-0.0148589
-0.0159294
-0.0169345
-0.0178689
-0.0187278
-0.0195075
-0.020205
-0.0208181
-0.0213453
-0.0217854
-0.0221375
-0.0224013
-0.0225766
-0.0226635
-0.0226622
-0.0225734
-0.0223977
-0.0221359
-0.0217889
-0.0213576
-0.0208433
-0.0202475
-0.0195716
-0.018817
-0.0179839
-0.0170751
-0.0160923
-0.0150372
-0.0139117
-0.0127147
-0.0114456
-0.0101043
-0.00868723
-0.00719069
-0.00560483
-0.00391878
-0.00210942
-0.000150856
0.002008
0.00442477
0.00720861
0.0104761
0.014437
0.0192654
0.0252542
0.0324288
0.0409791
0.0493813
0.0612331
-0.00428562
-0.00446768
-0.00448562
-0.00425029
-0.0037985
-0.00318525
-0.00243661
-0.00158163
-0.000684198
0.000191642
0.000988343
0.00165572
0.0021548
0.00246191
0.00256366
0.00245837
0.00215192
0.00165601
0.000988142
0.000168204
-0.00078345
-0.00184542
-0.00299589
-0.00421383
-0.00547927
-0.00677359
-0.00807966
-0.00938174
-0.0106658
-0.0119194
-0.0131316
-0.0142929
-0.015395
-0.0164312
-0.0173958
-0.018284
-0.019092
-0.0198168
-0.0204561
-0.021008
-0.0214713
-0.0218452
-0.0221293
-0.0223236
-0.022428
-0.0224431
-0.0223693
-0.0222076
-0.0219587
-0.0216236
-0.0212034
-0.0206989
-0.0201117
-0.0194433
-0.018695
-0.017868
-0.0169642
-0.015985
-0.0149308
-0.0138006
-0.0125972
-0.0113185
-0.00996242
-0.00852221
-0.00699224
-0.00535614
-0.00359868
-0.001682
0.000431624
0.00282554
0.00558466
0.00888726
0.0129066
0.0179851
0.0243804
0.0325946
0.0427046
0.0551859
0.0688022
0.0866222
-0.00531858
-0.00515313
-0.00489359
-0.0044511
-0.00385268
-0.00311502
-0.00225513
-0.00130247
-0.000315364
0.000639956
0.00150396
0.00222524
0.00276833
0.00310974
0.00323674
0.00314888
0.00285314
0.00236075
0.00169072
0.000863938
-9.90539e-05
-0.00117642
-0.00234576
-0.00358534
-0.0048746
-0.00619438
-0.00752709
-0.00885657
-0.0101684
-0.0114498
-0.0126896
-0.0138779
-0.0150061
-0.0160674
-0.0170561
-0.0179672
-0.0187969
-0.0195421
-0.0202005
-0.0207703
-0.0212501
-0.0216393
-0.0219374
-0.0221444
-0.0222605
-0.0222861
-0.0222216
-0.022068
-0.0218264
-0.0214979
-0.0210832
-0.0205834
-0.0199998
-0.0193339
-0.0185871
-0.0177609
-0.016857
-0.015876
-0.0148187
-0.0136847
-0.0124751
-0.0111867
-0.00981655
-0.00835451
-0.0067936
-0.00510909
-0.00328431
-0.00126357
0.000997931
0.00362426
0.00672099
0.0105604
0.0153738
0.0217074
0.0299394
0.0409871
0.0551799
0.0738966
0.096494
0.125518
-0.00774204
-0.00608766
-0.00543411
-0.00476049
-0.00400019
-0.00311084
-0.00211266
-0.00105562
7.95826e-06
0.0010223
0.00193192
0.00269003
0.00326209
0.0036258
0.00376992
0.00369366
0.00340453
0.00291512
0.00224438
0.00141341
0.000443184
-0.00064434
-0.00182674
-0.00308165
-0.00438804
-0.00572634
-0.00707848
-0.00842807
-0.00976033
-0.0110622
-0.012322
-0.0135299
-0.0146771
-0.0157567
-0.0167626
-0.01769
-0.018535
-0.0192946
-0.0199662
-0.0205481
-0.0210393
-0.0214388
-0.0217463
-0.0219619
-0.0220857
-0.0221182
-0.02206
-0.0219119
-0.0216748
-0.0213496
-0.020938
-0.0204412
-0.0198605
-0.0191973
-0.018453
-0.0176289
-0.0167263
-0.0157459
-0.0146883
-0.0135533
-0.01234
-0.0110459
-0.00966677
-0.00819468
-0.00661335
-0.00489845
-0.00302537
-0.000927195
0.00144383
0.00424172
0.00758562
0.0118301
0.0172671
0.024681
0.0347063
0.0489182
0.0683899
0.0961332
0.132568
0.179124
-0.0124424
-0.00496445
-0.00391357
-0.00351461
-0.0028004
-0.00187785
-0.000883183
0.000126546
0.00112068
0.00206136
0.00290158
0.00359602
0.00410988
0.0044208
0.00451826
0.00440012
0.00407236
0.00355014
0.00285074
0.00199318
0.000998709
-0.000110885
-0.00131359
-0.00258784
-0.00391282
-0.00526899
-0.00663826
-0.00800426
-0.00935231
-0.0106692
-0.0119433
-0.0131648
-0.0143256
-0.0154183
-0.0164367
-0.0173758
-0.018232
-0.0190023
-0.0196842
-0.020276
-0.0207765
-0.0211849
-0.0215011
-0.0217248
-0.0218565
-0.0218965
-0.0218457
-0.0217047
-0.0214747
-0.0211566
-0.0207519
-0.0202616
-0.0196873
-0.0190299
-0.0182911
-0.017472
-0.0165738
-0.0155971
-0.0145424
-0.0134088
-0.0121946
-0.0108964
-0.00950917
-0.00802716
-0.00644312
-0.00474202
-0.00284664
-0.000731083
0.00171599
0.00455789
0.00805399
0.0124191
0.0182127
0.0260991
0.0374367
0.0542463
0.0799057
0.118271
0.172211
0.23925
)
;

boundaryField
{
    movingWall
    {
        type            zeroGradient;
    }
    fixedWalls
    {
        type            zeroGradient;
    }
    frontAndBack
    {
        type            empty;
    }
}


// ************************************************************************* //
