/*--------------------------------*- C++ -*----------------------------------*\
  =========                 |
  \\      /  F ield         | OpenFOAM: The Open Source CFD Toolbox
   \\    /   O peration     | Website:  https://openfoam.org
    \\  /    A nd           | Version:  13
     \\/     M anipulation  |
\*---------------------------------------------------------------------------*/
FoamFile
{
    format      ascii;
    class       volScalarField;
    location    "9";
    object      nut;
}
// * * * * * * * * * * * * * * * * * * * * * * * * * * * * * * * * * * * * * //

dimensions      [0 2 -1 0 0 0 0];

internalField   nonuniform List<scalar> 
6400
(
9.93804e-10
5.10505e-09
1.2417e-08
1.99969e-08
2.56968e-08
2.88873e-08
3.00408e-08
3.0154e-08
3.03476e-08
3.14804e-08
3.42184e-08
3.95456e-08
4.79291e-08
5.9529e-08
7.37215e-08
8.97159e-08
1.06691e-07
1.2433e-07
1.41788e-07
1.58673e-07
1.75699e-07
1.94333e-07
2.16529e-07
2.43379e-07
2.73665e-07
3.04091e-07
3.34339e-07
3.64368e-07
3.95132e-07
4.27447e-07
4.60848e-07
4.94243e-07
5.2709e-07
5.59526e-07
5.9234e-07
6.25744e-07
6.60403e-07
6.96532e-07
7.3456e-07
7.74591e-07
8.16915e-07
8.61861e-07
9.09673e-07
9.6091e-07
1.01605e-06
1.07705e-06
1.14762e-06
1.23565e-06
1.32228e-06
1.41115e-06
1.49772e-06
1.58177e-06
1.66041e-06
1.73156e-06
1.79254e-06
1.83998e-06
1.8636e-06
1.87288e-06
1.86731e-06
1.83016e-06
1.76551e-06
1.67383e-06
1.55607e-06
1.41731e-06
1.25969e-06
1.09173e-06
9.21433e-07
7.55211e-07
5.99105e-07
4.60803e-07
3.47862e-07
2.53081e-07
1.76522e-07
1.18065e-07
7.59669e-08
4.72516e-08
2.85006e-08
1.64018e-08
7.76909e-09
1.65716e-09
4.802e-09
3.37241e-07
1.21288e-06
2.04307e-06
2.65578e-06
3.01631e-06
3.18263e-06
3.24283e-06
3.28208e-06
3.36284e-06
3.56184e-06
3.94651e-06
4.48483e-06
5.10813e-06
5.75252e-06
6.35547e-06
6.87175e-06
7.25294e-06
7.48629e-06
7.58849e-06
7.64357e-06
7.71618e-06
7.87468e-06
8.14389e-06
8.45949e-06
8.66408e-06
8.86702e-06
9.10081e-06
9.41244e-06
9.83997e-06
1.03858e-05
1.09869e-05
1.16368e-05
1.23076e-05
1.30166e-05
1.37496e-05
1.45154e-05
1.53085e-05
1.61356e-05
1.69913e-05
1.78695e-05
1.87767e-05
1.97118e-05
2.0696e-05
2.16942e-05
2.2672e-05
2.36039e-05
2.44312e-05
2.53079e-05
2.61851e-05
2.70752e-05
2.7954e-05
2.88094e-05
2.96195e-05
3.03621e-05
3.10923e-05
3.153e-05
3.18263e-05
3.20063e-05
3.19658e-05
3.1586e-05
3.09069e-05
2.98944e-05
2.85465e-05
2.68611e-05
2.48957e-05
2.27438e-05
2.04272e-05
1.79797e-05
1.53086e-05
1.24098e-05
9.62258e-06
7.16617e-06
5.14641e-06
3.57556e-06
2.43739e-06
1.63416e-06
1.05995e-06
4.81016e-07
8.7639e-09
1.05027e-08
8.69749e-07
3.50747e-06
6.08519e-06
8.05781e-06
9.34023e-06
1.00641e-05
1.04337e-05
1.06583e-05
1.09186e-05
1.13486e-05
1.20245e-05
1.29181e-05
1.39279e-05
1.49244e-05
1.57993e-05
1.65023e-05
1.70084e-05
1.7317e-05
1.74438e-05
1.74112e-05
1.73185e-05
1.72444e-05
1.72276e-05
1.73051e-05
1.75684e-05
1.78867e-05
1.8214e-05
1.85666e-05
1.89432e-05
1.9441e-05
2.01422e-05
2.11351e-05
2.2149e-05
2.32954e-05
2.44975e-05
2.57786e-05
2.70763e-05
2.84312e-05
2.9879e-05
3.12742e-05
3.27189e-05
3.41218e-05
3.54561e-05
3.67289e-05
3.79787e-05
3.91936e-05
4.04156e-05
4.16488e-05
4.28789e-05
4.41016e-05
4.53029e-05
4.64674e-05
4.75742e-05
4.85963e-05
4.94979e-05
5.02973e-05
5.08126e-05
5.10456e-05
5.11999e-05
5.1017e-05
5.05141e-05
4.96395e-05
4.82932e-05
4.63861e-05
4.39457e-05
4.11617e-05
3.80196e-05
3.4534e-05
3.07369e-05
2.66867e-05
2.25241e-05
1.84463e-05
1.46555e-05
1.13179e-05
8.4938e-06
6.2516e-06
4.31845e-06
1.80538e-06
2.3475e-08
1.82502e-08
1.42402e-06
5.48796e-06
9.36349e-06
1.23596e-05
1.44182e-05
1.56973e-05
1.6424e-05
1.68594e-05
1.72329e-05
1.77421e-05
1.85079e-05
1.95057e-05
2.05937e-05
2.16103e-05
2.24408e-05
2.3026e-05
2.33635e-05
2.34836e-05
2.34456e-05
2.33169e-05
2.32088e-05
2.31882e-05
2.32923e-05
2.33468e-05
2.33588e-05
2.33437e-05
2.3749e-05
2.44952e-05
2.54863e-05
2.67695e-05
2.79877e-05
2.91958e-05
3.04835e-05
3.18022e-05
3.30932e-05
3.43935e-05
3.57609e-05
3.70442e-05
3.83251e-05
3.95499e-05
4.07601e-05
4.19194e-05
4.30413e-05
4.41157e-05
4.51669e-05
4.62189e-05
4.72725e-05
4.83244e-05
4.93684e-05
5.0398e-05
5.14027e-05
5.23697e-05
5.32821e-05
5.412e-05
5.48598e-05
5.54758e-05
5.59441e-05
5.61857e-05
5.62432e-05
5.60818e-05
5.5551e-05
5.47811e-05
5.39798e-05
5.26673e-05
5.07251e-05
4.83366e-05
4.54632e-05
4.21762e-05
3.85217e-05
3.45438e-05
3.03086e-05
2.5926e-05
2.15593e-05
1.7413e-05
1.36483e-05
1.03752e-05
7.29238e-06
3.03478e-06
3.91701e-08
2.92998e-08
2.13808e-06
7.61616e-06
1.2596e-05
1.631e-05
1.88109e-05
2.03421e-05
2.11939e-05
2.1684e-05
2.21349e-05
2.27996e-05
2.37604e-05
2.49117e-05
2.60552e-05
2.70143e-05
2.76904e-05
2.80646e-05
2.8178e-05
2.80873e-05
2.79144e-05
2.76627e-05
2.74877e-05
2.73293e-05
2.67035e-05
2.66505e-05
2.71849e-05
2.81318e-05
2.9267e-05
3.04222e-05
3.17232e-05
3.29912e-05
3.42191e-05
3.54251e-05
3.65991e-05
3.76803e-05
3.86916e-05
3.97091e-05
4.06461e-05
4.14586e-05
4.22214e-05
4.29016e-05
4.35339e-05
4.4132e-05
4.47265e-05
4.53407e-05
4.59683e-05
4.6595e-05
4.72311e-05
4.78781e-05
4.85396e-05
4.9217e-05
4.99106e-05
5.06183e-05
5.13356e-05
5.20556e-05
5.27653e-05
5.34449e-05
5.40648e-05
5.45922e-05
5.49704e-05
5.5117e-05
5.50085e-05
5.44581e-05
5.33613e-05
5.25652e-05
5.1386e-05
4.95677e-05
4.72547e-05
4.45085e-05
4.13791e-05
3.79022e-05
3.41025e-05
3.00157e-05
2.57318e-05
2.14583e-05
1.73633e-05
1.3515e-05
9.52586e-06
3.89604e-06
5.00829e-08
4.50778e-08
3.09842e-06
1.01288e-05
1.6129e-05
2.03483e-05
2.30309e-05
2.45703e-05
2.53817e-05
2.5891e-05
2.64748e-05
2.73415e-05
2.84686e-05
2.96701e-05
3.07275e-05
3.14872e-05
3.1889e-05
3.19517e-05
3.18031e-05
3.13873e-05
3.10703e-05
3.05366e-05
2.96619e-05
2.95203e-05
3.02271e-05
3.11913e-05
3.22006e-05
3.33568e-05
3.45097e-05
3.56156e-05
3.6676e-05
3.75933e-05
3.84442e-05
3.92205e-05
3.98948e-05
4.04309e-05
4.08945e-05
4.12671e-05
4.16299e-05
4.19013e-05
4.21363e-05
4.23443e-05
4.25426e-05
4.27285e-05
4.29045e-05
4.30796e-05
4.32506e-05
4.34262e-05
4.36129e-05
4.38205e-05
4.40595e-05
4.43411e-05
4.46772e-05
4.50799e-05
4.55573e-05
4.61085e-05
4.67366e-05
4.74422e-05
4.81997e-05
4.89747e-05
4.97137e-05
5.04336e-05
5.08469e-05
5.09903e-05
5.07922e-05
4.99813e-05
4.94919e-05
4.82835e-05
4.65253e-05
4.4278e-05
4.16277e-05
3.86464e-05
3.53654e-05
3.17653e-05
2.78189e-05
2.36776e-05
1.94714e-05
1.53471e-05
1.08551e-05
4.31399e-06
5.4168e-08
6.697e-08
4.34816e-06
1.3055e-05
1.99598e-05
2.44888e-05
2.71609e-05
2.85669e-05
2.92797e-05
2.98181e-05
3.05403e-05
3.15482e-05
3.27138e-05
3.38085e-05
3.46324e-05
3.50821e-05
3.51559e-05
3.46943e-05
3.42467e-05
3.37835e-05
3.25945e-05
3.22606e-05
3.27477e-05
3.35973e-05
3.43695e-05
3.5254e-05
3.6137e-05
3.70249e-05
3.77868e-05
3.84409e-05
3.90041e-05
3.94869e-05
3.98888e-05
4.01881e-05
4.03983e-05
4.0531e-05
4.06154e-05
4.06535e-05
4.06657e-05
4.062e-05
4.05861e-05
4.05598e-05
4.04674e-05
4.0398e-05
4.02968e-05
4.02041e-05
4.00915e-05
3.99798e-05
3.98607e-05
3.97435e-05
3.96364e-05
3.95542e-05
3.95146e-05
3.95471e-05
3.96941e-05
3.99641e-05
4.03603e-05
4.09518e-05
4.17308e-05
4.266e-05
4.36789e-05
4.47794e-05
4.58202e-05
4.67323e-05
4.71564e-05
4.72235e-05
4.6737e-05
4.64499e-05
4.52378e-05
4.3386e-05
4.10248e-05
3.82999e-05
3.5327e-05
3.21396e-05
2.86425e-05
2.47262e-05
2.06735e-05
1.62721e-05
1.1156e-05
4.30514e-06
5.264e-08
9.62549e-08
5.9059e-06
1.63219e-05
2.39809e-05
2.864e-05
3.11718e-05
3.23817e-05
3.29907e-05
3.35558e-05
3.43574e-05
3.53801e-05
3.64231e-05
3.72512e-05
3.76995e-05
3.77215e-05
3.72024e-05
3.67335e-05
3.56847e-05
3.49417e-05
3.49037e-05
3.54433e-05
3.58274e-05
3.64476e-05
3.70452e-05
3.77613e-05
3.83567e-05
3.88773e-05
3.92597e-05
3.95512e-05
3.97522e-05
3.98788e-05
3.99372e-05
3.99373e-05
3.9899e-05
3.9835e-05
3.97586e-05
3.96706e-05
3.95759e-05
3.94738e-05
3.93775e-05
3.92316e-05
3.9133e-05
3.90687e-05
3.88662e-05
3.87456e-05
3.85712e-05
3.84032e-05
3.82124e-05
3.8012e-05
3.77906e-05
3.75512e-05
3.72883e-05
3.69995e-05
3.66789e-05
3.63888e-05
3.62364e-05
3.626e-05
3.66164e-05
3.73399e-05
3.82583e-05
3.94928e-05
4.08376e-05
4.22481e-05
4.35782e-05
4.4297e-05
4.44272e-05
4.43168e-05
4.41666e-05
4.27823e-05
4.06683e-05
3.80161e-05
3.5045e-05
3.19346e-05
2.87287e-05
2.51916e-05
2.11712e-05
1.67921e-05
1.13358e-05
4.19409e-06
4.89545e-08
1.33818e-07
7.75311e-06
1.98372e-05
2.80364e-05
3.27091e-05
3.50285e-05
3.60225e-05
3.65249e-05
3.70758e-05
3.78537e-05
3.87492e-05
3.95303e-05
3.99902e-05
3.98537e-05
3.93692e-05
3.88715e-05
3.75583e-05
3.70604e-05
3.71097e-05
3.7167e-05
3.74252e-05
3.78343e-05
3.8321e-05
3.87493e-05
3.91544e-05
3.94173e-05
3.95987e-05
3.96778e-05
3.97027e-05
3.96773e-05
3.9626e-05
3.95591e-05
3.94908e-05
3.94303e-05
3.93799e-05
3.93403e-05
3.93087e-05
3.92827e-05
3.92558e-05
3.92111e-05
3.91802e-05
3.91602e-05
3.90804e-05
3.89986e-05
3.8914e-05
3.87963e-05
3.86663e-05
3.85084e-05
3.83267e-05
3.81107e-05
3.78616e-05
3.75717e-05
3.72342e-05
3.68438e-05
3.63886e-05
3.58619e-05
3.52671e-05
3.46205e-05
3.4142e-05
3.43185e-05
3.51454e-05
3.63189e-05
3.78806e-05
3.95429e-05
4.12055e-05
4.21791e-05
4.23794e-05
4.25207e-05
4.24702e-05
4.08177e-05
3.83342e-05
3.52718e-05
3.19347e-05
2.85741e-05
2.51724e-05
2.13605e-05
1.68435e-05
1.10845e-05
3.90294e-06
4.47468e-08
1.79988e-07
9.80741e-06
2.34273e-05
3.20456e-05
3.66386e-05
3.87053e-05
3.94725e-05
3.98431e-05
4.03049e-05
4.09399e-05
4.15793e-05
4.19949e-05
4.17509e-05
4.12035e-05
4.06228e-05
3.95384e-05
3.89801e-05
3.87407e-05
3.84968e-05
3.86336e-05
3.88569e-05
3.91433e-05
3.94032e-05
3.95792e-05
3.96889e-05
3.96989e-05
3.96688e-05
3.96013e-05
3.95367e-05
3.94804e-05
3.94505e-05
3.94481e-05
3.94759e-05
3.95285e-05
3.95992e-05
3.96798e-05
3.97582e-05
3.98432e-05
3.98957e-05
3.99241e-05
3.99785e-05
3.99685e-05
3.99471e-05
3.98994e-05
3.98301e-05
3.97332e-05
3.96157e-05
3.94743e-05
3.93129e-05
3.91305e-05
3.89173e-05
3.86669e-05
3.83668e-05
3.79987e-05
3.75573e-05
3.70132e-05
3.635e-05
3.55581e-05
3.46624e-05
3.37195e-05
3.27952e-05
3.28871e-05
3.39868e-05
3.54958e-05
3.74459e-05
3.93796e-05
4.06002e-05
4.08903e-05
4.11213e-05
4.10812e-05
3.9102e-05
3.61837e-05
3.26422e-05
2.8864e-05
2.51443e-05
2.13125e-05
1.67841e-05
1.07982e-05
3.61932e-06
4.12245e-08
2.35643e-07
1.18971e-05
2.69547e-05
3.5921e-05
4.03829e-05
4.21744e-05
4.26962e-05
4.28849e-05
4.31644e-05
4.35412e-05
4.38191e-05
4.34848e-05
4.2844e-05
4.21867e-05
4.12619e-05
4.05943e-05
3.99892e-05
3.96761e-05
3.9536e-05
3.96253e-05
3.97164e-05
3.98098e-05
3.98402e-05
3.98084e-05
3.97399e-05
3.96464e-05
3.95752e-05
3.95332e-05
3.95434e-05
3.9601e-05
3.97073e-05
3.985e-05
4.00196e-05
4.02023e-05
4.03854e-05
4.05927e-05
4.07388e-05
4.08286e-05
4.09911e-05
4.10678e-05
4.11368e-05
4.1159e-05
4.11609e-05
4.1128e-05
4.10668e-05
4.09742e-05
4.08528e-05
4.07015e-05
4.05211e-05
4.03108e-05
4.00706e-05
3.98001e-05
3.94989e-05
3.91652e-05
3.87955e-05
3.83679e-05
3.78268e-05
3.7123e-05
3.62351e-05
3.51539e-05
3.39325e-05
3.27196e-05
3.16406e-05
3.21084e-05
3.36615e-05
3.57004e-05
3.78673e-05
3.93398e-05
3.97158e-05
3.99249e-05
3.97616e-05
3.74024e-05
3.40038e-05
2.99467e-05
2.56724e-05
2.14606e-05
1.67485e-05
1.07656e-05
3.53441e-06
3.9833e-08
3.0323e-07
1.38289e-05
3.03282e-05
3.96044e-05
4.39061e-05
4.54042e-05
4.56487e-05
4.55888e-05
4.55899e-05
4.56077e-05
4.51638e-05
4.44102e-05
4.36978e-05
4.28492e-05
4.20715e-05
4.11396e-05
4.06307e-05
4.03363e-05
4.01935e-05
4.01569e-05
4.00883e-05
4.00094e-05
3.98927e-05
3.97739e-05
3.96812e-05
3.96367e-05
3.96643e-05
3.97602e-05
3.99242e-05
4.0139e-05
4.03919e-05
4.06648e-05
4.09444e-05
4.12426e-05
4.1523e-05
4.17179e-05
4.18997e-05
4.21134e-05
4.22776e-05
4.23916e-05
4.24833e-05
4.25347e-05
4.25567e-05
4.25423e-05
4.2495e-05
4.24129e-05
4.2297e-05
4.21468e-05
4.19625e-05
4.17433e-05
4.14887e-05
4.11971e-05
4.08665e-05
4.04939e-05
4.00764e-05
3.96115e-05
3.90974e-05
3.85282e-05
3.7837e-05
3.69253e-05
3.5741e-05
3.43422e-05
3.28411e-05
3.14728e-05
3.07928e-05
3.22044e-05
3.4179e-05
3.6597e-05
3.82438e-05
3.86704e-05
3.8783e-05
3.83206e-05
3.55173e-05
3.16051e-05
2.70172e-05
2.21783e-05
1.71091e-05
1.09798e-05
3.66681e-06
4.10907e-08
3.78202e-07
1.57411e-05
3.35357e-05
4.30624e-05
4.71786e-05
4.83624e-05
4.82865e-05
4.79047e-05
4.75374e-05
4.6913e-05
4.601e-05
4.52566e-05
4.43723e-05
4.34608e-05
4.23043e-05
4.15052e-05
4.10308e-05
4.07106e-05
4.04976e-05
4.03271e-05
4.01422e-05
3.99786e-05
3.98391e-05
3.97658e-05
3.97751e-05
3.98759e-05
4.00656e-05
4.03261e-05
4.06413e-05
4.0989e-05
4.13531e-05
4.17177e-05
4.20899e-05
4.24412e-05
4.27417e-05
4.29915e-05
4.3233e-05
4.34739e-05
4.36773e-05
4.38267e-05
4.39487e-05
4.40318e-05
4.40801e-05
4.40901e-05
4.40628e-05
4.39967e-05
4.38921e-05
4.37484e-05
4.35657e-05
4.33436e-05
4.30818e-05
4.27791e-05
4.24333e-05
4.20408e-05
4.15963e-05
4.10934e-05
4.05259e-05
3.98905e-05
3.91896e-05
3.84241e-05
3.74861e-05
3.62531e-05
3.47324e-05
3.30204e-05
3.13301e-05
3.00303e-05
3.09235e-05
3.29115e-05
3.54809e-05
3.7213e-05
3.76193e-05
3.75827e-05
3.65892e-05
3.32686e-05
2.88498e-05
2.36559e-05
1.81008e-05
1.17372e-05
4.10716e-06
4.67218e-08
4.58421e-07
1.75966e-05
3.65342e-05
4.62617e-05
5.01743e-05
5.10216e-05
5.05779e-05
4.98012e-05
4.88783e-05
4.77561e-05
4.69522e-05
4.58721e-05
4.48291e-05
4.34939e-05
4.24212e-05
4.1695e-05
4.12064e-05
4.08327e-05
4.05415e-05
4.02898e-05
4.00759e-05
3.9938e-05
3.98882e-05
3.99523e-05
4.0125e-05
4.03959e-05
4.07435e-05
4.11435e-05
4.15752e-05
4.20191e-05
4.24621e-05
4.28933e-05
4.33064e-05
4.36907e-05
4.40515e-05
4.43674e-05
4.46571e-05
4.49012e-05
4.515e-05
4.53598e-05
4.55149e-05
4.56362e-05
4.5717e-05
4.57561e-05
4.57525e-05
4.57044e-05
4.56114e-05
4.54726e-05
4.52883e-05
4.50588e-05
4.47847e-05
4.44666e-05
4.41044e-05
4.36965e-05
4.32386e-05
4.27234e-05
4.214e-05
4.14756e-05
4.07192e-05
3.98692e-05
3.89416e-05
3.7912e-05
3.6621e-05
3.49748e-05
3.3099e-05
3.11845e-05
2.96522e-05
2.98642e-05
3.18326e-05
3.44828e-05
3.61701e-05
3.64366e-05
3.62631e-05
3.43829e-05
3.06083e-05
2.55328e-05
1.96722e-05
1.29757e-05
4.95041e-06
6.0595e-08
5.41268e-07
1.93526e-05
3.92835e-05
4.91772e-05
5.28753e-05
5.33703e-05
5.25221e-05
5.12454e-05
4.98292e-05
4.89034e-05
4.74561e-05
4.62737e-05
4.47547e-05
4.34297e-05
4.24262e-05
4.1723e-05
4.1199e-05
4.07809e-05
4.0454e-05
4.02046e-05
4.00556e-05
4.00327e-05
4.01386e-05
4.03728e-05
4.07116e-05
4.11314e-05
4.16046e-05
4.2108e-05
4.26235e-05
4.31365e-05
4.36379e-05
4.41204e-05
4.45796e-05
4.50115e-05
4.54159e-05
4.58039e-05
4.61653e-05
4.64394e-05
4.66978e-05
4.69788e-05
4.71906e-05
4.73503e-05
4.74715e-05
4.75434e-05
4.75674e-05
4.75396e-05
4.74588e-05
4.73238e-05
4.71341e-05
4.68903e-05
4.65938e-05
4.6247e-05
4.58525e-05
4.54125e-05
4.49276e-05
4.43949e-05
4.38061e-05
4.31464e-05
4.23941e-05
4.1525e-05
4.05224e-05
3.93952e-05
3.81444e-05
3.67312e-05
3.50234e-05
3.30145e-05
3.09649e-05
2.91849e-05
2.8972e-05
3.08793e-05
3.35909e-05
3.50606e-05
3.50713e-05
3.46984e-05
3.18415e-05
2.72606e-05
2.14522e-05
1.45201e-05
5.94831e-06
8.32504e-08
6.24382e-07
2.09707e-05
4.17586e-05
5.17987e-05
5.52725e-05
5.54177e-05
5.40683e-05
5.24169e-05
5.11471e-05
4.93147e-05
4.78805e-05
4.61626e-05
4.45799e-05
4.32898e-05
4.23295e-05
4.16238e-05
4.10768e-05
4.06556e-05
4.03602e-05
4.01944e-05
4.01789e-05
4.0317e-05
4.05938e-05
4.09876e-05
4.14659e-05
4.20015e-05
4.2569e-05
4.31499e-05
4.37306e-05
4.43016e-05
4.4857e-05
4.53927e-05
4.5906e-05
4.63949e-05
4.68583e-05
4.72944e-05
4.77183e-05
4.8098e-05
4.8363e-05
4.86677e-05
4.89765e-05
4.91705e-05
4.93386e-05
4.94477e-05
4.95039e-05
4.95009e-05
4.94369e-05
4.93091e-05
4.91162e-05
4.88577e-05
4.85348e-05
4.81502e-05
4.77083e-05
4.72147e-05
4.66753e-05
4.60946e-05
4.54732e-05
4.48043e-05
4.40708e-05
4.32435e-05
4.22826e-05
4.11492e-05
3.98424e-05
3.83626e-05
3.66155e-05
3.48209e-05
3.27629e-05
3.06157e-05
2.86311e-05
2.82032e-05
3.00366e-05
3.26608e-05
3.39811e-05
3.34115e-05
3.23169e-05
2.8483e-05
2.30394e-05
1.61189e-05
6.98515e-06
1.12626e-07
7.05912e-07
2.24053e-05
4.39586e-05
5.41637e-05
5.73347e-05
5.69517e-05
5.53561e-05
5.36376e-05
5.15329e-05
4.97383e-05
4.77978e-05
4.59395e-05
4.43422e-05
4.30902e-05
4.21549e-05
4.14505e-05
4.09179e-05
4.05497e-05
4.03504e-05
4.0324e-05
4.04727e-05
4.07773e-05
4.12087e-05
4.17346e-05
4.23224e-05
4.29473e-05
4.35894e-05
4.42352e-05
4.48756e-05
4.55046e-05
4.61184e-05
4.6714e-05
4.7289e-05
4.7841e-05
4.83676e-05
4.88656e-05
4.93455e-05
4.98014e-05
5.01259e-05
5.04457e-05
5.08301e-05
5.1077e-05
5.12888e-05
5.14399e-05
5.15325e-05
5.15607e-05
5.15208e-05
5.14091e-05
5.12222e-05
5.09579e-05
5.06157e-05
5.0197e-05
4.97056e-05
4.91483e-05
4.85342e-05
4.78738e-05
4.7177e-05
4.64496e-05
4.56884e-05
4.48762e-05
4.39764e-05
4.29328e-05
4.16779e-05
4.02472e-05
3.85571e-05
3.63709e-05
3.43975e-05
3.23564e-05
3.00831e-05
2.79145e-05
2.75839e-05
2.93147e-05
3.14821e-05
3.23264e-05
3.15924e-05
2.90772e-05
2.42245e-05
1.75602e-05
7.9271e-06
1.46879e-07
7.84328e-07
2.36888e-05
4.58792e-05
5.61016e-05
5.88954e-05
5.83706e-05
5.67781e-05
5.44752e-05
5.19473e-05
4.97449e-05
4.7587e-05
4.56512e-05
4.40661e-05
4.28494e-05
4.19381e-05
4.12618e-05
4.07915e-05
4.05279e-05
4.04685e-05
4.06046e-05
4.09169e-05
4.13708e-05
4.19303e-05
4.25618e-05
4.3237e-05
4.39361e-05
4.46443e-05
4.53526e-05
4.60547e-05
4.67465e-05
4.74245e-05
4.80856e-05
4.87264e-05
4.93437e-05
4.99337e-05
5.04931e-05
5.10235e-05
5.15436e-05
5.19453e-05
5.2285e-05
5.27067e-05
5.3023e-05
5.32723e-05
5.34673e-05
5.3599e-05
5.3664e-05
5.36568e-05
5.35723e-05
5.34053e-05
5.31513e-05
5.2807e-05
5.23709e-05
5.18444e-05
5.12323e-05
5.05437e-05
4.97916e-05
4.89922e-05
4.81621e-05
4.73142e-05
4.64511e-05
4.55572e-05
4.459e-05
4.34752e-05
4.21104e-05
4.05698e-05
3.85311e-05
3.60385e-05
3.38427e-05
3.1772e-05
2.93083e-05
2.69561e-05
2.70399e-05
2.88905e-05
3.02876e-05
3.03163e-05
2.91561e-05
2.49743e-05
1.86928e-05
8.69518e-06
1.84366e-07
8.56567e-07
2.47821e-05
4.74239e-05
5.75997e-05
6.01559e-05
5.98073e-05
5.76274e-05
5.47874e-05
5.21896e-05
4.96088e-05
4.72985e-05
4.5329e-05
4.37703e-05
4.25909e-05
4.17198e-05
4.11088e-05
4.07442e-05
4.06198e-05
4.07185e-05
4.10148e-05
4.14733e-05
4.20528e-05
4.2717e-05
4.34356e-05
4.4186e-05
4.49532e-05
4.57268e-05
4.65003e-05
4.72685e-05
4.80274e-05
4.87729e-05
4.95005e-05
5.0206e-05
5.08849e-05
5.15331e-05
5.21469e-05
5.27232e-05
5.32966e-05
5.37678e-05
5.4119e-05
5.45666e-05
5.49474e-05
5.52296e-05
5.5466e-05
5.56373e-05
5.57424e-05
5.57747e-05
5.57281e-05
5.55956e-05
5.53704e-05
5.50462e-05
5.46177e-05
5.40823e-05
5.34407e-05
5.26985e-05
5.18671e-05
5.09637e-05
5.0011e-05
4.90337e-05
4.80532e-05
4.70794e-05
4.61e-05
4.5068e-05
4.3892e-05
4.24328e-05
4.0696e-05
3.82111e-05
3.55252e-05
3.31636e-05
3.09868e-05
2.81703e-05
2.58254e-05
2.63648e-05
2.83004e-05
2.93169e-05
2.81757e-05
2.52376e-05
1.94723e-05
9.28229e-06
2.23946e-07
9.20066e-07
2.56585e-05
4.85896e-05
5.87314e-05
6.14002e-05
6.08502e-05
5.83505e-05
5.51974e-05
5.21642e-05
4.93769e-05
4.69681e-05
4.49946e-05
4.34724e-05
4.23407e-05
4.15358e-05
4.1026e-05
4.07966e-05
4.08259e-05
4.10806e-05
4.15215e-05
4.21049e-05
4.27895e-05
4.35421e-05
4.43376e-05
4.51586e-05
4.59938e-05
4.68354e-05
4.76774e-05
4.85146e-05
4.93417e-05
5.01531e-05
5.09433e-05
5.17068e-05
5.24387e-05
5.31346e-05
5.3791e-05
5.44048e-05
5.50137e-05
5.55471e-05
5.59008e-05
5.63582e-05
5.67948e-05
5.71041e-05
5.7376e-05
5.75844e-05
5.77298e-05
5.78053e-05
5.78042e-05
5.77182e-05
5.75387e-05
5.72562e-05
5.68621e-05
5.63489e-05
5.5712e-05
5.49513e-05
5.40728e-05
5.30904e-05
5.20264e-05
5.09108e-05
4.97775e-05
4.86576e-05
4.75687e-05
4.65009e-05
4.54012e-05
4.4158e-05
4.25915e-05
4.05063e-05
3.76787e-05
3.48248e-05
3.23745e-05
2.99764e-05
2.68946e-05
2.49729e-05
2.5745e-05
2.69378e-05
2.70543e-05
2.51811e-05
1.99003e-05
9.66269e-06
2.65271e-07
9.73424e-07
2.63243e-05
4.94262e-05
5.96204e-05
6.23285e-05
6.15932e-05
5.86592e-05
5.53281e-05
5.20325e-05
4.90865e-05
4.66202e-05
4.46637e-05
4.31889e-05
4.21221e-05
4.14109e-05
4.10285e-05
4.09477e-05
4.11293e-05
4.15271e-05
4.20936e-05
4.27836e-05
4.35587e-05
4.43906e-05
4.52589e-05
4.61503e-05
4.70555e-05
4.79674e-05
4.88794e-05
4.97848e-05
5.06767e-05
5.15481e-05
5.23924e-05
5.32035e-05
5.39765e-05
5.47075e-05
5.53934e-05
5.60323e-05
5.66544e-05
5.72298e-05
5.75999e-05
5.80393e-05
5.85224e-05
5.88519e-05
5.91511e-05
5.93916e-05
5.95743e-05
5.9693e-05
5.97407e-05
5.97087e-05
5.95869e-05
5.93638e-05
5.90274e-05
5.85657e-05
5.79686e-05
5.72292e-05
5.63461e-05
5.53261e-05
5.41861e-05
5.29544e-05
5.16698e-05
5.03772e-05
4.91183e-05
4.79184e-05
4.67681e-05
4.5604e-05
4.42859e-05
4.25454e-05
3.9904e-05
3.69015e-05
3.39558e-05
3.1416e-05
2.86085e-05
2.52143e-05
2.42925e-05
2.53665e-05
2.6082e-05
2.45703e-05
1.99754e-05
9.83642e-06
3.08157e-07
1.01588e-06
2.67816e-05
4.99891e-05
6.0227e-05
6.30298e-05
6.21484e-05
5.90579e-05
5.53525e-05
5.18291e-05
4.8765e-05
4.62723e-05
4.43491e-05
4.29345e-05
4.19524e-05
4.13573e-05
4.1116e-05
4.11839e-05
4.15072e-05
4.20317e-05
4.27073e-05
4.34904e-05
4.43474e-05
4.52543e-05
4.61949e-05
4.71579e-05
4.81346e-05
4.91171e-05
5.0097e-05
5.1066e-05
5.20155e-05
5.29374e-05
5.38244e-05
5.46706e-05
5.54714e-05
5.62237e-05
5.6926e-05
5.75774e-05
5.81913e-05
5.87857e-05
5.919e-05
5.95866e-05
6.0103e-05
6.04474e-05
6.07642e-05
6.10296e-05
6.1244e-05
6.14022e-05
6.14977e-05
6.1522e-05
6.14642e-05
6.13115e-05
6.10495e-05
6.06627e-05
6.01357e-05
5.9455e-05
5.8611e-05
5.76014e-05
5.64337e-05
5.51291e-05
5.37234e-05
5.22662e-05
5.0815e-05
4.94231e-05
4.81225e-05
4.69032e-05
4.56931e-05
4.43393e-05
4.21374e-05
3.90099e-05
3.59349e-05
3.28899e-05
3.01972e-05
2.67315e-05
2.36194e-05
2.34191e-05
2.38085e-05
2.35354e-05
1.98631e-05
9.97501e-06
3.54846e-07
1.04731e-06
2.70483e-05
5.03082e-05
6.05772e-05
6.35524e-05
6.24062e-05
5.91958e-05
5.52808e-05
5.15794e-05
4.8432e-05
4.59368e-05
4.40606e-05
4.27202e-05
4.18405e-05
4.13756e-05
4.12779e-05
4.14865e-05
4.19377e-05
4.2574e-05
4.3346e-05
4.42136e-05
4.51477e-05
4.61284e-05
4.71417e-05
4.8177e-05
4.92246e-05
5.02748e-05
5.13175e-05
5.23424e-05
5.33397e-05
5.43007e-05
5.52181e-05
5.60865e-05
5.6902e-05
5.76628e-05
5.83681e-05
5.9019e-05
5.96174e-05
6.02125e-05
6.06568e-05
6.10048e-05
6.15201e-05
6.18832e-05
6.22073e-05
6.24891e-05
6.27273e-05
6.29185e-05
6.30569e-05
6.31346e-05
6.31411e-05
6.3063e-05
6.28845e-05
6.25876e-05
6.21529e-05
6.1561e-05
6.07945e-05
5.98414e-05
5.86981e-05
5.73743e-05
5.58967e-05
5.43112e-05
5.26805e-05
5.1076e-05
4.95608e-05
4.81659e-05
4.68627e-05
4.55357e-05
4.39548e-05
4.12607e-05
3.79802e-05
3.47953e-05
3.15e-05
2.84688e-05
2.4488e-05
2.26206e-05
2.27151e-05
2.2788e-05
1.97453e-05
1.0315e-05
4.14282e-07
1.06824e-06
2.7149e-05
5.03717e-05
6.06383e-05
6.37306e-05
6.26942e-05
5.92401e-05
5.51426e-05
5.13039e-05
4.81019e-05
4.56225e-05
4.38054e-05
4.25525e-05
4.17882e-05
4.14588e-05
4.15e-05
4.18376e-05
4.24032e-05
4.31392e-05
4.39986e-05
4.49454e-05
4.59546e-05
4.70087e-05
4.80946e-05
4.92008e-05
5.03162e-05
5.14288e-05
5.25266e-05
5.35981e-05
5.46327e-05
5.56216e-05
5.6558e-05
5.74373e-05
5.82569e-05
5.90157e-05
5.97144e-05
6.03545e-05
6.0938e-05
6.15143e-05
6.20019e-05
6.23095e-05
6.27839e-05
6.31664e-05
6.34887e-05
6.37778e-05
6.4031e-05
6.42463e-05
6.44194e-05
6.45437e-05
6.46094e-05
6.46036e-05
6.45101e-05
6.43095e-05
6.39798e-05
6.34969e-05
6.28372e-05
6.19791e-05
6.09079e-05
5.96199e-05
5.81283e-05
5.64681e-05
5.46985e-05
5.28995e-05
5.11598e-05
4.95552e-05
4.81194e-05
4.6815e-05
4.55083e-05
4.3284e-05
3.99953e-05
3.67907e-05
3.33883e-05
2.98041e-05
2.60983e-05
2.22681e-05
2.14206e-05
2.12702e-05
1.94688e-05
1.09441e-05
4.94736e-07
1.07875e-06
2.70793e-05
5.01745e-05
6.05727e-05
6.38733e-05
6.27406e-05
5.91904e-05
5.49581e-05
5.10179e-05
4.77847e-05
4.53356e-05
4.35882e-05
4.24334e-05
4.17918e-05
4.15966e-05
4.17675e-05
4.22221e-05
4.28906e-05
4.3717e-05
4.46577e-05
4.56805e-05
4.67634e-05
4.789e-05
4.90468e-05
5.02209e-05
5.13988e-05
5.25667e-05
5.37111e-05
5.48196e-05
5.58815e-05
5.68886e-05
5.7835e-05
5.87169e-05
5.9533e-05
6.02837e-05
6.09706e-05
6.15969e-05
6.21664e-05
6.27035e-05
6.32033e-05
6.35174e-05
6.39212e-05
6.43158e-05
6.46293e-05
6.49165e-05
6.51749e-05
6.54042e-05
6.56018e-05
6.57626e-05
6.58782e-05
6.59369e-05
6.59232e-05
6.58175e-05
6.55962e-05
6.52326e-05
6.46978e-05
6.39629e-05
6.30024e-05
6.17992e-05
6.03507e-05
5.86756e-05
5.68208e-05
5.48623e-05
5.28991e-05
5.10338e-05
4.93422e-05
4.78354e-05
4.64275e-05
4.49107e-05
4.20272e-05
3.85673e-05
3.51997e-05
3.15446e-05
2.7739e-05
2.31579e-05
2.0927e-05
1.97751e-05
1.89606e-05
1.16393e-05
5.9631e-07
1.07815e-06
2.69078e-05
4.99198e-05
6.03581e-05
6.38835e-05
6.26829e-05
5.90691e-05
5.47438e-05
5.07334e-05
4.7488e-05
4.50802e-05
4.34108e-05
4.23613e-05
4.18442e-05
4.17773e-05
4.20675e-05
4.2628e-05
4.33899e-05
4.42999e-05
4.53175e-05
4.6414e-05
4.7569e-05
4.87661e-05
4.99906e-05
5.12277e-05
5.24616e-05
5.36772e-05
5.48597e-05
5.59968e-05
5.70781e-05
5.80961e-05
5.90461e-05
5.99256e-05
6.07342e-05
6.14734e-05
6.2146e-05
6.27557e-05
6.33075e-05
6.38072e-05
6.43095e-05
6.46352e-05
6.49613e-05
6.53585e-05
6.56572e-05
6.59338e-05
6.61878e-05
6.64203e-05
6.66307e-05
6.68157e-05
6.6969e-05
6.70806e-05
6.71364e-05
6.71174e-05
6.70003e-05
6.67567e-05
6.63546e-05
6.57594e-05
6.49369e-05
6.38575e-05
6.25027e-05
6.0873e-05
5.89971e-05
5.69389e-05
5.4798e-05
5.2698e-05
5.07592e-05
4.90573e-05
4.75824e-05
4.62126e-05
4.39337e-05
4.03954e-05
3.71206e-05
3.31376e-05
2.9033e-05
2.46691e-05
2.07969e-05
1.92623e-05
1.85447e-05
1.22606e-05
7.14741e-07
1.07249e-06
2.66389e-05
4.94976e-05
5.99502e-05
6.36736e-05
6.25201e-05
5.8891e-05
5.45123e-05
5.04591e-05
4.72167e-05
4.48586e-05
4.32732e-05
4.23324e-05
4.19373e-05
4.19905e-05
4.23895e-05
4.30464e-05
4.3894e-05
4.4882e-05
4.59731e-05
4.71409e-05
4.83655e-05
4.96299e-05
5.09177e-05
5.22118e-05
5.3495e-05
5.47508e-05
5.59643e-05
5.71232e-05
5.82182e-05
5.92429e-05
6.01934e-05
6.10685e-05
6.1869e-05
6.25968e-05
6.32553e-05
6.38485e-05
6.43809e-05
6.48569e-05
6.53402e-05
6.56817e-05
6.59359e-05
6.63252e-05
6.66039e-05
6.68621e-05
6.71021e-05
6.7327e-05
6.75379e-05
6.77339e-05
6.79108e-05
6.8061e-05
6.81722e-05
6.82273e-05
6.82037e-05
6.80733e-05
6.78023e-05
6.73526e-05
6.66834e-05
6.57548e-05
6.45335e-05
6.30012e-05
6.11649e-05
5.90679e-05
5.6797e-05
5.44793e-05
5.22602e-05
5.02623e-05
4.85303e-05
4.69821e-05
4.53795e-05
4.22813e-05
3.87169e-05
3.50686e-05
3.07734e-05
2.617e-05
2.09878e-05
1.87485e-05
1.75735e-05
1.29097e-05
8.38455e-07
1.05993e-06
2.63138e-05
4.88154e-05
5.94169e-05
6.3332e-05
6.22684e-05
5.86689e-05
5.42738e-05
5.02017e-05
4.69743e-05
4.46717e-05
4.31735e-05
4.23414e-05
4.20629e-05
4.22269e-05
4.27251e-05
4.347e-05
4.43969e-05
4.54583e-05
4.66196e-05
4.78557e-05
4.91466e-05
5.0474e-05
5.18197e-05
5.31647e-05
5.44907e-05
5.57805e-05
5.70194e-05
5.8196e-05
5.93017e-05
6.03313e-05
6.12823e-05
6.21543e-05
6.29487e-05
6.36681e-05
6.43161e-05
6.48968e-05
6.54144e-05
6.58735e-05
6.63205e-05
6.66663e-05
6.68804e-05
6.72461e-05
6.75003e-05
6.77331e-05
6.79505e-05
6.81571e-05
6.83564e-05
6.85497e-05
6.87354e-05
6.89084e-05
6.90589e-05
6.91722e-05
6.92275e-05
6.91977e-05
6.90491e-05
6.87416e-05
6.82303e-05
6.74674e-05
6.64074e-05
6.50144e-05
6.32732e-05
6.12027e-05
5.88692e-05
5.63924e-05
5.39345e-05
5.16653e-05
4.97056e-05
4.80659e-05
4.66029e-05
4.39591e-05
4.02426e-05
3.70148e-05
3.21954e-05
2.74532e-05
2.2249e-05
1.85772e-05
1.64158e-05
1.34179e-05
9.39449e-07
1.04033e-06
2.58947e-05
4.80625e-05
5.87932e-05
6.28707e-05
6.19409e-05
5.84131e-05
5.40356e-05
4.9966e-05
4.6763e-05
4.45191e-05
4.31088e-05
4.23825e-05
4.22133e-05
4.24789e-05
4.30675e-05
4.38931e-05
4.48937e-05
4.60241e-05
4.72519e-05
4.85526e-05
4.99056e-05
5.12911e-05
5.26891e-05
5.40792e-05
5.54424e-05
5.67614e-05
5.80223e-05
5.92143e-05
6.03302e-05
6.13658e-05
6.23196e-05
6.31921e-05
6.39849e-05
6.4701e-05
6.53437e-05
6.59169e-05
6.64249e-05
6.68721e-05
6.7279e-05
6.7617e-05
6.78163e-05
6.81464e-05
6.83734e-05
6.8575e-05
6.87618e-05
6.89405e-05
6.91166e-05
6.92939e-05
6.94736e-05
6.96534e-05
6.98264e-05
6.99805e-05
7.00975e-05
7.01521e-05
7.01119e-05
6.99366e-05
6.95789e-05
6.8986e-05
6.81027e-05
6.68783e-05
6.52764e-05
6.32893e-05
6.09555e-05
5.83733e-05
5.57021e-05
5.31362e-05
5.0849e-05
4.89203e-05
4.72837e-05
4.53468e-05
4.17119e-05
3.85442e-05
3.41182e-05
2.90174e-05
2.36485e-05
1.90519e-05
1.57304e-05
1.36219e-05
9.8644e-07
1.01478e-06
2.53695e-05
4.7196e-05
5.80733e-05
6.23124e-05
6.15502e-05
5.81321e-05
5.38036e-05
4.97552e-05
4.6584e-05
4.44e-05
4.30757e-05
4.24501e-05
4.23819e-05
4.27401e-05
4.34111e-05
4.43108e-05
4.53795e-05
4.65745e-05
4.78647e-05
4.92258e-05
5.06361e-05
5.20744e-05
5.35192e-05
5.49494e-05
5.63454e-05
5.76906e-05
5.89717e-05
6.01791e-05
6.13067e-05
6.23514e-05
6.33124e-05
6.41906e-05
6.49878e-05
6.57067e-05
6.635e-05
6.69211e-05
6.74234e-05
6.78609e-05
6.82393e-05
6.85688e-05
6.87662e-05
6.90423e-05
6.92444e-05
6.94104e-05
6.95598e-05
6.97017e-05
6.9844e-05
6.99931e-05
7.01528e-05
7.03238e-05
7.05025e-05
7.06798e-05
7.08404e-05
7.09616e-05
7.10128e-05
7.0955e-05
7.07402e-05
7.03128e-05
6.96112e-05
6.85728e-05
6.71429e-05
6.52884e-05
6.30172e-05
6.03994e-05
5.75794e-05
5.47655e-05
5.21803e-05
4.99771e-05
4.81514e-05
4.64932e-05
4.33271e-05
3.99068e-05
3.61321e-05
3.02824e-05
2.47673e-05
1.90206e-05
1.58611e-05
1.36116e-05
9.94793e-07
9.84721e-07
2.48091e-05
4.62418e-05
5.72641e-05
6.16734e-05
6.11072e-05
5.78328e-05
5.35821e-05
4.95716e-05
4.64375e-05
4.43126e-05
4.30705e-05
4.25387e-05
4.2563e-05
4.3005e-05
4.37509e-05
4.47183e-05
4.58499e-05
4.71048e-05
4.84528e-05
4.98694e-05
5.13319e-05
5.28178e-05
5.43045e-05
5.57704e-05
5.71963e-05
5.8566e-05
5.98673e-05
6.10917e-05
6.22342e-05
6.32925e-05
6.42663e-05
6.51566e-05
6.59651e-05
6.66937e-05
6.73445e-05
6.79196e-05
6.84213e-05
6.88525e-05
6.92168e-05
6.95372e-05
6.97383e-05
6.9952e-05
7.01277e-05
7.0255e-05
7.03613e-05
7.0459e-05
7.05582e-05
7.06679e-05
7.07949e-05
7.0943e-05
7.11117e-05
7.12953e-05
7.14816e-05
7.1651e-05
7.17755e-05
7.18178e-05
7.1731e-05
7.14585e-05
7.09348e-05
7.0089e-05
6.88515e-05
6.7166e-05
6.50097e-05
6.24173e-05
5.95052e-05
5.64762e-05
5.35857e-05
5.10607e-05
4.8997e-05
4.72939e-05
4.46662e-05
4.09492e-05
3.78202e-05
3.18988e-05
2.60352e-05
1.9718e-05
1.56401e-05
1.33647e-05
9.75052e-07
9.51327e-07
2.42306e-05
4.52197e-05
5.63764e-05
6.09668e-05
6.06212e-05
5.75208e-05
5.33739e-05
4.94165e-05
4.63235e-05
4.42551e-05
4.30893e-05
4.26435e-05
4.27514e-05
4.3269e-05
4.40825e-05
4.51115e-05
4.63006e-05
4.76103e-05
4.90111e-05
5.04781e-05
5.19876e-05
5.3516e-05
5.50403e-05
5.65388e-05
5.79925e-05
5.93863e-05
6.0709e-05
6.19532e-05
6.31148e-05
6.4192e-05
6.51848e-05
6.60941e-05
6.69211e-05
6.76669e-05
6.83323e-05
6.89184e-05
6.94261e-05
6.9857e-05
7.02139e-05
7.0524e-05
7.07268e-05
7.08856e-05
7.1031e-05
7.1117e-05
7.11761e-05
7.12235e-05
7.1272e-05
7.13329e-05
7.14161e-05
7.15286e-05
7.16733e-05
7.18477e-05
7.2043e-05
7.2243e-05
7.24225e-05
7.25469e-05
7.25711e-05
7.24388e-05
7.20832e-05
7.1428e-05
7.03925e-05
6.89014e-05
6.69029e-05
6.43951e-05
6.14574e-05
5.82715e-05
5.51069e-05
5.2247e-05
4.98653e-05
4.79152e-05
4.57942e-05
4.19609e-05
3.92351e-05
3.38412e-05
2.7241e-05
2.08357e-05
1.55315e-05
1.32005e-05
9.40757e-07
9.15741e-07
2.36289e-05
4.41418e-05
5.54208e-05
6.02032e-05
6.00998e-05
5.72003e-05
5.31811e-05
4.92904e-05
4.62414e-05
4.42254e-05
4.31288e-05
4.27601e-05
4.29426e-05
4.35276e-05
4.44018e-05
4.54863e-05
4.67272e-05
4.80865e-05
4.95348e-05
5.10468e-05
5.25981e-05
5.41646e-05
5.57227e-05
5.72512e-05
5.87318e-05
6.01502e-05
6.14963e-05
6.27637e-05
6.39488e-05
6.50505e-05
6.60686e-05
6.70038e-05
6.78563e-05
6.86263e-05
6.93135e-05
6.99173e-05
7.04376e-05
7.08747e-05
7.12298e-05
7.15269e-05
7.17227e-05
7.1844e-05
7.19548e-05
7.19979e-05
7.20069e-05
7.19998e-05
7.19915e-05
7.19962e-05
7.20267e-05
7.20929e-05
7.22012e-05
7.23527e-05
7.25421e-05
7.27565e-05
7.29741e-05
7.31629e-05
7.32804e-05
7.32719e-05
7.30705e-05
7.25975e-05
7.17647e-05
7.04822e-05
6.86728e-05
6.62987e-05
6.33969e-05
6.01145e-05
5.67173e-05
5.35359e-05
5.08401e-05
4.86828e-05
4.67975e-05
4.32174e-05
4.02764e-05
3.57145e-05
2.84379e-05
2.19396e-05
1.56852e-05
1.30525e-05
9.00287e-07
8.7795e-07
2.3023e-05
4.30215e-05
5.44081e-05
5.93916e-05
5.95492e-05
5.68745e-05
5.30049e-05
4.91931e-05
4.61899e-05
4.42214e-05
4.31853e-05
4.28844e-05
4.31325e-05
4.37771e-05
4.4705e-05
4.58387e-05
4.71258e-05
4.8529e-05
5.00193e-05
5.1571e-05
5.31592e-05
5.47595e-05
5.63484e-05
5.7905e-05
5.9412e-05
6.0856e-05
6.22278e-05
6.35218e-05
6.4735e-05
6.58664e-05
6.69156e-05
6.78827e-05
6.87671e-05
6.95675e-05
7.02825e-05
7.091e-05
7.14484e-05
7.18968e-05
7.22553e-05
7.25401e-05
7.2718e-05
7.28187e-05
7.28926e-05
7.28923e-05
7.28502e-05
7.2786e-05
7.27172e-05
7.26604e-05
7.26311e-05
7.26426e-05
7.27045e-05
7.28216e-05
7.29921e-05
7.32066e-05
7.34467e-05
7.36837e-05
7.38775e-05
7.39758e-05
7.3913e-05
7.36098e-05
7.29738e-05
7.19046e-05
7.03047e-05
6.81031e-05
6.5293e-05
6.19766e-05
5.83957e-05
5.49046e-05
5.1854e-05
4.94188e-05
4.74692e-05
4.44057e-05
4.10916e-05
3.73595e-05
2.9763e-05
2.28928e-05
1.5988e-05
1.29629e-05
8.58139e-07
8.40459e-07
2.23954e-05
4.18622e-05
5.33455e-05
5.85391e-05
5.89742e-05
5.65459e-05
5.28451e-05
4.91243e-05
4.61685e-05
4.42412e-05
4.32564e-05
4.30133e-05
4.33176e-05
4.40138e-05
4.49886e-05
4.61653e-05
4.74927e-05
4.89341e-05
5.04608e-05
5.20468e-05
5.36672e-05
5.52974e-05
5.69142e-05
5.84975e-05
6.00306e-05
6.15012e-05
6.29009e-05
6.42247e-05
6.54699e-05
6.66354e-05
6.77207e-05
6.87247e-05
6.96459e-05
7.04818e-05
7.12293e-05
7.18849e-05
7.24457e-05
7.29093e-05
7.32757e-05
7.35484e-05
7.3711e-05
7.37937e-05
7.38322e-05
7.37898e-05
7.3697e-05
7.35752e-05
7.3444e-05
7.33226e-05
7.32291e-05
7.31797e-05
7.31876e-05
7.32609e-05
7.34017e-05
7.36042e-05
7.38534e-05
7.41239e-05
7.43786e-05
7.45676e-05
7.46274e-05
7.44794e-05
7.40298e-05
7.31715e-05
7.17916e-05
6.9791e-05
6.71201e-05
6.38306e-05
6.01253e-05
5.63615e-05
5.29545e-05
5.01835e-05
4.80244e-05
4.54499e-05
4.1807e-05
3.86447e-05
3.1466e-05
2.39166e-05
1.64698e-05
1.28881e-05
8.16664e-07
7.99545e-07
2.18111e-05
4.06868e-05
5.22432e-05
5.7652e-05
5.83787e-05
5.62155e-05
5.27015e-05
4.9083e-05
4.61755e-05
4.42823e-05
4.33384e-05
4.31427e-05
4.34946e-05
4.42346e-05
4.52493e-05
4.64628e-05
4.78244e-05
4.92982e-05
5.08556e-05
5.24709e-05
5.41188e-05
5.57751e-05
5.74173e-05
5.90258e-05
6.05848e-05
6.20828e-05
6.35121e-05
6.48681e-05
6.61483e-05
6.73513e-05
6.84759e-05
6.95204e-05
7.0482e-05
7.13568e-05
7.21401e-05
7.28271e-05
7.3413e-05
7.38942e-05
7.42693e-05
7.45389e-05
7.4687e-05
7.47524e-05
7.47578e-05
7.46756e-05
7.45341e-05
7.4356e-05
7.4163e-05
7.39761e-05
7.38162e-05
7.37023e-05
7.36508e-05
7.36734e-05
7.3776e-05
7.39564e-05
7.42034e-05
7.44949e-05
7.47968e-05
7.50619e-05
7.5229e-05
7.52213e-05
7.49452e-05
7.429e-05
7.31326e-05
7.13511e-05
6.88573e-05
6.56498e-05
6.18797e-05
5.78861e-05
5.41323e-05
5.1003e-05
4.85427e-05
4.62886e-05
4.25126e-05
3.97493e-05
3.3175e-05
2.47854e-05
1.71037e-05
1.28138e-05
7.76968e-07
7.67618e-07
2.11332e-05
3.94827e-05
5.11052e-05
5.67346e-05
5.77651e-05
5.58837e-05
5.25737e-05
4.90693e-05
4.62118e-05
4.43447e-05
4.34314e-05
4.32721e-05
4.3661e-05
4.44366e-05
4.54843e-05
4.67281e-05
4.8118e-05
4.96183e-05
5.12009e-05
5.28401e-05
5.45111e-05
5.619e-05
5.7855e-05
5.94871e-05
6.10714e-05
6.2597e-05
6.40568e-05
6.54464e-05
6.67633e-05
6.80057e-05
6.91717e-05
7.02585e-05
7.12623e-05
7.21777e-05
7.29986e-05
7.37186e-05
7.43313e-05
7.4832e-05
7.52178e-05
7.54884e-05
7.5626e-05
7.56752e-05
7.56506e-05
7.55319e-05
7.53453e-05
7.51141e-05
7.48616e-05
7.46108e-05
7.43847e-05
7.42051e-05
7.40914e-05
7.40589e-05
7.41169e-05
7.42675e-05
7.4503e-05
7.4805e-05
7.51425e-05
7.5471e-05
7.57317e-05
7.58499e-05
7.57333e-05
7.52705e-05
7.43317e-05
7.27787e-05
7.04898e-05
6.74124e-05
6.36373e-05
5.94655e-05
5.53877e-05
5.1905e-05
4.92231e-05
4.69775e-05
4.33084e-05
4.05691e-05
3.48047e-05
2.57844e-05
1.78397e-05
1.27265e-05
7.41685e-07
7.39646e-07
2.03996e-05
3.82478e-05
4.99343e-05
5.57896e-05
5.71346e-05
5.555e-05
5.24603e-05
4.90799e-05
4.62706e-05
4.44237e-05
4.35275e-05
4.33944e-05
4.38134e-05
4.46172e-05
4.56909e-05
4.69587e-05
4.83707e-05
4.98918e-05
5.1494e-05
5.3152e-05
5.48416e-05
5.65395e-05
5.82244e-05
5.98782e-05
6.14866e-05
6.30394e-05
6.45297e-05
6.59531e-05
6.73069e-05
6.8589e-05
6.97966e-05
7.0926e-05
7.1972e-05
7.29282e-05
7.37868e-05
7.454e-05
7.51802e-05
7.57014e-05
7.60996e-05
7.63739e-05
7.65059e-05
7.6541e-05
7.64903e-05
7.63395e-05
7.61124e-05
7.58329e-05
7.55251e-05
7.52141e-05
7.49245e-05
7.46804e-05
7.45042e-05
7.44143e-05
7.4424e-05
7.45391e-05
7.47559e-05
7.50599e-05
7.54233e-05
7.58045e-05
7.61469e-05
7.6378e-05
7.64074e-05
7.61243e-05
7.53964e-05
7.40737e-05
7.20082e-05
6.90999e-05
6.53754e-05
6.10793e-05
5.66988e-05
5.28231e-05
4.98304e-05
4.75931e-05
4.41114e-05
4.12153e-05
3.6091e-05
2.69597e-05
1.85726e-05
1.26291e-05
7.11459e-07
7.13089e-07
1.96103e-05
3.69751e-05
4.87292e-05
5.48195e-05
5.6488e-05
5.52139e-05
5.23603e-05
4.91178e-05
4.6367e-05
4.4526e-05
4.36422e-05
4.35201e-05
4.3952e-05
4.47743e-05
4.58671e-05
4.71526e-05
4.85807e-05
5.01167e-05
5.17329e-05
5.34046e-05
5.51083e-05
5.68212e-05
5.85229e-05
6.0196e-05
6.18267e-05
6.34052e-05
6.49247e-05
6.63808e-05
6.77706e-05
6.90911e-05
7.03389e-05
7.15093e-05
7.2596e-05
7.35912e-05
7.44861e-05
7.52715e-05
7.59387e-05
7.64806e-05
7.68924e-05
7.71725e-05
7.73043e-05
7.73284e-05
7.72562e-05
7.70785e-05
7.68168e-05
7.64947e-05
7.61376e-05
7.57721e-05
7.54237e-05
7.51186e-05
7.48819e-05
7.4735e-05
7.46948e-05
7.47709e-05
7.49638e-05
7.52632e-05
7.56447e-05
7.60697e-05
7.64838e-05
7.68165e-05
7.69794e-05
7.68635e-05
7.63358e-05
7.52399e-05
7.34079e-05
7.06988e-05
6.70759e-05
6.27154e-05
5.80772e-05
5.38106e-05
5.04306e-05
4.79526e-05
4.49348e-05
4.16995e-05
3.71626e-05
2.83482e-05
1.91097e-05
1.25189e-05
6.87519e-07
6.87286e-07
1.88176e-05
3.56699e-05
4.74664e-05
5.3818e-05
5.58246e-05
5.48731e-05
5.22717e-05
4.91743e-05
4.64541e-05
4.46383e-05
4.37298e-05
4.36192e-05
4.40736e-05
4.49075e-05
4.60109e-05
4.73073e-05
4.87456e-05
5.02907e-05
5.19154e-05
5.35958e-05
5.53089e-05
5.70329e-05
5.8748e-05
6.04374e-05
6.20878e-05
6.36896e-05
6.5236e-05
6.67225e-05
6.81456e-05
6.95018e-05
7.07869e-05
7.19952e-05
7.31194e-05
7.41506e-05
7.50789e-05
7.58941e-05
7.65867e-05
7.71486e-05
7.75745e-05
7.78622e-05
7.79989e-05
7.80159e-05
7.79279e-05
7.77295e-05
7.74399e-05
7.7082e-05
7.66826e-05
7.62699e-05
7.58697e-05
7.55092e-05
7.52161e-05
7.50147e-05
7.49254e-05
7.49612e-05
7.5127e-05
7.5417e-05
7.58105e-05
7.62719e-05
7.67496e-05
7.71745e-05
7.746e-05
7.74991e-05
7.71601e-05
7.62836e-05
7.4688e-05
7.2199e-05
6.87201e-05
6.43517e-05
5.95044e-05
5.48669e-05
5.10967e-05
4.83643e-05
4.56918e-05
4.21264e-05
3.81068e-05
2.98177e-05
1.97833e-05
1.24174e-05
6.7022e-07
6.61817e-07
1.80187e-05
3.43966e-05
4.6173e-05
5.2767e-05
5.51617e-05
5.45287e-05
5.21887e-05
4.92504e-05
4.66707e-05
4.48198e-05
4.39172e-05
4.37557e-05
4.41702e-05
4.50111e-05
4.61223e-05
4.74238e-05
4.88659e-05
5.04143e-05
5.20421e-05
5.37259e-05
5.54434e-05
5.71738e-05
5.88979e-05
6.05996e-05
6.22662e-05
6.38879e-05
6.54579e-05
6.69714e-05
6.84241e-05
6.98121e-05
7.11301e-05
7.23717e-05
7.35286e-05
7.45912e-05
7.5549e-05
7.63907e-05
7.7106e-05
7.76864e-05
7.81261e-05
7.84227e-05
7.85691e-05
7.85831e-05
7.84864e-05
7.82745e-05
7.79649e-05
7.75784e-05
7.71436e-05
7.66933e-05
7.62499e-05
7.58413e-05
7.54979e-05
7.52462e-05
7.51109e-05
7.51074e-05
7.52443e-05
7.55223e-05
7.5923e-05
7.64153e-05
7.695e-05
7.74593e-05
7.78582e-05
7.80416e-05
7.78795e-05
7.72125e-05
7.58509e-05
7.35948e-05
7.02941e-05
6.59709e-05
6.09657e-05
5.59758e-05
5.1786e-05
4.87332e-05
4.6308e-05
4.25048e-05
3.88413e-05
3.11347e-05
2.05239e-05
1.23695e-05
6.6105e-07
6.36802e-07
1.72412e-05
3.30098e-05
4.48269e-05
5.16731e-05
5.44862e-05
5.41807e-05
5.21207e-05
4.93899e-05
4.67657e-05
4.49203e-05
4.3985e-05
4.38566e-05
4.42937e-05
4.50947e-05
4.61954e-05
4.74949e-05
4.89357e-05
5.04817e-05
5.21065e-05
5.3788e-05
5.55052e-05
5.72379e-05
5.89681e-05
6.06795e-05
6.2359e-05
6.39969e-05
6.55862e-05
6.71221e-05
6.85995e-05
7.00137e-05
7.13586e-05
7.26272e-05
7.38105e-05
7.48988e-05
7.58827e-05
7.67466e-05
7.74811e-05
7.80778e-05
7.85306e-05
7.88366e-05
7.8995e-05
7.90139e-05
7.89152e-05
7.87008e-05
7.83816e-05
7.79786e-05
7.75202e-05
7.70345e-05
7.65526e-05
7.61041e-05
7.57187e-05
7.54219e-05
7.52459e-05
7.52066e-05
7.53141e-05
7.55793e-05
7.59839e-05
7.65024e-05
7.70893e-05
7.76766e-05
7.81812e-05
7.84996e-05
7.85035e-05
7.80351e-05
7.6901e-05
7.48835e-05
7.17867e-05
6.75569e-05
6.24497e-05
5.71429e-05
5.25359e-05
4.91647e-05
4.66729e-05
4.29188e-05
3.95086e-05
3.22528e-05
2.12993e-05
1.23498e-05
6.57194e-07
6.12246e-07
1.64957e-05
3.16283e-05
4.34278e-05
5.05289e-05
5.3783e-05
5.38229e-05
5.20505e-05
4.9465e-05
4.69339e-05
4.50929e-05
4.40975e-05
4.39181e-05
4.43307e-05
4.51612e-05
4.62484e-05
4.7537e-05
4.89684e-05
5.05078e-05
5.21276e-05
5.38044e-05
5.55165e-05
5.7245e-05
5.89689e-05
6.06756e-05
6.23543e-05
6.3996e-05
6.55969e-05
6.7152e-05
6.86493e-05
7.00838e-05
7.14495e-05
7.27389e-05
7.39429e-05
7.50507e-05
7.60487e-05
7.69284e-05
7.76805e-05
7.82959e-05
7.87672e-05
7.90895e-05
7.9261e-05
7.92864e-05
7.91764e-05
7.89561e-05
7.86233e-05
7.82188e-05
7.7756e-05
7.72546e-05
7.67504e-05
7.62743e-05
7.58568e-05
7.55333e-05
7.53247e-05
7.52567e-05
7.53333e-05
7.55885e-05
7.59943e-05
7.65353e-05
7.71709e-05
7.78309e-05
7.8435e-05
7.88809e-05
7.90408e-05
7.87601e-05
7.78443e-05
7.60652e-05
7.31893e-05
6.90937e-05
6.3938e-05
5.83494e-05
5.33137e-05
4.95815e-05
4.6991e-05
4.33953e-05
4.01004e-05
3.30722e-05
2.21269e-05
1.23672e-05
6.56648e-07
5.88661e-07
1.58042e-05
3.02391e-05
4.20151e-05
4.93522e-05
5.30492e-05
5.34479e-05
5.1976e-05
4.95681e-05
4.71688e-05
4.53056e-05
4.42752e-05
4.40191e-05
4.43739e-05
4.51691e-05
4.62435e-05
4.75101e-05
4.89284e-05
5.04469e-05
5.204e-05
5.36906e-05
5.53882e-05
5.71056e-05
5.88323e-05
6.05511e-05
6.22471e-05
6.39105e-05
6.5532e-05
6.70943e-05
6.85986e-05
7.00413e-05
7.14167e-05
7.27168e-05
7.39322e-05
7.50526e-05
7.60674e-05
7.69641e-05
7.77316e-05
7.83606e-05
7.88441e-05
7.91783e-05
7.93631e-05
7.94022e-05
7.93002e-05
7.90998e-05
7.87708e-05
7.83545e-05
7.78745e-05
7.73608e-05
7.68422e-05
7.63527e-05
7.59128e-05
7.55545e-05
7.53089e-05
7.52123e-05
7.52953e-05
7.55508e-05
7.59546e-05
7.65152e-05
7.71982e-05
7.79258e-05
7.86241e-05
7.91916e-05
7.94991e-05
7.93955e-05
7.86869e-05
7.71482e-05
7.45051e-05
7.05687e-05
6.54184e-05
5.95942e-05
5.41349e-05
4.99962e-05
4.72505e-05
4.3844e-05
4.05867e-05
3.38451e-05
2.2954e-05
1.24072e-05
6.63209e-07
5.65819e-07
1.51284e-05
2.88433e-05
4.05006e-05
4.81094e-05
5.22575e-05
5.30586e-05
5.1889e-05
4.97356e-05
4.74024e-05
4.55298e-05
4.44368e-05
4.41254e-05
4.44359e-05
4.51729e-05
4.62236e-05
4.74728e-05
4.88602e-05
5.03639e-05
5.19541e-05
5.36066e-05
5.5298e-05
5.70058e-05
5.87191e-05
6.04247e-05
6.21096e-05
6.37633e-05
6.53768e-05
6.69427e-05
6.84531e-05
6.99043e-05
7.12904e-05
7.26006e-05
7.38257e-05
7.49554e-05
7.59789e-05
7.68841e-05
7.76597e-05
7.8296e-05
7.87861e-05
7.91261e-05
7.93155e-05
7.93577e-05
7.92635e-05
7.90841e-05
7.877e-05
7.83671e-05
7.78994e-05
7.73937e-05
7.68774e-05
7.63779e-05
7.59243e-05
7.55482e-05
7.52708e-05
7.51402e-05
7.51803e-05
7.54052e-05
7.58311e-05
7.64424e-05
7.71753e-05
7.79642e-05
7.87521e-05
7.94373e-05
7.9885e-05
7.99491e-05
7.94693e-05
7.81825e-05
7.57759e-05
7.19932e-05
6.68737e-05
6.08644e-05
5.49979e-05
5.04173e-05
4.74164e-05
4.42709e-05
4.1001e-05
3.45076e-05
2.37454e-05
1.24913e-05
6.74372e-07
5.4364e-07
1.44732e-05
2.75051e-05
3.90136e-05
4.68429e-05
5.14012e-05
5.26351e-05
5.17919e-05
4.98739e-05
4.76544e-05
4.57806e-05
4.46191e-05
4.42273e-05
4.44701e-05
4.51684e-05
4.6179e-05
4.74045e-05
4.87771e-05
5.026e-05
5.1826e-05
5.34523e-05
5.51173e-05
5.68027e-05
5.84931e-05
6.01767e-05
6.18439e-05
6.34852e-05
6.50904e-05
6.6654e-05
6.81657e-05
6.96172e-05
7.10009e-05
7.23104e-05
7.35357e-05
7.46663e-05
7.56912e-05
7.65993e-05
7.73799e-05
7.80239e-05
7.85247e-05
7.8878e-05
7.90831e-05
7.91425e-05
7.90625e-05
7.8906e-05
7.86152e-05
7.82312e-05
7.77806e-05
7.72885e-05
7.6782e-05
7.62896e-05
7.58415e-05
7.54695e-05
7.52062e-05
7.50774e-05
7.51007e-05
7.5268e-05
7.5679e-05
7.62801e-05
7.70481e-05
7.79277e-05
7.8822e-05
7.96234e-05
8.02201e-05
8.04716e-05
8.01762e-05
7.908e-05
7.69066e-05
7.33576e-05
6.82814e-05
6.21473e-05
5.59014e-05
5.08677e-05
4.75662e-05
4.46386e-05
4.13321e-05
3.51141e-05
2.45205e-05
1.25951e-05
6.90767e-07
5.21877e-07
1.38312e-05
2.62291e-05
3.75495e-05
4.54849e-05
5.04918e-05
5.21889e-05
5.17108e-05
5.0023e-05
4.79265e-05
4.60602e-05
4.48272e-05
4.43414e-05
4.45013e-05
4.51358e-05
4.60958e-05
4.72803e-05
4.8623e-05
5.00702e-05
5.15971e-05
5.31876e-05
5.48243e-05
5.64877e-05
5.81609e-05
5.98309e-05
6.14851e-05
6.31128e-05
6.4706e-05
6.62577e-05
6.77595e-05
6.92028e-05
7.05795e-05
7.1882e-05
7.3101e-05
7.42263e-05
7.52475e-05
7.6154e-05
7.6936e-05
7.75851e-05
7.80947e-05
7.8461e-05
7.86827e-05
7.87613e-05
7.86998e-05
7.85675e-05
7.83069e-05
7.79486e-05
7.75225e-05
7.70525e-05
7.65648e-05
7.60873e-05
7.56495e-05
7.52824e-05
7.50183e-05
7.48895e-05
7.4927e-05
7.51635e-05
7.55775e-05
7.61565e-05
7.69294e-05
7.78559e-05
7.88273e-05
7.97384e-05
8.04666e-05
8.08438e-05
8.06577e-05
7.9761e-05
7.78668e-05
7.45743e-05
6.96698e-05
6.34296e-05
5.68353e-05
5.13424e-05
4.77244e-05
4.49664e-05
4.15873e-05
3.56474e-05
2.52654e-05
1.26675e-05
7.12219e-07
5.00351e-07
1.3204e-05
2.50147e-05
3.60467e-05
4.41282e-05
4.94431e-05
5.16259e-05
5.15582e-05
5.01611e-05
4.82147e-05
4.63699e-05
4.50667e-05
4.44752e-05
4.45361e-05
4.50922e-05
4.59921e-05
4.71268e-05
4.84235e-05
4.98353e-05
5.133e-05
5.2886e-05
5.4488e-05
5.61192e-05
5.77635e-05
5.94075e-05
6.10385e-05
6.26457e-05
6.42202e-05
6.5754e-05
6.72391e-05
6.86673e-05
7.00301e-05
7.13193e-05
7.2526e-05
7.36405e-05
7.46531e-05
7.55539e-05
7.63339e-05
7.69853e-05
7.75022e-05
7.78809e-05
7.81202e-05
7.82203e-05
7.81813e-05
7.80741e-05
7.78494e-05
7.75236e-05
7.71296e-05
7.66905e-05
7.62312e-05
7.57787e-05
7.53614e-05
7.50097e-05
7.47556e-05
7.46318e-05
7.46702e-05
7.48993e-05
7.53381e-05
7.59964e-05
7.6839e-05
7.78022e-05
7.88207e-05
7.97933e-05
8.06049e-05
8.10875e-05
8.10897e-05
8.03834e-05
7.8702e-05
7.56919e-05
7.09908e-05
6.46866e-05
5.77894e-05
5.18366e-05
4.78859e-05
4.52473e-05
4.17817e-05
3.6165e-05
2.59841e-05
1.28214e-05
7.40198e-07
4.78737e-07
1.25912e-05
2.38646e-05
3.45679e-05
4.27763e-05
4.83927e-05
5.10645e-05
5.13713e-05
5.02812e-05
4.85127e-05
4.67094e-05
4.53425e-05
4.4637e-05
4.45831e-05
4.50448e-05
4.58715e-05
4.69476e-05
4.81948e-05
4.95619e-05
5.10149e-05
5.25306e-05
5.40927e-05
5.56858e-05
5.72949e-05
5.89062e-05
6.05075e-05
6.20876e-05
6.36367e-05
6.51466e-05
6.6609e-05
6.80156e-05
6.93581e-05
7.06283e-05
7.18173e-05
7.29162e-05
7.39159e-05
7.48072e-05
7.55821e-05
7.62335e-05
7.67562e-05
7.71469e-05
7.74044e-05
7.75284e-05
7.75157e-05
7.74345e-05
7.72501e-05
7.69626e-05
7.6608e-05
7.62078e-05
7.5786e-05
7.53679e-05
7.49813e-05
7.46557e-05
7.44225e-05
7.43145e-05
7.43647e-05
7.46033e-05
7.50532e-05
7.57231e-05
7.6599e-05
7.76372e-05
7.87609e-05
7.98617e-05
8.08047e-05
8.14439e-05
8.15936e-05
8.10218e-05
7.94526e-05
7.66702e-05
7.21551e-05
6.58986e-05
5.87538e-05
5.23439e-05
4.80556e-05
4.54144e-05
4.19922e-05
3.67246e-05
2.66099e-05
1.29792e-05
7.73414e-07
4.57045e-07
1.20071e-05
2.27937e-05
3.31225e-05
4.13522e-05
4.7313e-05
5.04431e-05
5.11428e-05
5.03767e-05
4.88134e-05
4.70771e-05
4.5659e-05
4.48359e-05
4.46525e-05
4.50028e-05
4.57414e-05
4.67474e-05
4.79359e-05
4.92511e-05
5.0656e-05
5.21257e-05
5.36426e-05
5.51919e-05
5.67594e-05
5.83319e-05
5.98969e-05
6.14432e-05
6.29609e-05
6.44408e-05
6.58746e-05
6.72541e-05
6.85709e-05
6.98168e-05
7.09836e-05
7.20627e-05
7.30457e-05
7.39245e-05
7.46917e-05
7.53412e-05
7.58683e-05
7.62704e-05
7.65467e-05
7.66964e-05
7.67137e-05
7.6659e-05
7.65183e-05
7.62743e-05
7.59651e-05
7.5611e-05
7.52343e-05
7.48593e-05
7.45125e-05
7.42224e-05
7.40197e-05
7.39373e-05
7.40087e-05
7.4266e-05
7.47353e-05
7.543e-05
7.63422e-05
7.74336e-05
7.8631e-05
7.98276e-05
8.08889e-05
8.16585e-05
8.19589e-05
8.1577e-05
8.02314e-05
7.75375e-05
7.32873e-05
6.70873e-05
5.97179e-05
5.28525e-05
4.81822e-05
4.55278e-05
4.21748e-05
3.72672e-05
2.7214e-05
1.31311e-05
8.13475e-07
4.34958e-07
1.14416e-05
2.17995e-05
3.17261e-05
3.99116e-05
4.61211e-05
4.97109e-05
5.08481e-05
5.0435e-05
4.91078e-05
4.74685e-05
4.60189e-05
4.50807e-05
4.47559e-05
4.49772e-05
4.56114e-05
4.6534e-05
4.76537e-05
4.89089e-05
5.02589e-05
5.16764e-05
5.31427e-05
5.46427e-05
5.61628e-05
5.76901e-05
5.92126e-05
6.0719e-05
6.2199e-05
6.36434e-05
6.50433e-05
6.63904e-05
6.76767e-05
6.88941e-05
7.00347e-05
7.10905e-05
7.20539e-05
7.29177e-05
7.36752e-05
7.43212e-05
7.48518e-05
7.52648e-05
7.556e-05
7.5737e-05
7.57878e-05
7.576e-05
7.56653e-05
7.54689e-05
7.52103e-05
7.49081e-05
7.45831e-05
7.42585e-05
7.39593e-05
7.3713e-05
7.35496e-05
7.35015e-05
7.36023e-05
7.38855e-05
7.438e-05
7.51037e-05
7.60541e-05
7.71989e-05
7.84688e-05
7.97574e-05
8.0927e-05
8.1817e-05
8.22467e-05
8.20065e-05
8.08331e-05
7.83782e-05
7.42626e-05
6.82098e-05
6.06619e-05
5.33636e-05
4.8281e-05
4.55304e-05
4.235e-05
3.77524e-05
2.78202e-05
1.33182e-05
8.6016e-07
4.12482e-07
1.0903e-05
2.0909e-05
3.03917e-05
3.84669e-05
4.486e-05
4.88828e-05
5.04712e-05
5.04403e-05
4.93834e-05
4.78764e-05
4.64224e-05
4.53793e-05
4.49057e-05
4.49814e-05
4.54933e-05
4.63176e-05
4.73566e-05
4.85424e-05
4.98301e-05
5.11892e-05
5.25992e-05
5.40444e-05
5.55113e-05
5.69877e-05
5.84616e-05
5.99222e-05
6.13589e-05
6.27622e-05
6.41232e-05
6.54336e-05
6.66853e-05
6.78705e-05
6.89817e-05
7.00116e-05
7.09532e-05
7.18e-05
7.25465e-05
7.31879e-05
7.37212e-05
7.41447e-05
7.44588e-05
7.46643e-05
7.47517e-05
7.47509e-05
7.47036e-05
7.45584e-05
7.43542e-05
7.41084e-05
7.38405e-05
7.35722e-05
7.33273e-05
7.31322e-05
7.30158e-05
7.30096e-05
7.31475e-05
7.34634e-05
7.39885e-05
7.47442e-05
7.57332e-05
7.69289e-05
7.82667e-05
7.96414e-05
8.09131e-05
8.19165e-05
8.24673e-05
8.23574e-05
8.13326e-05
7.9055e-05
7.50874e-05
6.92096e-05
6.15662e-05
5.38701e-05
4.83617e-05
4.55054e-05
4.25299e-05
3.81921e-05
2.8416e-05
1.3512e-05
9.14222e-07
3.89212e-07
1.03798e-05
2.00806e-05
2.91554e-05
3.7042e-05
4.35468e-05
4.79779e-05
5.00064e-05
5.03783e-05
4.96256e-05
4.82899e-05
4.6866e-05
4.57372e-05
4.51146e-05
4.50304e-05
4.54014e-05
4.61105e-05
4.70552e-05
4.81612e-05
4.93779e-05
5.06717e-05
5.20193e-05
5.34042e-05
5.48126e-05
5.62324e-05
5.76523e-05
5.90613e-05
6.04493e-05
6.18066e-05
6.31242e-05
6.43937e-05
6.56072e-05
6.67572e-05
6.78365e-05
6.88384e-05
6.97566e-05
7.05854e-05
7.13198e-05
7.19561e-05
7.24916e-05
7.29253e-05
7.32584e-05
7.3493e-05
7.36198e-05
7.36456e-05
7.36462e-05
7.3556e-05
7.34086e-05
7.32226e-05
7.30158e-05
7.28087e-05
7.26236e-05
7.24857e-05
7.24228e-05
7.24657e-05
7.26474e-05
7.30024e-05
7.35631e-05
7.43539e-05
7.5382e-05
7.66262e-05
7.80268e-05
7.94809e-05
8.08471e-05
8.19553e-05
8.26162e-05
8.26218e-05
8.17279e-05
7.96176e-05
7.5871e-05
7.01165e-05
6.24173e-05
5.43604e-05
4.84106e-05
4.5399e-05
4.2703e-05
3.85738e-05
2.9016e-05
1.37382e-05
9.76106e-07
3.65552e-07
9.89778e-06
1.94783e-05
2.7958e-05
3.56621e-05
4.22059e-05
4.69718e-05
4.94416e-05
5.02339e-05
4.98179e-05
4.8695e-05
4.73422e-05
4.61565e-05
4.53936e-05
4.51404e-05
4.53528e-05
4.59281e-05
4.67629e-05
4.77766e-05
4.89128e-05
5.01332e-05
5.14121e-05
5.27308e-05
5.40753e-05
5.54334e-05
5.67938e-05
5.81462e-05
5.94804e-05
6.07869e-05
6.20568e-05
6.32818e-05
6.44541e-05
6.55664e-05
6.66118e-05
6.75843e-05
6.8478e-05
6.9288e-05
7.001e-05
7.06408e-05
7.11783e-05
7.16222e-05
7.19742e-05
7.22384e-05
7.2406e-05
7.24586e-05
7.25084e-05
7.24744e-05
7.23857e-05
7.22617e-05
7.21191e-05
7.19768e-05
7.18559e-05
7.17802e-05
7.17763e-05
7.18739e-05
7.21055e-05
7.25053e-05
7.31063e-05
7.39351e-05
7.50025e-05
7.62924e-05
7.775e-05
7.92757e-05
8.07272e-05
8.19302e-05
8.26897e-05
8.27955e-05
8.20101e-05
8.00344e-05
7.6467e-05
7.08752e-05
6.31867e-05
5.48229e-05
4.84388e-05
4.51862e-05
4.28071e-05
3.8919e-05
2.96159e-05
1.39836e-05
1.04619e-06
3.41498e-07
9.4476e-06
1.89836e-05
2.67132e-05
3.42731e-05
4.08195e-05
4.58612e-05
4.87618e-05
4.99889e-05
4.9941e-05
4.90734e-05
4.78381e-05
4.66342e-05
4.57508e-05
4.53276e-05
4.53665e-05
4.5789e-05
4.64963e-05
4.74033e-05
4.84475e-05
4.95856e-05
5.07882e-05
5.20347e-05
5.33097e-05
5.46008e-05
5.58968e-05
5.71876e-05
5.84633e-05
5.97148e-05
6.09332e-05
6.21103e-05
6.32385e-05
6.43109e-05
6.53209e-05
6.62628e-05
6.71314e-05
6.79222e-05
6.86316e-05
6.9257e-05
6.97968e-05
7.02509e-05
7.06217e-05
7.09166e-05
7.11204e-05
7.12037e-05
7.13063e-05
7.13274e-05
7.12983e-05
7.12378e-05
7.11612e-05
7.10862e-05
7.10325e-05
7.10227e-05
7.10821e-05
7.12392e-05
7.15256e-05
7.19748e-05
7.26201e-05
7.34892e-05
7.45958e-05
7.5928e-05
7.7436e-05
7.90239e-05
8.05499e-05
8.1836e-05
8.26814e-05
8.28721e-05
8.21758e-05
8.03108e-05
7.6892e-05
7.14416e-05
6.38512e-05
5.52372e-05
4.84582e-05
4.49782e-05
4.28597e-05
3.92138e-05
3.01931e-05
1.42794e-05
1.12502e-06
3.18265e-07
9.08283e-06
1.86004e-05
2.57121e-05
3.29491e-05
3.9431e-05
4.46913e-05
4.7972e-05
4.96312e-05
4.99756e-05
4.94044e-05
4.83364e-05
4.71613e-05
4.61892e-05
4.56058e-05
4.54626e-05
4.57146e-05
4.62754e-05
4.70592e-05
4.7998e-05
4.90432e-05
5.01611e-05
5.13283e-05
5.25279e-05
5.37466e-05
5.49733e-05
5.61978e-05
5.74107e-05
5.8603e-05
5.97662e-05
6.08924e-05
6.19741e-05
6.30046e-05
6.39778e-05
6.48882e-05
6.57312e-05
6.65027e-05
6.71997e-05
6.78198e-05
6.8362e-05
6.88265e-05
6.92165e-05
6.95491e-05
6.97664e-05
6.98945e-05
7.0057e-05
7.01294e-05
7.01595e-05
7.01627e-05
7.0153e-05
7.01466e-05
7.0162e-05
7.02204e-05
7.03461e-05
7.05661e-05
7.0911e-05
7.14134e-05
7.21059e-05
7.30168e-05
7.41617e-05
7.55322e-05
7.7083e-05
7.87222e-05
8.03097e-05
8.1665e-05
8.25818e-05
8.28414e-05
8.22143e-05
8.04369e-05
7.71555e-05
7.18856e-05
6.43915e-05
5.55722e-05
4.84453e-05
4.47281e-05
4.28368e-05
3.94617e-05
3.07467e-05
1.46191e-05
1.21273e-06
2.96343e-07
8.8037e-06
1.82097e-05
2.48978e-05
3.17755e-05
3.80438e-05
4.34664e-05
4.70721e-05
4.91488e-05
4.99019e-05
4.96646e-05
4.88144e-05
4.77218e-05
4.67049e-05
4.59843e-05
4.56603e-05
4.57284e-05
4.6124e-05
4.67664e-05
4.75843e-05
4.8524e-05
4.95471e-05
5.06269e-05
5.17444e-05
5.2885e-05
5.40372e-05
5.51908e-05
5.63365e-05
5.74658e-05
5.85704e-05
5.96426e-05
6.06753e-05
6.16621e-05
6.25971e-05
6.34753e-05
6.42922e-05
6.50443e-05
6.57289e-05
6.6344e-05
6.68888e-05
6.73638e-05
6.77727e-05
6.81477e-05
6.83694e-05
6.85429e-05
6.8769e-05
6.88918e-05
6.89811e-05
6.90477e-05
6.91048e-05
6.91672e-05
6.92525e-05
6.93804e-05
6.9574e-05
6.98591e-05
7.02648e-05
7.08226e-05
7.15641e-05
7.25172e-05
7.36985e-05
7.51021e-05
7.66867e-05
7.83648e-05
7.99987e-05
8.14069e-05
8.23787e-05
8.26899e-05
8.21115e-05
8.03954e-05
7.72239e-05
7.21489e-05
6.47706e-05
5.58161e-05
4.83872e-05
4.44527e-05
4.27512e-05
3.96597e-05
3.12797e-05
1.50101e-05
1.3097e-06
2.75571e-07
8.587e-06
1.78515e-05
2.44048e-05
3.06689e-05
3.66869e-05
4.21856e-05
4.60839e-05
4.85407e-05
4.97044e-05
4.98306e-05
4.92464e-05
4.82937e-05
4.72857e-05
4.64653e-05
4.5975e-05
4.58542e-05
4.60689e-05
4.65511e-05
4.72309e-05
4.80504e-05
4.89668e-05
4.99495e-05
5.09769e-05
5.20328e-05
5.31049e-05
5.41827e-05
5.52569e-05
5.63192e-05
5.73617e-05
5.8377e-05
5.93583e-05
6.02994e-05
6.11948e-05
6.20397e-05
6.283e-05
6.35624e-05
6.42344e-05
6.48445e-05
6.53919e-05
6.58772e-05
6.63048e-05
6.67252e-05
6.69448e-05
6.71653e-05
6.74515e-05
6.76269e-05
6.7774e-05
6.79031e-05
6.8026e-05
6.81567e-05
6.83114e-05
6.85089e-05
6.87708e-05
6.91217e-05
6.95891e-05
7.0203e-05
7.09937e-05
7.1988e-05
7.32024e-05
7.46326e-05
7.62405e-05
7.79429e-05
7.96057e-05
8.1048e-05
8.2056e-05
8.24002e-05
8.18503e-05
8.01702e-05
7.70753e-05
7.2154e-05
6.49541e-05
5.594e-05
4.82583e-05
4.4135e-05
4.25408e-05
3.9805e-05
3.1792e-05
1.5451e-05
1.41592e-06
2.55417e-07
8.40219e-06
1.75319e-05
2.41463e-05
2.96733e-05
3.53814e-05
4.08801e-05
4.50222e-05
4.78108e-05
4.93718e-05
4.988e-05
4.96042e-05
4.88487e-05
4.79105e-05
4.70414e-05
4.6415e-05
4.61131e-05
4.6138e-05
4.64435e-05
4.69669e-05
4.76498e-05
4.84455e-05
4.93197e-05
5.02475e-05
5.1211e-05
5.21964e-05
5.31928e-05
5.41906e-05
5.51817e-05
5.61584e-05
5.71135e-05
5.80407e-05
5.89339e-05
5.97879e-05
6.05982e-05
6.13609e-05
6.20729e-05
6.2732e-05
6.33366e-05
6.38863e-05
6.43813e-05
6.48294e-05
6.52896e-05
6.55063e-05
6.57846e-05
6.61152e-05
6.63437e-05
6.6548e-05
6.67381e-05
6.69253e-05
6.71227e-05
6.73454e-05
6.76113e-05
6.79405e-05
6.83563e-05
6.88847e-05
6.95538e-05
7.0392e-05
7.14246e-05
7.2667e-05
7.41153e-05
7.57341e-05
7.74442e-05
7.91159e-05
8.05707e-05
8.15935e-05
8.19507e-05
8.14091e-05
7.97419e-05
7.66972e-05
7.19164e-05
6.4918e-05
5.59201e-05
4.80311e-05
4.37822e-05
4.2348e-05
3.99044e-05
3.22858e-05
1.59445e-05
1.53149e-06
2.35627e-07
8.23314e-06
1.72552e-05
2.39167e-05
2.88552e-05
3.42368e-05
3.95888e-05
4.38967e-05
4.69676e-05
4.89008e-05
4.97964e-05
4.98615e-05
4.9356e-05
4.85513e-05
4.76947e-05
4.69785e-05
4.65193e-05
4.63575e-05
4.64757e-05
4.68263e-05
4.73553e-05
4.80146e-05
4.87667e-05
4.95838e-05
5.04454e-05
5.13363e-05
5.22445e-05
5.31603e-05
5.40752e-05
5.49818e-05
5.58731e-05
5.67428e-05
5.75854e-05
5.83958e-05
5.91696e-05
5.99032e-05
6.05935e-05
6.12384e-05
6.18366e-05
6.23875e-05
6.28909e-05
6.3374e-05
6.38287e-05
6.40699e-05
6.44166e-05
6.47795e-05
6.50558e-05
6.53137e-05
6.55618e-05
6.58104e-05
6.60718e-05
6.636e-05
6.66917e-05
6.70857e-05
6.7564e-05
6.81507e-05
6.8872e-05
6.9754e-05
7.08196e-05
7.20826e-05
7.35385e-05
7.51534e-05
7.6852e-05
7.85098e-05
7.99525e-05
8.09663e-05
8.13146e-05
8.07611e-05
7.90852e-05
7.60629e-05
7.13661e-05
6.46175e-05
5.57332e-05
4.76918e-05
4.33414e-05
4.21917e-05
3.99381e-05
3.27592e-05
1.649e-05
1.65617e-06
2.15674e-07
7.99879e-06
1.71261e-05
2.37037e-05
2.84467e-05
3.32036e-05
3.83292e-05
4.2728e-05
4.60201e-05
4.82888e-05
4.95652e-05
4.99929e-05
4.9783e-05
4.91738e-05
4.83973e-05
4.76512e-05
4.70764e-05
4.67473e-05
4.66788e-05
4.68458e-05
4.72052e-05
4.77118e-05
4.83268e-05
4.90199e-05
4.97683e-05
5.05551e-05
5.1367e-05
5.21937e-05
5.30264e-05
5.38576e-05
5.46804e-05
5.54887e-05
5.62771e-05
5.70407e-05
5.77753e-05
5.84772e-05
5.91437e-05
5.97725e-05
6.03623e-05
6.09122e-05
6.14226e-05
6.19425e-05
6.23709e-05
6.26572e-05
6.30611e-05
6.34495e-05
6.37715e-05
6.40797e-05
6.43822e-05
6.46886e-05
6.50099e-05
6.53596e-05
6.57529e-05
6.62077e-05
6.6744e-05
6.73842e-05
6.81523e-05
6.90717e-05
7.01624e-05
7.14357e-05
7.28856e-05
7.44791e-05
7.61444e-05
7.77626e-05
7.91657e-05
8.01438e-05
8.04597e-05
7.98739e-05
7.81707e-05
7.51575e-05
7.05451e-05
6.4012e-05
5.53575e-05
4.72255e-05
4.27733e-05
4.17162e-05
3.99213e-05
3.32027e-05
1.70875e-05
1.78967e-06
1.96643e-07
7.76264e-06
1.70771e-05
2.35095e-05
2.83925e-05
3.23867e-05
3.71723e-05
4.15762e-05
4.5007e-05
4.75549e-05
4.91866e-05
4.99827e-05
5.01016e-05
4.97425e-05
4.91138e-05
4.84068e-05
4.7774e-05
4.73155e-05
4.70772e-05
4.70607e-05
4.72405e-05
4.758e-05
4.80426e-05
4.85974e-05
4.92197e-05
4.9891e-05
5.05967e-05
5.13256e-05
5.20684e-05
5.28174e-05
5.35657e-05
5.43073e-05
5.50367e-05
5.57492e-05
5.64405e-05
5.71072e-05
5.77464e-05
5.83558e-05
5.89341e-05
5.94789e-05
6.00036e-05
6.0533e-05
6.09425e-05
6.12876e-05
6.17267e-05
6.21381e-05
6.25016e-05
6.28556e-05
6.32075e-05
6.35662e-05
6.39421e-05
6.43475e-05
6.47966e-05
6.53057e-05
6.58934e-05
6.658e-05
6.73867e-05
6.83339e-05
6.94384e-05
7.07081e-05
7.21352e-05
7.36864e-05
7.52933e-05
7.68431e-05
7.81763e-05
7.90897e-05
7.93479e-05
7.87091e-05
7.69599e-05
7.38697e-05
6.94016e-05
6.31112e-05
5.47591e-05
4.66337e-05
4.21403e-05
4.13205e-05
3.98941e-05
3.3609e-05
1.7736e-05
1.93139e-06
1.79521e-07
7.56658e-06
1.70719e-05
2.33766e-05
2.83451e-05
3.18355e-05
3.61295e-05
4.04803e-05
4.39516e-05
4.67114e-05
4.86616e-05
4.98189e-05
5.02874e-05
5.02234e-05
4.98055e-05
4.92093e-05
4.85875e-05
4.80553e-05
4.76832e-05
4.74997e-05
4.75011e-05
4.76652e-05
4.79628e-05
4.83652e-05
4.88477e-05
4.93906e-05
4.99784e-05
5.0599e-05
5.12426e-05
5.19009e-05
5.2567e-05
5.32347e-05
5.38985e-05
5.45538e-05
5.51963e-05
5.58224e-05
5.64291e-05
5.7014e-05
5.75763e-05
5.81091e-05
5.8656e-05
5.91627e-05
5.95621e-05
5.99675e-05
6.04325e-05
6.08604e-05
6.12584e-05
6.16512e-05
6.20455e-05
6.24494e-05
6.28725e-05
6.33258e-05
6.38225e-05
6.43775e-05
6.50072e-05
6.57298e-05
6.65635e-05
6.75253e-05
6.86282e-05
6.98763e-05
7.12592e-05
7.27433e-05
7.42631e-05
7.57128e-05
7.69428e-05
7.77608e-05
7.79349e-05
7.72227e-05
7.53477e-05
7.22825e-05
6.78974e-05
6.1864e-05
5.38758e-05
4.5877e-05
4.13517e-05
4.07535e-05
3.98108e-05
3.39712e-05
1.84325e-05
2.08055e-06
1.64604e-07
7.42392e-06
1.70951e-05
2.33352e-05
2.82671e-05
3.17979e-05
3.52936e-05
3.94825e-05
4.29692e-05
4.58289e-05
4.80252e-05
4.95104e-05
5.03291e-05
5.05897e-05
5.04351e-05
5.00176e-05
4.94806e-05
4.89434e-05
4.84921e-05
4.81774e-05
4.80182e-05
4.80107e-05
4.81377e-05
4.83772e-05
4.87073e-05
4.91089e-05
4.95663e-05
5.00666e-05
5.05996e-05
5.11568e-05
5.17308e-05
5.23155e-05
5.29052e-05
5.34951e-05
5.40808e-05
5.46588e-05
5.52257e-05
5.5779e-05
5.63182e-05
5.68317e-05
5.73907e-05
5.78741e-05
5.82633e-05
5.87043e-05
5.91895e-05
5.96292e-05
6.00536e-05
6.04768e-05
6.09047e-05
6.13446e-05
6.18051e-05
6.22962e-05
6.28297e-05
6.34188e-05
6.40779e-05
6.48223e-05
6.56671e-05
6.66255e-05
6.77063e-05
6.89097e-05
7.02222e-05
7.16098e-05
7.30099e-05
7.43245e-05
7.54161e-05
7.61072e-05
7.617e-05
7.52888e-05
7.33856e-05
7.0361e-05
6.60117e-05
6.02028e-05
5.26681e-05
4.4923e-05
4.04577e-05
4.01404e-05
3.96154e-05
3.42874e-05
1.91726e-05
2.23611e-06
1.51562e-07
7.33133e-06
1.71017e-05
2.33257e-05
2.81391e-05
3.18892e-05
3.46266e-05
3.85018e-05
4.20315e-05
4.49353e-05
4.73126e-05
4.90798e-05
5.02315e-05
5.08283e-05
5.0974e-05
5.07931e-05
5.04116e-05
4.99436e-05
4.94813e-05
4.909e-05
4.88075e-05
4.8649e-05
4.86127e-05
4.86872e-05
4.88573e-05
4.91069e-05
4.94218e-05
4.97895e-05
5.01997e-05
5.06436e-05
5.1114e-05
5.16042e-05
5.21088e-05
5.26226e-05
5.31412e-05
5.36608e-05
5.4178e-05
5.46897e-05
5.51957e-05
5.56865e-05
5.62252e-05
5.66958e-05
5.70749e-05
5.7526e-05
5.80185e-05
5.84631e-05
5.89032e-05
5.93456e-05
5.97955e-05
6.02593e-05
6.07446e-05
6.12602e-05
6.18161e-05
6.24236e-05
6.30948e-05
6.38419e-05
6.46765e-05
6.56077e-05
6.66398e-05
6.7769e-05
6.89791e-05
7.02357e-05
7.14798e-05
7.26215e-05
7.35382e-05
7.40723e-05
7.39237e-05
7.2961e-05
7.10708e-05
6.80053e-05
6.37014e-05
5.81226e-05
5.11098e-05
4.37408e-05
3.94169e-05
3.9475e-05
3.94735e-05
3.4573e-05
1.99481e-05
2.39681e-06
1.39697e-07
7.25569e-06
1.70566e-05
2.33166e-05
2.80935e-05
3.19654e-05
3.46185e-05
3.77214e-05
4.12424e-05
4.40962e-05
4.6574e-05
4.8563e-05
5.00136e-05
5.09403e-05
5.14067e-05
5.15054e-05
5.13403e-05
5.10133e-05
5.0614e-05
5.0214e-05
4.9864e-05
4.95946e-05
4.94197e-05
4.93413e-05
4.93535e-05
4.94469e-05
4.9611e-05
4.98354e-05
5.01107e-05
5.04288e-05
5.07825e-05
5.11653e-05
5.15715e-05
5.19961e-05
5.24346e-05
5.28828e-05
5.33374e-05
5.37944e-05
5.42552e-05
5.4701e-05
5.52165e-05
5.56642e-05
5.60227e-05
5.64613e-05
5.69446e-05
5.73867e-05
5.78284e-05
5.82755e-05
5.87324e-05
5.92043e-05
5.96976e-05
6.02196e-05
6.07785e-05
6.13833e-05
6.20433e-05
6.27673e-05
6.35632e-05
6.44357e-05
6.5385e-05
6.64036e-05
6.7473e-05
6.85591e-05
6.9607e-05
7.05363e-05
7.12418e-05
7.15456e-05
7.12151e-05
7.02158e-05
6.82509e-05
6.51747e-05
6.09426e-05
5.5603e-05
4.91401e-05
4.23128e-05
3.82595e-05
3.87055e-05
3.91853e-05
3.48238e-05
2.07476e-05
2.56119e-06
1.28475e-07
7.15396e-06
1.69548e-05
2.3273e-05
2.80422e-05
3.18516e-05
3.47351e-05
3.71105e-05
4.0436e-05
4.33979e-05
4.58969e-05
4.80327e-05
4.97271e-05
5.09552e-05
5.17407e-05
5.21425e-05
5.22388e-05
5.21138e-05
5.18482e-05
5.15123e-05
5.11623e-05
5.08393e-05
5.05698e-05
5.03683e-05
5.02403e-05
5.0185e-05
5.01983e-05
5.02741e-05
5.04059e-05
5.0587e-05
5.08113e-05
5.10728e-05
5.13664e-05
5.16869e-05
5.203e-05
5.23914e-05
5.27676e-05
5.31545e-05
5.35529e-05
5.39458e-05
5.43895e-05
5.4825e-05
5.51679e-05
5.55519e-05
5.60023e-05
5.64336e-05
5.68583e-05
5.72908e-05
5.77344e-05
5.81929e-05
5.86714e-05
5.91752e-05
5.97104e-05
6.02833e-05
6.09001e-05
6.15663e-05
6.22857e-05
6.30592e-05
6.38831e-05
6.47469e-05
6.5631e-05
6.65027e-05
6.73125e-05
6.799e-05
6.8459e-05
6.84532e-05
6.80336e-05
6.69045e-05
6.48847e-05
6.18344e-05
5.77187e-05
5.26488e-05
4.67172e-05
4.06365e-05
3.69912e-05
3.78269e-05
3.86845e-05
3.50192e-05
2.15652e-05
2.72774e-06
1.17942e-07
7.01827e-06
1.68011e-05
2.31765e-05
2.79504e-05
3.17429e-05
3.48443e-05
3.71166e-05
3.97176e-05
4.27666e-05
4.52913e-05
4.75334e-05
4.94253e-05
5.09186e-05
5.20063e-05
5.27161e-05
5.30998e-05
5.32217e-05
5.31488e-05
5.29448e-05
5.26653e-05
5.23557e-05
5.20505e-05
5.1774e-05
5.15416e-05
5.13619e-05
5.12386e-05
5.11718e-05
5.11594e-05
5.11982e-05
5.12842e-05
5.1413e-05
5.15804e-05
5.1782e-05
5.20136e-05
5.22713e-05
5.25516e-05
5.28503e-05
5.3166e-05
5.34928e-05
5.38283e-05
5.42328e-05
5.458e-05
5.48484e-05
5.52388e-05
5.56472e-05
5.60295e-05
5.64207e-05
5.68224e-05
5.72374e-05
5.76686e-05
5.81194e-05
5.85933e-05
5.90939e-05
5.96244e-05
6.01866e-05
6.07809e-05
6.14049e-05
6.20521e-05
6.27104e-05
6.33601e-05
6.39715e-05
6.45018e-05
6.48916e-05
6.50359e-05
6.48641e-05
6.42332e-05
6.29772e-05
6.09283e-05
5.79537e-05
5.40226e-05
4.92911e-05
4.40633e-05
3.8623e-05
3.56311e-05
3.68591e-05
3.8179e-05
3.51282e-05
2.23945e-05
2.89495e-06
1.08729e-07
6.87853e-06
1.66323e-05
2.304e-05
2.78038e-05
3.15932e-05
3.47015e-05
3.72678e-05
3.95263e-05
4.22343e-05
4.4917e-05
4.71822e-05
4.92045e-05
5.09113e-05
5.22666e-05
5.32698e-05
5.39467e-05
5.43403e-05
5.45019e-05
5.44847e-05
5.43392e-05
5.411e-05
5.38347e-05
5.35434e-05
5.32587e-05
5.2997e-05
5.27693e-05
5.25825e-05
5.24399e-05
5.2343e-05
5.22912e-05
5.22829e-05
5.23156e-05
5.23864e-05
5.2492e-05
5.2629e-05
5.27941e-05
5.29836e-05
5.3195e-05
5.34245e-05
5.36695e-05
5.39271e-05
5.42567e-05
5.44988e-05
5.47206e-05
5.50547e-05
5.53725e-05
5.56843e-05
5.60031e-05
5.63312e-05
5.66689e-05
5.70175e-05
5.73783e-05
5.77521e-05
5.81393e-05
5.85389e-05
5.89487e-05
5.9364e-05
5.9777e-05
6.01754e-05
6.05416e-05
6.08503e-05
6.10664e-05
6.11436e-05
6.09798e-05
6.05628e-05
5.97437e-05
5.83867e-05
5.63512e-05
5.3521e-05
4.98683e-05
4.55551e-05
4.10177e-05
3.63404e-05
3.41416e-05
3.57939e-05
3.75193e-05
3.51248e-05
2.32183e-05
3.06168e-06
1.02538e-07
6.81024e-06
1.65376e-05
2.29324e-05
2.7638e-05
3.14102e-05
3.45546e-05
3.72488e-05
3.95799e-05
4.19478e-05
4.45498e-05
4.70593e-05
4.91758e-05
5.10442e-05
5.26227e-05
5.38885e-05
5.48447e-05
5.55141e-05
5.59317e-05
5.61381e-05
5.61755e-05
5.60845e-05
5.59017e-05
5.56587e-05
5.53823e-05
5.50936e-05
5.48092e-05
5.45415e-05
5.42994e-05
5.40886e-05
5.39126e-05
5.37732e-05
5.36706e-05
5.36037e-05
5.3571e-05
5.35702e-05
5.35985e-05
5.36532e-05
5.37313e-05
5.38297e-05
5.39462e-05
5.40748e-05
5.42257e-05
5.43984e-05
5.45597e-05
5.46734e-05
5.48625e-05
5.50526e-05
5.52282e-05
5.54089e-05
5.5589e-05
5.57696e-05
5.59495e-05
5.61278e-05
5.63027e-05
5.64717e-05
5.66311e-05
5.67756e-05
5.68979e-05
5.69873e-05
5.70296e-05
5.70053e-05
5.68886e-05
5.66445e-05
5.62058e-05
5.55334e-05
5.45474e-05
5.31251e-05
5.11622e-05
4.85661e-05
4.53155e-05
4.15506e-05
3.79498e-05
3.4386e-05
3.24663e-05
3.46562e-05
3.67839e-05
3.5018e-05
2.40258e-05
3.22696e-06
1.0085e-07
6.91198e-06
1.66677e-05
2.29978e-05
2.75656e-05
3.12716e-05
3.44432e-05
3.72277e-05
3.97358e-05
4.21376e-05
4.45393e-05
4.70352e-05
4.93887e-05
5.14681e-05
5.32263e-05
5.47145e-05
5.59212e-05
5.68522e-05
5.75266e-05
5.79727e-05
5.82227e-05
5.83104e-05
5.82686e-05
5.81276e-05
5.79144e-05
5.76522e-05
5.73607e-05
5.70556e-05
5.67498e-05
5.64527e-05
5.61714e-05
5.59108e-05
5.5674e-05
5.54625e-05
5.52766e-05
5.51157e-05
5.49786e-05
5.48633e-05
5.47675e-05
5.46888e-05
5.46247e-05
5.45716e-05
5.45287e-05
5.44938e-05
5.44706e-05
5.44208e-05
5.43961e-05
5.4358e-05
5.43131e-05
5.4276e-05
5.42162e-05
5.41506e-05
5.40727e-05
5.39805e-05
5.38718e-05
5.37439e-05
5.35935e-05
5.34164e-05
5.32071e-05
5.29581e-05
5.26603e-05
5.23001e-05
5.18618e-05
5.13191e-05
5.06658e-05
4.98027e-05
4.86721e-05
4.72522e-05
4.54949e-05
4.33306e-05
4.07402e-05
3.77884e-05
3.49385e-05
3.23265e-05
3.144e-05
3.34218e-05
3.60392e-05
3.47807e-05
2.47532e-05
3.39056e-06
1.06564e-07
7.20347e-06
1.72433e-05
2.34607e-05
2.77971e-05
3.13662e-05
3.45334e-05
3.74159e-05
4.00861e-05
4.26758e-05
4.51964e-05
4.75691e-05
5.00223e-05
5.21947e-05
5.42427e-05
5.5981e-05
5.73984e-05
5.85599e-05
5.94695e-05
6.01437e-05
6.0605e-05
6.08793e-05
6.09939e-05
6.09753e-05
6.08488e-05
6.06373e-05
6.0361e-05
6.00376e-05
5.96818e-05
5.9306e-05
5.89199e-05
5.85311e-05
5.81454e-05
5.77666e-05
5.73973e-05
5.70389e-05
5.66915e-05
5.63549e-05
5.60279e-05
5.57091e-05
5.53964e-05
5.50883e-05
5.4781e-05
5.44758e-05
5.41644e-05
5.38602e-05
5.35108e-05
5.31464e-05
5.28982e-05
5.25347e-05
5.21253e-05
5.17525e-05
5.13487e-05
5.09264e-05
5.04833e-05
5.00181e-05
4.95298e-05
4.90158e-05
4.84744e-05
4.79013e-05
4.72932e-05
4.66424e-05
4.5943e-05
4.51803e-05
4.43404e-05
4.34269e-05
4.24144e-05
4.12338e-05
3.98322e-05
3.81165e-05
3.60549e-05
3.36472e-05
3.13978e-05
2.98181e-05
2.98364e-05
3.27407e-05
3.52425e-05
3.44106e-05
2.53704e-05
3.55443e-06
1.23155e-07
7.83343e-06
1.83729e-05
2.45595e-05
2.86068e-05
3.20024e-05
3.51514e-05
3.81536e-05
4.10769e-05
4.38233e-05
4.64074e-05
4.90259e-05
5.14857e-05
5.3769e-05
5.59347e-05
5.77726e-05
5.94904e-05
6.08641e-05
6.19428e-05
6.27801e-05
6.33908e-05
6.37942e-05
6.40124e-05
6.40681e-05
6.3984e-05
6.37817e-05
6.3481e-05
6.31e-05
6.26549e-05
6.21592e-05
6.16249e-05
6.10617e-05
6.04771e-05
5.9877e-05
5.92657e-05
5.86465e-05
5.80215e-05
5.73925e-05
5.67597e-05
5.61239e-05
5.54837e-05
5.48403e-05
5.4189e-05
5.3537e-05
5.28689e-05
5.22076e-05
5.15144e-05
5.07755e-05
5.01186e-05
4.94344e-05
4.874e-05
4.80083e-05
4.72277e-05
4.6473e-05
4.57051e-05
4.49284e-05
4.41436e-05
4.33499e-05
4.25495e-05
4.17407e-05
4.09268e-05
4.01034e-05
3.92751e-05
3.84325e-05
3.758e-05
3.67003e-05
3.58001e-05
3.48371e-05
3.38109e-05
3.26516e-05
3.13878e-05
3.00085e-05
2.88058e-05
2.82426e-05
2.88342e-05
3.15085e-05
3.48264e-05
3.38664e-05
2.57559e-05
3.72145e-06
1.54522e-07
8.87125e-06
1.99413e-05
2.59812e-05
2.99906e-05
3.3307e-05
3.64871e-05
3.95758e-05
4.24229e-05
4.51071e-05
4.82265e-05
5.11707e-05
5.38388e-05
5.63287e-05
5.84551e-05
6.03467e-05
6.19916e-05
6.34517e-05
6.46506e-05
6.54998e-05
6.61047e-05
6.64842e-05
6.66582e-05
6.66474e-05
6.64727e-05
6.61545e-05
6.57121e-05
6.51634e-05
6.45249e-05
6.38112e-05
6.30359e-05
6.2209e-05
6.13377e-05
6.04292e-05
5.94901e-05
5.85269e-05
5.75442e-05
5.6547e-05
5.55371e-05
5.45199e-05
5.34935e-05
5.24646e-05
5.14276e-05
5.04021e-05
4.93517e-05
4.83387e-05
4.72521e-05
4.6238e-05
4.52547e-05
4.42306e-05
4.32267e-05
4.22151e-05
4.12745e-05
4.02757e-05
3.928e-05
3.83354e-05
3.74093e-05
3.65025e-05
3.56219e-05
3.47663e-05
3.39452e-05
3.31545e-05
3.2409e-05
3.16981e-05
3.10438e-05
3.04237e-05
2.98693e-05
2.93374e-05
2.88699e-05
2.83931e-05
2.79772e-05
2.75526e-05
2.73387e-05
2.75154e-05
2.85993e-05
3.11173e-05
3.38396e-05
3.31775e-05
2.55107e-05
3.90063e-06
2.05476e-07
1.03959e-05
2.18411e-05
2.7215e-05
3.05817e-05
3.37308e-05
3.68931e-05
4.005e-05
4.31977e-05
4.65245e-05
4.97799e-05
5.28432e-05
5.56963e-05
5.82551e-05
6.03898e-05
6.21891e-05
6.35499e-05
6.46695e-05
6.56957e-05
6.63982e-05
6.67567e-05
6.68828e-05
6.67953e-05
6.65144e-05
6.60601e-05
6.54524e-05
6.47101e-05
6.38511e-05
6.28925e-05
6.18489e-05
6.07379e-05
5.95581e-05
5.83115e-05
5.70179e-05
5.56912e-05
5.43445e-05
5.29857e-05
5.16235e-05
5.02605e-05
4.89093e-05
4.75599e-05
4.62349e-05
4.4929e-05
4.36635e-05
4.23681e-05
4.11619e-05
3.99898e-05
3.88213e-05
3.76904e-05
3.65988e-05
3.55549e-05
3.45275e-05
3.35977e-05
3.26533e-05
3.17443e-05
3.09023e-05
3.0106e-05
2.93591e-05
2.86707e-05
2.80369e-05
2.74719e-05
2.69686e-05
2.6549e-05
2.61965e-05
2.59451e-05
2.57632e-05
2.57006e-05
2.57018e-05
2.58368e-05
2.60141e-05
2.63306e-05
2.66633e-05
2.71813e-05
2.78594e-05
2.9115e-05
3.11796e-05
3.34873e-05
3.24492e-05
2.49492e-05
3.99299e-06
2.83323e-07
1.18215e-05
2.27621e-05
2.70121e-05
2.9532e-05
3.22605e-05
3.52345e-05
3.82978e-05
4.13948e-05
4.44393e-05
4.7261e-05
4.98754e-05
5.22629e-05
5.43657e-05
5.61526e-05
5.75975e-05
5.87109e-05
5.93699e-05
5.98803e-05
6.02432e-05
6.02313e-05
5.99851e-05
5.95318e-05
5.88961e-05
5.81002e-05
5.71669e-05
5.61149e-05
5.4964e-05
5.37334e-05
5.24389e-05
5.10953e-05
4.972e-05
4.83331e-05
4.69317e-05
4.55278e-05
4.4136e-05
4.27578e-05
4.14009e-05
4.00678e-05
3.87715e-05
3.74898e-05
3.62929e-05
3.51487e-05
3.40293e-05
3.29589e-05
3.19385e-05
3.09647e-05
3.00506e-05
2.91686e-05
2.83845e-05
2.76256e-05
2.68958e-05
2.625e-05
2.56652e-05
2.51375e-05
2.46755e-05
2.42809e-05
2.3955e-05
2.3695e-05
2.34974e-05
2.33784e-05
2.33283e-05
2.33682e-05
2.34768e-05
2.36899e-05
2.39688e-05
2.4369e-05
2.48253e-05
2.54181e-05
2.60431e-05
2.68052e-05
2.75584e-05
2.84234e-05
2.93114e-05
3.03438e-05
3.18281e-05
3.32011e-05
3.1446e-05
2.41289e-05
4.02695e-06
3.78776e-07
1.23807e-05
2.05745e-05
2.24212e-05
2.38753e-05
2.57354e-05
2.7911e-05
3.02675e-05
3.26824e-05
3.49759e-05
3.70786e-05
3.89771e-05
4.06524e-05
4.20813e-05
4.32605e-05
4.41725e-05
4.48276e-05
4.51944e-05
4.53241e-05
4.5334e-05
4.51863e-05
4.48162e-05
4.43003e-05
4.36597e-05
4.29128e-05
4.20809e-05
4.11755e-05
4.02167e-05
3.92234e-05
3.82026e-05
3.71687e-05
3.61291e-05
3.51072e-05
3.40821e-05
3.30934e-05
3.21452e-05
3.12215e-05
3.03312e-05
2.94778e-05
2.86713e-05
2.79029e-05
2.71751e-05
2.6505e-05
2.58663e-05
2.53165e-05
2.47765e-05
2.42805e-05
2.38563e-05
2.34799e-05
2.31587e-05
2.2891e-05
2.26721e-05
2.25058e-05
2.23927e-05
2.23336e-05
2.23273e-05
2.23767e-05
2.24789e-05
2.26401e-05
2.28554e-05
2.31359e-05
2.34656e-05
2.38578e-05
2.42934e-05
2.48044e-05
2.53503e-05
2.5986e-05
2.66414e-05
2.74002e-05
2.81514e-05
2.90026e-05
2.98038e-05
3.06406e-05
3.14363e-05
3.20245e-05
3.2899e-05
3.27465e-05
3.01665e-05
2.24618e-05
3.91714e-06
4.56274e-07
1.14071e-05
1.52987e-05
1.55532e-05
1.63625e-05
1.75536e-05
1.89266e-05
2.03847e-05
2.18526e-05
2.32496e-05
2.45464e-05
2.57251e-05
2.67704e-05
2.76712e-05
2.84309e-05
2.90479e-05
2.9492e-05
2.9808e-05
2.99953e-05
3.00559e-05
3.00537e-05
2.99765e-05
2.97941e-05
2.95487e-05
2.92501e-05
2.89142e-05
2.85373e-05
2.81455e-05
2.77506e-05
2.73374e-05
2.69271e-05
2.65204e-05
2.61314e-05
2.5754e-05
2.53959e-05
2.50546e-05
2.47563e-05
2.44609e-05
2.41902e-05
2.39567e-05
2.37525e-05
2.35737e-05
2.3427e-05
2.33048e-05
2.32173e-05
2.31574e-05
2.31277e-05
2.31343e-05
2.3175e-05
2.3248e-05
2.33518e-05
2.34863e-05
2.3649e-05
2.38413e-05
2.40603e-05
2.43086e-05
2.45827e-05
2.48857e-05
2.52152e-05
2.55727e-05
2.59593e-05
2.63703e-05
2.68242e-05
2.72941e-05
2.78182e-05
2.83365e-05
2.89286e-05
2.94857e-05
3.01394e-05
3.07149e-05
3.13972e-05
3.1944e-05
3.2549e-05
3.29932e-05
3.30388e-05
3.32535e-05
3.0964e-05
2.74835e-05
1.90948e-05
3.5709e-06
5.10895e-07
9.81002e-06
1.17215e-05
1.36678e-05
1.56209e-05
1.74588e-05
1.91243e-05
2.05843e-05
2.1827e-05
2.28591e-05
2.37041e-05
2.43895e-05
2.49422e-05
2.53794e-05
2.57339e-05
2.60321e-05
2.6166e-05
2.63121e-05
2.64197e-05
2.64617e-05
2.64698e-05
2.64583e-05
2.64227e-05
2.63683e-05
2.62995e-05
2.62194e-05
2.61341e-05
2.60393e-05
2.59521e-05
2.58522e-05
2.57647e-05
2.56761e-05
2.56138e-05
2.55411e-05
2.54718e-05
2.54171e-05
2.53745e-05
2.53424e-05
2.532e-05
2.53094e-05
2.53103e-05
2.53238e-05
2.53486e-05
2.53868e-05
2.54357e-05
2.54988e-05
2.55722e-05
2.56557e-05
2.5748e-05
2.58526e-05
2.59669e-05
2.60953e-05
2.6234e-05
2.63885e-05
2.65539e-05
2.67368e-05
2.69315e-05
2.71446e-05
2.73718e-05
2.76159e-05
2.78797e-05
2.81532e-05
2.84612e-05
2.87596e-05
2.91268e-05
2.94144e-05
2.98252e-05
3.00749e-05
3.05306e-05
3.07123e-05
3.11856e-05
3.12623e-05
3.16999e-05
3.14079e-05
3.11566e-05
3.01682e-05
2.78746e-05
2.29369e-05
1.19731e-05
3.07061e-06
3.1451e-07
6.06386e-07
9.24656e-07
1.2488e-06
1.56154e-06
1.85445e-06
2.12723e-06
2.38042e-06
2.61238e-06
2.82175e-06
3.00714e-06
3.16908e-06
3.3074e-06
3.42502e-06
3.52114e-06
3.60164e-06
3.66349e-06
3.70886e-06
3.74367e-06
3.76405e-06
3.7772e-06
3.77685e-06
3.77277e-06
3.76298e-06
3.7468e-06
3.72594e-06
3.70231e-06
3.67541e-06
3.6473e-06
3.61716e-06
3.58682e-06
3.55545e-06
3.52464e-06
3.49422e-06
3.46435e-06
3.43526e-06
3.40746e-06
3.38085e-06
3.35591e-06
3.33233e-06
3.31076e-06
3.29067e-06
3.27288e-06
3.25657e-06
3.24287e-06
3.23054e-06
3.22116e-06
3.21293e-06
3.2079e-06
3.20374e-06
3.20311e-06
3.20399e-06
3.2068e-06
3.21102e-06
3.22001e-06
3.22738e-06
3.24252e-06
3.25318e-06
3.27482e-06
3.28888e-06
3.31732e-06
3.33471e-06
3.36996e-06
3.39078e-06
3.43296e-06
3.46067e-06
3.51731e-06
3.55143e-06
3.61967e-06
3.66218e-06
3.7363e-06
3.78749e-06
3.86121e-06
3.91976e-06
3.9766e-06
4.01097e-06
3.9907e-06
3.89241e-06
3.57709e-06
2.63717e-06
)
;

boundaryField
{
    movingWall
    {
        type            nutkWallFunction;
        Cmu             0.09;
        kappa           0.41;
        E               9.8;
        value           uniform 0;
    }
    fixedWalls
    {
        type            nutkWallFunction;
        Cmu             0.09;
        kappa           0.41;
        E               9.8;
        value           uniform 0;
    }
    frontAndBack
    {
        type            empty;
    }
}


// ************************************************************************* //
