/*--------------------------------*- C++ -*----------------------------------*\
  =========                 |
  \\      /  F ield         | OpenFOAM: The Open Source CFD Toolbox
   \\    /   O peration     | Website:  https://openfoam.org
    \\  /    A nd           | Version:  13
     \\/     M anipulation  |
\*---------------------------------------------------------------------------*/
FoamFile
{
    format      ascii;
    class       volScalarField;
    location    "3.2";
    object      epsilon;
}
// * * * * * * * * * * * * * * * * * * * * * * * * * * * * * * * * * * * * * //

dimensions      [0 2 -3 0 0 0 0];

internalField   nonuniform List<scalar> 
6400
(
2.17601e-05
0.000110214
0.000257412
0.000411528
0.000537644
0.000625229
0.000681009
0.000720012
0.000758438
0.000810732
0.000888881
0.00100004
0.00115044
0.00134251
0.00157361
0.00183654
0.00212768
0.00243769
0.00275735
0.0030797
0.00340653
0.00375594
0.00415799
0.0046376
0.0051991
0.0058134
0.00643261
0.00705749
0.00769668
0.00836418
0.00906565
0.00978901
0.0104983
0.011196
0.011877
0.0125581
0.0132442
0.0139483
0.0146776
0.0154417
0.0162463
0.0170974
0.0180025
0.0189676
0.0199914
0.0210756
0.0222322
0.0235042
0.0249749
0.026847
0.028657
0.0305243
0.0323418
0.0340929
0.0357104
0.037133
0.038288
0.0390089
0.039344
0.0394268
0.0388376
0.0375962
0.0357129
0.0332355
0.030224
0.0267939
0.0231019
0.0193548
0.0157221
0.0123021
0.00925551
0.00683678
0.00485026
0.00328965
0.00213699
0.00132971
0.000789901
0.000438088
0.000198316
4.16188e-05
0.000105747
9.97662e-05
0.000156157
0.000223873
0.000280742
0.00032383
0.000356256
0.000383773
0.000413238
0.000452288
0.000508554
0.000588653
0.000699478
0.000847153
0.0010365
0.00127152
0.00155704
0.0018973
0.00229694
0.00276238
0.0033042
0.00393084
0.00466438
0.0055295
0.00652732
0.00764096
0.00888099
0.0101687
0.0114402
0.0126422
0.0137071
0.0145857
0.015295
0.0158359
0.0162402
0.0165351
0.0167483
0.0169078
0.0170359
0.0171516
0.0172702
0.0174098
0.0175806
0.0177667
0.0179653
0.0181863
0.01846
0.0187957
0.0191852
0.0196367
0.0201274
0.0206389
0.0211646
0.0216718
0.0221433
0.0225428
0.0227984
0.0228963
0.0228654
0.022623
0.022107
0.0213042
0.0202083
0.0188165
0.0171711
0.0153255
0.0133636
0.0113758
0.00944813
0.0076524
0.00605638
0.00472503
0.00359798
0.00264836
0.00186532
0.00124106
0.000765439
0.000427575
0.000218422
0.000216481
0.000231264
0.000173413
0.000215736
0.000267074
0.000307448
0.000339754
0.000370073
0.000405187
0.000452812
0.000522336
0.000623736
0.000768665
0.000969259
0.00123693
0.00158241
0.00201726
0.00255132
0.00319345
0.00394996
0.00482428
0.00581673
0.00692435
0.00812122
0.00934574
0.0105132
0.011526
0.0122796
0.0128004
0.013156
0.0133981
0.013601
0.0137291
0.013758
0.0136459
0.0135111
0.0133605
0.0132184
0.0130971
0.0130166
0.0129817
0.0129755
0.0130286
0.0131305
0.0133038
0.0135557
0.0138838
0.0142699
0.0147161
0.0152163
0.0157679
0.0163646
0.0169959
0.0176528
0.0183176
0.0189704
0.0195825
0.02012
0.020551
0.0207772
0.0208389
0.020672
0.0201973
0.0193873
0.0182413
0.0168076
0.0151407
0.0133156
0.0114241
0.00955498
0.00779131
0.00620215
0.00483515
0.00369553
0.00276642
0.00202145
0.00142869
0.00095979
0.000596937
0.000372907
0.000553065
0.000394808
0.000288288
0.000329151
0.000377042
0.000415189
0.000450689
0.000492673
0.000551187
0.000637914
0.000766818
0.000955516
0.00122251
0.00158556
0.00205996
0.00265756
0.00338603
0.00424833
0.00523638
0.00632692
0.00747845
0.00863259
0.00971668
0.010651
0.011361
0.0118015
0.0120207
0.0121146
0.01214
0.0120098
0.0117352
0.01142
0.0110439
0.010756
0.0105349
0.0103411
0.0101967
0.010111
0.0100762
0.010073
0.0101396
0.0102533
0.0104251
0.0106503
0.0109335
0.0112726
0.0116667
0.0121143
0.0126172
0.0131742
0.0137847
0.0144463
0.0151539
0.0159008
0.0166754
0.0174613
0.018235
0.0189658
0.019616
0.0201383
0.0204269
0.0205178
0.0203462
0.0198695
0.0190461
0.0177922
0.0162265
0.0144117
0.0124466
0.0104406
0.00850535
0.00673752
0.00520521
0.00393722
0.00292839
0.0021466
0.00154926
0.00109042
0.000738562
0.000533939
0.00088066
0.000613685
0.000441257
0.000476943
0.000525951
0.000571794
0.000623086
0.000692134
0.000793849
0.000946432
0.00117165
0.00149366
0.00193544
0.00251488
0.00324162
0.00411521
0.00512228
0.0062326
0.00739379
0.00853165
0.00955644
0.0103871
0.0109373
0.0111994
0.0112927
0.0113026
0.0110771
0.0106616
0.010196
0.00975182
0.00938067
0.00903601
0.00874816
0.00853063
0.00836468
0.0082499
0.00819417
0.00817551
0.00818983
0.0082592
0.00836824
0.0085182
0.0087093
0.00894088
0.00921419
0.00952975
0.00988943
0.0102954
0.0107505
0.0112569
0.011817
0.0124329
0.013105
0.013832
0.0146102
0.0154322
0.0162847
0.0171454
0.0179849
0.0187643
0.0194299
0.0198785
0.0200597
0.0200033
0.0195567
0.0187868
0.0174758
0.0157854
0.0138152
0.0116853
0.00953812
0.00751587
0.00573309
0.00425643
0.00309848
0.00222858
0.00159252
0.00113035
0.000798766
0.000635738
0.00109138
0.000910261
0.000636992
0.000661187
0.000716074
0.000780358
0.000861306
0.000975316
0.00114375
0.00139244
0.00175009
0.00224414
0.00289465
0.00370817
0.00467357
0.00575942
0.00691201
0.00805474
0.00909242
0.00993173
0.0104589
0.010692
0.0107575
0.0106506
0.0103021
0.00976824
0.0092164
0.00873306
0.00828232
0.00790297
0.00758708
0.00732553
0.00712377
0.00697311
0.00686612
0.00680754
0.00678324
0.00677917
0.00681257
0.00687725
0.00696806
0.00708646
0.00723141
0.00740352
0.00760384
0.00783411
0.00809694
0.00839577
0.00873479
0.009119
0.009554
0.0100459
0.010601
0.0112248
0.0119211
0.0126916
0.0135349
0.0144453
0.0154061
0.0163959
0.0173712
0.0182744
0.0190347
0.0194682
0.0196072
0.0193551
0.0186969
0.0173532
0.0155492
0.0133945
0.0110527
0.00872106
0.00658731
0.00478728
0.00337926
0.00234737
0.00162605
0.00113312
0.000808094
0.000679366
0.00116934
0.00130637
0.000880237
0.000888664
0.000956525
0.00105116
0.00117672
0.00135502
0.00161443
0.00198705
0.0025039
0.00318728
0.00404218
0.00504946
0.00616268
0.00730892
0.00839393
0.00931291
0.00994563
0.0102357
0.0103193
0.0102169
0.00983129
0.00925289
0.0086494
0.00809222
0.00759014
0.00716494
0.00680004
0.0065034
0.00626128
0.00606905
0.00592135
0.00581083
0.00573268
0.0056849
0.00566237
0.00565562
0.00566833
0.0057035
0.00575431
0.0058221
0.00590639
0.00600814
0.00612841
0.00626904
0.00643247
0.00662186
0.00684134
0.00709604
0.00739216
0.00773707
0.00813959
0.00861091
0.00916256
0.00980623
0.0105531
0.0114129
0.0123863
0.013465
0.0146371
0.0158624
0.0170841
0.0182082
0.0190655
0.0194562
0.0195098
0.01896
0.0175948
0.0156257
0.0132041
0.0105679
0.00799416
0.00572772
0.00391959
0.00260231
0.00171442
0.00114683
0.000803394
0.000682724
0.00115386
0.00182149
0.0011745
0.00116523
0.0012581
0.00139435
0.00157922
0.00183973
0.00220965
0.00272271
0.00340383
0.00425872
0.00526481
0.00636687
0.00747909
0.00849483
0.00930437
0.00974854
0.00990666
0.00991174
0.00959513
0.00901739
0.00836883
0.00775261
0.00719055
0.00670543
0.00629247
0.00594991
0.00566551
0.00543524
0.00524827
0.0050996
0.00498288
0.00489305
0.00482612
0.00477885
0.00474955
0.00473595
0.00473229
0.00474141
0.00476395
0.00479745
0.00484284
0.00490039
0.00497117
0.00505653
0.00515841
0.00527915
0.00542182
0.00559019
0.00578897
0.006024
0.00630267
0.00663424
0.00703008
0.00750477
0.00807596
0.00876407
0.00959453
0.010584
0.0117453
0.0130715
0.0145382
0.0160891
0.0176157
0.0189524
0.0197337
0.0200105
0.0196242
0.0181893
0.0159613
0.0131663
0.0101515
0.00729782
0.00490807
0.00312771
0.00193643
0.00121166
0.000810424
0.000675741
0.00111122
0.00246938
0.00152282
0.00149904
0.00162736
0.00181595
0.00207256
0.00242775
0.00291663
0.00356718
0.00438817
0.00535831
0.00642034
0.00748312
0.00843356
0.00914414
0.00948492
0.00958782
0.00945293
0.00898306
0.00831952
0.007658
0.00702851
0.00647755
0.00600376
0.00560741
0.00527766
0.00500622
0.00478296
0.00460134
0.00445366
0.00433525
0.00424117
0.00416783
0.00411223
0.00407197
0.0040456
0.00403279
0.00402851
0.00403261
0.00404932
0.00407438
0.00410938
0.00415411
0.00420945
0.0042763
0.00435603
0.00445021
0.00456089
0.00469058
0.00484232
0.00501979
0.00522748
0.00547082
0.00575714
0.00609587
0.00649973
0.00698828
0.00758776
0.00833363
0.00926857
0.0104277
0.0118417
0.0135016
0.015359
0.0173033
0.0191213
0.0203456
0.0208481
0.0206106
0.0190202
0.0164123
0.013133
0.00968032
0.00655412
0.00409714
0.00240945
0.00138906
0.000856023
0.000679644
0.00109794
0.00325793
0.00193052
0.00189688
0.0020663
0.00231599
0.00265161
0.00310427
0.00370453
0.00446633
0.0053738
0.00637355
0.00737558
0.00826531
0.00889505
0.00917836
0.00925088
0.00900935
0.00844993
0.00776674
0.00707943
0.00645559
0.00590771
0.00544692
0.00506142
0.00474334
0.00448108
0.00426606
0.00409023
0.00394769
0.00383295
0.0037421
0.00367147
0.00361834
0.00358026
0.00355615
0.00354483
0.00354149
0.00354591
0.00356116
0.00358447
0.00361569
0.00365517
0.00370306
0.00376001
0.00382675
0.00390429
0.0039938
0.00409676
0.00421488
0.00435016
0.00450494
0.00468195
0.00488454
0.0051169
0.00538448
0.00569466
0.00605569
0.00648101
0.0069919
0.00762561
0.00844984
0.00953616
0.010965
0.0127534
0.0148867
0.0172482
0.0195747
0.0212495
0.0219593
0.0218041
0.0199271
0.0167929
0.0129303
0.0090287
0.00570313
0.00328428
0.00177306
0.000985386
0.000709967
0.00112569
0.00422192
0.00241082
0.00236027
0.00257336
0.00288753
0.00330145
0.00384192
0.00452844
0.00535414
0.00627464
0.00720693
0.00804003
0.00861892
0.00886919
0.00891762
0.00860946
0.0080142
0.00732355
0.00662814
0.00599895
0.00545795
0.00500234
0.0046264
0.00431632
0.00406262
0.00385531
0.00368717
0.0035519
0.00344462
0.00336105
0.00329783
0.00325188
0.00322058
0.00320437
0.00319808
0.00319761
0.00320782
0.00322494
0.00324975
0.00328097
0.00331896
0.00336389
0.0034162
0.00347654
0.00354575
0.00362489
0.00371509
0.00381775
0.00393437
0.0040666
0.0042162
0.00438504
0.00457511
0.00478858
0.00502796
0.00529653
0.0055991
0.00594324
0.00634103
0.00680668
0.00736848
0.00807911
0.00904184
0.0104161
0.012292
0.0146659
0.0174416
0.0203018
0.0223987
0.0232736
0.0230663
0.0207143
0.0168896
0.0123793
0.00809912
0.0047224
0.00248469
0.00126771
0.000800985
0.00123475
0.00536092
0.00296506
0.00288471
0.00314013
0.00351613
0.00399848
0.00460442
0.00533716
0.00616587
0.00701991
0.0077968
0.0083435
0.0085756
0.00860847
0.00828251
0.00768041
0.00697997
0.00628102
0.00564603
0.00510359
0.00465169
0.00427961
0.00397606
0.00372869
0.00352875
0.00336817
0.00324091
0.00314173
0.00306634
0.00301095
0.00297223
0.00294839
0.00293722
0.00293384
0.00293658
0.00294763
0.00296493
0.00298755
0.00301564
0.00304893
0.0030879
0.00313299
0.00318493
0.0032446
0.00331305
0.00339157
0.00348146
0.00358425
0.00370157
0.00383512
0.00398662
0.00415777
0.00435015
0.00456515
0.00480391
0.00506741
0.00535674
0.00567382
0.00602287
0.0064129
0.00686044
0.00738394
0.00803205
0.00890182
0.0101793
0.0121047
0.0147017
0.0179027
0.0213125
0.0237472
0.0247048
0.0242216
0.0211466
0.0164655
0.0113322
0.00685021
0.00364263
0.00178684
0.00100567
0.00149438
0.00663052
0.003578
0.00345934
0.00375238
0.00418127
0.00471335
0.00535207
0.00608161
0.00684874
0.00756458
0.00808578
0.00830766
0.00833709
0.00802112
0.0074346
0.00673179
0.00602503
0.00538217
0.00483248
0.004378
0.0040067
0.00370556
0.00346283
0.00326824
0.00311409
0.00299361
0.00290139
0.00283266
0.00278325
0.00274947
0.00272926
0.00271986
0.00271693
0.00271826
0.00272643
0.00273902
0.00275565
0.00277615
0.00280079
0.00282991
0.00286421
0.00290444
0.00295158
0.00300674
0.00307119
0.0031463
0.00323363
0.00333488
0.00345188
0.00358655
0.00374087
0.00391679
0.0041161
0.00434028
0.00459028
0.00486635
0.00516798
0.00549402
0.00584335
0.00621654
0.00661915
0.00706615
0.00757536
0.00818944
0.00900704
0.0102215
0.012178
0.0150189
0.018669
0.0226388
0.0252344
0.0261268
0.0250498
0.0209377
0.0153125
0.00971954
0.00533874
0.00261092
0.00137531
0.0019459
0.00799596
0.00423671
0.00406989
0.00439162
0.00485857
0.00541464
0.00604684
0.00672061
0.00736547
0.0078586
0.00807688
0.00811302
0.00782455
0.00726679
0.00657059
0.00585441
0.00519756
0.00463497
0.00417124
0.00379555
0.00349325
0.00325166
0.00306014
0.00290998
0.00279417
0.00270659
0.00264209
0.00259599
0.00256428
0.00254368
0.00253209
0.00252668
0.00252489
0.00252548
0.00253063
0.00253809
0.00254843
0.00256188
0.002579
0.00260053
0.00262729
0.00266025
0.00270051
0.00274926
0.00280785
0.00287771
0.0029605
0.00305803
0.00317231
0.00330552
0.00346
0.00363817
0.0038424
0.00407484
0.00433711
0.00462998
0.00495299
0.00530416
0.00567996
0.00607584
0.00648785
0.00691764
0.00737862
0.00788957
0.00849081
0.00929151
0.0105047
0.0125189
0.0156515
0.0198048
0.0243189
0.0267569
0.0274098
0.0252405
0.0198074
0.0133117
0.00762837
0.00378826
0.00192542
0.00256293
0.00941633
0.00492527
0.00469911
0.0050368
0.00552238
0.00607251
0.00665716
0.00722626
0.00768772
0.00790512
0.0079437
0.00769454
0.00717125
0.00648962
0.00576472
0.00508794
0.00450484
0.00402481
0.00363833
0.00333012
0.00308587
0.00289404
0.00274511
0.0026312
0.00254568
0.00248273
0.00243728
0.00240491
0.00238215
0.00236621
0.00235494
0.00234651
0.00233994
0.00233529
0.00233309
0.00233241
0.00233402
0.00233892
0.00234751
0.00236096
0.00238
0.00240564
0.00243893
0.00248104
0.00253324
0.00259695
0.00267378
0.00276559
0.00287446
0.00300279
0.00315325
0.00332874
0.00353234
0.00376713
0.00403588
0.00434065
0.00468229
0.00505978
0.00546964
0.00590573
0.00635958
0.00682222
0.00729004
0.00777527
0.00829801
0.00890357
0.00971143
0.0109668
0.0131345
0.0166704
0.0214587
0.0261997
0.0282587
0.0284337
0.0244094
0.0175414
0.0105502
0.00536156
0.00267199
0.00331024
0.0108421
0.00562497
0.00532809
0.00566612
0.0061484
0.00666213
0.0071617
0.00758648
0.00779937
0.00783386
0.00763193
0.00714545
0.00648425
0.00575337
0.00505206
0.00444001
0.00393508
0.00353045
0.00321034
0.00295888
0.00276295
0.00261197
0.00249717
0.00241109
0.00234736
0.00230038
0.00226544
0.00223878
0.00221759
0.00219975
0.00218383
0.00216902
0.00215516
0.00214253
0.00213146
0.00212223
0.00211659
0.00211446
0.0021151
0.00212178
0.0021345
0.00215406
0.00218142
0.00221758
0.00226368
0.00232103
0.00239113
0.00247576
0.00257704
0.00269741
0.00283978
0.00300743
0.00320406
0.00343365
0.00370022
0.00400751
0.00435832
0.00475379
0.00519243
0.0056691
0.00617451
0.00669541
0.00721686
0.00772936
0.00824485
0.00878519
0.00940438
0.0102461
0.0115984
0.0140336
0.018096
0.0236423
0.0282866
0.0298669
0.0285126
0.0222094
0.0141397
0.00738984
0.00363198
0.00414191
0.012234
0.00631729
0.00593822
0.00625942
0.00671632
0.00716605
0.00754992
0.00775446
0.00778699
0.00763141
0.00718859
0.00655196
0.00581908
0.00509101
0.0044417
0.00390192
0.00347014
0.00313094
0.0028667
0.00266235
0.00250582
0.00238722
0.00229822
0.00223172
0.00218166
0.00214293
0.00211159
0.00208472
0.0020603
0.00203704
0.00201431
0.00199205
0.00197056
0.00195038
0.0019321
0.00191641
0.00190417
0.00189672
0.00189385
0.00189467
0.001903
0.00191813
0.0019409
0.00197214
0.00201281
0.00206406
0.00212725
0.00220402
0.00229638
0.00240676
0.00253811
0.00269392
0.00287827
0.00309584
0.00335174
0.00365126
0.00399939
0.00439998
0.0048547
0.00536157
0.0059135
0.00649713
0.00709297
0.0076779
0.00823431
0.00877285
0.00933129
0.00998545
0.0108924
0.0124252
0.0153136
0.020053
0.026371
0.0302257
0.0310432
0.0269204
0.018386
0.00994612
0.00482999
0.00501217
0.0135533
0.00698502
0.00651238
0.00679939
0.00721058
0.00757387
0.00778215
0.00782552
0.00768699
0.00729619
0.0066917
0.00596157
0.00520735
0.00451404
0.00392846
0.00345876
0.00309157
0.00280777
0.00258992
0.00242395
0.00229855
0.00220433
0.00213338
0.00207904
0.00203586
0.00199957
0.00196715
0.0019366
0.00190673
0.00187703
0.00184755
0.00181867
0.00179101
0.00176525
0.00174209
0.00172224
0.00170635
0.00169529
0.00169
0.0016886
0.00169358
0.0017058
0.00172519
0.0017525
0.00178851
0.00183419
0.00189073
0.00195961
0.00204268
0.00214223
0.00226112
0.00240281
0.00257155
0.00277237
0.00301108
0.00329421
0.0036286
0.00402081
0.00447607
0.00499672
0.00558021
0.00621697
0.00688864
0.00756796
0.00822228
0.00882599
0.00937545
0.00993848
0.010646
0.0116654
0.0135077
0.0171309
0.022901
0.0293883
0.0320423
0.0310208
0.0231418
0.0131152
0.00628359
0.00591226
0.0147773
0.00761347
0.00703637
0.00727292
0.00762218
0.00785446
0.0079194
0.0077968
0.00746735
0.00689985
0.00618107
0.00540415
0.0046631
0.00402114
0.00350087
0.00309466
0.00278282
0.00254525
0.00236529
0.00222975
0.00212793
0.00205092
0.00199135
0.00194326
0.00190207
0.00186452
0.00182854
0.00179299
0.00175745
0.00172202
0.00168718
0.00165358
0.00162192
0.00159292
0.00156721
0.00154538
0.00152792
0.00151526
0.00150883
0.00150668
0.00150967
0.00151998
0.0015369
0.00156105
0.00159308
0.0016338
0.00168423
0.00174569
0.00181981
0.00190869
0.00201498
0.00214198
0.00229382
0.00247557
0.00269335
0.00295439
0.00326686
0.0036395
0.0040808
0.00459757
0.00519284
0.00586305
0.00659499
0.00736325
0.00812995
0.00885016
0.00950887
0.0100549
0.0106121
0.0113932
0.0126054
0.014982
0.0195938
0.0266824
0.0322024
0.0334794
0.0280657
0.0169753
0.00802606
0.00683471
0.0158763
0.00818968
0.00749907
0.0076705
0.00793116
0.0080379
0.00796798
0.0076919
0.00717232
0.00647509
0.00568411
0.00489567
0.00418897
0.00360455
0.00314579
0.00279507
0.00252985
0.00233029
0.00218066
0.00206849
0.00198365
0.00191785
0.00186447
0.00181847
0.00177627
0.00173563
0.00169536
0.00165505
0.00161486
0.0015753
0.00153704
0.0015008
0.00146727
0.00143705
0.00141064
0.00138846
0.00137084
0.00135803
0.00135133
0.00134897
0.00135094
0.00135992
0.00137492
0.00139645
0.00142505
0.00146139
0.00150635
0.00156108
0.00162701
0.00170602
0.00180047
0.00191341
0.00204868
0.00221113
0.00240683
0.00264319
0.00292907
0.00327467
0.00369101
0.00418889
0.00477693
0.00545871
0.00622888
0.00706889
0.00794353
0.00880053
0.00957855
0.0102666
0.0107973
0.0113552
0.0122482
0.0138042
0.0171064
0.0231329
0.0310488
0.0344957
0.0325823
0.0215517
0.0101434
0.00781021
0.0168252
0.00870497
0.00789288
0.00798674
0.00813894
0.00814938
0.00793635
0.00749538
0.00683804
0.00604671
0.00521782
0.00444237
0.00378115
0.00325415
0.00285072
0.00254747
0.00232101
0.00215225
0.00202632
0.00193144
0.00185814
0.00179893
0.00174811
0.00170167
0.00165705
0.0016129
0.00156878
0.00152483
0.00148156
0.00143966
0.00139985
0.00136279
0.00132904
0.00129906
0.00127318
0.00125165
0.00123467
0.00122236
0.00121582
0.00121346
0.00121488
0.00122278
0.00123615
0.0012554
0.00128097
0.00131344
0.00135357
0.00140235
0.00146102
0.00153123
0.00161508
0.00171528
0.00183531
0.00197964
0.00215399
0.00236557
0.00262335
0.0029382
0.00332275
0.00379079
0.00435579
0.00502831
0.00581194
0.00669795
0.00765959
0.00864782
0.0095925
0.0104295
0.0110887
0.0115911
0.0121777
0.0132721
0.0154402
0.0201775
0.0281836
0.034706
0.0358741
0.02675
0.0127951
0.0089775
0.0176002
0.0091509
0.00821148
0.00821287
0.00827515
0.00817278
0.00784089
0.00725187
0.00648539
0.00563162
0.00479112
0.00404424
0.00343277
0.00295965
0.00260466
0.00234148
0.00214688
0.00200267
0.00189479
0.0018122
0.00174625
0.00169036
0.00163988
0.00159179
0.00154446
0.0014973
0.00145039
0.00140421
0.00135945
0.0013168
0.00127693
0.00124035
0.00120748
0.00117858
0.00115387
0.00113345
0.0011174
0.00110578
0.00109948
0.00109716
0.00109814
0.00110502
0.00111689
0.00113406
0.00115691
0.00118594
0.00122181
0.00126537
0.00131772
0.00138028
0.00145489
0.00154393
0.0016505
0.0017786
0.00193346
0.00212181
0.0023523
0.0026358
0.00298563
0.00341746
0.00394839
0.004595
0.0053696
0.00627462
0.00729514
0.00839108
0.00949186
0.0104996
0.0113667
0.0119577
0.0124135
0.0131246
0.0146084
0.0179678
0.0247882
0.0339296
0.0375198
0.0322559
0.0161647
0.0105041
0.0181891
0.00952906
0.00844715
0.00836238
0.00834236
0.00813872
0.00767747
0.00697826
0.00613068
0.00524059
0.00440737
0.00369782
0.00313602
0.00271165
0.00239837
0.00216867
0.00199997
0.001875
0.00178053
0.00170635
0.00164472
0.00159009
0.00153881
0.0014888
0.0014392
0.00138994
0.00134146
0.0012944
0.00124946
0.00120727
0.00116833
0.00113302
0.00110158
0.00107415
0.00105081
0.00103157
0.00101644
0.00100542
0.000999245
0.000996894
0.000997361
0.0010032
0.00101362
0.00102884
0.0010492
0.00107515
0.00110725
0.00114626
0.00119314
0.00124913
0.00131581
0.00139528
0.00149023
0.00160423
0.00174193
0.00190946
0.00211484
0.0023685
0.00268369
0.00307687
0.00356741
0.00417646
0.00492397
0.00582349
0.0068742
0.00805091
0.00929431
0.0105064
0.0115678
0.0123513
0.0128315
0.0132539
0.0142756
0.0165246
0.0219078
0.0315925
0.0381518
0.0373245
0.0203754
0.0124262
0.0185927
0.00983811
0.00861514
0.00843894
0.00833526
0.008047
0.00747617
0.00668909
0.00578528
0.00487956
0.00406635
0.00339801
0.00288329
0.00250204
0.00222428
0.00202232
0.00187446
0.00176435
0.00167962
0.00161097
0.00155166
0.00149715
0.00144472
0.00139308
0.00134194
0.00129161
0.00124267
0.00119581
0.00115165
0.00111067
0.00107323
0.00103954
0.00100972
0.00098379
0.000961749
0.000943559
0.000929172
0.000918561
0.000912306
0.000909784
0.000909676
0.000914397
0.000923375
0.000936749
0.000954816
0.000977978
0.00100675
0.00104179
0.00108394
0.00113428
0.00119421
0.00126553
0.00135061
0.00145255
0.00157547
0.00172485
0.00190795
0.00213445
0.00241703
0.00277204
0.00321988
0.0037846
0.00449207
0.00536558
0.00641815
0.00764123
0.00899121
0.0103772
0.011659
0.0127149
0.0133429
0.0136916
0.0142259
0.015821
0.0197752
0.0282452
0.0382909
0.0408532
0.0256967
0.0145805
0.0188205
0.0100788
0.00871614
0.00844864
0.00828591
0.00790067
0.00724847
0.00639583
0.00545683
0.00455107
0.00376572
0.00313923
0.0026677
0.00232404
0.0020763
0.00189719
0.00176594
0.00166715
0.00158936
0.00152424
0.00146605
0.00141117
0.00135772
0.00130501
0.00125315
0.00120265
0.00115414
0.00110823
0.00106542
0.00102604
0.000990303
0.000958297
0.000930028
0.000905456
0.000884517
0.000867141
0.000853271
0.000842867
0.000836255
0.000833298
0.000832765
0.000836262
0.000843814
0.000855434
0.000871386
0.000892033
0.000917839
0.000949394
0.000987445
0.00103294
0.00108711
0.00115152
0.00122824
0.00131997
0.00143033
0.00156414
0.00172791
0.00193041
0.00218342
0.00250262
0.00290839
0.00342622
0.00408599
0.00491894
0.00595102
0.00719159
0.00861781
0.0101574
0.0116763
0.013003
0.0138553
0.0142651
0.0145773
0.0155613
0.0182769
0.0252617
0.0371854
0.04279
0.03197
0.0169965
0.0188476
0.0102534
0.00876323
0.00842011
0.00817929
0.00772069
0.00700507
0.00610684
0.00514994
0.00425541
0.00350213
0.00291606
0.00248332
0.0021721
0.00194959
0.00178918
0.00167108
0.00158085
0.00150796
0.00144506
0.00138734
0.00133204
0.00127793
0.00122478
0.00117292
0.00112295
0.00107546
0.00103095
0.000989765
0.000952109
0.000918063
0.000887618
0.000860713
0.000837262
0.000817173
0.000800366
0.000786782
0.00077639
0.000769252
0.000765743
0.000764756
0.000767022
0.000773182
0.000783148
0.00079715
0.000815519
0.000838679
0.000867162
0.00090164
0.000942958
0.000992192
0.00105073
0.00112037
0.00120348
0.00130321
0.00142381
0.00157102
0.00175271
0.0019796
0.00226632
0.0026325
0.00310383
0.00371239
0.00449508
0.00548862
0.0067191
0.00818536
0.00983776
0.0115579
0.0131529
0.0143478
0.0148908
0.0151153
0.0155518
0.0175003
0.0230191
0.0346627
0.0435946
0.038533
0.0195252
0.0187677
0.0103728
0.00875937
0.00834524
0.00803221
0.00751634
0.00675447
0.00582802
0.00486698
0.0039914
0.00327183
0.00272356
0.00232516
0.00204174
0.00184033
0.00169517
0.00158745
0.00150365
0.00143423
0.00137274
0.00131525
0.0012597
0.00120536
0.00115232
0.00110103
0.00105207
0.00100595
0.000963036
0.000923539
0.000887545
0.00085504
0.000825949
0.000800169
0.000777589
0.000758109
0.000741648
0.000728152
0.000717594
0.00070997
0.000705768
0.000704283
0.000705369
0.000710195
0.000718616
0.000730827
0.000747131
0.000767919
0.000793679
0.000825019
0.000862699
0.000907682
0.000961193
0.00102482
0.00110063
0.00119139
0.00130081
0.00143396
0.0015978
0.00180199
0.00205992
0.00239002
0.00281728
0.00337446
0.00410201
0.00504501
0.00624459
0.00772169
0.00945301
0.0113428
0.0132008
0.0147853
0.0155615
0.0158396
0.0160242
0.0171698
0.0212197
0.0318026
0.0437753
0.0443788
0.0218302
0.0185742
0.0104555
0.00872938
0.00822686
0.00785634
0.00729596
0.00650327
0.00556329
0.00460875
0.0037571
0.00307109
0.00255741
0.00218906
0.00192934
0.00174552
0.00161277
0.00151322
0.0014343
0.00136735
0.00130683
0.00124954
0.00119399
0.00113984
0.00108734
0.00103701
0.000989346
0.000944745
0.000903451
0.000865565
0.000831077
0.000799907
0.00077194
0.000747049
0.000725117
0.000706045
0.000689762
0.000676221
0.000665404
0.000657317
0.000652342
0.000650322
0.000650361
0.000653926
0.000660917
0.000671491
0.000685926
0.000704582
0.000727911
0.000756471
0.000790958
0.000832239
0.000881413
0.000939887
0.00100949
0.00109266
0.00119263
0.00131387
0.00146252
0.0016472
0.00188
0.00217791
0.00256465
0.00307245
0.00374341
0.00462835
0.0057807
0.00724198
0.00901715
0.0110425
0.0131554
0.0150816
0.0162216
0.0165861
0.0166371
0.0171164
0.0200141
0.0287787
0.0436561
0.0486618
0.023648
0.0182737
0.0105049
0.0086627
0.00808151
0.00766005
0.00706659
0.00625643
0.005315
0.00437498
0.00355015
0.00289645
0.00241388
0.00207163
0.00183201
0.00166283
0.00154016
0.00144706
0.00137185
0.00130675
0.00124697
0.00118995
0.00113468
0.00108104
0.00102941
0.000980252
0.000933998
0.000890929
0.000851177
0.00081475
0.000781573
0.000751523
0.000724462
0.000700258
0.000678795
0.000659987
0.000643771
0.000630117
0.000619021
0.000610512
0.000604746
0.000601986
0.00060136
0.000603705
0.000609385
0.000618474
0.000631218
0.000647953
0.000669099
0.000695177
0.000726828
0.000764849
0.000810238
0.00086426
0.000928548
0.00100524
0.00109722
0.00120838
0.00134415
0.00151216
0.00172326
0.00199291
0.00234317
0.00280499
0.00342056
0.00424409
0.00533844
0.0067632
0.00855037
0.0106676
0.0129781
0.0152195
0.0168428
0.0174332
0.0174796
0.0175411
0.0194328
0.0265043
0.0420314
0.0510373
0.024564
0.0178737
0.0105181
0.00856855
0.00791596
0.00745046
0.00683392
0.00601756
0.0050844
0.00416475
0.0033681
0.00274474
0.00228983
0.00197007
0.00174744
0.0015904
0.00147592
0.00138794
0.0013156
0.00125193
0.00119281
0.00113621
0.00108143
0.00102855
0.000977953
0.000930074
0.000885238
0.000843624
0.000805275
0.000770128
0.000738065
0.000708938
0.000682601
0.000658924
0.000637803
0.000619162
0.000602953
0.000589157
0.00057778
0.000568854
0.000562432
0.000558922
0.000557752
0.000559021
0.000563522
0.000571276
0.000582498
0.000597499
0.000616676
0.000640516
0.000669623
0.000704737
0.00074678
0.000796906
0.000856589
0.00092774
0.0010129
0.00111552
0.00124038
0.00139423
0.00158671
0.00183181
0.00214975
0.00256968
0.00313272
0.00389442
0.0049242
0.00629687
0.0080708
0.0102491
0.012729
0.0152598
0.0173705
0.0182722
0.0183677
0.0181725
0.0192221
0.0249006
0.0398368
0.0520682
0.024902
0.0173973
0.0105117
0.0084582
0.00773716
0.00723361
0.00660248
0.00578913
0.00487186
0.00397669
0.00320853
0.0026132
0.00218261
0.00188209
0.00167375
0.00152677
0.00141895
0.00133505
0.00126499
0.00120249
0.00114402
0.00108794
0.00103383
0.000981853
0.000932385
0.000885791
0.000842308
0.000802027
0.000764919
0.000730876
0.000699748
0.000671379
0.000645623
0.00062236
0.000601497
0.000582972
0.000566749
0.000552818
0.000541189
0.000531891
0.000524969
0.000520765
0.000519104
0.000519477
0.000522936
0.0005295
0.000539358
0.000552797
0.000570191
0.000592003
0.000618804
0.000651296
0.000690342
0.000737013
0.000792657
0.000859006
0.000938329
0.00103368
0.00114929
0.00129112
0.00146774
0.00169167
0.00198131
0.0023637
0.00287811
0.00357981
0.00454199
0.00585131
0.00758968
0.00979596
0.0124087
0.0152061
0.0177801
0.0191264
0.0193831
0.0189864
0.0192143
0.0235499
0.0375603
0.0523092
0.0249556
0.0168626
0.0104933
0.0083386
0.00755127
0.00701459
0.00637577
0.00557277
0.0046772
0.00380926
0.00306917
0.00249941
0.00209001
0.00180584
0.00160945
0.00147077
0.00136836
0.00128775
0.00121953
0.00115804
0.00110023
0.00104479
0.000991451
0.000940442
0.000892113
0.000846753
0.000804518
0.000765429
0.000729405
0.000696304
0.000665963
0.000638222
0.000612945
0.000590021
0.000569372
0.000550947
0.000534721
0.00052069
0.000508869
0.000499286
0.000491987
0.000487182
0.000485018
0.00048475
0.00048729
0.000492806
0.000501451
0.000513486
0.000529265
0.000549229
0.000573927
0.000604028
0.000640355
0.00068392
0.000735978
0.000798117
0.000872392
0.000961535
0.00106929
0.00120093
0.00136407
0.00156986
0.00183494
0.00218411
0.00265431
0.00329926
0.00419367
0.00543261
0.00711828
0.00932435
0.0120341
0.0150663
0.0180294
0.0199215
0.02045
0.0199593
0.0197325
0.0226547
0.0352362
0.0517028
0.0248155
0.0162867
0.0104608
0.00821404
0.00736325
0.00679753
0.00615644
0.00536942
0.00449982
0.00366085
0.00294795
0.00240128
0.00201018
0.00173978
0.0015533
0.00142143
0.00132343
0.00124548
0.0011788
0.00111821
0.00106107
0.00100633
0.000953828
0.000903807
0.000856579
0.000812367
0.00077126
0.000733223
0.000698138
0.000665844
0.000636171
0.000608966
0.000584099
0.000561474
0.000541024
0.000522709
0.000506513
0.000492437
0.000480495
0.000470717
0.000463149
0.000457855
0.00045519
0.000454504
0.000456265
0.000460874
0.000468449
0.00047923
0.000493548
0.000511827
0.000534595
0.0005625
0.000596338
0.000637077
0.000685907
0.000744312
0.000814175
0.000897967
0.00099903
0.00112204
0.00127375
0.00146408
0.00170798
0.00202806
0.0024586
0.00305097
0.00387946
0.00504438
0.00666429
0.00884512
0.0116166
0.0148437
0.0181536
0.0206458
0.021495
0.0210813
0.0203877
0.0222093
0.0330793
0.0503314
0.0243793
0.0156856
0.0104288
0.00809069
0.00717761
0.00658575
0.00594643
0.00517954
0.00433893
0.0035298
0.00284297
0.00231704
0.00194159
0.00168265
0.00150431
0.00137798
0.00128356
0.00120778
0.00114239
0.00108264
0.00102619
0.00097218
0.000920526
0.000871469
0.000825276
0.000782112
0.00074201
0.000704896
0.000670627
0.000639031
0.000609939
0.000583203
0.000558706
0.000536364
0.000516119
0.000497942
0.000481821
0.000467759
0.000455769
0.000445877
0.000438114
0.000432521
0.000429422
0.000428406
0.00042954
0.000433378
0.000440021
0.000449689
0.000462693
0.000479437
0.000500434
0.000526315
0.000557856
0.000595999
0.000641892
0.000696943
0.00076291
0.000842054
0.000937389
0.00105308
0.00119512
0.00137233
0.00159809
0.00189287
0.00228825
0.00283264
0.00359852
0.00468866
0.00623405
0.00836964
0.0111723
0.0145609
0.0181933
0.0212996
0.0225612
0.0223379
0.0212518
0.0220457
0.0311381
0.0485967
0.0238205
0.0150616
0.0103939
0.00797157
0.00699778
0.00638191
0.00574716
0.00500323
0.00419354
0.00341454
0.00275256
0.00224517
0.00188296
0.00163342
0.00146165
0.00133977
0.00124823
0.00117423
0.00110994
0.00105098
0.000995223
0.000941952
0.000891133
0.000842993
0.000797754
0.000755533
0.000716324
0.000680021
0.000646466
0.000615483
0.000586908
0.000560601
0.000536455
0.000514396
0.000494376
0.000476372
0.000460375
0.000446388
0.000434422
0.000424494
0.000416628
0.000410852
0.000407424
0.000406143
0.000406787
0.000409984
0.000415826
0.000424515
0.000436342
0.000451695
0.000471069
0.000495084
0.0005245
0.000560246
0.000603442
0.000655449
0.000717938
0.000793011
0.000883416
0.000992894
0.00112677
0.00129289
0.0015032
0.00177615
0.00214062
0.00264177
0.00334921
0.00436581
0.00583121
0.00790534
0.0107113
0.0142276
0.018157
0.0218308
0.0236257
0.0236828
0.0222378
0.0220956
0.0294705
0.0465667
0.0231336
0.0144729
0.0103721
0.00786208
0.00682699
0.00618813
0.00555961
0.00484033
0.00406265
0.00331368
0.00267524
0.00218437
0.00183325
0.00159125
0.00142465
0.00130626
0.001217
0.00114445
0.00108113
0.00102289
0.000967828
0.000915289
0.000865274
0.000817989
0.00077362
0.000732246
0.000693828
0.000658242
0.00062532
0.000594888
0.000566786
0.000540883
0.000517083
0.000495318
0.000475549
0.000457754
0.000441929
0.000428074
0.000416195
0.000406305
0.000398415
0.000392547
0.000388884
0.000387394
0.000387669
0.000390341
0.000395504
0.00040334
0.000414124
0.000428224
0.00044612
0.000468417
0.00049587
0.000529395
0.000570103
0.000619327
0.000678683
0.00075016
0.000836298
0.000940487
0.00106749
0.00122428
0.0014215
0.00167574
0.00201325
0.00247583
0.0031295
0.00407535
0.00545806
0.00745787
0.0102417
0.0138524
0.0180518
0.0222002
0.0246825
0.0250941
0.0234009
0.0226036
0.0281278
0.0444589
0.0224091
0.0139918
0.0103655
0.00776481
0.00666765
0.00600601
0.00538442
0.00469056
0.00394516
0.00322588
0.00260977
0.00213356
0.00179159
0.00155545
0.00139275
0.00127701
0.0011895
0.00111813
0.00105563
0.000998089
0.000943694
0.000891867
0.000842614
0.00079612
0.00075254
0.000711924
0.00067421
0.000639263
0.000606912
0.000576984
0.000549327
0.000523816
0.000500364
0.000478908
0.000459415
0.000441866
0.000426254
0.000412578
0.000400841
0.000391046
0.000383199
0.000377309
0.000373494
0.000371838
0.000371844
0.000374095
0.000378686
0.000385787
0.000395653
0.000408634
0.000425192
0.000445922
0.000471566
0.00050304
0.000541448
0.000588117
0.000644631
0.000712908
0.000795333
0.000895014
0.00101623
0.00116521
0.00135143
0.00158973
0.0019039
0.00233238
0.00293715
0.00381615
0.00511595
0.00703235
0.009772
0.013444
0.0178841
0.02249
0.0256592
0.026459
0.0248005
0.0232448
0.0270897
0.0423573
0.0216839
0.0135425
0.0103694
0.00768306
0.00652213
0.00583696
0.00522206
0.00455351
0.00384014
0.00314997
0.00255499
0.00209182
0.00175726
0.00152546
0.00136552
0.00125164
0.00116541
0.00109496
0.00103318
0.000976282
0.000922536
0.000871394
0.000822858
0.000777092
0.000734228
0.000694292
0.00065721
0.00062284
0.000591011
0.000561554
0.000534322
0.000509199
0.0004861
0.00046497
0.000445776
0.0004285
0.000413135
0.000399675
0.000388119
0.000378464
0.000370706
0.00036485
0.000360952
0.000359144
0.000358978
0.00036089
0.000365005
0.000371477
0.000380542
0.000392532
0.000407892
0.0004272
0.000451192
0.000480778
0.000517067
0.000561387
0.000615316
0.000680729
0.000759907
0.000855742
0.000972118
0.0011146
0.00129162
0.00151646
0.00181058
0.00220911
0.00276986
0.00358652
0.00480499
0.006632
0.00930895
0.0130099
0.0176509
0.0226868
0.0265933
0.0278671
0.0263341
0.024137
0.0264223
0.0403687
0.0210192
0.0131004
0.0103809
0.00761848
0.00639207
0.00568204
0.00507281
0.00442875
0.0037467
0.00308493
0.00250998
0.00205839
0.00172972
0.00150088
0.00134262
0.00122985
0.00114446
0.00107469
0.00101352
0.000957221
0.000904099
0.000853612
0.000805749
0.000760655
0.000718441
0.00067912
0.00064261
0.000608767
0.000577423
0.000548412
0.000521593
0.000496854
0.000474115
0.000453323
0.000434446
0.000417464
0.000402368
0.00038915
0.000377801
0.000368313
0.000360676
0.000354886
0.000350953
0.000349022
0.000348735
0.000350382
0.000354103
0.00036004
0.000368413
0.000379534
0.000393829
0.000411862
0.000434356
0.000462219
0.000496565
0.000538733
0.000590306
0.00065315
0.000729483
0.000822035
0.000934372
0.0010715
0.00124092
0.00145449
0.00173149
0.00210394
0.00262534
0.00338454
0.00452459
0.00625902
0.00885873
0.0125609
0.0173655
0.0227827
0.0274503
0.0292722
0.028011
0.0251652
0.0261097
0.0385339
0.0204547
0.012657
0.0103979
0.00757233
0.00627896
0.00554207
0.00493684
0.00431583
0.00366406
0.00302981
0.00247385
0.00203257
0.00170844
0.00148132
0.00132376
0.00121142
0.00112644
0.0010571
0.000996433
0.000940684
0.000888158
0.000838296
0.000791067
0.000746594
0.000704975
0.000666215
0.000630228
0.000596872
0.000565983
0.000537399
0.000510984
0.000486628
0.000464253
0.000443807
0.000425256
0.000408581
0.000393767
0.000380802
0.000369673
0.000360366
0.000352864
0.000347154
0.000343226
0.000341197
0.000340813
0.00034225
0.000345645
0.000351129
0.000358907
0.000369272
0.000382631
0.000399531
0.000420683
0.000446988
0.000479566
0.000519771
0.000569206
0.000629746
0.000703582
0.000793337
0.00090233
0.00103509
0.00119831
0.00140254
0.00166508
0.00201496
0.00250147
0.00320815
0.00427362
0.00591429
0.00842506
0.0121036
0.0170414
0.0228158
0.0282285
0.0306824
0.0298324
0.0263323
0.0260169
0.0368959
0.0200162
0.0122116
0.010415
0.00754189
0.00618316
0.00541755
0.00481421
0.00421442
0.00359153
0.00298376
0.00244596
0.00201409
0.00169335
0.0014667
0.00130879
0.00119617
0.00111116
0.00104203
0.00098173
0.000926474
0.000874514
0.000825249
0.000778618
0.000734726
0.000693658
0.000655413
0.00061991
0.000587009
0.00055655
0.000528378
0.000502357
0.00047838
0.00045637
0.000436274
0.000418054
0.000401689
0.00038716
0.00037445
0.000363542
0.000354416
0.00034705
0.000341425
0.000337523
0.000335414
0.000334943
0.000336207
0.000339327
0.000344427
0.000351696
0.000361407
0.000373951
0.000389857
0.000409818
0.000434731
0.000465717
0.000504147
0.000551652
0.000610133
0.000681783
0.000769165
0.000875413
0.00100466
0.00116291
0.00135952
0.00160996
0.00194048
0.00239626
0.00305533
0.00405065
0.00559817
0.00801098
0.0116428
0.016684
0.0228142
0.0288985
0.0320853
0.0317579
0.0276732
0.0262049
0.0354556
0.0196906
0.0117673
0.0104227
0.0075346
0.00610625
0.00530903
0.00470499
0.0041242
0.00352851
0.00294607
0.00242557
0.00200191
0.00168344
0.00145654
0.00129759
0.00118401
0.00109851
0.00102931
0.000969251
0.000914424
0.000862994
0.0008143
0.00076824
0.000724895
0.00068434
0.000646576
0.000611524
0.000579052
0.000549004
0.000521228
0.000495592
0.00047199
0.000450342
0.000430593
0.000412703
0.000396644
0.000382395
0.000369933
0.000359237
0.000350282
0.000343043
0.000337497
0.000333624
0.000331446
0.00033089
0.000332002
0.000334884
0.000339656
0.00034649
0.000355638
0.000367477
0.00038252
0.00040144
0.000425122
0.000454693
0.000491535
0.000537312
0.000593964
0.00066371
0.000749093
0.000853121
0.000979619
0.00113396
0.00132448
0.00156495
0.00187899
0.00230788
0.00292409
0.00385405
0.00531043
0.00761871
0.0111822
0.0162905
0.0227387
0.0294468
0.0334895
0.0336702
0.0293125
0.026675
0.0342401
0.0195303
0.0113294
0.0104145
0.00754629
0.00604923
0.00521724
0.00460935
0.00404494
0.00347452
0.00291615
0.00241228
0.00199734
0.00168075
0.00145148
0.00129002
0.00117487
0.00108841
0.00101886
0.000958874
0.000904393
0.000853452
0.000805303
0.000759789
0.000716965
0.000676896
0.000639585
0.000604958
0.000572892
0.000543236
0.000515844
0.000490584
0.000467351
0.00044606
0.000426653
0.000409087
0.000393328
0.000379349
0.00036712
0.000356617
0.000347812
0.00034068
0.000335195
0.000331339
0.000329105
0.000328474
0.00032945
0.000332118
0.000336598
0.000343043
0.000351705
0.000362938
0.000377245
0.000395262
0.00041787
0.0004462
0.000481639
0.000525887
0.000580933
0.000649036
0.000732754
0.000835024
0.000959428
0.00111082
0.0012966
0.00152898
0.00182917
0.0022347
0.00281256
0.0036821
0.00505044
0.00725017
0.0107272
0.0158688
0.0225983
0.029906
0.0348954
0.0356211
0.0311477
0.0273459
0.0332102
0.0194722
0.0108988
0.0103892
0.00757817
0.0060111
0.00514221
0.00452737
0.00397646
0.00342912
0.00289352
0.00240613
0.00199888
0.00168278
0.00145204
0.00128705
0.00116882
0.00108085
0.0010106
0.000950504
0.000896267
0.000845764
0.000798131
0.000753143
0.000710819
0.000671216
0.000634335
0.000600114
0.000568435
0.000539157
0.000512139
0.000487253
0.000464385
0.00044345
0.00042438
0.000407126
0.000391652
0.000377936
0.000365916
0.000355574
0.000346885
0.000339826
0.000334372
0.000330507
0.000328222
0.000327526
0.000328383
0.000330881
0.000335136
0.000341266
0.000349509
0.000360206
0.000373826
0.000391038
0.000412719
0.000439986
0.000474199
0.000517117
0.000570773
0.000637479
0.000719834
0.000820755
0.000943647
0.00109292
0.00127515
0.00150116
0.00178985
0.00217525
0.00271899
0.00353304
0.00481721
0.00690641
0.0102819
0.0154255
0.0223997
0.0302864
0.0362563
0.0376445
0.03318
0.0282509
0.0323965
0.0195152
0.01048
0.0103363
0.00763728
0.00599793
0.00508525
0.00445934
0.00391874
0.0033922
0.00287827
0.00240698
0.00200462
0.00168885
0.00145549
0.00128796
0.00116658
0.00107592
0.00100456
0.000944104
0.000889971
0.000839832
0.000792679
0.000748196
0.000706358
0.000667203
0.000630738
0.000596908
0.00056561
0.000536709
0.000510071
0.00048559
0.00046311
0.000442532
0.000423787
0.000406819
0.00039158
0.000378017
0.000366115
0.00035587
0.000347257
0.000340248
0.000334818
0.000330947
0.000328624
0.000327852
0.000328556
0.000330828
0.00033487
0.000340755
0.000348712
0.000359056
0.000372164
0.000388716
0.000409575
0.00043584
0.00046899
0.000510777
0.000563263
0.000628802
0.000710072
0.000810009
0.000931904
0.0010798
0.00125955
0.00148071
0.00176003
0.00212826
0.0026418
0.00340516
0.00460948
0.00658774
0.00984864
0.0149637
0.0221437
0.0305882
0.0375712
0.0397109
0.0354042
0.0293676
0.0317762
0.0197564
0.0100719
0.0102632
0.00770675
0.00600439
0.00504712
0.00440581
0.00387178
0.00336321
0.00286884
0.00241159
0.00201679
0.00170124
0.00146368
0.00129167
0.00116747
0.00107431
0.00100079
0.000939609
0.000885448
0.000835596
0.00078887
0.000744854
0.000703476
0.000664763
0.000628731
0.000595388
0.000564536
0.000536047
0.000509785
0.000485605
0.000463325
0.000442931
0.000424368
0.000407576
0.000392505
0.000379121
0.00036739
0.000357286
0.000348784
0.000341848
0.000336452
0.000332576
0.000330216
0.000329378
0.00032995
0.000332002
0.000335816
0.000341422
0.000349039
0.000358988
0.000371729
0.00038787
0.000408213
0.000433764
0.000466037
0.000506835
0.000558255
0.000622816
0.000703262
0.000802544
0.000923896
0.00107115
0.00124942
0.00146691
0.00173876
0.00209256
0.00257957
0.0032968
0.00442593
0.0062943
0.00943041
0.0144884
0.0218343
0.030812
0.038828
0.0418175
0.0378371
0.0307058
0.0313792
0.0201246
0.00966902
0.0101725
0.00777636
0.00602498
0.00502572
0.00436669
0.00383589
0.00334286
0.002868
0.00242243
0.00203488
0.00171935
0.00147772
0.00129993
0.00117091
0.00107522
0.0010001
0.000937428
0.00088266
0.000832896
0.000786559
0.000743122
0.000702342
0.00066418
0.000628617
0.000595536
0.000564879
0.000536578
0.000510509
0.000486535
0.000464536
0.000444422
0.000426148
0.000409631
0.00039481
0.000381645
0.000370093
0.000360115
0.000351677
0.000344762
0.000339347
0.00033542
0.000332979
0.000332043
0.000332493
0.000334335
0.000337939
0.000343306
0.000350642
0.000360256
0.000372583
0.00038823
0.000408039
0.000433125
0.000464895
0.000505073
0.000555791
0.000619685
0.000699601
0.000798569
0.000919803
0.00106691
0.00124457
0.00145998
0.00172597
0.00206707
0.00253091
0.00320643
0.00426509
0.00602575
0.00902914
0.0140036
0.0214743
0.0309474
0.0400111
0.0439452
0.0404868
0.0322546
0.0311951
0.0206629
0.00926747
0.0100535
0.00784508
0.00606738
0.00502762
0.00434262
0.00381082
0.00332981
0.00287122
0.00243988
0.0020587
0.0017431
0.00149709
0.00131337
0.00117847
0.00107846
0.00100122
0.000937684
0.000882444
0.000832527
0.000786405
0.000743235
0.000702684
0.000664745
0.000629402
0.000596596
0.000566238
0.000538238
0.000512494
0.000488857
0.000467214
0.000447441
0.000429435
0.000413141
0.000398508
0.000385491
0.000374048
0.000364142
0.000355741
0.000348823
0.00034337
0.000339373
0.000336838
0.000335797
0.000336135
0.000337779
0.000341176
0.000346332
0.000353434
0.000362782
0.0003748
0.000390084
0.000409449
0.00043399
0.00046514
0.000504757
0.000555049
0.000618586
0.000698247
0.000797104
0.000918376
0.00106558
0.00124311
0.0014576
0.00172037
0.00205139
0.0024946
0.00313251
0.00412553
0.00578149
0.00864643
0.0135136
0.0210705
0.0310061
0.0411025
0.046081
0.0432777
0.0340724
0.031152
0.0213901
0.00886426
0.00989667
0.00790877
0.00612559
0.00504137
0.00433704
0.00379843
0.00332757
0.00288023
0.00246249
0.00208806
0.00177258
0.00152205
0.00133189
0.00119074
0.00108547
0.00100459
0.000939342
0.000883385
0.000833278
0.000787193
0.000744234
0.000704011
0.000666423
0.000631464
0.000599062
0.000569108
0.000541477
0.000516034
0.000492676
0.000471287
0.000451754
0.000433976
0.000417882
0.000403416
0.000390528
0.000379176
0.000369322
0.000360937
0.000353998
0.00034849
0.000344407
0.000341765
0.000340609
0.000340847
0.000342309
0.000345494
0.000350465
0.00035737
0.000366505
0.000378292
0.000393318
0.000412388
0.000436592
0.000467365
0.000506546
0.000556396
0.000619581
0.000699091
0.00079811
0.000919898
0.00106783
0.00124584
0.00145964
0.0017194
0.00204446
0.00246929
0.00307367
0.00400584
0.00556064
0.00828308
0.0130205
0.0206245
0.0310183
0.0420834
0.04822
0.0461678
0.0361983
0.0314238
0.022316
0.00845759
0.00969331
0.00796104
0.00619668
0.00507379
0.00434382
0.00379997
0.00333193
0.00289735
0.00249083
0.00212301
0.00180791
0.0015529
0.00135591
0.00120781
0.00109676
0.00101158
0.000943402
0.000886038
0.000835433
0.000789317
0.000746634
0.000706843
0.000669704
0.00063511
0.000603029
0.000573372
0.000546024
0.000520859
0.00049776
0.000476613
0.000457303
0.00043973
0.000423816
0.000409497
0.000396721
0.000385443
0.000375626
0.000367241
0.000360266
0.000354689
0.000350509
0.000347749
0.000346471
0.000346619
0.000347912
0.000350892
0.000355697
0.000362437
0.000371407
0.000383028
0.000397885
0.000416779
0.000440799
0.000471385
0.000510389
0.000560111
0.000623285
0.000702985
0.000802486
0.000925105
0.00107416
0.00125329
0.00146742
0.00172515
0.00204338
0.00245554
0.00302892
0.00390458
0.00536221
0.00793979
0.0125268
0.0201309
0.0309314
0.042965
0.0503641
0.0491382
0.0386347
0.03193
0.023448
0.00804515
0.009437
0.00799684
0.0062783
0.00512617
0.00436364
0.00380911
0.00334376
0.00292051
0.0025247
0.00216349
0.00184917
0.00158992
0.00138589
0.00123021
0.00111256
0.00102239
0.000950854
0.000891448
0.000839842
0.000793429
0.000750776
0.000711195
0.000674348
0.000640075
0.000608296
0.000578922
0.000551842
0.000526935
0.000504079
0.000483156
0.000464051
0.000446665
0.000430913
0.000416726
0.000404047
0.000392829
0.000383036
0.00037464
0.000367619
0.000361966
0.000357682
0.000354796
0.000353388
0.000353456
0.000354596
0.000357383
0.000362045
0.000368651
0.000377502
0.000389019
0.000403789
0.000422616
0.00044659
0.000477157
0.000516186
0.000566009
0.000629412
0.000709548
0.00080978
0.000933494
0.00108399
0.00126469
0.00147991
0.00173696
0.00205037
0.00245065
0.00299653
0.0038204
0.00518515
0.00761701
0.0120357
0.0195954
0.0307421
0.0437251
0.0525197
0.0522622
0.0413062
0.0327168
0.0248213
0.00762798
0.00912059
0.00799569
0.00636688
0.00519587
0.00440366
0.00383108
0.00336643
0.00295054
0.00256418
0.00220951
0.00189645
0.00163338
0.00142229
0.00125856
0.00113353
0.00103747
0.000961751
0.000899669
0.000846553
0.000799427
0.000756559
0.000717034
0.000680384
0.000646369
0.000614858
0.000585744
0.000558912
0.000534242
0.000511608
0.000490892
0.000471977
0.000454761
0.000439155
0.000425085
0.000412491
0.000401324
0.000391548
0.000383133
0.000376063
0.00037033
0.00036594
0.000362927
0.000361377
0.000361377
0.000362386
0.000365001
0.000369545
0.000376052
0.000384829
0.000396305
0.000411071
0.000429938
0.000454
0.000484714
0.000523963
0.000574108
0.000637977
0.00071879
0.000819992
0.000945045
0.00109726
0.00127989
0.00149676
0.00175405
0.00206406
0.00245306
0.00297675
0.00375221
0.0050284
0.00731481
0.0115494
0.0190212
0.0304557
0.0443384
0.0546868
0.0554956
0.0442422
0.0337651
0.026434
0.00720639
0.00874517
0.00797259
0.00645015
0.00527818
0.00445993
0.00386911
0.00339926
0.00298783
0.00260944
0.00226108
0.00194979
0.00168349
0.00146558
0.0012935
0.00116037
0.00105754
0.000976737
0.000911177
0.000855904
0.000807591
0.00076418
0.000724496
0.0006879
0.000654048
0.000622745
0.000593849
0.000567235
0.000542775
0.000520342
0.000499814
0.000481072
0.00046401
0.000448536
0.000434572
0.000422054
0.000410932
0.000401168
0.000392734
0.000385614
0.000379804
0.000375312
0.000372175
0.000370475
0.000370402
0.000371326
0.000373801
0.000378254
0.0003847
0.000393454
0.000404955
0.000419803
0.000438818
0.000463107
0.000494135
0.000533802
0.00058449
0.000649063
0.000730794
0.000833199
0.000959808
0.00111396
0.00129881
0.00151778
0.00177606
0.00208406
0.00246462
0.00296832
0.00369852
0.00489072
0.00703312
0.0110701
0.0184102
0.0300695
0.0448226
0.0568067
0.0588445
0.0474324
0.0351158
0.0283241
0.00678104
0.00831003
0.00789807
0.00655451
0.00537642
0.00453259
0.00392122
0.00344282
0.00303286
0.00266069
0.00231824
0.0020092
0.00174044
0.00151617
0.00133568
0.0011939
0.00108344
0.000996594
0.000926662
0.000868465
0.000818357
0.000773955
0.0007338
0.000697048
0.000663218
0.000632027
0.000603285
0.000576841
0.000552557
0.000530297
0.000509933
0.000491344
0.00047442
0.000459065
0.000445197
0.000432749
0.000421668
0.000411917
0.000403466
0.000396303
0.000390423
0.000385841
0.000382593
0.00038077
0.000380622
0.000381481
0.000383852
0.00038825
0.00039468
0.000403468
0.000415065
0.000430087
0.000449366
0.000474024
0.000505539
0.000545825
0.000597281
0.000662798
0.000745684
0.000849509
0.000977865
0.00113414
0.0013214
0.00154278
0.00180264
0.0021096
0.00248307
0.00296698
0.00365773
0.00477105
0.00677184
0.0105999
0.0177653
0.0295802
0.0451472
0.0588453
0.0622995
0.0508837
0.0367929
0.0304954
0.00635997
0.00781926
0.00774239
0.00665892
0.00548893
0.00462158
0.00398785
0.00349773
0.00308618
0.00271825
0.00238106
0.00207469
0.00180431
0.0015744
0.00138572
0.00123495
0.0011161
0.00102226
0.000946983
0.000884983
0.000832345
0.000786371
0.000745315
0.000708102
0.000674079
0.000642852
0.000614162
0.000587817
0.000563653
0.000541524
0.000521293
0.000502832
0.000486027
0.000470775
0.000456993
0.00044461
0.00043357
0.000423833
0.000415373
0.000408175
0.000402241
0.000397584
0.000394247
0.000392325
0.000392123
0.00039294
0.000395243
0.000399631
0.000406097
0.000414985
0.00042676
0.000442056
0.000461725
0.000486902
0.000519083
0.000560195
0.000612648
0.000679344
0.000763614
0.00086906
0.000999323
0.00115783
0.00134763
0.00157162
0.00183349
0.00214031
0.0025084
0.00297592
0.0036298
0.00466863
0.00653079
0.0101411
0.0170896
0.0289874
0.0452941
0.0607768
0.0658327
0.0546368
0.0387778
0.0329746
0.00595369
0.00727873
0.00755781
0.00673164
0.00560968
0.00472642
0.0040695
0.00356466
0.00314839
0.0027825
0.00244968
0.00214622
0.00187513
0.00164054
0.00144419
0.00128437
0.00115657
0.00105484
0.000973195
0.000906407
0.000850373
0.000802114
0.000759597
0.000721496
0.000686971
0.000655485
0.000626686
0.000600322
0.000576194
0.000554132
0.000533985
0.000515615
0.0004989
0.000483733
0.000470024
0.000457698
0.000446697
0.00043698
0.000428519
0.000421301
0.000415328
0.00041062
0.000407218
0.000405228
0.000405009
0.000405811
0.000408094
0.000412523
0.000419089
0.000428152
0.000440199
0.000455883
0.000476076
0.000501934
0.000534968
0.000577116
0.000630792
0.000698899
0.000784767
0.000892011
0.0010243
0.00118511
0.00137749
0.00160417
0.00186832
0.00217567
0.00253973
0.00299348
0.0036149
0.00458238
0.00630964
0.00969617
0.0163861
0.0282898
0.0453245
0.062569
0.0694226
0.0587198
0.0410882
0.0357677
0.00556749
0.00670959
0.00734344
0.00674765
0.00572247
0.00484227
0.00416543
0.00364405
0.00322013
0.00285391
0.00252427
0.00222378
0.00195287
0.00171471
0.00151155
0.00134297
0.0012059
0.00109554
0.00100654
0.000933923
0.000873507
0.000822106
0.000777422
0.000737876
0.000702418
0.000670349
0.0006412
0.000614638
0.000590411
0.000568315
0.000548174
0.000529837
0.000513169
0.000498055
0.000484398
0.000472117
0.000461152
0.000451457
0.000443004
0.00043578
0.00042979
0.000425055
0.000421622
0.000419602
0.000419414
0.000420234
0.000422552
0.000427086
0.000433827
0.000443156
0.000455582
0.00047178
0.000492646
0.000519357
0.00055344
0.000596838
0.000651961
0.000721695
0.000809354
0.000918542
0.00105294
0.00121604
0.00141094
0.00164029
0.00190684
0.00221518
0.00257628
0.00301802
0.00360948
0.00451051
0.00610783
0.00926823
0.0156592
0.0274783
0.0451437
0.0641612
0.0730411
0.0631297
0.0437604
0.038886
0.00520205
0.00613331
0.00708639
0.00672199
0.00583098
0.00496552
0.00427403
0.00373579
0.00330188
0.00293298
0.00260513
0.0023074
0.00203744
0.00179696
0.00158812
0.00141144
0.00126515
0.00114566
0.00104846
0.000968959
0.000903097
0.000847566
0.000799857
0.000758155
0.000721192
0.00068809
0.000658243
0.000631216
0.000606685
0.000584397
0.000564143
0.000545745
0.000529054
0.00051394
0.000500297
0.000488038
0.000477095
0.000467419
0.00045898
0.000451764
0.000445778
0.000441046
0.000437617
0.000435623
0.000435519
0.000436389
0.00043881
0.000443526
0.000450534
0.000460235
0.000473162
0.000490017
0.00051172
0.000539467
0.000574799
0.000619659
0.00067644
0.000748001
0.000837611
0.000948842
0.00108536
0.0012507
0.00144798
0.00167984
0.00194876
0.00225839
0.00261741
0.00304877
0.00361159
0.00445211
0.00592475
0.00885838
0.0149152
0.0265574
0.0447483
0.0654984
0.0766524
0.0678809
0.046821
0.0423313
0.00485662
0.00556461
0.00678345
0.00664336
0.00593641
0.00509491
0.00439371
0.0038393
0.00339384
0.00302015
0.00269257
0.00239716
0.00212876
0.00188721
0.00167409
0.00149036
0.00133532
0.00120655
0.0011005
0.00101318
0.000940789
0.000880048
0.000828317
0.000783589
0.00074439
0.000709657
0.00067863
0.000650755
0.000625618
0.0006029
0.000582345
0.000563741
0.000546913
0.000531713
0.00051802
0.000505736
0.000494784
0.000485111
0.000476683
0.000469484
0.00046352
0.000458819
0.000455432
0.000453567
0.000453565
0.000454525
0.000457131
0.000462123
0.000469503
0.000479699
0.000493268
0.000510937
0.000533652
0.000562627
0.000599409
0.000645934
0.000704567
0.000778118
0.000869796
0.000983114
0.00112171
0.00128913
0.00148855
0.00172266
0.00199377
0.00230483
0.00266253
0.00308542
0.00362379
0.00440713
0.00575996
0.00846679
0.0141624
0.0255269
0.0441148
0.0665365
0.0801852
0.0729546
0.0503055
0.046107
0.00452265
0.00502848
0.00641534
0.00649462
0.00600421
0.00522153
0.00452207
0.00395402
0.00349616
0.00311586
0.00278699
0.00249326
0.0022268
0.00198538
0.00176952
0.00158014
0.00141727
0.00127951
0.0011643
0.00106843
0.00098852
0.000921466
0.00086462
0.000815852
0.000773521
0.000736392
0.000703546
0.000674296
0.000648125
0.000624631
0.000603496
0.000584463
0.000567319
0.000551892
0.00053804
0.000525648
0.00051463
0.000504921
0.000496481
0.000489293
0.000483362
0.000478714
0.000475403
0.00047371
0.000473822
0.000474974
0.000477888
0.000483258
0.000491132
0.000501961
0.000516326
0.000534981
0.000558891
0.000589285
0.000627711
0.000676085
0.00073673
0.000812389
0.000906192
0.00102157
0.00116212
0.00133139
0.00153263
0.0017686
0.00204158
0.00235401
0.00271093
0.00312691
0.00364374
0.00437411
0.0056129
0.00809517
0.0134108
0.0243888
0.043206
0.0671034
0.0836074
0.0783561
0.0542614
0.0502065
0.00420304
0.00452532
0.00598697
0.00631121
0.00599679
0.00532464
0.00464891
0.00407585
0.00360759
0.00322002
0.00288868
0.00259592
0.0023316
0.00209138
0.00187437
0.00168102
0.00151166
0.0013657
0.00124151
0.0011367
0.00104848
0.00097409
0.00091101
0.000857092
0.000810591
0.000770134
0.000734657
0.000703342
0.000675554
0.000650798
0.000628682
0.000608889
0.000591161
0.000575289
0.000561102
0.000548466
0.000537275
0.000527453
0.000518951
0.000511745
0.000505836
0.000501254
0.000498042
0.000496584
0.000496843
0.000498259
0.0005016
0.000507466
0.000515967
0.000527577
0.000542903
0.000562718
0.000588005
0.000620001
0.000660242
0.000710613
0.000773381
0.000851203
0.000947112
0.00106445
0.00120674
0.00137753
0.00158017
0.00181752
0.00209193
0.00240551
0.002762
0.0031724
0.00367061
0.00435344
0.00548338
0.00774466
0.012662
0.0231582
0.0420348
0.0673069
0.0868487
0.084045
0.058725
0.0546158
0.00390529
0.00405597
0.00552222
0.00607881
0.00594006
0.00541776
0.00477366
0.00420255
0.00372686
0.00333236
0.00299785
0.00270547
0.00244337
0.00220524
0.00198863
0.00179315
0.00161903
0.00146615
0.00133367
0.00121999
0.00112303
0.0010405
0.000970159
0.000909965
0.000858167
0.000813313
0.00077423
0.000739981
0.000709821
0.000683154
0.000659504
0.000638484
0.000619781
0.000603139
0.000588351
0.000575253
0.000563717
0.000553647
0.000544982
0.000537688
0.000531761
0.000527231
0.000524122
0.00052296
0.000523397
0.000525141
0.00052902
0.0005355
0.000544763
0.000557304
0.000573749
0.000594891
0.000621721
0.000655472
0.000697658
0.000750121
0.000815051
0.000895011
0.00099292
0.00111201
0.00125575
0.00142766
0.00163118
0.00186934
0.00214462
0.00245902
0.00281526
0.00322121
0.00370352
0.00434454
0.00537162
0.00741724
0.0119239
0.0218466
0.0405708
0.0671133
0.0898342
0.0899697
0.0637499
0.0593162
0.00363536
0.00362534
0.00504101
0.00578779
0.0058063
0.00545353
0.00487772
0.00432575
0.00385025
0.00345153
0.00311435
0.0028222
0.00256244
0.00232717
0.00211239
0.00191666
0.00173975
0.00158169
0.00144214
0.00132024
0.00121459
0.00112349
0.0010451
0.000977621
0.000919406
0.000869016
0.000825227
0.000787021
0.000753559
0.000724155
0.000698246
0.000675371
0.000655151
0.000637277
0.000621498
0.000607612
0.00059546
0.000584925
0.000575924
0.000568412
0.000562374
0.000557839
0.000554799
0.000553963
0.000554601
0.000556719
0.000561224
0.000568418
0.000578561
0.000592162
0.000609863
0.000632467
0.000660962
0.000696569
0.000740767
0.000795336
0.000862382
0.000944359
0.00104406
0.00116462
0.00130941
0.00148197
0.00168579
0.00192411
0.00219964
0.0025144
0.00287032
0.00327274
0.0037416
0.00434338
0.00527745
0.00711588
0.0112071
0.0204794
0.0388111
0.0661706
0.092454
0.0960449
0.0693823
0.0642764
0.00339604
0.0032316
0.00456432
0.00543406
0.00562384
0.00542249
0.00495465
0.00443823
0.00397297
0.00357519
0.00323747
0.0029463
0.0026893
0.00245765
0.00224603
0.00205187
0.00187427
0.00171307
0.00156818
0.00143927
0.00132556
0.00122596
0.00113913
0.00106362
0.000998018
0.000940996
0.000891361
0.000848074
0.000810243
0.000777111
0.000748043
0.000722507
0.000700059
0.00068033
0.000663018
0.000647878
0.000634716
0.000623384
0.000613774
0.000605823
0.000599501
0.000594836
0.000591768
0.00059122
0.000592054
0.000594553
0.000599715
0.000607681
0.000618774
0.000633517
0.000652556
0.000676693
0.000706907
0.000744389
0.000790572
0.000847164
0.000916177
0.000999948
0.00110115
0.0012228
0.00136819
0.00154085
0.00174436
0.00198217
0.00225728
0.00257177
0.00292719
0.00332697
0.00378525
0.00435428
0.00520301
0.00684508
0.0105236
0.0190888
0.0367991
0.0647321
0.0944107
0.102236
0.0756796
0.0694618
0.00318274
0.00288172
0.00410132
0.00503495
0.00538793
0.00532225
0.00498224
0.0045269
0.00408738
0.00369931
0.00336559
0.00307758
0.00282452
0.00259748
0.00239032
0.00219947
0.00202325
0.00186112
0.00171297
0.00157876
0.00145822
0.00135079
0.00125565
0.0011718
0.00109816
0.0010336
0.000977071
0.000927583
0.00088425
0.00084629
0.000813021
0.000783856
0.000758294
0.000735912
0.000716356
0.000699334
0.000684612
0.000672005
0.000661379
0.000652644
0.000645751
0.000640721
0.000637436
0.000637012
0.000637991
0.000640809
0.000646553
0.000655261
0.000667292
0.000683167
0.000703532
0.000729176
0.000761055
0.000800322
0.000848352
0.000906775
0.000977501
0.00106275
0.00116508
0.00128738
0.00143288
0.00160509
0.00180769
0.00204434
0.00231829
0.00263188
0.00298661
0.00338455
0.00383507
0.00437807
0.00515418
0.00661057
0.00988727
0.0177036
0.0345681
0.062718
0.0953775
0.108389
0.0826863
0.0748252
0.00299182
0.00257495
0.00366132
0.00460622
0.00508688
0.00514116
0.00495113
0.0045778
0.00418343
0.0038178
0.00349576
0.00321524
0.00296858
0.00274779
0.00254657
0.00236072
0.00218789
0.00202705
0.0018779
0.00174048
0.00161482
0.0015008
0.00139809
0.00130615
0.00122426
0.00115163
0.00108741
0.00103075
0.000980839
0.000936934
0.000898349
0.000864474
0.000834773
0.000808779
0.000786096
0.000766389
0.00074938
0.00073485
0.00072263
0.000712603
0.000704693
0.000698912
0.000695085
0.000694423
0.000695423
0.000698383
0.000704463
0.000713752
0.000726572
0.000743438
0.000764983
0.000791975
0.000825338
0.000866176
0.000915803
0.000975764
0.00104787
0.00113423
0.00123728
0.00135981
0.00150496
0.00167622
0.00187737
0.00211228
0.00238443
0.00269661
0.0030505
0.00344738
0.00389296
0.00441644
0.00513431
0.00641788
0.0093146
0.0163598
0.0321833
0.0602415
0.0956861
0.114376
0.0904472
0.0803172
0.00282234
0.00230868
0.00325222
0.00416372
0.00472716
0.00491173
0.004845
0.00457678
0.00424986
0.00392305
0.00362374
0.00335772
0.00312175
0.00290996
0.00271671
0.00253772
0.00237025
0.00221286
0.00206498
0.00192658
0.00179785
0.00167896
0.00156997
0.00147074
0.00138097
0.00130021
0.00122789
0.00116338
0.00110603
0.00105518
0.0010102
0.000970513
0.000935569
0.000904889
0.00087805
0.000854682
0.000834478
0.000817181
0.00080259
0.000790559
0.000780984
0.00077386
0.000768983
0.000767439
0.000768237
0.000771003
0.000776937
0.000786467
0.000799758
0.00081731
0.000839736
0.000867777
0.000902319
0.000944415
0.000995311
0.00105647
0.00112962
0.00121674
0.00132017
0.00144259
0.00158707
0.00175709
0.00195646
0.00218921
0.0024592
0.0027697
0.00312285
0.00351973
0.00396354
0.00447416
0.0051407
0.00629169
0.00883255
0.0151105
0.0297224
0.0572637
0.094994
0.119931
0.0989888
0.0858836
0.0026773
0.00208097
0.00287995
0.00372373
0.00432683
0.00462081
0.00465473
0.00452974
0.00427423
0.00400557
0.00374368
0.0035024
0.00328394
0.00308559
0.00290335
0.00273358
0.00257359
0.00242176
0.00227736
0.00214023
0.0020106
0.00188882
0.00177521
0.00166999
0.00157322
0.00148479
0.00140444
0.00133183
0.00126649
0.00120794
0.00115565
0.00110912
0.00106783
0.00103134
0.000999202
0.000971055
0.000946563
0.000925449
0.000907488
0.000892506
0.000880377
0.000871065
0.000864415
0.000861024
0.000861231
0.000863272
0.000868358
0.000877605
0.000890881
0.00090867
0.000931561
0.000960266
0.00099563
0.00103866
0.00109052
0.00115262
0.00122658
0.00131429
0.00141798
0.00154023
0.00168403
0.00185282
0.00205048
0.00228118
0.00254917
0.00285831
0.00321145
0.00361014
0.00405647
0.00456386
0.00520043
0.00624607
0.00849396
0.0140241
0.0273206
0.0538763
0.0931345
0.124907
0.108141
0.0914695
0.00256149
0.00189068
0.00254894
0.00330131
0.00390542
0.00427605
0.00441987
0.00440142
0.0042593
0.00406071
0.00385099
0.00364686
0.00345502
0.00327666
0.00310998
0.00295271
0.00280278
0.00265881
0.00252006
0.00238637
0.00225798
0.00213535
0.00201898
0.00190935
0.00180681
0.00171158
0.00162372
0.00154314
0.00146963
0.0014029
0.00134259
0.0012883
0.00123963
0.00119617
0.00115753
0.00112335
0.00109331
0.00106713
0.00104458
0.00102546
0.00100965
0.000997071
0.000987676
0.000981422
0.000979618
0.000980778
0.000984611
0.000992693
0.0010054
0.00102296
0.00104592
0.00107498
0.00111094
0.00115474
0.00120752
0.00127059
0.00134549
0.00143403
0.00153834
0.0016609
0.00180464
0.00197297
0.00216978
0.00239947
0.00266668
0.002976
0.00333134
0.00373542
0.00419066
0.00470702
0.00533556
0.00629977
0.00835466
0.0132511
0.0251679
0.0502813
0.0904092
0.129256
0.117709
0.097025
0.0024937
0.00174104
0.00226279
0.00290983
0.00348416
0.00389916
0.00413504
0.00421882
0.00419345
0.00408522
0.00394208
0.00378919
0.00363576
0.00348617
0.00334144
0.0032014
0.00306503
0.00293168
0.00280095
0.00267287
0.00254779
0.00242624
0.00230891
0.00219646
0.00208949
0.00198848
0.00189378
0.00180556
0.00172387
0.00164865
0.00157972
0.00151686
0.00145978
0.00140818
0.00136176
0.0013202
0.00128324
0.00125061
0.0012221
0.00119754
0.0011768
0.0011598
0.00114653
0.00113692
0.00113145
0.00113149
0.00113377
0.00113989
0.00115171
0.00116883
0.00119183
0.00122133
0.00125812
0.0013031
0.00135734
0.00142209
0.00149884
0.00158931
0.00169556
0.00182001
0.00196553
0.00213552
0.00233399
0.00256556
0.00283542
0.00314909
0.00351196
0.00392876
0.00440385
0.00494728
0.00560072
0.00653966
0.00842894
0.012928
0.023609
0.0468587
0.0870262
0.132858
0.127599
0.102522
0.00248318
0.00163695
0.00202194
0.00256015
0.00308418
0.00351572
0.00382077
0.00400144
0.0040782
0.00407257
0.00402083
0.00393224
0.00382968
0.00371972
0.00360566
0.00348927
0.0033713
0.00325223
0.00313232
0.00301214
0.00289228
0.00277349
0.00265662
0.00254255
0.00243211
0.00232603
0.0022249
0.00212918
0.00203916
0.00195502
0.00187681
0.0018045
0.00173799
0.00167711
0.00162167
0.00157147
0.0015263
0.00148599
0.00145036
0.00141928
0.00139265
0.00137042
0.00135257
0.00133921
0.00133005
0.00132751
0.00132898
0.00133403
0.00134492
0.00136233
0.00138624
0.0014173
0.00145627
0.00150401
0.00156157
0.00163017
0.00171124
0.0018065
0.00191797
0.00204807
0.0021997
0.00237639
0.00258236
0.00282262
0.00310318
0.00343095
0.00381341
0.00425844
0.00477441
0.00537551
0.00610217
0.00710383
0.00893645
0.0130459
0.0229537
0.0443312
0.0838491
0.13573
0.137387
0.107925
0.00255725
0.00158357
0.00183181
0.00226309
0.00272655
0.00315458
0.00350757
0.00377074
0.00394665
0.0040458
0.00408549
0.00407884
0.00404697
0.00398874
0.00391573
0.00383148
0.00373835
0.00363805
0.0035322
0.00342213
0.00330904
0.00319401
0.00307825
0.00296293
0.00284918
0.002738
0.00263028
0.00252674
0.00242796
0.00233437
0.00224628
0.00216388
0.00208726
0.00201643
0.00195136
0.00189198
0.00183818
0.00178987
0.00174695
0.00170937
0.00167707
0.00165005
0.00162829
0.00161202
0.00160081
0.00159733
0.00159888
0.00160459
0.00161712
0.00163739
0.00166517
0.00170113
0.00174598
0.00180064
0.00186618
0.00194384
0.00203511
0.00214179
0.002266
0.00241032
0.00257788
0.00277258
0.00299921
0.0032638
0.00357357
0.00393758
0.00436625
0.00487242
0.00547071
0.00618472
0.00706182
0.00824575
0.0101803
0.0141748
0.0231444
0.0432744
0.0816852
0.138584
0.146915
0.113309
0.00274326
0.00159024
0.00170145
0.00203306
0.00243564
0.00285009
0.00323591
0.00356861
0.00383861
0.00404988
0.00417863
0.0042606
0.00430371
0.00430905
0.00429155
0.00424969
0.0041879
0.00411163
0.0040231
0.00392512
0.00381993
0.00370919
0.0035947
0.00347814
0.00336105
0.0032448
0.00313062
0.00301955
0.00291245
0.00281002
0.00271284
0.00262132
0.00253577
0.00245638
0.00238326
0.00231647
0.00225604
0.00220198
0.00215424
0.00211299
0.00207824
0.00204989
0.00202805
0.00201315
0.00200526
0.00200585
0.00201088
0.0020231
0.00204452
0.00207449
0.00211371
0.00216296
0.0022229
0.00229457
0.0023793
0.00247852
0.00259401
0.00272786
0.00288263
0.0030615
0.00326826
0.00350785
0.00378621
0.00411131
0.00449254
0.00494305
0.00547762
0.00611777
0.00688684
0.00782591
0.00899267
0.0105461
0.0128493
0.0170124
0.0255611
0.0437334
0.0809066
0.141603
0.15575
0.118718
0.00311559
0.00166493
0.00165269
0.00190064
0.00225454
0.0026614
0.00308193
0.00348497
0.00384393
0.00412517
0.00435126
0.00452035
0.00464473
0.00472393
0.004765
0.0047694
0.00475072
0.00470591
0.00463954
0.0045576
0.00446377
0.00436058
0.00425062
0.00413619
0.00401938
0.003902
0.00378565
0.0036717
0.00356132
0.00345547
0.00335495
0.00326044
0.00317245
0.00309128
0.00301721
0.00295045
0.00289116
0.00283955
0.00279556
0.00276067
0.00273385
0.00271462
0.00270437
0.0027048
0.00271041
0.00272493
0.00275084
0.00278639
0.00283263
0.00289053
0.0029609
0.00304485
0.00314352
0.00325831
0.00339113
0.00354403
0.00371955
0.00392098
0.00415218
0.00441772
0.00472274
0.00507467
0.00548154
0.00595598
0.00651024
0.00716555
0.00794052
0.00887187
0.00998745
0.0113567
0.0130339
0.0152162
0.0181849
0.0229291
0.03143
0.0487314
0.083322
0.14635
0.163662
0.124462
0.00375467
0.00183826
0.00171022
0.00192264
0.00227045
0.00269007
0.00314123
0.00359136
0.00401445
0.00439522
0.00472907
0.00499835
0.00520804
0.00536383
0.00547153
0.00553535
0.00556389
0.00555949
0.00553385
0.00548194
0.00541373
0.00533342
0.00524347
0.00514698
0.00504657
0.00494456
0.00484295
0.00474346
0.00464755
0.00455659
0.00447152
0.00439353
0.00432332
0.00426078
0.00420664
0.00416171
0.00412624
0.00410114
0.0040847
0.00408331
0.00408859
0.00410343
0.00413299
0.00417639
0.00423219
0.0043018
0.00438695
0.00448825
0.00460703
0.00474516
0.00490441
0.00508619
0.00529332
0.00552864
0.00579502
0.00609619
0.00643714
0.00682115
0.0072547
0.00774605
0.00830281
0.00893705
0.00966069
0.0104959
0.0114524
0.0125677
0.0138522
0.0153723
0.0171316
0.019255
0.0217319
0.0248569
0.0287221
0.0344147
0.0431965
0.060192
0.0923867
0.154272
0.171414
0.127762
0.00479529
0.00215494
0.00192495
0.00214569
0.00254812
0.00304865
0.00360238
0.00417321
0.00473264
0.00526391
0.00574863
0.00616741
0.00651714
0.00680202
0.00702691
0.00719751
0.00732066
0.00740203
0.00745314
0.00747344
0.00747026
0.00745428
0.00742265
0.00738278
0.0073378
0.00729083
0.00724462
0.00720152
0.00716364
0.00713312
0.00711067
0.00710024
0.00710176
0.00711121
0.00713402
0.00717348
0.00722821
0.00730021
0.00738821
0.00749647
0.00762402
0.00777134
0.00794125
0.00813608
0.00835632
0.00860541
0.00888455
0.00919586
0.0095435
0.00993049
0.0103607
0.0108383
0.0113673
0.011953
0.0126008
0.0133172
0.0141084
0.0149829
0.0159476
0.0170152
0.0181919
0.0195005
0.0209351
0.0225346
0.024287
0.0262733
0.0284504
0.0309571
0.0336843
0.0369037
0.0403776
0.0446908
0.0494764
0.0563193
0.065417
0.0824236
0.111316
0.167482
0.179388
0.129008
0.00630897
0.0027154
0.00252595
0.00302805
0.00377887
0.00466618
0.00563172
0.00662612
0.00760631
0.00854266
0.00940974
0.0101906
0.0108792
0.0114787
0.0119948
0.0124359
0.0128111
0.0131294
0.0134029
0.0136385
0.0138437
0.0140277
0.0141974
0.0143579
0.0145139
0.0146709
0.0148334
0.0150052
0.0151898
0.0153907
0.0156097
0.0158507
0.0161169
0.0164074
0.016726
0.0170754
0.0174586
0.0178785
0.0183348
0.0188311
0.0193713
0.0199571
0.0205919
0.0212787
0.0220209
0.0228237
0.0236929
0.0246331
0.0256483
0.0267434
0.0279224
0.0291909
0.0305529
0.032014
0.0335772
0.0352494
0.0370324
0.0389365
0.0409623
0.0431233
0.0454155
0.0478632
0.0504501
0.0532245
0.0561358
0.0593007
0.0625637
0.0662481
0.0699856
0.0744016
0.078735
0.0842819
0.0896754
0.0977357
0.106671
0.12354
0.147267
0.188462
0.188037
0.126428
0.00790438
0.00374454
0.00478072
0.00705098
0.00971746
0.0126689
0.0157802
0.0188903
0.0218611
0.0246122
0.0271052
0.0293345
0.0313108
0.0330552
0.0345943
0.0359571
0.0371722
0.038266
0.0392638
0.0401885
0.0410576
0.041886
0.0426904
0.0434837
0.0442761
0.0450766
0.0458939
0.0467353
0.0476072
0.0485154
0.0494655
0.0504618
0.0515097
0.0526116
0.0537714
0.0549919
0.0562756
0.0576267
0.059048
0.0605408
0.0621088
0.0637531
0.0654795
0.067286
0.0691796
0.0711661
0.0732448
0.075418
0.0776818
0.0800386
0.0824831
0.08502
0.0876433
0.0903579
0.0931567
0.0960472
0.099023
0.102094
0.105248
0.108497
0.111836
0.115276
0.118819
0.12248
0.126254
0.130206
0.134198
0.138694
0.143191
0.148534
0.153543
0.160219
0.166113
0.175343
0.183385
0.197851
0.210272
0.217537
0.193819
0.115621
0.0100616
0.00760782
0.0172353
0.0302365
0.0436272
0.0576419
0.071862
0.0854939
0.0979107
0.108808
0.118143
0.126023
0.132612
0.138088
0.142632
0.146411
0.149577
0.152261
0.15457
0.156599
0.15842
0.160092
0.161658
0.163157
0.164622
0.166077
0.167542
0.169032
0.17056
0.172134
0.173763
0.175453
0.177209
0.179033
0.180927
0.182892
0.184926
0.187031
0.189203
0.191444
0.193747
0.196119
0.198547
0.201041
0.20359
0.206191
0.208819
0.211485
0.214166
0.216886
0.219617
0.222396
0.225186
0.228039
0.230914
0.233866
0.236847
0.239911
0.24302
0.246203
0.249464
0.252755
0.256206
0.259566
0.263277
0.266624
0.270814
0.273952
0.278206
0.280706
0.284736
0.286331
0.289512
0.289358
0.287828
0.281566
0.26654
0.236609
0.191556
0.101257
0.00619061
0.0124414
0.0196774
0.0267239
0.0335467
0.0399965
0.0461511
0.0520389
0.0576329
0.0628772
0.0677239
0.0721484
0.0761492
0.079738
0.0829333
0.0857588
0.0882405
0.0904071
0.0922869
0.0939085
0.0953001
0.096488
0.0974958
0.0983473
0.0990631
0.0996632
0.100165
0.100585
0.100937
0.101235
0.10149
0.101714
0.101915
0.102104
0.102285
0.102469
0.102657
0.10286
0.103075
0.103316
0.103574
0.103865
0.104181
0.104533
0.104917
0.105337
0.105788
0.106272
0.10679
0.107336
0.107925
0.108538
0.10921
0.109893
0.110662
0.111422
0.112305
0.113144
0.114162
0.115077
0.116249
0.117225
0.118561
0.119567
0.121051
0.122044
0.123612
0.124664
0.126581
0.127844
0.129947
0.131315
0.133412
0.134567
0.136258
0.136224
0.135137
0.131253
0.120089
0.0880672
)
;

boundaryField
{
    movingWall
    {
        type            epsilonWallFunction;
        value           nonuniform List<scalar> 
80
(
0.00619061
0.0124414
0.0196774
0.0267239
0.0335467
0.0399965
0.0461511
0.0520389
0.0576329
0.0628772
0.0677239
0.0721484
0.0761492
0.079738
0.0829333
0.0857588
0.0882405
0.0904071
0.0922869
0.0939085
0.0953001
0.096488
0.0974958
0.0983473
0.0990631
0.0996632
0.100165
0.100585
0.100937
0.101235
0.10149
0.101714
0.101915
0.102104
0.102285
0.102469
0.102657
0.10286
0.103075
0.103316
0.103574
0.103865
0.104181
0.104533
0.104917
0.105337
0.105788
0.106272
0.10679
0.107336
0.107925
0.108538
0.10921
0.109893
0.110662
0.111422
0.112305
0.113144
0.114162
0.115077
0.116249
0.117225
0.118561
0.119567
0.121051
0.122044
0.123612
0.124664
0.126581
0.127844
0.129947
0.131315
0.133412
0.134567
0.136258
0.136224
0.135137
0.131253
0.120089
0.0880672
)
;
    }
    fixedWalls
    {
        type            epsilonWallFunction;
        value           nonuniform List<scalar> 
240
(
2.17601e-05
0.000105747
0.000231264
0.000394808
0.000613685
0.000910261
0.00130637
0.00182149
0.00246938
0.00325793
0.00422192
0.00536092
0.00663052
0.00799596
0.00941633
0.0108421
0.012234
0.0135533
0.0147773
0.0158763
0.0168252
0.0176002
0.0181891
0.0185927
0.0188205
0.0188476
0.0187677
0.0185742
0.0182737
0.0178737
0.0173973
0.0168626
0.0162867
0.0156856
0.0150616
0.0144729
0.0139918
0.0135425
0.0131004
0.012657
0.0122116
0.0117673
0.0113294
0.0108988
0.01048
0.0100719
0.00966902
0.00926747
0.00886426
0.00845759
0.00804515
0.00762798
0.00720639
0.00678104
0.00635997
0.00595369
0.00556749
0.00520205
0.00485662
0.00452265
0.00420304
0.00390529
0.00363536
0.00339604
0.00318274
0.00299182
0.00282234
0.0026773
0.00256149
0.0024937
0.00248318
0.00255725
0.00274326
0.00311559
0.00375467
0.00479529
0.00630897
0.00790438
0.0100616
0.00619061
4.16188e-05
0.000216481
0.000553065
0.00088066
0.00109138
0.00116934
0.00115386
0.00111122
0.00109794
0.00112569
0.00123475
0.00149438
0.0019459
0.00256293
0.00331024
0.00414191
0.00501217
0.00591226
0.00683471
0.00781021
0.0089775
0.0105041
0.0124262
0.0145805
0.0169965
0.0195252
0.0218302
0.023648
0.024564
0.024902
0.0249556
0.0248155
0.0243793
0.0238205
0.0231336
0.0224091
0.0216839
0.0210192
0.0204547
0.0200162
0.0196906
0.0195303
0.0194722
0.0195152
0.0197564
0.0201246
0.0206629
0.0213901
0.022316
0.023448
0.0248213
0.026434
0.0283241
0.0304954
0.0329746
0.0357677
0.038886
0.0423313
0.046107
0.0502065
0.0546158
0.0593162
0.0642764
0.0694618
0.0748252
0.0803172
0.0858836
0.0914695
0.097025
0.102522
0.107925
0.113309
0.118718
0.124462
0.127762
0.129008
0.126428
0.115621
0.101257
0.0880672
2.17601e-05
0.000110214
0.000257412
0.000411528
0.000537644
0.000625229
0.000681009
0.000720012
0.000758438
0.000810732
0.000888881
0.00100004
0.00115044
0.00134251
0.00157361
0.00183654
0.00212768
0.00243769
0.00275735
0.0030797
0.00340653
0.00375594
0.00415799
0.0046376
0.0051991
0.0058134
0.00643261
0.00705749
0.00769668
0.00836418
0.00906565
0.00978901
0.0104983
0.011196
0.011877
0.0125581
0.0132442
0.0139483
0.0146776
0.0154417
0.0162463
0.0170974
0.0180025
0.0189676
0.0199914
0.0210756
0.0222322
0.0235042
0.0249749
0.026847
0.028657
0.0305243
0.0323418
0.0340929
0.0357104
0.037133
0.038288
0.0390089
0.039344
0.0394268
0.0388376
0.0375962
0.0357129
0.0332355
0.030224
0.0267939
0.0231019
0.0193548
0.0157221
0.0123021
0.00925551
0.00683678
0.00485026
0.00328965
0.00213699
0.00132971
0.000789901
0.000438088
0.000198316
4.16188e-05
)
;
    }
    frontAndBack
    {
        type            empty;
    }
}


// ************************************************************************* //
