/*--------------------------------*- C++ -*----------------------------------*\
  =========                 |
  \\      /  F ield         | OpenFOAM: The Open Source CFD Toolbox
   \\    /   O peration     | Website:  https://openfoam.org
    \\  /    A nd           | Version:  13
     \\/     M anipulation  |
\*---------------------------------------------------------------------------*/
FoamFile
{
    format      ascii;
    class       volScalarField;
    location    "8.2";
    object      epsilon;
}
// * * * * * * * * * * * * * * * * * * * * * * * * * * * * * * * * * * * * * //

dimensions      [0 2 -3 0 0 0 0];

internalField   nonuniform List<scalar> 
6400
(
2.89583e-05
0.000148757
0.000361581
0.000582203
0.000748192
0.000841188
0.00087483
0.000877936
0.000882884
0.000914395
0.000991314
0.0011422
0.0013804
0.00171126
0.00211713
0.00257559
0.00306328
0.00357083
0.00407436
0.00456179
0.00505272
0.00558932
0.00622808
0.0070019
0.00787739
0.00875977
0.00963567
0.0105054
0.011396
0.0123314
0.0132984
0.0142647
0.0152147
0.0161516
0.0170987
0.0180619
0.0190608
0.0201014
0.0211965
0.0223491
0.0235677
0.0248617
0.0262383
0.0277132
0.0292992
0.0310509
0.0330718
0.0355829
0.0380894
0.0406493
0.0431513
0.0455808
0.0478584
0.0499217
0.051694
0.0530833
0.0537864
0.0540652
0.0539414
0.0528938
0.0510536
0.0484274
0.045043
0.0410431
0.0364955
0.0316403
0.0267102
0.0218931
0.0173674
0.0133432
0.0100664
0.00731798
0.00509957
0.00340624
0.00218833
0.001359
0.000818417
0.000470335
0.000222598
4.74628e-05
0.000139935
0.000140151
0.000229175
0.000331818
0.000408712
0.000455324
0.000478448
0.000489189
0.000501347
0.000528709
0.000585878
0.000692804
0.000866062
0.00111837
0.00145341
0.0018723
0.00237712
0.00297465
0.00367088
0.0044758
0.005397
0.00647515
0.00776098
0.00927817
0.0110155
0.0129987
0.0150378
0.0169979
0.0187721
0.0202665
0.0213963
0.0222642
0.0228516
0.0232536
0.0235081
0.0236739
0.0237912
0.0238937
0.024004
0.0241423
0.0243315
0.0245758
0.0248738
0.0252013
0.0255854
0.0260614
0.0266158
0.0272503
0.0279569
0.028699
0.029478
0.0302474
0.0309907
0.0316573
0.032206
0.0325026
0.0325954
0.0324668
0.0320505
0.0312212
0.0300244
0.0284243
0.0264263
0.0241049
0.0215464
0.0188562
0.0161495
0.01354
0.0111158
0.00897036
0.00715449
0.00559637
0.00425978
0.0031256
0.00218964
0.00143428
0.00087519
0.000492019
0.000256077
0.000250815
0.000305725
0.000254943
0.000340481
0.000427095
0.000479164
0.000505634
0.000520419
0.000537521
0.000572258
0.000642865
0.000773113
0.000991602
0.00132569
0.0017953
0.0024131
0.00319137
0.00414279
0.00528196
0.00661894
0.00816044
0.0099123
0.0118371
0.0138457
0.0157815
0.0174588
0.0186384
0.0193446
0.0197276
0.0199174
0.020058
0.0201276
0.0200366
0.019725
0.0194345
0.0191303
0.0188681
0.0186568
0.0185354
0.018488
0.0184866
0.0186103
0.0188047
0.0191056
0.0195272
0.0200592
0.0206775
0.0213784
0.0221563
0.0230065
0.0239128
0.0248655
0.02584
0.026814
0.0277509
0.0286111
0.0293455
0.0298726
0.0301028
0.030123
0.029754
0.0289394
0.0276722
0.0259339
0.0238277
0.0214412
0.0188732
0.01625
0.0136863
0.0112868
0.0091338
0.00727573
0.00571223
0.00441882
0.00335633
0.00248675
0.00178763
0.0012154
0.000761096
0.000471815
0.000670743
0.000530197
0.000439207
0.000535928
0.00061851
0.000661123
0.000683354
0.000705943
0.000749867
0.000838637
0.00100358
0.00128468
0.00172451
0.00235834
0.00320782
0.00428289
0.00558794
0.00712194
0.00886319
0.0107557
0.0127031
0.0145688
0.0162061
0.0174607
0.0181243
0.0183997
0.0184638
0.0183957
0.0180367
0.0174781
0.0168805
0.016226
0.0157171
0.0153282
0.0149971
0.0147502
0.0146023
0.014539
0.0145287
0.0146253
0.0147993
0.0150647
0.0154089
0.0158413
0.0163574
0.0169563
0.0176364
0.0183991
0.0192428
0.0201662
0.0211629
0.0222257
0.0233402
0.024487
0.0256373
0.0267534
0.0277859
0.0286757
0.0293249
0.0296223
0.0296653
0.0292355
0.028381
0.0270884
0.0251733
0.0228625
0.0202475
0.0174774
0.0147034
0.0120693
0.00969062
0.00764069
0.0059425
0.00457618
0.00349528
0.00264474
0.00197517
0.00143386
0.000991699
0.00070856
0.00111822
0.000849382
0.000694373
0.000789548
0.000869301
0.000914452
0.000950309
0.00100479
0.00110944
0.00130317
0.00163512
0.00216057
0.00292837
0.00396707
0.00528023
0.00685019
0.00863831
0.0105755
0.0125483
0.0143935
0.0159423
0.0169684
0.0174229
0.0175496
0.0174896
0.017059
0.0163189
0.0154493
0.0146429
0.0139898
0.0133851
0.0128854
0.0124985
0.0121973
0.0119731
0.0118367
0.0117746
0.0117581
0.0118055
0.0119293
0.0121077
0.0123504
0.0126527
0.0130194
0.013451
0.0139519
0.0145256
0.0151769
0.0159105
0.0167311
0.017642
0.0186436
0.0197335
0.0209035
0.0221394
0.0234188
0.0247031
0.0259394
0.0270638
0.0279978
0.0285488
0.0287409
0.0284957
0.0276952
0.026444
0.0244437
0.0219371
0.0190984
0.0161122
0.0131733
0.0104615
0.00810894
0.00617906
0.00466583
0.00351372
0.00264311
0.00198556
0.00148094
0.00108968
0.000865748
0.00142881
0.00130431
0.00102869
0.0011062
0.00118787
0.00125063
0.00132214
0.00143987
0.00165025
0.00201049
0.00258588
0.00343694
0.00460004
0.00607309
0.0078133
0.00974019
0.0117342
0.0136355
0.0152589
0.0163408
0.0168047
0.0169112
0.0167579
0.0161982
0.0152165
0.0142142
0.0133247
0.0125173
0.0118378
0.0112695
0.0107864
0.0103999
0.010091
0.0098482
0.0096646
0.0095348
0.00945706
0.00942261
0.00941565
0.0094587
0.0095389
0.00965911
0.00982082
0.0100251
0.0102768
0.0105804
0.0109431
0.0113728
0.01188
0.0124757
0.0131729
0.0139834
0.0149185
0.0159864
0.0171892
0.0185208
0.0199666
0.0214915
0.0230474
0.0245657
0.0259408
0.0270386
0.0275734
0.0276995
0.0271592
0.0260666
0.0239747
0.0212782
0.0181746
0.014911
0.0117562
0.00894455
0.00662474
0.00483749
0.00353189
0.00259765
0.00193366
0.0014481
0.0010887
0.000929389
0.0015445
0.00193483
0.00144845
0.00149798
0.00159225
0.00169128
0.00182477
0.00204301
0.0024095
0.00299681
0.00387451
0.00508738
0.00663335
0.00845276
0.0104306
0.0124049
0.0141777
0.0155293
0.0161841
0.0163716
0.0162955
0.0157401
0.0146883
0.0135649
0.0125471
0.0116284
0.0108459
0.0101703
0.009605
0.0091254
0.00872144
0.00838494
0.00810189
0.00786553
0.00766936
0.00750888
0.00738022
0.00727965
0.00720597
0.00716732
0.0071519
0.00715113
0.007189
0.00725191
0.00735037
0.00748371
0.00765951
0.0078839
0.00816631
0.00851748
0.00895413
0.00949582
0.0101648
0.0109858
0.0119799
0.0131704
0.0145785
0.0162018
0.0180079
0.0199465
0.0219522
0.0239053
0.0256425
0.026812
0.0272809
0.02724
0.0262482
0.0240701
0.021103
0.0176153
0.0139617
0.0105171
0.007581
0.00530493
0.00368188
0.00259271
0.00185833
0.00137166
0.00105165
0.000922179
0.00150075
0.00277774
0.00195846
0.00197861
0.00209976
0.00225711
0.00248145
0.00283803
0.00340462
0.00425794
0.00545142
0.0069889
0.00880624
0.0107696
0.0126893
0.0143457
0.0154163
0.0158451
0.0159116
0.015533
0.0145975
0.0133744
0.0122313
0.0111811
0.0102776
0.00949544
0.00883133
0.00825987
0.00777223
0.00735073
0.00698783
0.00667389
0.00640138
0.00616562
0.00596236
0.00578879
0.0056423
0.00552013
0.00542129
0.00534525
0.00528925
0.00526089
0.00525075
0.00525583
0.005295
0.00535614
0.00544784
0.00557184
0.00573445
0.00594207
0.00620165
0.00652491
0.00692713
0.00743134
0.00807356
0.00889538
0.00994593
0.011284
0.0129401
0.0149092
0.0171785
0.0196407
0.0221869
0.0246045
0.0265897
0.0275708
0.0278571
0.0270647
0.0247316
0.0213642
0.0173488
0.0131943
0.00941051
0.00635798
0.00415965
0.00273087
0.00185487
0.00130557
0.000986785
0.000887067
0.00139591
0.00385859
0.00256227
0.00255741
0.00272728
0.002963
0.00330446
0.00382854
0.00461793
0.00573576
0.0071966
0.0089428
0.0108371
0.0126762
0.0142226
0.0150989
0.0153912
0.0153836
0.0147533
0.0135902
0.012319
0.0111304
0.0100869
0.00917776
0.00840448
0.00773845
0.00716691
0.00667127
0.0062425
0.00586942
0.00554626
0.00526625
0.00502501
0.00481877
0.00464395
0.00449754
0.00437703
0.00428046
0.00420595
0.00415182
0.00412
0.00410632
0.00410364
0.00412257
0.004161
0.00421772
0.00429545
0.00439502
0.00451934
0.0046714
0.00485554
0.00507757
0.0053456
0.0056704
0.00606671
0.00655684
0.00717432
0.00797291
0.00904669
0.0105228
0.0124694
0.0148878
0.0177353
0.0208344
0.02397
0.0267433
0.0283684
0.0289696
0.0283865
0.0257965
0.0218799
0.0171975
0.0124682
0.00835023
0.00523856
0.00318273
0.00197479
0.00130474
0.000935935
0.000829987
0.00127677
0.00518707
0.00326766
0.00324769
0.00348006
0.00381236
0.00428859
0.00499066
0.00599235
0.00732399
0.00894369
0.0107244
0.0124644
0.01392
0.0147068
0.0149566
0.014815
0.0140238
0.0127525
0.0114656
0.0102528
0.00919779
0.0082926
0.00751655
0.00685379
0.00628176
0.00578909
0.00536357
0.00499827
0.0046857
0.00442084
0.00419814
0.00401334
0.00386205
0.00374043
0.00364492
0.00357236
0.00352001
0.00348693
0.00347144
0.00346694
0.00347485
0.00349865
0.0035353
0.0035855
0.00364914
0.00372723
0.00382079
0.00393139
0.00406099
0.00421219
0.00438838
0.00459408
0.00483541
0.00512101
0.00546043
0.00586954
0.0063739
0.0070144
0.00785748
0.00901834
0.0107238
0.0131172
0.0161855
0.0197998
0.0236466
0.0272736
0.029576
0.0304719
0.0300436
0.0270563
0.022416
0.0169526
0.0116352
0.00725963
0.00419766
0.00236093
0.00139477
0.000931541
0.000780127
0.00117848
0.00678717
0.00409077
0.00405398
0.00435663
0.00479491
0.00540828
0.0062733
0.00743966
0.00889022
0.0105203
0.0121426
0.0135186
0.014267
0.0145045
0.014294
0.0134043
0.0121148
0.0107828
0.00956198
0.00848978
0.00758012
0.00680408
0.00614166
0.00557579
0.00509152
0.00468019
0.00433298
0.00404344
0.00380459
0.00361048
0.00345496
0.00333264
0.00323837
0.00316774
0.00311694
0.0030831
0.00306634
0.00306021
0.00306067
0.00307617
0.00310001
0.00313507
0.00317987
0.00323567
0.00330284
0.00338256
0.00347598
0.00358451
0.00370966
0.00385317
0.00401696
0.00420318
0.00441447
0.00465426
0.00492758
0.00524227
0.00561108
0.00605531
0.00660504
0.00731446
0.00828272
0.00968258
0.0118656
0.0150228
0.019046
0.0236041
0.0281415
0.0311099
0.0322579
0.0318442
0.0282603
0.0227138
0.0164022
0.010568
0.00609793
0.00322986
0.00168996
0.000989182
0.000764921
0.00114427
0.00873207
0.00505643
0.0049721
0.00534353
0.00588538
0.00661967
0.0076059
0.00885784
0.010305
0.0117873
0.0130808
0.0138144
0.0140522
0.0138199
0.0128991
0.0116319
0.0102748
0.00902607
0.00794107
0.00701752
0.00623913
0.00557827
0.00501928
0.00454828
0.00415475
0.00383037
0.00356645
0.00335514
0.00318837
0.00305891
0.00295995
0.00288571
0.00283128
0.00279272
0.00276705
0.00275426
0.00274938
0.00274903
0.00275932
0.00277744
0.0028033
0.00283797
0.00288169
0.00293569
0.00300089
0.00307866
0.00317038
0.00327763
0.00340205
0.00354537
0.00370937
0.00389575
0.00410613
0.00434195
0.00460467
0.00489622
0.00522003
0.00558327
0.00600092
0.00650193
0.00713734
0.00798696
0.00921738
0.0111317
0.0142494
0.018601
0.0238628
0.029342
0.0329035
0.0342216
0.0335865
0.0291203
0.0224963
0.0153423
0.0091936
0.00486698
0.00236154
0.00118787
0.000798028
0.00118581
0.0108907
0.00612505
0.00598104
0.00641544
0.00704625
0.00786715
0.00891119
0.0101508
0.0114671
0.0126628
0.013386
0.0136269
0.0134114
0.0125266
0.0112838
0.00992169
0.0086392
0.00752856
0.00658919
0.00580087
0.00514059
0.00458751
0.00412913
0.00375336
0.00345009
0.00320931
0.00302098
0.00287575
0.00276493
0.00268109
0.00261796
0.00257067
0.00253543
0.00250959
0.00249143
0.00248071
0.00247588
0.00247481
0.00248131
0.00249474
0.0025155
0.00254452
0.00258269
0.00263117
0.00269114
0.00276404
0.0028514
0.00295493
0.00307651
0.00321815
0.00338197
0.00357006
0.00378437
0.00402649
0.00429747
0.00459761
0.0049266
0.00528418
0.00567207
0.00609811
0.00658413
0.00717887
0.00796455
0.00909029
0.0108597
0.0138712
0.0185124
0.0244779
0.0309126
0.0348869
0.0362241
0.0350265
0.0293207
0.0214562
0.0136427
0.00751694
0.0036228
0.00165136
0.000928753
0.00136114
0.0132011
0.00727218
0.00705484
0.00753888
0.00823259
0.0090916
0.0101175
0.0112441
0.0123168
0.0130179
0.0132572
0.0130904
0.0122773
0.0110703
0.00970775
0.00839347
0.00724361
0.00627876
0.00547513
0.00480884
0.00425884
0.00380907
0.00344723
0.0031606
0.00293741
0.00276588
0.00263516
0.00253575
0.00245966
0.00240061
0.00235387
0.00231611
0.00228508
0.00225953
0.00223884
0.00222287
0.00221225
0.00220748
0.00220658
0.00221306
0.00222743
0.00224992
0.00228169
0.00232377
0.00237736
0.00244382
0.00252472
0.00262183
0.00273717
0.00287303
0.00303192
0.00321653
0.00342958
0.00367361
0.0039507
0.00426199
0.00460726
0.00498468
0.005391
0.00582315
0.00628226
0.0067822
0.00736555
0.00812398
0.00920008
0.0109116
0.0138916
0.0188367
0.0255496
0.0329173
0.0369489
0.0381033
0.0358156
0.0284399
0.0193776
0.0113005
0.00564206
0.00252738
0.00124714
0.00178252
0.0155881
0.00846841
0.00816227
0.00867531
0.0093967
0.010237
0.0111659
0.012086
0.0127369
0.0129665
0.0128624
0.0121368
0.0109865
0.00962913
0.00828148
0.00708274
0.00607749
0.00524932
0.00456937
0.00401539
0.00356886
0.00321472
0.00293889
0.0027271
0.00256616
0.00244392
0.00235014
0.00227662
0.00221712
0.00216725
0.00212409
0.00208592
0.00205184
0.00202163
0.00199541
0.00197352
0.00195649
0.00194597
0.00194157
0.00194116
0.00195014
0.00196726
0.00199335
0.00202948
0.00207663
0.00213609
0.00220932
0.00229807
0.00240439
0.00253071
0.0026798
0.00285482
0.00305924
0.00329666
0.00357056
0.00388384
0.0042382
0.00463332
0.00506624
0.00553111
0.00602041
0.006529
0.00706346
0.00766067
0.0084166
0.00948585
0.0112065
0.0142919
0.0196738
0.0272783
0.0352611
0.0389888
0.0397041
0.0354683
0.0261324
0.016237
0.00851374
0.00388482
0.00182401
0.00245753
0.0179822
0.0096826
0.00926951
0.00978478
0.0104929
0.0112549
0.0120099
0.0125809
0.0127956
0.012721
0.0121024
0.0110232
0.00968429
0.00830255
0.00704487
0.00598331
0.00511584
0.00441222
0.0038452
0.00339414
0.00304093
0.00276922
0.002563
0.00240719
0.00228869
0.00219653
0.00212232
0.00205994
0.00200531
0.00195591
0.00191041
0.0018683
0.00182957
0.00179454
0.00176369
0.00173752
0.00171657
0.00170148
0.00169399
0.00169149
0.0016953
0.00170881
0.00173029
0.00176129
0.00180246
0.001855
0.00192021
0.00199973
0.00209554
0.00221003
0.00234605
0.00250698
0.00269674
0.00291972
0.00318064
0.0034842
0.00383448
0.00423411
0.00468304
0.00517739
0.00570868
0.00626471
0.00683375
0.00741511
0.00804253
0.0088203
0.00991791
0.0117168
0.0150552
0.0210827
0.0298364
0.0378972
0.040981
0.040797
0.0333828
0.0222859
0.0123155
0.00577323
0.00265758
0.00332669
0.0203349
0.010883
0.0103429
0.0108292
0.0114814
0.0121089
0.0125934
0.0127876
0.0126883
0.0121809
0.0111756
0.00986979
0.00845991
0.00713413
0.00599889
0.00507353
0.0043318
0.003741
0.00327595
0.00291591
0.00264167
0.00243532
0.00228014
0.00216174
0.00206852
0.00199177
0.00192544
0.00186565
0.00181021
0.0017581
0.00170904
0.00166323
0.00162109
0.00158311
0.00154977
0.00152152
0.00149877
0.00148187
0.00147267
0.00146917
0.00146983
0.00148068
0.00149862
0.00152527
0.00156114
0.00160724
0.00166473
0.00173511
0.00182016
0.00192215
0.00204381
0.0021885
0.00236024
0.00256379
0.00280462
0.00308875
0.00342238
0.00381112
0.00425883
0.00476604
0.005328
0.00593334
0.00656453
0.00720243
0.00783889
0.00850694
0.00932724
0.0104872
0.0124522
0.0162345
0.0230982
0.0332076
0.040874
0.0430808
0.0402117
0.0292974
0.0171652
0.00826826
0.00377322
0.00433523
0.0225969
0.0120382
0.0113491
0.0117747
0.0123322
0.0127494
0.0129114
0.0127944
0.0123706
0.0114458
0.0101828
0.00875655
0.00735928
0.00613254
0.00512723
0.00432829
0.00369971
0.00320981
0.00283398
0.00255027
0.0023383
0.00217965
0.0020585
0.00196236
0.00188208
0.00181146
0.00174675
0.00168591
0.00162816
0.00157339
0.00152191
0.00147418
0.0014307
0.0013919
0.00135813
0.0013297
0.00130683
0.00128971
0.00127972
0.00127559
0.00127518
0.00128366
0.00129893
0.00132191
0.00135316
0.0013935
0.00144397
0.00150587
0.0015808
0.0016708
0.00177838
0.00190668
0.00205958
0.0022418
0.00245905
0.00271802
0.00302626
0.0033917
0.00382181
0.00432202
0.00489348
0.0055304
0.00621778
0.00693159
0.00764419
0.00834052
0.00905846
0.00993681
0.0112039
0.0134743
0.0180185
0.0260591
0.0374932
0.0435021
0.0444278
0.0367992
0.0231802
0.0115263
0.00521985
0.00543473
0.0246798
0.0131184
0.0122618
0.0125982
0.0130096
0.0131802
0.0130901
0.0126615
0.0118327
0.0106244
0.00919447
0.00773045
0.0063983
0.00528826
0.00440798
0.00372314
0.0031951
0.00279321
0.00249213
0.00226882
0.00210265
0.00197619
0.00187568
0.00179125
0.00171637
0.00164716
0.00158168
0.00151922
0.00145981
0.00140381
0.00135172
0.00130398
0.00126098
0.001223
0.00119023
0.00116279
0.00114077
0.00112423
0.00111411
0.0011097
0.00110893
0.00111549
0.00112859
0.00114847
0.00117572
0.00121104
0.00125531
0.00130967
0.00137554
0.0014547
0.00154939
0.00166245
0.00179742
0.00195876
0.00215197
0.00238384
0.00266244
0.0029971
0.00339784
0.00387431
0.00443377
0.00507796
0.00579936
0.00657783
0.00738062
0.00817011
0.00892729
0.0097035
0.0106526
0.012103
0.0149223
0.0206953
0.0306308
0.0417838
0.0459057
0.0437036
0.0302979
0.0157262
0.00704759
0.00658915
0.0265098
0.014096
0.0130585
0.0132781
0.0134915
0.0134655
0.0130712
0.0123429
0.0111928
0.00977626
0.00825646
0.00681353
0.00557502
0.00458418
0.00381879
0.00323525
0.00279486
0.00246713
0.00222584
0.00204771
0.00191317
0.00180686
0.00171775
0.00163865
0.0015654
0.00149593
0.00142956
0.00136634
0.00130669
0.00125109
0.00119997
0.00115365
0.00111234
0.00107616
0.00104512
0.00101924
0.000998483
0.000982827
0.000972908
0.000968432
0.000967437
0.000972492
0.000983737
0.00100097
0.00102478
0.00105575
0.00109465
0.00114247
0.00120045
0.00127014
0.0013535
0.00145304
0.00157191
0.00171413
0.0018848
0.00209034
0.00233876
0.0026398
0.00300485
0.00344643
0.00397676
0.00460511
0.00533355
0.00615158
0.00703139
0.00792794
0.00879139
0.0096025
0.0104421
0.0114874
0.0132346
0.0168836
0.0243476
0.0368112
0.045922
0.0476392
0.0380877
0.0210354
0.00930053
0.00779422
0.0280468
0.0149504
0.0137199
0.0137901
0.0138479
0.0135931
0.0129442
0.0118851
0.0105003
0.00894419
0.00739508
0.0060113
0.00487834
0.00400115
0.0033387
0.00284367
0.0024778
0.00221031
0.00201475
0.00186876
0.00175483
0.00166031
0.00157695
0.00149997
0.00142703
0.00135733
0.00129092
0.00122821
0.00116967
0.00111573
0.00106665
0.00102259
0.000983585
0.000949608
0.000920578
0.000896401
0.000876993
0.000862271
0.000852631
0.000848149
0.000846981
0.000850792
0.000860411
0.000875365
0.000896199
0.000923422
0.000957711
0.000999921
0.00105113
0.00111269
0.00118631
0.00127416
0.00137903
0.00150446
0.00165501
0.00183656
0.0020566
0.00232461
0.00265232
0.00305366
0.00354412
0.00413892
0.0048494
0.00567724
0.00660685
0.00759881
0.00859104
0.00952013
0.0103761
0.011275
0.012476
0.0147524
0.0198679
0.0298324
0.0434355
0.0489799
0.0455218
0.0275484
0.0120474
0.00903748
0.0292688
0.0156791
0.014238
0.0141561
0.0140555
0.0135683
0.0126697
0.0113572
0.00979391
0.00815646
0.00662223
0.0053194
0.00429346
0.00352054
0.00294874
0.00252966
0.00222541
0.00200518
0.00184324
0.00171915
0.00161803
0.00153006
0.00144947
0.00137338
0.00130076
0.00123156
0.00116617
0.00110506
0.00104862
0.000997104
0.000950627
0.000909177
0.000872666
0.000840959
0.000813908
0.000791369
0.000773221
0.000759359
0.000749976
0.00074548
0.000744154
0.0007469
0.000755081
0.00076806
0.000786323
0.00081032
0.000840648
0.000878056
0.000923483
0.000978113
0.00104343
0.00112134
0.00121424
0.00132524
0.00145836
0.00161883
0.00181344
0.00205102
0.00234289
0.00270321
0.00314904
0.00369944
0.00437304
0.00518302
0.00612898
0.00718655
0.00829863
0.00937979
0.0103534
0.011235
0.012205
0.0137036
0.0169698
0.0243797
0.0379932
0.0489617
0.0505633
0.0352629
0.0154619
0.0104014
0.0301722
0.0162807
0.014615
0.0143847
0.0141192
0.0134543
0.0123011
0.0107911
0.00910185
0.00742954
0.00594021
0.00472843
0.00380492
0.00312538
0.00263218
0.00227699
0.00202237
0.00183811
0.0017001
0.00159043
0.00149703
0.00141266
0.00133357
0.00125827
0.00118653
0.00111868
0.00105517
0.000996397
0.000942607
0.000893882
0.000850179
0.000811369
0.000777277
0.000747708
0.000722473
0.000701405
0.000684369
0.000671259
0.000662085
0.00065755
0.000656069
0.000657894
0.000664801
0.000676062
0.000692097
0.000713312
0.000740234
0.000773525
0.000814016
0.000862743
0.000921012
0.000990472
0.00107322
0.00117197
0.00129022
0.00143257
0.00160506
0.00181567
0.00207488
0.00239633
0.00279731
0.0032988
0.00392421
0.00469589
0.00562796
0.00671486
0.00791719
0.00915179
0.0103044
0.011292
0.0121577
0.0132778
0.015361
0.0204517
0.0313571
0.0468938
0.0527447
0.0438224
0.0198687
0.0121511
0.0307721
0.0167542
0.0148631
0.0144852
0.0140746
0.0132186
0.0118756
0.0102134
0.00844321
0.0067713
0.00534542
0.00422691
0.00339801
0.0028007
0.00237467
0.00207219
0.00185662
0.00169906
0.00157768
0.00147732
0.00138858
0.00130638
0.00122849
0.00115434
0.00108412
0.00101829
0.00095723
0.000901197
0.000850268
0.000804382
0.000763383
0.000727063
0.000695191
0.000667543
0.000643914
0.000624128
0.000608047
0.000595572
0.000586645
0.000582003
0.000580369
0.000581404
0.000587181
0.000596947
0.000611049
0.000629854
0.000653835
0.000683583
0.000719836
0.000763516
0.000815773
0.000878056
0.000952205
0.00104058
0.00114624
0.00127319
0.00142675
0.001614
0.00184443
0.00213066
0.00248934
0.00294179
0.00351393
0.00423442
0.00512938
0.00621184
0.00746517
0.0088239
0.0101658
0.0113424
0.0123067
0.0131768
0.0146181
0.0179232
0.0261273
0.0421375
0.0532339
0.0518406
0.0255704
0.0145113
0.031069
0.0171057
0.0149943
0.0144701
0.0139414
0.0129097
0.0114162
0.0096436
0.00782983
0.00618362
0.00483108
0.00380306
0.00305952
0.00253362
0.00216418
0.00190446
0.00171904
0.00158096
0.00147097
0.00137664
0.00129087
0.0012103
0.00113375
0.0010612
0.00099303
0.000929646
0.000871319
0.00081814
0.000770048
0.000726873
0.000688382
0.000654319
0.000624428
0.000598473
0.000576244
0.000557569
0.000542312
0.000530378
0.000521702
0.000516923
0.000515144
0.000515531
0.000520306
0.000528768
0.000541187
0.000557898
0.000579325
0.000606004
0.000638597
0.000677929
0.000725029
0.000781182
0.000848011
0.000927589
0.00102259
0.00113652
0.00127403
0.00144135
0.00164691
0.00190216
0.00222257
0.00262874
0.00314722
0.00381018
0.00465233
0.00570268
0.00696883
0.00841378
0.0099321
0.0113511
0.0125039
0.0133332
0.0143704
0.0165302
0.0223882
0.0356716
0.0527244
0.0569593
0.0331017
0.0174714
0.031049
0.0173328
0.0150188
0.0143866
0.0137088
0.0125497
0.0109422
0.00909591
0.00726808
0.00566456
0.00438901
0.00344574
0.00277791
0.00231331
0.00199096
0.00176543
0.00160296
0.00147894
0.00137676
0.00128645
0.00120283
0.00112379
0.00104887
0.000978301
0.000912499
0.000851766
0.000796225
0.000745832
0.000700416
0.000659733
0.000623505
0.000591451
0.000563306
0.000538833
0.000517829
0.000500125
0.000485592
0.000474136
0.000465691
0.000460759
0.000458811
0.000458759
0.00046263
0.000469954
0.000480906
0.000495788
0.000514986
0.000538987
0.000568393
0.000603952
0.000646592
0.000697467
0.000758025
0.000830104
0.000916062
0.00101898
0.00114291
0.00129334
0.00147769
0.00170618
0.00199288
0.00235706
0.00282464
0.00342906
0.0042103
0.00520952
0.00645568
0.00794147
0.00959081
0.0112365
0.0126512
0.0136499
0.0143578
0.0158925
0.0198003
0.0301103
0.0497331
0.0591914
0.0427029
0.0209098
0.0308825
0.0174769
0.0149792
0.0142077
0.0134152
0.012156
0.0104681
0.0085796
0.00676032
0.00520993
0.00401073
0.00314492
0.00254336
0.00213084
0.00184725
0.00164876
0.00150363
0.00138973
0.00129298
0.00120554
0.00112372
0.00104631
0.000973256
0.000904915
0.000841624
0.000783561
0.000730715
0.000682933
0.000639969
0.000601529
0.000567314
0.000537033
0.000510423
0.000487254
0.00046733
0.000450489
0.000436605
0.000425585
0.00041737
0.000412295
0.000410128
0.00040984
0.000412894
0.000419222
0.000428892
0.000442172
0.000459414
0.000481063
0.000507674
0.00053993
0.000578679
0.000624968
0.000680108
0.000745745
0.000823979
0.000917529
0.00102998
0.00116612
0.00133249
0.00153813
0.00179565
0.00212267
0.00254366
0.00309166
0.00380914
0.00474551
0.00594752
0.00743756
0.00917723
0.0110231
0.0127109
0.0140162
0.0147468
0.0156977
0.0183201
0.0262719
0.0442656
0.0596833
0.0528876
0.024465
0.0305155
0.0175566
0.0148733
0.0139631
0.0130765
0.0117435
0.010005
0.00810031
0.00630621
0.0048144
0.00368812
0.00289181
0.00234763
0.00197897
0.00172702
0.00154975
0.00141767
0.0013111
0.00121826
0.00113304
0.00105291
0.000977252
0.000906239
0.000840224
0.000779444
0.00072395
0.000673624
0.000628229
0.00058747
0.000551029
0.000518594
0.000489878
0.000464625
0.000442611
0.000423649
0.000407582
0.000394288
0.000383675
0.000375683
0.000370505
0.00036816
0.000367685
0.00037005
0.000375509
0.000384057
0.000395928
0.000411446
0.00043102
0.000455162
0.000484505
0.00051983
0.0005621
0.000612514
0.000672566
0.000744148
0.000829692
0.00093237
0.00105642
0.00120758
0.00139384
0.00162639
0.00192114
0.00230066
0.00279653
0.0034515
0.00431963
0.00546065
0.00692275
0.00870771
0.0107185
0.0127129
0.0143124
0.0151828
0.0157926
0.0175969
0.0231813
0.0386372
0.058864
0.0614084
0.0273245
0.029944
0.0175528
0.0146967
0.0136718
0.0127071
0.011324
0.0095606
0.00766088
0.00590368
0.00447223
0.00341371
0.00267887
0.00218392
0.00185192
0.0016256
0.00146494
0.00134269
0.00124152
0.00115161
0.00106828
0.00098982
0.000915998
0.000847089
0.000783386
0.000725017
0.000671924
0.0006239
0.000580656
0.000541863
0.000507193
0.000476333
0.000449003
0.000424955
0.000403973
0.000385877
0.000370516
0.000357768
0.00034754
0.000339771
0.000334536
0.00033205
0.000331421
0.000333215
0.000337917
0.000345482
0.000356113
0.000370106
0.00038784
0.000409792
0.000436549
0.000468838
0.000507557
0.00055381
0.000608975
0.000674777
0.000753415
0.000847734
0.000961496
0.00109979
0.00126964
0.00148097
0.00174799
0.00209122
0.00254013
0.00313626
0.00393538
0.00500559
0.00641523
0.00820197
0.0103178
0.0125623
0.0145545
0.0157262
0.0162841
0.0173545
0.0211679
0.0332298
0.0566689
0.0657454
0.0286368
0.0292011
0.0175168
0.0144827
0.0133481
0.0123197
0.0109071
0.00914032
0.00726216
0.00554963
0.00417773
0.00318089
0.00249974
0.00204667
0.00174511
0.00153947
0.00139176
0.00127697
0.00117986
0.00109228
0.00101065
0.000933851
0.000861894
0.000795067
0.000733584
0.000677468
0.000626571
0.000580624
0.000539299
0.000502252
0.000469151
0.000439688
0.000413591
0.000390621
0.000370569
0.000353261
0.000338547
0.000326309
0.000316451
0.000308908
0.00030366
0.000301064
0.000300306
0.000301631
0.000305676
0.000312379
0.000321917
0.00033456
0.000350659
0.000370659
0.000395111
0.000424695
0.000460252
0.000502815
0.000553665
0.000614397
0.000687025
0.000774131
0.000879094
0.00100644
0.00116241
0.00135577
0.00159916
0.00191105
0.00231851
0.00286093
0.00359371
0.00458975
0.00593267
0.00769208
0.00987005
0.0123185
0.0146643
0.0162108
0.0168474
0.0173827
0.0200811
0.0295532
0.0524561
0.067306
0.0288617
0.0283292
0.0174342
0.0142414
0.0130042
0.0119247
0.0104999
0.00874737
0.00690354
0.00524041
0.00392556
0.00298392
0.00234912
0.00193138
0.00165493
0.0014659
0.00132832
0.00121924
0.00112527
0.00103963
0.000959576
0.000884421
0.000814296
0.000749467
0.000690059
0.000636008
0.000587094
0.000543003
0.000503384
0.000467885
0.000436175
0.000407956
0.000382961
0.00036096
0.000341751
0.000325162
0.000311046
0.000299283
0.000289776
0.000282453
0.000277267
0.000274567
0.000273698
0.000274641
0.000278117
0.000284066
0.00029264
0.000304086
0.000318731
0.00033699
0.000359381
0.000386545
0.000419273
0.000458542
0.000505552
0.000561798
0.000629147
0.000709973
0.00080735
0.000925352
0.00106953
0.00124768
0.00147103
0.00175607
0.00212742
0.00262169
0.00329239
0.00421394
0.00548004
0.00718616
0.00938226
0.011988
0.014692
0.016725
0.0175591
0.0179239
0.0195759
0.0268193
0.0475683
0.0673547
0.0282822
0.0273623
0.0173222
0.0139838
0.0126506
0.0115306
0.0101076
0.00838346
0.00658353
0.00497227
0.00371084
0.00281782
0.00222261
0.00183442
0.00157855
0.00140284
0.0012732
0.00116855
0.00107707
0.000993101
0.000914531
0.000840965
0.000772593
0.000709632
0.000652129
0.000599944
0.000552803
0.000510361
0.000472254
0.000438128
0.000407655
0.000380545
0.000356539
0.000335413
0.000316969
0.000301039
0.000287476
0.000276157
0.000266983
0.000259875
0.000254784
0.000251998
0.000251035
0.000251669
0.000254655
0.000259943
0.000267668
0.000278054
0.000291406
0.000308112
0.000328658
0.000353653
0.000383844
0.000420158
0.000463732
0.000515978
0.00057865
0.00065396
0.000744738
0.000854694
0.000988829
0.00115409
0.00136047
0.00162268
0.00196291
0.00241481
0.00302904
0.00387932
0.00506517
0.00670155
0.00887882
0.011579
0.0145665
0.0171442
0.0182423
0.0185406
0.0194239
0.0247752
0.0430971
0.0650904
0.0273081
0.0263326
0.0171952
0.0137192
0.0122958
0.0111441
0.00973402
0.00804914
0.00629998
0.00474136
0.00352923
0.00267848
0.00211662
0.00175289
0.00151376
0.00134869
0.00122529
0.00112411
0.00103467
0.000952179
0.000875007
0.000802949
0.000736216
0.000674972
0.000619191
0.000568675
0.000523108
0.000482127
0.000445357
0.000412447
0.000383075
0.000356956
0.000333839
0.000313503
0.000295755
0.000280427
0.000267372
0.000256466
0.000247605
0.000240708
0.000235719
0.000232869
0.000231824
0.00023221
0.000234774
0.000239485
0.000246462
0.000255911
0.000268114
0.000283435
0.000302333
0.000325382
0.000353296
0.000386952
0.000427439
0.000476099
0.000534597
0.000605018
0.000690006
0.000792983
0.0009185
0.00107281
0.00126483
0.00150769
0.00182129
0.00223627
0.00279988
0.00358345
0.00468893
0.00624581
0.00838026
0.0111324
0.0143181
0.0174238
0.0190051
0.0193694
0.0196241
0.0233766
0.0391074
0.0619448
0.0261395
0.025241
0.0170709
0.013458
0.0119474
0.0107705
0.00938172
0.00774415
0.00605059
0.00454416
0.00337686
0.00256239
0.00202821
0.00168445
0.00145882
0.0013022
0.00118371
0.00108531
0.000997571
0.000916403
0.000840534
0.000769882
0.000704654
0.000644961
0.000590719
0.000541682
0.000497506
0.000457813
0.000422225
0.000390393
0.000361999
0.000336766
0.000314445
0.000294821
0.000277703
0.000262922
0.000250332
0.000239806
0.000231236
0.000224538
0.000219651
0.000216749
0.000215632
0.000215818
0.000218022
0.000222228
0.000228547
0.000237169
0.000248353
0.000262443
0.00027987
0.000301179
0.000327047
0.000358314
0.000396021
0.000441453
0.000496205
0.000562263
0.000642128
0.000738998
0.00085707
0.00100203
0.00118189
0.00140839
0.00169936
0.0020825
0.0026014
0.00332388
0.00435137
0.0058226
0.00789393
0.0106675
0.0140445
0.0175404
0.0197359
0.0202507
0.0202503
0.0226122
0.0356216
0.0581869
0.024932
0.0241571
0.016952
0.0132068
0.0116114
0.0104138
0.00905229
0.00746782
0.00583258
0.00437734
0.00325057
0.0024667
0.00195503
0.00162727
0.00141235
0.0012624
0.00114778
0.00105161
0.00096532
0.000885348
0.000810683
0.00074132
0.000677452
0.000619143
0.000566261
0.000518525
0.000475571
0.000437009
0.000402461
0.000371581
0.000344055
0.000319609
0.000298001
0.000279015
0.000262463
0.000248176
0.000236006
0.000225824
0.000217521
0.000211006
0.000206214
0.000203266
0.000202077
0.000202109
0.000204002
0.000207768
0.000213509
0.000221401
0.000231686
0.000244683
0.000260802
0.000280557
0.000304593
0.000333713
0.000368916
0.000411438
0.000462815
0.000524957
0.000600253
0.000691736
0.000803327
0.00094026
0.0011098
0.00132249
0.00159429
0.00195018
0.00243004
0.00309751
0.00405148
0.00543528
0.00742742
0.0101824
0.0136891
0.0175677
0.0204084
0.0212306
0.0210289
0.0222876
0.0327092
0.0543464
0.0237253
0.0229798
0.0168474
0.0129729
0.0112931
0.0100772
0.00874669
0.00721891
0.00564344
0.00423795
0.00314751
0.00238896
0.00189516
0.00157988
0.00137328
0.0012285
0.00111693
0.00102256
0.000937522
0.000858632
0.000785065
0.000716866
0.00065421
0.000597121
0.000545429
0.000498828
0.000456938
0.000419365
0.000385729
0.000355685
0.000328925
0.000305176
0.000284199
0.000265781
0.000249732
0.000235885
0.00022409
0.000214216
0.00020615
0.000199801
0.000195098
0.000192104
0.00019082
0.000190748
0.000192371
0.000195752
0.000200987
0.000208236
0.000217728
0.00022976
0.000244719
0.000263091
0.000285491
0.000312687
0.000345638
0.000385536
0.000433868
0.00049248
0.00056368
0.000650374
0.000756278
0.000886273
0.00104702
0.00124805
0.00150369
0.00183641
0.00228248
0.00290102
0.00378697
0.00508493
0.00699011
0.00970274
0.0132918
0.0174757
0.0210106
0.0222467
0.0219929
0.022224
0.0303453
0.0505122
0.022577
0.0220609
0.0167797
0.0127629
0.0109965
0.00976303
0.00846527
0.00699597
0.00548086
0.00412347
0.00306544
0.00232742
0.00184715
0.00154114
0.00134075
0.00119988
0.00109067
0.00099778
0.000913821
0.000835908
0.000763335
0.000696174
0.000634582
0.000578553
0.000527891
0.000482271
0.000441301
0.000404585
0.000371741
0.000342427
0.000316337
0.000293199
0.000272776
0.000254856
0.00023925
0.000225789
0.000214321
0.000204715
0.000196857
0.000190651
0.000186025
0.000182988
0.000181605
0.000181442
0.000182833
0.000185877
0.000190667
0.000197354
0.000206148
0.000217331
0.000231266
0.000248414
0.000269359
0.000294836
0.000325767
0.000363304
0.000408886
0.000464311
0.000531822
0.000614233
0.000715109
0.000839068
0.000992292
0.00118348
0.00142553
0.00173866
0.00215573
0.00273122
0.00355509
0.00477027
0.00658312
0.00923334
0.0128661
0.0172866
0.0215142
0.0232844
0.0230877
0.0226597
0.028539
0.046983
0.0215466
0.0212556
0.0167361
0.0125806
0.0107253
0.00947324
0.00820811
0.0067975
0.00534263
0.0040315
0.00300213
0.00228021
0.00180973
0.00151018
0.0013141
0.00117603
0.0010686
0.000976916
0.000893903
0.000816869
0.000745185
0.000678938
0.000618269
0.00056315
0.000513368
0.000468583
0.0004284
0.000392417
0.000360255
0.00033157
0.000306058
0.000283449
0.000263506
0.000246017
0.000230792
0.000217662
0.000206475
0.000197097
0.000189413
0.000183326
0.000178761
0.000175685
0.0001742
0.000173948
0.000175135
0.000177885
0.000182286
0.00018848
0.000196664
0.000207102
0.000220137
0.000236205
0.000255864
0.000279813
0.00030894
0.000344357
0.000387462
0.000440008
0.000504188
0.00058275
0.000679155
0.000797825
0.00094458
0.00112744
0.00135811
0.00165479
0.00204716
0.00258513
0.00335311
0.00449022
0.00620893
0.00878185
0.0124296
0.017047
0.0218887
0.0243094
0.0243317
0.0233228
0.0272201
0.0437813
0.0206663
0.020491
0.0167363
0.0124322
0.0104824
0.00920921
0.00797511
0.00662219
0.00522684
0.0039602
0.0029564
0.00224692
0.00178228
0.00148627
0.00129282
0.00115656
0.00105039
0.000959663
0.000877478
0.000801235
0.000730344
0.000664894
0.000605014
0.000550664
0.00050162
0.000457536
0.000418014
0.00038265
0.000351064
0.000322913
0.000297892
0.000275733
0.000256196
0.000239071
0.000224168
0.000211315
0.000200361
0.000191171
0.000183627
0.000177632
0.000173108
0.000170002
0.000168409
0.000168063
0.000169071
0.000171561
0.000175621
0.000181385
0.000189035
0.000198823
0.000211071
0.000226195
0.00024472
0.000267319
0.000294843
0.000328366
0.000369247
0.000419197
0.000480369
0.000555462
0.000647868
0.000761877
0.000903042
0.00107885
0.00130001
0.00158295
0.00195444
0.00246001
0.00317822
0.00424272
0.00586788
0.00835189
0.0119881
0.0167941
0.0221021
0.0253499
0.0256708
0.0242371
0.0264616
0.0410007
0.0199635
0.0197482
0.0167492
0.0123238
0.010272
0.00897247
0.00776608
0.00646867
0.00513146
0.00390746
0.00292617
0.00222503
0.00176378
0.00146925
0.00127652
0.00114112
0.00103577
0.000945787
0.000864317
0.000788781
0.000718589
0.000653821
0.000594602
0.000540887
0.000492448
0.00044894
0.00040996
0.000375105
0.000343995
0.000316286
0.000291673
0.000269885
0.000250685
0.00023386
0.000219219
0.000206591
0.000195824
0.00018678
0.000179342
0.000173412
0.000168909
0.000165777
0.00016407
0.000163621
0.000164467
0.000166727
0.000170488
0.000175876
0.000183064
0.000192287
0.000203851
0.000218152
0.000235688
0.000257101
0.000283209
0.00031505
0.000353942
0.00040156
0.000460019
0.000531984
0.000620802
0.000730682
0.000866993
0.00103682
0.00125005
0.0015216
0.00187562
0.00235344
0.00302772
0.00402559
0.00555977
0.0079468
0.0115428
0.0164829
0.0222227
0.02634
0.0271087
0.0253092
0.0261245
0.0386159
0.0194554
0.0190155
0.016782
0.0122397
0.0100918
0.00876317
0.00758081
0.00633604
0.00505534
0.00387253
0.0029115
0.00221751
0.0017544
0.00145789
0.00126505
0.00112954
0.00102445
0.000934993
0.000854143
0.000779244
0.000709674
0.000645498
0.000586836
0.000533641
0.000485688
0.000442635
0.000404085
0.000369635
0.000338905
0.000311549
0.000287263
0.000265774
0.000246843
0.000230257
0.000215822
0.000203368
0.00019274
0.000183802
0.000176436
0.000170542
0.00016604
0.000162873
0.000161054
0.000160493
0.000161187
0.000163239
0.000166739
0.000171802
0.000178588
0.000187322
0.000198297
0.000211888
0.000228566
0.000248944
0.000273813
0.00030417
0.000341295
0.000386828
0.000442849
0.000511997
0.000597594
0.000703803
0.000835884
0.00100063
0.00120729
0.00146947
0.00180899
0.00226329
0.00289915
0.00383649
0.00528366
0.00756958
0.0111065
0.0161472
0.0222692
0.0272803
0.0286292
0.0265291
0.0260432
0.036643
0.0191795
0.0182962
0.016816
0.0122303
0.00994959
0.00858234
0.00741891
0.00622312
0.00499609
0.003852
0.00291364
0.00222122
0.0017558
0.00145483
0.00125775
0.00112151
0.00101642
0.000927253
0.000846898
0.000772567
0.000703544
0.000639853
0.000581607
0.000528788
0.000481188
0.000438472
0.000400245
0.000366104
0.000335668
0.00030859
0.000284561
0.000263307
0.000244584
0.000228179
0.000213897
0.000201565
0.000191029
0.000182152
0.000174819
0.000168928
0.000164403
0.000161188
0.00015926
0.000158584
0.000159144
0.000161008
0.000164271
0.000169042
0.00017548
0.000183793
0.000194264
0.000207253
0.000223192
0.000242672
0.000266468
0.000295529
0.000331095
0.000374779
0.00042862
0.00049524
0.000577947
0.000680891
0.000809276
0.000969705
0.00117093
0.0014255
0.00175314
0.0021877
0.00279028
0.00367313
0.00503803
0.00722052
0.0106802
0.0157865
0.0222737
0.0281423
0.0301528
0.0279861
0.0263443
0.0350158
0.0190615
0.0175907
0.0168403
0.0122571
0.00984742
0.00843227
0.00728081
0.00612947
0.00495432
0.00385212
0.00292443
0.00223286
0.00176255
0.00145713
0.00125709
0.00111722
0.00101105
0.000922013
0.000842083
0.000768225
0.000699655
0.000636391
0.000578597
0.000526176
0.000478914
0.000436492
0.00039853
0.000364631
0.000334417
0.000307539
0.000283687
0.000262584
0.000243988
0.000227681
0.000213471
0.000201185
0.000190671
0.000181794
0.000174439
0.000168509
0.000163927
0.000160636
0.000158607
0.00015782
0.000158278
0.000160002
0.00016309
0.000167632
0.000173779
0.000181728
0.000191742
0.000204162
0.000219437
0.000238142
0.000261024
0.000288964
0.000323166
0.000365228
0.000417133
0.000481501
0.000561628
0.00066167
0.000786827
0.000943594
0.00114037
0.00138883
0.0017069
0.0021251
0.00269914
0.00353336
0.00482138
0.00690039
0.0102688
0.0154058
0.0222003
0.0289271
0.0316623
0.0296629
0.026923
0.0337046
0.0190421
0.0169132
0.0168424
0.0123313
0.00978034
0.00831139
0.00716608
0.00605426
0.00492718
0.0038597
0.00294866
0.00225706
0.00177794
0.00146422
0.00125939
0.00111759
0.00100974
0.000920033
0.00084032
0.000767033
0.000699056
0.000636258
0.000578677
0.000526351
0.000479153
0.000436782
0.000398863
0.000365007
0.000334833
0.000307995
0.00028418
0.000263112
0.000244547
0.000228265
0.000214073
0.000201797
0.000191284
0.0001824
0.000175027
0.000169068
0.000164445
0.0001611
0.000158995
0.000158116
0.000158445
0.00015998
0.000162906
0.000167271
0.000173221
0.000180942
0.000190656
0.000202665
0.000217416
0.000235446
0.000257453
0.000284352
0.000317367
0.000358032
0.00040823
0.00047061
0.00054845
0.000645925
0.000768275
0.00092195
0.00111512
0.00135876
0.00166927
0.00207417
0.00262398
0.00341518
0.00463199
0.00660906
0.00987541
0.015017
0.0220908
0.0296332
0.03321
0.0314875
0.0277474
0.0326817
0.0192231
0.0162572
0.0168496
0.0124528
0.00976967
0.00822618
0.00707586
0.00599722
0.0049157
0.00387933
0.00298659
0.00229324
0.0018039
0.00147901
0.00126574
0.00112012
0.00101083
0.000920689
0.000840965
0.000767835
0.000700047
0.000637406
0.000579973
0.000527757
0.000480623
0.000438291
0.000400402
0.000366572
0.000336426
0.000309617
0.000285829
0.000264788
0.000246254
0.000229995
0.000215814
0.000203536
0.000193009
0.000184098
0.000176687
0.000170679
0.000165997
0.000162583
0.000160403
0.000159444
0.000159672
0.000161029
0.000163783
0.000167953
0.000173669
0.000181116
0.000190545
0.000202282
0.000216725
0.000234367
0.000255767
0.000281876
0.000313831
0.000353116
0.00040178
0.000462442
0.000538274
0.000633497
0.000753427
0.000904514
0.0010948
0.00133477
0.00163949
0.00203377
0.00256332
0.00331678
0.00446815
0.00634592
0.0095013
0.0146194
0.0219509
0.0302329
0.0347636
0.0334799
0.0288147
0.0319178
0.019545
0.0156205
0.0168495
0.0126005
0.0097884
0.0081711
0.00701062
0.00595887
0.0049192
0.00391552
0.00303694
0.00234096
0.0018396
0.00150172
0.00127855
0.00112625
0.00101412
0.000923037
0.00084318
0.000770249
0.000702761
0.000640401
0.000583183
0.0005311
0.000484023
0.000441705
0.00040381
0.000369969
0.000339812
0.000312991
0.000289191
0.000268128
0.000249546
0.000233231
0.000218987
0.000206642
0.00019604
0.000187048
0.000179551
0.000173452
0.000168674
0.00016516
0.000162876
0.000161812
0.000161951
0.000163151
0.000165744
0.000169759
0.000175298
0.000182537
0.000191711
0.000203122
0.00021716
0.000234336
0.000255348
0.00028101
0.000312337
0.000350684
0.000398081
0.000457062
0.000531002
0.000624273
0.000742155
0.00089111
0.00107915
0.00131643
0.00161692
0.00200299
0.00251591
0.00323656
0.00432825
0.0061104
0.00914865
0.0142169
0.0217678
0.030751
0.0363348
0.0356211
0.030112
0.0314052
0.0200169
0.0149955
0.0168366
0.0127721
0.00984097
0.00815925
0.00696927
0.00593773
0.00493235
0.00396333
0.00309934
0.00240047
0.00188568
0.00153263
0.00129745
0.00113748
0.001021
0.000928108
0.000847876
0.000775176
0.000708024
0.000645898
0.000588797
0.000536728
0.000489593
0.000447171
0.000409151
0.000375179
0.000344894
0.000317952
0.000294036
0.000272861
0.000254172
0.00023775
0.000223399
0.000210943
0.000200229
0.000191125
0.000183515
0.000177302
0.000172411
0.000168785
0.00016639
0.000165222
0.000165287
0.00016635
0.000168797
0.000172691
0.000178094
0.000185179
0.00019417
0.000205361
0.000219126
0.000235952
0.000256469
0.000281499
0.00031216
0.000349938
0.000396658
0.00045452
0.000527054
0.00061858
0.000734522
0.000881627
0.001068
0.00130347
0.00160109
0.00198106
0.00248065
0.00317313
0.00421072
0.00590148
0.00881833
0.0138126
0.0215352
0.0311773
0.0379171
0.0379154
0.0316356
0.0311572
0.0206381
0.014377
0.016794
0.0129655
0.00994507
0.0081756
0.00696421
0.00594077
0.00496123
0.00402278
0.00317365
0.00247202
0.00194288
0.00157261
0.00132315
0.00115358
0.00103165
0.000936175
0.000855048
0.000782258
0.000715293
0.000653364
0.000596355
0.000544267
0.000497025
0.000454439
0.000416227
0.000382054
0.000351572
0.00032444
0.000300345
0.000278999
0.000260148
0.00024357
0.000229064
0.000216459
0.000205599
0.000196352
0.000188603
0.000182256
0.000177236
0.000173486
0.000170976
0.000169702
0.000169705
0.000170653
0.000172972
0.000176772
0.000182076
0.000189053
0.00019792
0.000208962
0.000222542
0.000239133
0.000259343
0.000283968
0.000314057
0.000351012
0.000396725
0.000453851
0.000525618
0.000616104
0.000730824
0.00087678
0.00106217
0.00129677
0.00159301
0.00196904
0.00245695
0.00312524
0.00411421
0.00571826
0.00851142
0.0134116
0.0212639
0.0314969
0.0395175
0.0403168
0.0334006
0.0310771
0.0214484
0.0137563
0.0166986
0.0131726
0.0100872
0.00822202
0.00697717
0.00595626
0.00500537
0.00409418
0.00325995
0.00255596
0.00201199
0.0016227
0.00135661
0.00117529
0.00104631
0.00094722
0.000864604
0.00079143
0.000724526
0.000662745
0.000605808
0.000553679
0.000506295
0.000463499
0.000425038
0.000390603
0.00035986
0.000332476
0.00030814
0.000286567
0.000267502
0.000250719
0.000236019
0.000223226
0.000212187
0.000202769
0.000194858
0.000188359
0.000183197
0.000179315
0.000176683
0.000175306
0.000175242
0.000176109
0.00017832
0.00018205
0.000187288
0.000194199
0.000202995
0.000213952
0.000227425
0.000243872
0.000263888
0.000288248
0.000317981
0.000354459
0.000399525
0.000455665
0.000526223
0.000615701
0.000729722
0.00087509
0.00106003
0.00129432
0.00159009
0.0019644
0.00244536
0.00309162
0.00403738
0.0055596
0.00822796
0.0130157
0.020961
0.031762
0.0410442
0.0427457
0.035477
0.0312393
0.0224149
0.0131332
0.016523
0.0133802
0.0102673
0.00831528
0.00701439
0.00599139
0.00506296
0.00417721
0.00335806
0.00265264
0.00209382
0.00168408
0.00139903
0.0012036
0.00106565
0.000961637
0.000876739
0.000802753
0.000735712
0.000674001
0.000617112
0.000564927
0.000517382
0.000474344
0.000435592
0.000400843
0.000369782
0.00034209
0.000317459
0.000295607
0.000276279
0.000259248
0.000244313
0.000231299
0.000220051
0.000210437
0.000202343
0.000195675
0.000190358
0.000186337
0.000183582
0.000182101
0.000181975
0.000182782
0.000184907
0.000188593
0.000193799
0.000200685
0.000209459
0.000220391
0.000233829
0.000250221
0.000270146
0.000294366
0.000323889
0.000360066
0.000404724
0.00046034
0.000530251
0.000618873
0.000731905
0.000876437
0.00106095
0.00129527
0.00159108
0.00196421
0.00244173
0.00307394
0.00397902
0.00542457
0.00796814
0.0126267
0.0206246
0.0319595
0.0425407
0.0452494
0.0378063
0.0317134
0.0235781
0.0124989
0.0162523
0.0135741
0.0104804
0.00844752
0.00708983
0.00605169
0.00513582
0.00427209
0.00346792
0.0027623
0.00218921
0.00175802
0.00145179
0.00123971
0.00109058
0.00098002
0.000891786
0.000816382
0.000748897
0.000687124
0.000630237
0.000577985
0.00053027
0.000486972
0.000447899
0.000412798
0.000381375
0.000353325
0.000328351
0.000306173
0.000286538
0.000269219
0.000254014
0.000240746
0.000229263
0.00021943
0.000211136
0.000204286
0.000198805
0.00019464
0.00019176
0.000190178
0.00019
0.000190763
0.000192825
0.000196493
0.0002017
0.000208602
0.000217404
0.00022837
0.000241842
0.000258261
0.000278195
0.000302394
0.000331851
0.0003679
0.000412355
0.000467683
0.000537234
0.000625479
0.000738227
0.000882731
0.00106765
0.00130293
0.00159999
0.00197334
0.00244634
0.00306769
0.00393726
0.00531205
0.007732
0.0122472
0.0202591
0.0320827
0.0439785
0.047861
0.0403428
0.0324008
0.0249382
0.0118533
0.0158665
0.0137334
0.0107245
0.00862052
0.00719973
0.00613616
0.00522505
0.00437921
0.00358951
0.00288509
0.00229889
0.00184585
0.00151649
0.00128511
0.0011223
0.00100321
0.000910269
0.000832605
0.000764212
0.000702154
0.000645182
0.000592838
0.000544947
0.000501383
0.000461976
0.000426498
0.00039468
0.000366235
0.000340877
0.000318333
0.000298353
0.000280711
0.000265204
0.000251656
0.000239914
0.000229844
0.000221334
0.000214292
0.000208641
0.00020433
0.000201327
0.000199647
0.000199429
0.000200164
0.000202188
0.000205867
0.000211109
0.000218067
0.000226945
0.000238003
0.000251579
0.000268105
0.000288145
0.000312438
0.000341968
0.00037806
0.000422515
0.000477804
0.000547288
0.000635486
0.0007483
0.00089314
0.00107887
0.0013156
0.00161465
0.00198964
0.00246121
0.00307075
0.00391548
0.0052214
0.00751923
0.0118786
0.019867
0.0321382
0.0453575
0.0505478
0.0431191
0.0333693
0.0265107
0.011185
0.0153468
0.0138492
0.0109806
0.00883143
0.00734526
0.00624719
0.00533232
0.00449929
0.00372291
0.00302106
0.00242345
0.00194885
0.00159486
0.00134159
0.00116232
0.00103234
0.000932966
0.000851897
0.000781916
0.000719212
0.00066199
0.000609493
0.000561414
0.000517585
0.00047784
0.000441974
0.000409742
0.000380877
0.000355106
0.000332165
0.00031181
0.000293815
0.000277981
0.000264131
0.000252111
0.000241789
0.000233054
0.000225811
0.000219989
0.000215533
0.000212412
0.000210643
0.000210399
0.000211123
0.000213135
0.000216854
0.000222165
0.000229222
0.000238226
0.000249434
0.00026318
0.000279893
0.000300134
0.000324636
0.000354377
0.000390678
0.00043534
0.000490837
0.000560553
0.000649052
0.000762329
0.000907947
0.00109498
0.00133372
0.00163546
0.00201315
0.00248515
0.00308764
0.00390782
0.00515027
0.0073295
0.0115222
0.0194491
0.0321503
0.0466589
0.0533148
0.0461161
0.034604
0.0283143
0.0105057
0.0146749
0.013824
0.0112741
0.00908013
0.0075275
0.00638688
0.0054595
0.00463338
0.00386836
0.00317021
0.00256327
0.00206817
0.00168868
0.00141116
0.00121253
0.00106894
0.000960977
0.000874991
0.000802456
0.000738548
0.000680786
0.000628008
0.000579696
0.000535595
0.000495516
0.000459264
0.000426612
0.000397314
0.000371113
0.000347755
0.000327003
0.000308636
0.000292456
0.000278287
0.000265977
0.000255395
0.000246427
0.000238983
0.00023299
0.000228395
0.000225167
0.000223318
0.00022307
0.000223799
0.000225828
0.000229618
0.000235036
0.000242235
0.000251413
0.000262829
0.000276814
0.000293795
0.000314331
0.000339154
0.000369245
0.000405925
0.000451002
0.000506963
0.000577219
0.000666383
0.000780539
0.000927391
0.0011162
0.00135748
0.00166255
0.00204381
0.00251762
0.0031149
0.00391062
0.00509804
0.00716275
0.0111796
0.0190031
0.0320828
0.0478579
0.0561475
0.0493476
0.0361498
0.0303547
0.00981531
0.0138557
0.0137062
0.0116217
0.00937869
0.00775087
0.006558
0.00560874
0.00478276
0.00402627
0.00333246
0.00271854
0.00220474
0.00179971
0.00149605
0.00127514
0.00111494
0.00099581
0.000902962
0.000826547
0.000760602
0.000701825
0.000648521
0.000599869
0.000555459
0.000515042
0.000478409
0.000445344
0.000415614
0.000388978
0.000365196
0.000344037
0.000325287
0.000308751
0.000294256
0.000281651
0.000270804
0.000261606
0.000253964
0.000247808
0.000243085
0.000239763
0.000237849
0.000237624
0.000238375
0.000240452
0.000244347
0.000249911
0.000257296
0.000266702
0.000278384
0.000292676
0.000310005
0.000330931
0.000356191
0.00038677
0.000424002
0.000469709
0.000526399
0.000597515
0.000687725
0.000803194
0.000951751
0.00114284
0.00138715
0.00169611
0.00208171
0.00255868
0.00315348
0.00393171
0.00506857
0.00701864
0.0108524
0.0185306
0.0319315
0.0489504
0.0590385
0.0528473
0.0379719
0.0326523
0.00914905
0.0128878
0.0134903
0.0119035
0.00971062
0.00801798
0.0067647
0.00578315
0.00494931
0.00419731
0.00350775
0.00288915
0.00235917
0.00192951
0.00159854
0.00135272
0.00117273
0.00103946
0.000937335
0.000855271
0.000786102
0.000725569
0.000671315
0.000622101
0.000577282
0.000536492
0.000499475
0.000466003
0.000435851
0.000408788
0.000384585
0.000363022
0.00034389
0.000326999
0.00031218
0.000299283
0.000288178
0.000278756
0.000270927
0.000264621
0.000259786
0.000256391
0.000254433
0.000254263
0.000255056
0.000257216
0.000261253
0.000267005
0.000274623
0.000284308
0.000296318
0.000310986
0.000328744
0.000350157
0.000375971
0.000407183
0.000445146
0.000491705
0.0005494
0.000621715
0.000713369
0.000830602
0.000981351
0.00117521
0.00142305
0.00173638
0.00212694
0.00260801
0.00320196
0.003965
0.00505647
0.00689515
0.0105423
0.0180307
0.0316766
0.0499242
0.0619679
0.0566336
0.0401028
0.0352069
0.00852054
0.011813
0.0132288
0.0121251
0.0100528
0.00832264
0.00700847
0.00598578
0.00513541
0.00438264
0.00369618
0.00307485
0.00253167
0.00207931
0.00172086
0.00144805
0.00124516
0.00109446
0.000980182
0.000890205
0.000816177
0.000752794
0.000696902
0.000646723
0.000601279
0.000560012
0.00052257
0.000488684
0.000458116
0.000430639
0.00040603
0.000384076
0.000364575
0.000347342
0.000332212
0.000319036
0.000307687
0.000298058
0.000290061
0.000283626
0.000278704
0.000275263
0.000273287
0.000273209
0.000274065
0.000276348
0.000280569
0.000286553
0.000294454
0.000304473
0.000316871
0.000331986
0.000350257
0.000372257
0.000398747
0.000430744
0.000469625
0.000517272
0.000576264
0.000650131
0.000743646
0.000863112
0.00101655
0.00121367
0.00146548
0.00178361
0.00217959
0.00266556
0.00326021
0.00401046
0.0050552
0.00679133
0.0102482
0.0175094
0.0313155
0.0507504
0.0649114
0.0607007
0.0425659
0.0380327
0.00792529
0.0106866
0.0128685
0.0122051
0.0104199
0.00866484
0.00729022
0.00621902
0.00534344
0.00458367
0.00389801
0.00327524
0.00272202
0.00224985
0.00186494
0.00156397
0.00133546
0.00116396
0.00103423
0.000933554
0.000852514
0.000784729
0.00072615
0.000674336
0.00062786
0.000585886
0.000547899
0.000513546
0.000482548
0.000454661
0.00042966
0.000407334
0.000387484
0.000369932
0.000354512
0.000341082
0.000329515
0.000319706
0.000311568
0.000305034
0.000300055
0.000296602
0.000294655
0.000294685
0.000295639
0.000298098
0.000302547
0.00030881
0.000317044
0.000327454
0.000340306
0.000355943
0.000374813
0.000397506
0.000424802
0.000457745
0.000497747
0.000546733
0.000607331
0.000683124
0.000778934
0.000901113
0.00105774
0.00125859
0.00151479
0.00183804
0.00223975
0.00273114
0.00332777
0.00406828
0.00507344
0.00670851
0.00997122
0.0169698
0.0308374
0.0513993
0.067842
0.0650553
0.0453963
0.0411271
0.00734818
0.00954821
0.012377
0.0121634
0.0107875
0.00904235
0.00761227
0.0064864
0.00557661
0.00480252
0.00411402
0.00349004
0.00292972
0.00244129
0.00203221
0.00170316
0.00144707
0.00125163
0.00110294
0.000988294
0.000897523
0.000823243
0.000760458
0.00070596
0.000657761
0.000614643
0.000575851
0.000540883
0.000509378
0.00048105
0.000455653
0.000432965
0.000412789
0.000394942
0.000379263
0.00036561
0.000353859
0.000343905
0.000335663
0.000329067
0.00032407
0.000320643
0.000318797
0.00031892
0.00032003
0.000322732
0.000327452
0.000334044
0.000342666
0.000353528
0.0003669
0.000383138
0.000402703
0.000426205
0.000454448
0.000488514
0.000529858
0.000580456
0.000642992
0.000721103
0.000819656
0.000945035
0.00110534
0.00131036
0.00157129
0.00189988
0.00230746
0.00280454
0.00340399
0.00413683
0.00510619
0.00664424
0.00971121
0.0164191
0.0302367
0.0517719
0.0707255
0.0696878
0.0486296
0.0444945
0.00678214
0.00843201
0.0117251
0.0120419
0.0111051
0.00943309
0.00796842
0.0067882
0.00583724
0.00504138
0.00434529
0.00371917
0.00315405
0.00265324
0.00222342
0.00186783
0.00158342
0.00136153
0.00119047
0.00105827
0.000954522
0.000871054
0.000801974
0.000743249
0.000692233
0.000647225
0.000607131
0.000571232
0.000539027
0.000510146
0.000484294
0.000461224
0.00044072
0.000422595
0.000406683
0.000392839
0.00038094
0.000370881
0.000362577
0.000355963
0.000350997
0.000347633
0.000345963
0.0003462
0.000347503
0.000350513
0.00035556
0.000362536
0.000371605
0.000382984
0.000396953
0.00041388
0.000434247
0.000458686
0.000488039
0.000523427
0.000566358
0.000618867
0.000683697
0.000764537
0.00086629
0.000995346
0.00115978
0.00136937
0.00163528
0.00196929
0.00238268
0.00288546
0.00348826
0.00421525
0.00515256
0.00659791
0.00946834
0.0158565
0.0295216
0.0519159
0.0735266
0.0745798
0.0523055
0.0481263
0.00621163
0.0074132
0.0108694
0.0117988
0.0112507
0.00983288
0.00835645
0.00712554
0.0061281
0.00530305
0.00459366
0.0039631
0.00339444
0.00288494
0.00243859
0.00205946
0.00174757
0.00149788
0.00130157
0.00114825
0.00102789
0.000931963
0.000853863
0.000788765
0.00073331
0.000685223
0.000642983
0.000605565
0.000572261
0.000542564
0.00051609
0.000492535
0.00047165
0.000453224
0.000437078
0.000423059
0.000411039
0.00040091
0.000392585
0.000385996
0.000381111
0.000377849
0.000376435
0.000376811
0.00037835
0.000381735
0.000387166
0.000394588
0.000404172
0.000416143
0.000430795
0.000448516
0.000469809
0.00049534
0.000525989
0.000562928
0.000607722
0.000662469
0.000729973
0.000813968
0.000919375
0.00105256
0.00122153
0.00143599
0.00170702
0.00204638
0.00246533
0.00297351
0.00357983
0.00430243
0.00521141
0.00657163
0.00924348
0.015285
0.0286892
0.0519055
0.0761395
0.0797171
0.0564692
0.0520153
0.00566818
0.00647411
0.00988721
0.0114032
0.0112188
0.0101913
0.00875635
0.00749194
0.00644864
0.00558919
0.00486093
0.00422272
0.00365066
0.0031355
0.00267715
0.00227869
0.00194184
0.00166461
0.0014413
0.00126376
0.00112311
0.00101104
0.000920597
0.000846311
0.000784149
0.00073122
0.000685497
0.00064557
0.000610447
0.000579417
0.000551956
0.000527665
0.000506229
0.000487394
0.00047095
0.000456724
0.000444575
0.000434383
0.00042606
0.000419525
0.000414764
0.000411633
0.000410555
0.000411098
0.000412916
0.000416748
0.000422625
0.000430561
0.000440737
0.00045339
0.000468832
0.000487471
0.000509843
0.000536649
0.000568816
0.000607571
0.000654541
0.000711884
0.000782461
0.000870039
0.000979531
0.00111725
0.00129108
0.0015106
0.00178674
0.00213121
0.00255523
0.00306826
0.00367784
0.00439693
0.00528062
0.00656117
0.00903603
0.0147107
0.0277363
0.0514857
0.078429
0.0850734
0.0611672
0.0561427
0.00517943
0.00563
0.00884484
0.0108247
0.0110897
0.0104604
0.00915226
0.00788219
0.00679898
0.005902
0.00514957
0.00449974
0.00392317
0.00340437
0.00293826
0.00252542
0.00216764
0.00186499
0.00161456
0.00141081
0.00124667
0.00111473
0.00100819
0.000921279
0.000849445
0.00078922
0.000738047
0.000694067
0.000655933
0.000622665
0.000593537
0.000568003
0.000545643
0.000526127
0.000509192
0.000494626
0.000482258
0.000471951
0.000463602
0.000457114
0.000452492
0.000449497
0.000448821
0.000449552
0.000451689
0.000456036
0.000462425
0.000470953
0.000481813
0.000495257
0.000511619
0.000531334
0.000554971
0.000583275
0.000617223
0.0006581
0.000707591
0.000767914
0.00084197
0.00093354
0.0010475
0.00119007
0.00136899
0.0015936
0.00187469
0.00222381
0.00265219
0.00316925
0.00378161
0.00449788
0.00535885
0.00656044
0.00884661
0.0141408
0.0266885
0.0508024
0.0803301
0.0905824
0.0664485
0.0604871
0.00475352
0.00488954
0.00780111
0.0100668
0.0108078
0.0104711
0.00948253
0.00826566
0.00716742
0.00623901
0.00546077
0.0047961
0.00421329
0.00369176
0.00322136
0.00279914
0.00242554
0.00210132
0.00182561
0.00159536
0.00140568
0.00125067
0.00112427
0.00102092
0.000935839
0.000865152
0.000805831
0.000755562
0.000712601
0.000675641
0.000643695
0.000616015
0.000592027
0.000571287
0.000553442
0.000538218
0.000525393
0.000514794
0.000506293
0.000499763
0.000495228
0.000492332
0.000492069
0.000492999
0.000495501
0.000500384
0.000507354
0.000516562
0.000528214
0.000542582
0.000560024
0.000581006
0.000606134
0.0006362
0.000672232
0.000715568
0.000767951
0.000831641
0.000909565
0.00100549
0.00112423
0.00127187
0.00145592
0.00168552
0.00197117
0.00232428
0.00275611
0.00327616
0.00389047
0.00460408
0.00544589
0.00657863
0.00867994
0.0135845
0.0255603
0.0497621
0.0816421
0.0961635
0.0723621
0.065017
0.00438095
0.00424044
0.00680709
0.00918218
0.0103527
0.0103541
0.00974736
0.00862824
0.00754366
0.00659608
0.00579463
0.00511377
0.00452313
0.00399898
0.00352678
0.00309965
0.00271567
0.00237501
0.00207777
0.00182277
0.00160728
0.00142723
0.00127788
0.00115439
0.00105219
0.000967316
0.000896449
0.000836904
0.000786559
0.000743756
0.00070721
0.000675922
0.000649117
0.000626188
0.000606659
0.000590154
0.000576379
0.000565096
0.000556138
0.000549327
0.000544705
0.000541799
0.000541821
0.000542943
0.00054582
0.000551216
0.00055882
0.00056879
0.000581347
0.000596785
0.000615487
0.000637952
0.000664826
0.000696945
0.000735384
0.00078153
0.000837169
0.000904587
0.000986714
0.00108727
0.00121098
0.00136373
0.00155283
0.00178709
0.00207675
0.00243302
0.00286724
0.00338907
0.00400411
0.00471506
0.00554085
0.00661245
0.00853728
0.0130524
0.0243815
0.0483943
0.0822602
0.101707
0.0789523
0.0696966
0.00404142
0.0036728
0.00588913
0.00822318
0.0096943
0.0100786
0.00973737
0.00889973
0.00789422
0.00695917
0.00614733
0.00545383
0.0048555
0.00432881
0.0038564
0.00342793
0.00303865
0.00268719
0.00237351
0.00209748
0.001858
0.00165284
0.00147886
0.00133235
0.00120948
0.00110658
0.00102033
0.000947898
0.000886881
0.000835325
0.000791651
0.00075459
0.000723132
0.000696471
0.000673967
0.000655109
0.000639495
0.000626797
0.000616788
0.00060921
0.00060411
0.000600898
0.000600924
0.000602146
0.000605271
0.000611121
0.000619347
0.000630114
0.000643657
0.000660289
0.000680418
0.000704575
0.000733441
0.000767891
0.000809041
0.000858314
0.000917519
0.000988952
0.00107551
0.00118086
0.00130957
0.00146734
0.0016612
0.00189965
0.00219261
0.00255112
0.00298656
0.00350876
0.00412325
0.0048317
0.00564491
0.00666528
0.0084301
0.0125612
0.0231654
0.0466951
0.0824238
0.107061
0.0862553
0.0744832
0.00371997
0.0031812
0.00505577
0.00723929
0.00887578
0.00961703
0.00957931
0.00905271
0.00818246
0.00730406
0.00650747
0.00581357
0.00521237
0.004685
0.00421402
0.003787
0.00339669
0.00303978
0.00271533
0.00242331
0.00216359
0.00193537
0.00173703
0.00156625
0.00142024
0.00129604
0.00119073
0.00110157
0.00102612
0.000962278
0.000908234
0.00086249
0.000823806
0.000791166
0.00076374
0.000740854
0.00072197
0.00070664
0.000694547
0.000685345
0.000679023
0.000674945
0.000674344
0.000675459
0.000678516
0.000684583
0.000693269
0.000704744
0.000719246
0.000737103
0.000758741
0.000784718
0.000815742
0.000852719
0.000896792
0.000949405
0.00101237
0.00108798
0.00117907
0.0012892
0.0014228
0.00158535
0.00178359
0.00202566
0.00232118
0.002681
0.00311661
0.00363776
0.0042509
0.00495723
0.00576194
0.00674311
0.00838044
0.0121342
0.0219674
0.0446868
0.081739
0.112032
0.0942278
0.0793329
0.00341824
0.00276023
0.00431357
0.00627529
0.0079497
0.00895393
0.00922665
0.00898442
0.00837293
0.0076056
0.00686043
0.00618768
0.00559489
0.00507225
0.00460566
0.00418275
0.00379486
0.00343707
0.00310719
0.00280469
0.00252968
0.0022822
0.00206183
0.00186751
0.00169765
0.00155025
0.00142306
0.00131381
0.00122027
0.00114039
0.00107231
0.0010144
0.000965259
0.000923692
0.000888691
0.000859412
0.000835164
0.000815367
0.000799577
0.000787377
0.000778578
0.000772722
0.000770241
0.000770859
0.000773357
0.000778831
0.000787569
0.000799429
0.000814639
0.000833535
0.000856562
0.000884293
0.000917458
0.00095698
0.00100402
0.00106002
0.0011268
0.00120659
0.00130217
0.00141698
0.00155529
0.00172235
0.0019246
0.00216986
0.00246742
0.00282797
0.0032628
0.00378236
0.004394
0.00509955
0.00590143
0.00685752
0.00837402
0.0118331
0.020867
0.0424993
0.0802598
0.116554
0.102706
0.0842018
0.00315451
0.00241273
0.0036713
0.00537022
0.00697613
0.00813368
0.00869496
0.00873122
0.00838473
0.00780832
0.00717437
0.00656121
0.0059998
0.00549462
0.00503923
0.00462449
0.00424242
0.00388751
0.00355669
0.00324875
0.00296359
0.00270155
0.00246292
0.00224762
0.00205511
0.00188439
0.00173407
0.00160253
0.00148804
0.00138881
0.00130315
0.00122947
0.00116631
0.0011124
0.00106659
0.00102791
0.00099554
0.000968756
0.000946984
0.000929726
0.00091661
0.000907329
0.000901481
0.000899976
0.000901244
0.000905075
0.000912877
0.000924338
0.000939593
0.000958979
0.000982942
0.00101206
0.00104709
0.00108895
0.0011388
0.00119809
0.0012686
0.00135253
0.00145256
0.00157203
0.00171503
0.00188657
0.00209284
0.00234133
0.00264103
0.00300246
0.00343694
0.00395565
0.00456736
0.00527577
0.00608363
0.00703695
0.00847833
0.0117137
0.0199655
0.0402851
0.0781556
0.120363
0.111592
0.0890577
0.00297727
0.00215069
0.00314179
0.00455999
0.00601938
0.00722511
0.00799458
0.00830199
0.00824792
0.00791765
0.00743172
0.00691948
0.00642126
0.00595487
0.00552383
0.00512511
0.00475382
0.00440565
0.00407768
0.00376844
0.00347761
0.00320554
0.00295287
0.00272013
0.00250755
0.002315
0.00214192
0.00198744
0.00185042
0.00172957
0.0016235
0.00153084
0.00145025
0.00138046
0.00132033
0.00126881
0.00122498
0.00118804
0.0011573
0.00113218
0.00111218
0.00109692
0.00108609
0.00107936
0.00107774
0.00107933
0.00108412
0.00109383
0.00110801
0.00112694
0.00115104
0.00118093
0.00121734
0.00126121
0.00131369
0.00137623
0.00145057
0.00153885
0.00164368
0.00176829
0.0019166
0.00209346
0.00230479
0.00255785
0.0028614
0.00322579
0.00366266
0.00418429
0.00480137
0.00552105
0.00634982
0.00733191
0.00874689
0.0117846
0.0195318
0.0382907
0.0758702
0.123576
0.120671
0.0938715
0.00292907
0.00199779
0.00274024
0.00387806
0.00514347
0.00631125
0.00720273
0.00774024
0.00794596
0.00787189
0.00762263
0.00725232
0.00685496
0.00645665
0.00607063
0.00570158
0.00534987
0.00501426
0.00469341
0.00438658
0.00409371
0.00381533
0.00355229
0.00330553
0.00307581
0.00286363
0.00266914
0.00249215
0.00233214
0.00218836
0.00205987
0.00194563
0.00184453
0.00175548
0.0016774
0.0016093
0.00155026
0.00149943
0.00145608
0.00141957
0.00138936
0.001365
0.00134613
0.00133247
0.0013238
0.00132104
0.00132276
0.00132832
0.00133987
0.00135728
0.00138075
0.00141092
0.00144851
0.00149447
0.00154997
0.00161641
0.00169552
0.0017894
0.00190063
0.00203233
0.00218832
0.00237336
0.00259318
0.00285501
0.00316746
0.00354122
0.00398827
0.00452282
0.00515828
0.00590792
0.00678575
0.00784596
0.00931667
0.0122951
0.0194634
0.0371067
0.0733485
0.126367
0.129651
0.0986378
0.00309406
0.00197622
0.00247816
0.00335463
0.00440875
0.00548061
0.00641688
0.00711803
0.00755412
0.00774256
0.00771265
0.00756442
0.00730826
0.00701206
0.00669892
0.00637996
0.0060621
0.00574871
0.00544155
0.0051417
0.00485022
0.00456833
0.00429739
0.00403878
0.00379373
0.00356328
0.00334814
0.00314872
0.00296509
0.00279703
0.00264409
0.00250564
0.0023809
0.00226906
0.00216923
0.00208058
0.00200226
0.00193352
0.00187364
0.00182199
0.00177805
0.00174133
0.00171151
0.00168819
0.00167146
0.00166055
0.00165775
0.00166026
0.0016678
0.00168328
0.0017065
0.00173779
0.00177786
0.00182771
0.00188849
0.00196164
0.00204889
0.00215238
0.00227466
0.00241895
0.00258904
0.00278977
0.00302693
0.00330802
0.00364185
0.00404016
0.00451622
0.00508726
0.00576996
0.00658781
0.00756518
0.00877892
0.0104397
0.0134865
0.0203528
0.0367541
0.0718538
0.128872
0.138241
0.103413
0.00357111
0.00211589
0.0023818
0.00302452
0.00387617
0.00482511
0.00575027
0.00655171
0.00717133
0.00759408
0.00781059
0.00786201
0.00780485
0.00765997
0.00745101
0.0072077
0.00694323
0.00666562
0.00638116
0.0060938
0.00580666
0.00552247
0.00524372
0.00497262
0.00471114
0.00446095
0.00422339
0.00399946
0.00378983
0.00359481
0.00341448
0.00324865
0.00309697
0.00295895
0.00283402
0.00272153
0.00262084
0.00253132
0.00245235
0.00238338
0.00232392
0.0022735
0.00223191
0.00219856
0.00217393
0.00215674
0.00214916
0.00215079
0.00215788
0.00217394
0.00220101
0.00223812
0.0022862
0.00234629
0.0024195
0.00250752
0.00261221
0.00273592
0.00288137
0.00305214
0.00325224
0.00348716
0.00376298
0.0040885
0.00447306
0.00493118
0.00547709
0.00613508
0.00692588
0.00789227
0.00906998
0.0105781
0.0126192
0.015978
0.0228374
0.038136
0.0714214
0.131561
0.146026
0.108281
0.00447288
0.00244667
0.00246761
0.00293921
0.00362981
0.00446623
0.00536209
0.00623229
0.00700732
0.00762518
0.00803304
0.00828819
0.00842301
0.00843817
0.00838139
0.008247
0.00805559
0.0078285
0.00757658
0.0073074
0.00702704
0.0067407
0.00645277
0.00616699
0.0058865
0.00561396
0.00535154
0.00510097
0.00486355
0.00464022
0.00443148
0.00423776
0.00405919
0.00389564
0.00374679
0.00361219
0.00349137
0.00338383
0.00328911
0.00320663
0.00313616
0.00307709
0.00302953
0.00299234
0.00296746
0.00295118
0.00295092
0.00295723
0.00297371
0.00300482
0.00304874
0.00310588
0.00317788
0.00326572
0.00337069
0.00349525
0.00364167
0.00381305
0.00401254
0.00424494
0.00451473
0.00482957
0.00519593
0.00562657
0.00613094
0.00673123
0.00744126
0.00830139
0.00933095
0.0106081
0.0121634
0.0141874
0.0168339
0.0209182
0.0280452
0.0429814
0.074237
0.135752
0.15276
0.113504
0.00593871
0.00298735
0.00276729
0.00311061
0.00373942
0.00454468
0.00544247
0.00635328
0.00720854
0.00795622
0.00857374
0.00903203
0.009338
0.00951163
0.00958837
0.00957065
0.00948943
0.00932878
0.00912325
0.00888404
0.00862011
0.00833984
0.00805008
0.00775656
0.00746402
0.00717639
0.00689689
0.00662809
0.00637196
0.0061302
0.00590326
0.00569436
0.00550348
0.00533006
0.00517366
0.00503375
0.00491011
0.00480234
0.0047103
0.00463315
0.00457187
0.00452477
0.00449265
0.00447402
0.00447542
0.00448591
0.00451145
0.00455641
0.00461678
0.00469495
0.00479205
0.00490904
0.00504799
0.00521079
0.00539955
0.00561949
0.00587337
0.00616592
0.00650098
0.00688681
0.00732835
0.00783887
0.00842379
0.00910611
0.00989084
0.0108195
0.011894
0.0131922
0.0147049
0.0165843
0.0187944
0.0216709
0.0251905
0.0303979
0.0381171
0.0532822
0.0827951
0.142683
0.159474
0.116201
0.00818278
0.00380144
0.00337839
0.00369439
0.00436
0.00522925
0.00621786
0.00725193
0.00826614
0.00920905
0.0100502
0.0107387
0.0112616
0.0116292
0.0118566
0.011966
0.0119736
0.0119145
0.0117784
0.0115919
0.0113693
0.0111212
0.0108566
0.010583
0.0103069
0.0100334
0.00976708
0.0095113
0.00926884
0.00904203
0.00883278
0.00864102
0.00846755
0.00831532
0.008184
0.00807303
0.00798393
0.00791652
0.00787105
0.00784676
0.00784989
0.00786723
0.00790767
0.00797426
0.00806668
0.00818392
0.00832513
0.00849526
0.0086937
0.0089247
0.00918921
0.00949018
0.00983035
0.0102151
0.0106478
0.0111323
0.0116736
0.0122805
0.0129623
0.013735
0.0146
0.0155819
0.0166774
0.0179321
0.0193278
0.0209514
0.0227523
0.0248961
0.0272607
0.0301707
0.0333576
0.0374938
0.0420805
0.0487714
0.0573249
0.0732941
0.100229
0.154596
0.165989
0.117193
0.0109369
0.00499617
0.00459695
0.00536599
0.00656955
0.00798134
0.00950022
0.0110393
0.012532
0.0139151
0.0151481
0.016191
0.0170304
0.0176735
0.018133
0.0184393
0.0186082
0.0186774
0.018656
0.0185791
0.0184428
0.0182736
0.0180823
0.0178794
0.0176741
0.0174729
0.017284
0.0171099
0.016955
0.0168238
0.016719
0.0166428
0.016592
0.0165831
0.0165982
0.0166411
0.0167276
0.0168504
0.0170097
0.0172064
0.0174446
0.017722
0.0180407
0.0184026
0.0188122
0.019271
0.0197777
0.0203405
0.0209599
0.0216428
0.0223904
0.0232125
0.0241084
0.02509
0.0261568
0.0273238
0.0285875
0.0299716
0.0314626
0.0330866
0.0348392
0.0367627
0.0388412
0.0411473
0.0436133
0.0464068
0.0493512
0.0527859
0.0563229
0.0606524
0.0649749
0.0706936
0.0762811
0.0847547
0.0938428
0.110581
0.133494
0.173578
0.172956
0.114009
0.013182
0.00657229
0.00818304
0.0117385
0.0158682
0.0202648
0.0246473
0.0287634
0.0324408
0.0355733
0.0381444
0.0401821
0.0417461
0.042905
0.0437171
0.0442746
0.0446097
0.0447792
0.0448322
0.0448106
0.0447453
0.0446476
0.0445401
0.0444402
0.0443622
0.0443105
0.0443122
0.0443413
0.0444169
0.0445587
0.0447581
0.0450124
0.0453288
0.0457146
0.0461642
0.0466767
0.0472612
0.0479162
0.0486387
0.0494372
0.0503084
0.0512596
0.0522854
0.053396
0.0545837
0.0558635
0.057226
0.0586887
0.0602399
0.0619016
0.0636563
0.0655297
0.067501
0.0695987
0.0718011
0.0741377
0.0765889
0.0791808
0.0819044
0.0847725
0.0877956
0.0909675
0.0943114
0.097842
0.101627
0.105746
0.110034
0.114834
0.119665
0.125436
0.130952
0.138314
0.144887
0.155263
0.164167
0.17939
0.192627
0.200281
0.177738
0.10392
0.0147844
0.0119327
0.0254429
0.0435325
0.0621513
0.0809479
0.09892
0.114934
0.128232
0.138595
0.146192
0.151395
0.154675
0.15647
0.157101
0.156966
0.15639
0.155328
0.154129
0.152834
0.151541
0.150299
0.149155
0.148139
0.147265
0.146538
0.145973
0.145568
0.145303
0.145241
0.145304
0.145482
0.145849
0.146372
0.14702
0.147816
0.148736
0.1498
0.150982
0.152304
0.153733
0.155303
0.156972
0.158782
0.160684
0.162727
0.164858
0.167129
0.169475
0.171965
0.17452
0.177222
0.179986
0.182897
0.185883
0.189011
0.192243
0.1956
0.199113
0.202701
0.206544
0.210343
0.214596
0.218568
0.223319
0.227252
0.232385
0.236166
0.241657
0.245183
0.250794
0.254082
0.258957
0.262018
0.261907
0.257838
0.245356
0.218114
0.173312
0.0893535
0.0091008
0.0175594
0.0267911
0.0361875
0.0452546
0.0537506
0.0616659
0.0690163
0.0757531
0.0818373
0.0872247
0.0919345
0.0959543
0.0993786
0.102171
0.104511
0.106315
0.107635
0.10865
0.109243
0.109629
0.10962
0.109504
0.109223
0.108756
0.108153
0.107469
0.106691
0.105878
0.105008
0.104129
0.103224
0.102335
0.101457
0.100595
0.0997582
0.0989579
0.0981942
0.0974778
0.0968033
0.0961862
0.0956139
0.0951077
0.094646
0.0942595
0.0939133
0.0936536
0.0934259
0.0932942
0.0931825
0.0931834
0.0932156
0.0933107
0.0934414
0.0937164
0.0939382
0.0943905
0.0947076
0.0953469
0.0957624
0.096598
0.0971102
0.0981432
0.0987515
0.0999758
0.100777
0.102416
0.103404
0.105382
0.106612
0.108763
0.110242
0.112384
0.114072
0.115721
0.116703
0.116109
0.113246
0.104074
0.0767368
)
;

boundaryField
{
    movingWall
    {
        type            epsilonWallFunction;
        value           nonuniform List<scalar> 
80
(
0.0091008
0.0175594
0.0267911
0.0361875
0.0452546
0.0537506
0.0616659
0.0690163
0.0757531
0.0818373
0.0872247
0.0919345
0.0959543
0.0993786
0.102171
0.104511
0.106315
0.107635
0.10865
0.109243
0.109629
0.10962
0.109504
0.109223
0.108756
0.108153
0.107469
0.106691
0.105878
0.105008
0.104129
0.103224
0.102335
0.101457
0.100595
0.0997582
0.0989579
0.0981942
0.0974778
0.0968033
0.0961862
0.0956139
0.0951077
0.094646
0.0942595
0.0939133
0.0936536
0.0934259
0.0932942
0.0931825
0.0931834
0.0932156
0.0933107
0.0934414
0.0937164
0.0939382
0.0943905
0.0947076
0.0953469
0.0957624
0.096598
0.0971102
0.0981432
0.0987515
0.0999758
0.100777
0.102416
0.103404
0.105382
0.106612
0.108763
0.110242
0.112384
0.114072
0.115721
0.116703
0.116109
0.113246
0.104074
0.0767368
)
;
    }
    fixedWalls
    {
        type            epsilonWallFunction;
        value           nonuniform List<scalar> 
240
(
2.89583e-05
0.000139935
0.000305725
0.000530197
0.000849382
0.00130431
0.00193483
0.00277774
0.00385859
0.00518707
0.00678717
0.00873207
0.0108907
0.0132011
0.0155881
0.0179822
0.0203349
0.0225969
0.0246798
0.0265098
0.0280468
0.0292688
0.0301722
0.0307721
0.031069
0.031049
0.0308825
0.0305155
0.029944
0.0292011
0.0283292
0.0273623
0.0263326
0.025241
0.0241571
0.0229798
0.0220609
0.0212556
0.020491
0.0197482
0.0190155
0.0182962
0.0175907
0.0169132
0.0162572
0.0156205
0.0149955
0.014377
0.0137563
0.0131332
0.0124989
0.0118533
0.011185
0.0105057
0.00981531
0.00914905
0.00852054
0.00792529
0.00734818
0.00678214
0.00621163
0.00566818
0.00517943
0.00475352
0.00438095
0.00404142
0.00371997
0.00341824
0.00315451
0.00297727
0.00292907
0.00309406
0.00357111
0.00447288
0.00593871
0.00818278
0.0109369
0.013182
0.0147844
0.0091008
4.74628e-05
0.000250815
0.000670743
0.00111822
0.00142881
0.0015445
0.00150075
0.00139591
0.00127677
0.00117848
0.00114427
0.00118581
0.00136114
0.00178252
0.00245753
0.00332669
0.00433523
0.00543473
0.00658915
0.00779422
0.00903748
0.0104014
0.0121511
0.0145113
0.0174714
0.0209098
0.024465
0.0273245
0.0286368
0.0288617
0.0282822
0.0273081
0.0261395
0.024932
0.0237253
0.022577
0.0215466
0.0206663
0.0199635
0.0194554
0.0191795
0.0190615
0.0190421
0.0192231
0.019545
0.0200169
0.0206381
0.0214484
0.0224149
0.0235781
0.0249382
0.0265107
0.0283143
0.0303547
0.0326523
0.0352069
0.0380327
0.0411271
0.0444945
0.0481263
0.0520153
0.0561427
0.0604871
0.065017
0.0696966
0.0744832
0.0793329
0.0842018
0.0890577
0.0938715
0.0986378
0.103413
0.108281
0.113504
0.116201
0.117193
0.114009
0.10392
0.0893535
0.0767368
2.89583e-05
0.000148757
0.000361581
0.000582203
0.000748192
0.000841188
0.00087483
0.000877936
0.000882884
0.000914395
0.000991314
0.0011422
0.0013804
0.00171126
0.00211713
0.00257559
0.00306328
0.00357083
0.00407436
0.00456179
0.00505272
0.00558932
0.00622808
0.0070019
0.00787739
0.00875977
0.00963567
0.0105054
0.011396
0.0123314
0.0132984
0.0142647
0.0152147
0.0161516
0.0170987
0.0180619
0.0190608
0.0201014
0.0211965
0.0223491
0.0235677
0.0248617
0.0262383
0.0277132
0.0292992
0.0310509
0.0330718
0.0355829
0.0380894
0.0406493
0.0431513
0.0455808
0.0478584
0.0499217
0.051694
0.0530833
0.0537864
0.0540652
0.0539414
0.0528938
0.0510536
0.0484274
0.045043
0.0410431
0.0364955
0.0316403
0.0267102
0.0218931
0.0173674
0.0133432
0.0100664
0.00731798
0.00509957
0.00340624
0.00218833
0.001359
0.000818417
0.000470335
0.000222598
4.74628e-05
)
;
    }
    frontAndBack
    {
        type            empty;
    }
}


// ************************************************************************* //
