/*--------------------------------*- C++ -*----------------------------------*\
  =========                 |
  \\      /  F ield         | OpenFOAM: The Open Source CFD Toolbox
   \\    /   O peration     | Website:  https://openfoam.org
    \\  /    A nd           | Version:  13
     \\/     M anipulation  |
\*---------------------------------------------------------------------------*/
FoamFile
{
    format      ascii;
    class       volScalarField;
    location    "8.2";
    object      nut;
}
// * * * * * * * * * * * * * * * * * * * * * * * * * * * * * * * * * * * * * //

dimensions      [0 2 -1 0 0 0 0];

internalField   nonuniform List<scalar> 
6400
(
9.94251e-10
5.10738e-09
1.24144e-08
1.99891e-08
2.5688e-08
2.88807e-08
3.00355e-08
3.01418e-08
3.03114e-08
3.13928e-08
3.4033e-08
3.92129e-08
4.73908e-08
5.87503e-08
7.26856e-08
8.84267e-08
1.05172e-07
1.22599e-07
1.39888e-07
1.56624e-07
1.7348e-07
1.91905e-07
2.13837e-07
2.40406e-07
2.70465e-07
3.0076e-07
3.30832e-07
3.60695e-07
3.91272e-07
4.23387e-07
4.56587e-07
4.89763e-07
5.22381e-07
5.54548e-07
5.87068e-07
6.20139e-07
6.54433e-07
6.90163e-07
7.2776e-07
7.67334e-07
8.09172e-07
8.53599e-07
9.00865e-07
9.51503e-07
1.00595e-06
1.06609e-06
1.13548e-06
1.2217e-06
1.30775e-06
1.39564e-06
1.48154e-06
1.56495e-06
1.64314e-06
1.71398e-06
1.77483e-06
1.82252e-06
1.84666e-06
1.85623e-06
1.85198e-06
1.81601e-06
1.75283e-06
1.66266e-06
1.54647e-06
1.40914e-06
1.25301e-06
1.08631e-06
9.17045e-07
7.51659e-07
5.96278e-07
4.58116e-07
3.45611e-07
2.51248e-07
1.75083e-07
1.16945e-07
7.51303e-08
4.66569e-08
2.80974e-08
1.6147e-08
7.64188e-09
1.62941e-09
4.80446e-09
3.38755e-07
1.21832e-06
2.05154e-06
2.66599e-06
3.02703e-06
3.19268e-06
3.25075e-06
3.28556e-06
3.35866e-06
3.54595e-06
3.91804e-06
4.44439e-06
5.05756e-06
5.69512e-06
6.29445e-06
6.80996e-06
7.19317e-06
7.4299e-06
7.53562e-06
7.592e-06
7.66517e-06
7.82315e-06
8.09234e-06
8.41035e-06
8.62166e-06
8.82571e-06
9.06011e-06
9.37121e-06
9.79733e-06
1.03423e-05
1.09419e-05
1.15905e-05
1.22591e-05
1.29659e-05
1.36962e-05
1.4459e-05
1.52487e-05
1.60721e-05
1.6924e-05
1.77983e-05
1.8701e-05
1.96321e-05
2.06126e-05
2.16082e-05
2.2585e-05
2.35178e-05
2.43503e-05
2.52198e-05
2.60954e-05
2.69819e-05
2.78586e-05
2.87121e-05
2.95209e-05
3.02632e-05
3.09909e-05
3.14365e-05
3.17309e-05
3.19197e-05
3.18863e-05
3.15174e-05
3.08466e-05
2.98434e-05
2.85045e-05
2.68269e-05
2.48677e-05
2.27203e-05
2.04055e-05
1.79567e-05
1.5298e-05
1.23989e-05
9.60672e-06
7.1459e-06
5.12136e-06
3.54988e-06
2.41366e-06
1.61371e-06
1.04362e-06
4.72402e-07
8.61052e-09
1.04965e-08
8.73756e-07
3.52565e-06
6.1188e-06
8.1013e-06
9.38722e-06
1.01081e-05
1.04688e-05
1.06753e-05
1.09093e-05
1.13104e-05
1.19583e-05
1.2829e-05
1.3823e-05
1.48115e-05
1.56837e-05
1.63883e-05
1.68988e-05
1.72136e-05
1.73474e-05
1.73223e-05
1.72352e-05
1.71657e-05
1.71527e-05
1.72323e-05
1.74947e-05
1.78178e-05
1.81477e-05
1.85024e-05
1.88792e-05
1.93759e-05
2.00722e-05
2.10659e-05
2.20782e-05
2.32247e-05
2.44266e-05
2.57082e-05
2.70085e-05
2.83639e-05
2.9812e-05
3.12132e-05
3.26609e-05
3.407e-05
3.54099e-05
3.66889e-05
3.79447e-05
3.91633e-05
4.03887e-05
4.16226e-05
4.28541e-05
4.40766e-05
4.52771e-05
4.644e-05
4.75448e-05
4.85645e-05
4.94641e-05
5.02517e-05
5.07698e-05
5.10039e-05
5.11583e-05
5.09753e-05
5.04731e-05
4.96026e-05
4.82606e-05
4.63565e-05
4.39171e-05
4.1133e-05
3.7987e-05
3.44942e-05
3.06921e-05
2.66355e-05
2.24652e-05
1.83793e-05
1.45814e-05
1.12413e-05
8.41725e-06
6.17772e-06
4.25259e-06
1.77186e-06
2.30268e-08
1.82031e-08
1.42712e-06
5.5042e-06
9.39731e-06
1.24056e-05
1.4468e-05
1.57411e-05
1.64519e-05
1.686e-05
1.72008e-05
1.76758e-05
1.84109e-05
1.93853e-05
2.04584e-05
2.14674e-05
2.22964e-05
2.28843e-05
2.3227e-05
2.33536e-05
2.33224e-05
2.32009e-05
2.30985e-05
2.30832e-05
2.31947e-05
2.32546e-05
2.32701e-05
2.32587e-05
2.36646e-05
2.44104e-05
2.54056e-05
2.66978e-05
2.79246e-05
2.91409e-05
3.04383e-05
3.17684e-05
3.30733e-05
3.4385e-05
3.57624e-05
3.70628e-05
3.83555e-05
3.95948e-05
4.08167e-05
4.1988e-05
4.31205e-05
4.42055e-05
4.52634e-05
4.63204e-05
4.73771e-05
4.84301e-05
4.94735e-05
5.05005e-05
5.15008e-05
5.24615e-05
5.33659e-05
5.41943e-05
5.49232e-05
5.55272e-05
5.59801e-05
5.62119e-05
5.62642e-05
5.60926e-05
5.55638e-05
5.47839e-05
5.39759e-05
5.26577e-05
5.07077e-05
4.83061e-05
4.54194e-05
4.21185e-05
3.84505e-05
3.44595e-05
3.02113e-05
2.5817e-05
2.14409e-05
1.72878e-05
1.3523e-05
1.02545e-05
7.18544e-06
2.97998e-06
3.83889e-08
2.91614e-08
2.13703e-06
7.62077e-06
1.26131e-05
1.63351e-05
1.88352e-05
2.03552e-05
2.11855e-05
2.16458e-05
2.20633e-05
2.26952e-05
2.36284e-05
2.47601e-05
2.5892e-05
2.68462e-05
2.75224e-05
2.79e-05
2.80187e-05
2.79342e-05
2.77674e-05
2.75256e-05
2.73582e-05
2.72048e-05
2.65911e-05
2.65414e-05
2.70788e-05
2.80379e-05
2.91877e-05
3.03589e-05
3.16728e-05
3.29627e-05
3.42104e-05
3.54383e-05
3.66351e-05
3.77434e-05
3.87793e-05
3.98214e-05
4.07881e-05
4.16271e-05
4.24166e-05
4.31225e-05
4.37786e-05
4.43968e-05
4.50079e-05
4.56337e-05
4.62715e-05
4.69047e-05
4.7544e-05
4.81906e-05
4.88483e-05
4.95183e-05
5.02009e-05
5.08941e-05
5.15934e-05
5.22917e-05
5.29772e-05
5.36306e-05
5.42227e-05
5.47218e-05
5.50686e-05
5.51986e-05
5.50695e-05
5.45183e-05
5.33918e-05
5.25844e-05
5.13929e-05
4.95553e-05
4.72219e-05
4.44547e-05
4.13043e-05
3.7807e-05
3.39877e-05
2.98831e-05
2.55841e-05
2.13e-05
1.7199e-05
1.33557e-05
9.38716e-06
3.82634e-06
4.90517e-08
4.478e-08
3.09007e-06
1.0116e-05
1.61214e-05
2.03422e-05
2.30183e-05
2.45418e-05
2.53291e-05
2.58088e-05
2.63614e-05
2.71994e-05
2.83039e-05
2.94903e-05
3.05398e-05
3.12969e-05
3.17002e-05
3.17673e-05
3.16248e-05
3.12189e-05
3.09085e-05
3.03865e-05
2.9521e-05
2.93884e-05
3.01071e-05
3.10856e-05
3.21163e-05
3.3295e-05
3.44738e-05
3.56063e-05
3.66952e-05
3.76448e-05
3.85405e-05
3.93634e-05
4.00693e-05
4.06556e-05
4.11632e-05
4.15807e-05
4.19929e-05
4.22992e-05
4.25721e-05
4.28114e-05
4.30397e-05
4.32474e-05
4.34429e-05
4.36307e-05
4.38108e-05
4.3989e-05
4.41738e-05
4.4374e-05
4.46002e-05
4.48641e-05
4.51776e-05
4.55533e-05
4.59993e-05
4.65144e-05
4.71021e-05
4.77656e-05
4.84792e-05
4.92101e-05
4.99057e-05
5.05664e-05
5.09559e-05
5.10836e-05
5.08793e-05
5.00348e-05
4.95353e-05
4.83056e-05
4.65249e-05
4.4253e-05
4.15761e-05
3.85673e-05
3.52585e-05
3.16328e-05
2.76634e-05
2.35024e-05
1.92871e-05
1.51647e-05
1.06958e-05
4.23638e-06
5.30238e-08
6.64269e-08
4.32946e-06
1.3021e-05
1.99239e-05
2.44484e-05
2.71091e-05
2.84963e-05
2.91843e-05
2.96946e-05
3.03889e-05
3.13727e-05
3.25205e-05
3.36041e-05
3.44226e-05
3.48717e-05
3.49482e-05
3.44947e-05
3.40535e-05
3.35995e-05
3.24239e-05
3.21038e-05
3.2604e-05
3.34735e-05
3.42639e-05
3.5178e-05
3.60945e-05
3.70202e-05
3.78258e-05
3.853e-05
3.91513e-05
3.96994e-05
4.01625e-05
4.05249e-05
4.0796e-05
4.09937e-05
4.11372e-05
4.12329e-05
4.12977e-05
4.13075e-05
4.13085e-05
4.13024e-05
4.12536e-05
4.11987e-05
4.1117e-05
4.10282e-05
4.09173e-05
4.07967e-05
4.06624e-05
4.05262e-05
4.03931e-05
4.02789e-05
4.02025e-05
4.01945e-05
4.03009e-05
4.05233e-05
4.08632e-05
4.13971e-05
4.21181e-05
4.29887e-05
4.39455e-05
4.49901e-05
4.598e-05
4.68452e-05
4.72478e-05
4.73192e-05
4.67919e-05
4.65084e-05
4.52784e-05
4.34057e-05
4.10192e-05
3.82644e-05
3.52559e-05
3.20297e-05
2.84991e-05
2.45487e-05
2.04807e-05
1.60842e-05
1.09938e-05
4.22761e-06
5.1522e-08
9.53655e-08
5.8741e-06
1.62645e-05
2.39159e-05
2.85652e-05
3.10822e-05
3.22719e-05
3.28566e-05
3.33956e-05
3.41729e-05
3.51759e-05
3.6205e-05
3.70247e-05
3.74694e-05
3.74929e-05
3.69811e-05
3.65193e-05
3.54796e-05
3.47527e-05
3.47286e-05
3.52864e-05
3.56983e-05
3.63502e-05
3.69901e-05
3.77546e-05
3.8406e-05
3.89902e-05
3.94437e-05
3.98124e-05
4.00951e-05
4.03048e-05
4.04447e-05
4.0526e-05
4.05657e-05
4.05766e-05
4.05683e-05
4.05426e-05
4.05024e-05
4.04471e-05
4.03868e-05
4.02796e-05
4.02074e-05
4.01276e-05
3.99572e-05
3.98215e-05
3.96428e-05
3.94561e-05
3.92449e-05
3.90111e-05
3.87538e-05
3.84704e-05
3.81575e-05
3.7811e-05
3.74238e-05
3.70712e-05
3.68583e-05
3.68153e-05
3.71058e-05
3.777e-05
3.86108e-05
3.97743e-05
4.10588e-05
4.2409e-05
4.36699e-05
4.43903e-05
4.45299e-05
4.43711e-05
4.42388e-05
4.28434e-05
4.07138e-05
3.80408e-05
3.50359e-05
3.18782e-05
2.86218e-05
2.50445e-05
2.09827e-05
1.66031e-05
1.11728e-05
4.11913e-06
4.79229e-08
1.32473e-07
7.70625e-06
1.97565e-05
2.7942e-05
3.26012e-05
3.49038e-05
3.5877e-05
3.63561e-05
3.68835e-05
3.76406e-05
3.85202e-05
3.92905e-05
3.97446e-05
3.96075e-05
3.91291e-05
3.86366e-05
3.73372e-05
3.685e-05
3.69188e-05
3.70026e-05
3.72965e-05
3.77501e-05
3.82903e-05
3.87835e-05
3.92622e-05
3.96082e-05
3.98806e-05
4.00566e-05
4.01818e-05
4.02576e-05
4.03057e-05
4.03346e-05
4.03576e-05
4.03816e-05
4.04084e-05
4.04374e-05
4.0466e-05
4.04913e-05
4.05051e-05
4.04962e-05
4.04857e-05
4.04746e-05
4.04053e-05
4.03256e-05
4.0229e-05
4.00965e-05
3.994e-05
3.97494e-05
3.9525e-05
3.92647e-05
3.89645e-05
3.86179e-05
3.8218e-05
3.77592e-05
3.72333e-05
3.66386e-05
3.59692e-05
3.52436e-05
3.46753e-05
3.47763e-05
3.55079e-05
3.66139e-05
3.80892e-05
3.96938e-05
4.12967e-05
4.22645e-05
4.24815e-05
4.25715e-05
4.25527e-05
4.0897e-05
3.8412e-05
3.53329e-05
3.19536e-05
2.85314e-05
2.50703e-05
2.12135e-05
1.66592e-05
1.09312e-05
3.83396e-06
4.38331e-08
1.78083e-07
9.74576e-06
2.33241e-05
3.1923e-05
3.64996e-05
3.85479e-05
3.92945e-05
3.96431e-05
4.0084e-05
4.07015e-05
4.13281e-05
4.17357e-05
4.14878e-05
4.09447e-05
4.03681e-05
3.92976e-05
3.87537e-05
3.85348e-05
3.83251e-05
3.85053e-05
3.87839e-05
3.91374e-05
3.94765e-05
3.9744e-05
3.99548e-05
4.00745e-05
4.01594e-05
4.02092e-05
4.02611e-05
4.03178e-05
4.03953e-05
4.04933e-05
4.06133e-05
4.07496e-05
4.08951e-05
4.10396e-05
4.11728e-05
4.13136e-05
4.13992e-05
4.14449e-05
4.15301e-05
4.15267e-05
4.15087e-05
4.14531e-05
4.1367e-05
4.1246e-05
4.10962e-05
4.0917e-05
4.07122e-05
4.04751e-05
4.02034e-05
3.98896e-05
3.95223e-05
3.90827e-05
3.85591e-05
3.79357e-05
3.71903e-05
3.6312e-05
3.53387e-05
3.43231e-05
3.33291e-05
3.32901e-05
3.42783e-05
3.57126e-05
3.75787e-05
3.94466e-05
4.06729e-05
4.09881e-05
4.11667e-05
4.11655e-05
3.92042e-05
3.62971e-05
3.27362e-05
2.89073e-05
2.51176e-05
2.122e-05
1.66472e-05
1.06791e-05
3.5645e-06
4.04592e-08
2.33018e-07
1.18238e-05
2.68303e-05
3.57719e-05
4.02145e-05
4.19866e-05
4.2488e-05
4.26563e-05
4.29176e-05
4.32798e-05
4.35475e-05
4.32052e-05
4.25665e-05
4.19119e-05
4.10008e-05
4.03464e-05
3.97668e-05
3.94943e-05
3.94055e-05
3.95598e-05
3.97301e-05
3.9917e-05
4.00541e-05
4.01403e-05
4.01978e-05
4.02349e-05
4.02947e-05
4.03811e-05
4.05141e-05
4.06873e-05
4.09009e-05
4.11426e-05
4.14026e-05
4.16662e-05
4.19415e-05
4.22125e-05
4.23861e-05
4.25411e-05
4.27548e-05
4.28495e-05
4.29472e-05
4.29771e-05
4.2981e-05
4.29375e-05
4.28558e-05
4.27323e-05
4.257e-05
4.23686e-05
4.21293e-05
4.18525e-05
4.15399e-05
4.11929e-05
4.08129e-05
4.04006e-05
3.99548e-05
3.94362e-05
3.88065e-05
3.80076e-05
3.70267e-05
3.58557e-05
3.456e-05
3.32816e-05
3.21227e-05
3.24255e-05
3.38837e-05
3.58083e-05
3.79148e-05
3.93974e-05
3.98072e-05
3.99748e-05
3.98531e-05
3.7533e-05
3.41453e-05
3.00646e-05
2.57357e-05
2.1451e-05
1.66736e-05
1.06773e-05
3.49979e-06
3.92857e-08
2.99791e-07
1.3743e-05
3.01833e-05
3.94301e-05
4.37097e-05
4.51874e-05
4.5412e-05
4.53336e-05
4.53188e-05
4.53244e-05
4.48686e-05
4.41147e-05
4.34033e-05
4.25685e-05
4.18047e-05
4.09007e-05
4.04343e-05
4.01987e-05
4.0129e-05
4.01823e-05
4.02194e-05
4.02609e-05
4.02763e-05
4.02972e-05
4.03473e-05
4.04444e-05
4.06089e-05
4.08347e-05
4.11206e-05
4.14492e-05
4.18085e-05
4.21808e-05
4.25751e-05
4.29687e-05
4.33088e-05
4.35608e-05
4.38273e-05
4.41087e-05
4.43125e-05
4.44676e-05
4.45883e-05
4.46553e-05
4.46819e-05
4.46585e-05
4.45895e-05
4.44726e-05
4.43093e-05
4.40996e-05
4.38444e-05
4.35444e-05
4.32003e-05
4.28123e-05
4.23801e-05
4.1903e-05
4.13807e-05
4.08135e-05
4.02026e-05
3.9545e-05
3.87494e-05
3.77332e-05
3.64515e-05
3.4985e-05
3.34069e-05
3.19722e-05
3.11509e-05
3.24086e-05
3.42743e-05
3.66207e-05
3.82822e-05
3.87505e-05
3.88323e-05
3.84329e-05
3.56684e-05
3.1761e-05
2.7151e-05
2.22561e-05
1.71234e-05
1.0948e-05
3.64884e-06
4.07124e-08
3.73901e-07
1.56434e-05
3.33717e-05
4.28639e-05
4.69552e-05
4.81177e-05
4.80226e-05
4.76239e-05
4.72428e-05
4.66028e-05
4.56969e-05
4.49429e-05
4.40725e-05
4.31742e-05
4.20455e-05
4.1291e-05
4.0879e-05
4.06392e-05
4.05242e-05
4.04698e-05
4.04162e-05
4.03962e-05
4.04071e-05
4.04862e-05
4.06446e-05
4.08886e-05
4.12136e-05
4.1602e-05
4.20384e-05
4.25018e-05
4.29772e-05
4.34809e-05
4.3962e-05
4.43856e-05
4.4773e-05
4.51264e-05
4.54505e-05
4.57738e-05
4.60303e-05
4.62359e-05
4.63964e-05
4.65054e-05
4.65645e-05
4.65699e-05
4.65219e-05
4.64191e-05
4.62618e-05
4.60502e-05
4.5785e-05
4.54675e-05
4.50985e-05
4.46789e-05
4.42086e-05
4.36863e-05
4.31093e-05
4.24742e-05
4.1778e-05
4.1021e-05
4.02102e-05
3.93474e-05
3.82915e-05
3.69653e-05
3.53552e-05
3.35742e-05
3.18234e-05
3.0455e-05
3.11205e-05
3.29952e-05
3.54806e-05
3.72292e-05
3.76827e-05
3.76109e-05
3.67202e-05
3.34216e-05
2.90127e-05
2.37983e-05
1.81925e-05
1.17821e-05
4.1187e-06
4.67339e-08
4.53224e-07
1.74877e-05
3.63522e-05
4.60399e-05
4.99245e-05
5.07494e-05
5.02871e-05
4.94956e-05
4.85538e-05
4.74257e-05
4.66195e-05
4.55529e-05
4.45212e-05
4.32127e-05
4.21841e-05
4.15224e-05
4.11184e-05
4.08491e-05
4.06813e-05
4.05697e-05
4.0508e-05
4.05289e-05
4.06384e-05
4.08575e-05
4.11782e-05
4.15895e-05
4.20713e-05
4.26012e-05
4.31604e-05
4.37311e-05
4.4301e-05
4.48709e-05
4.54106e-05
4.59048e-05
4.63651e-05
4.68056e-05
4.71949e-05
4.75329e-05
4.78705e-05
4.81422e-05
4.83524e-05
4.85115e-05
4.86123e-05
4.86528e-05
4.86313e-05
4.85459e-05
4.83958e-05
4.81812e-05
4.79029e-05
4.75629e-05
4.71635e-05
4.67076e-05
4.61973e-05
4.56339e-05
4.50158e-05
4.43388e-05
4.35951e-05
4.27753e-05
4.18726e-05
4.08906e-05
3.98517e-05
3.86877e-05
3.72972e-05
3.5556e-05
3.36277e-05
3.16718e-05
3.00731e-05
3.0057e-05
3.19037e-05
3.44613e-05
3.61722e-05
3.64863e-05
3.6281e-05
3.4505e-05
3.07598e-05
2.56966e-05
1.98153e-05
1.30756e-05
4.99911e-06
6.12033e-08
5.35177e-07
1.92338e-05
3.90849e-05
4.89327e-05
5.25993e-05
5.30701e-05
5.22027e-05
5.0906e-05
4.94894e-05
4.85474e-05
4.71172e-05
4.59435e-05
4.44486e-05
4.31655e-05
4.22257e-05
4.16089e-05
4.1193e-05
4.09033e-05
4.07223e-05
4.06316e-05
4.06475e-05
4.0789e-05
4.1054e-05
4.144e-05
4.19234e-05
4.24829e-05
4.30939e-05
4.37354e-05
4.4391e-05
4.50471e-05
4.56942e-05
4.6324e-05
4.69238e-05
4.74956e-05
4.80564e-05
4.85718e-05
4.90383e-05
4.9444e-05
4.98036e-05
5.01825e-05
5.04548e-05
5.06694e-05
5.08211e-05
5.09026e-05
5.09129e-05
5.0848e-05
5.07067e-05
5.04881e-05
5.01929e-05
4.98232e-05
4.93826e-05
4.8876e-05
4.8309e-05
4.76871e-05
4.7014e-05
4.62902e-05
4.55106e-05
4.4663e-05
4.37289e-05
4.26872e-05
4.15259e-05
4.02622e-05
3.88508e-05
3.73178e-05
3.55597e-05
3.35044e-05
3.14411e-05
2.95849e-05
2.91555e-05
3.0925e-05
3.35662e-05
3.50373e-05
3.50801e-05
3.47148e-05
3.19559e-05
2.74105e-05
2.16098e-05
1.46546e-05
6.01704e-06
8.43804e-08
6.17372e-07
2.0844e-05
4.15449e-05
5.15323e-05
5.49704e-05
5.509e-05
5.37171e-05
5.20647e-05
5.0779e-05
4.89512e-05
4.75273e-05
4.58298e-05
4.4285e-05
4.30554e-05
4.21802e-05
4.15835e-05
4.11671e-05
4.08954e-05
4.07628e-05
4.07661e-05
4.09188e-05
4.12189e-05
4.16499e-05
4.21913e-05
4.28134e-05
4.34926e-05
4.42066e-05
4.49386e-05
4.56758e-05
4.64086e-05
4.71299e-05
4.78336e-05
4.85148e-05
4.91726e-05
4.98031e-05
5.04192e-05
5.09865e-05
5.14705e-05
5.18932e-05
5.23118e-05
5.26997e-05
5.29647e-05
5.31763e-05
5.33044e-05
5.33526e-05
5.33142e-05
5.31869e-05
5.29685e-05
5.26586e-05
5.22586e-05
5.17721e-05
5.12048e-05
5.05646e-05
4.98611e-05
4.91042e-05
4.83027e-05
4.74608e-05
4.65753e-05
4.56319e-05
4.46029e-05
4.34496e-05
4.2134e-05
4.07404e-05
3.90766e-05
3.71446e-05
3.52739e-05
3.32352e-05
3.10621e-05
2.89932e-05
2.83563e-05
3.00668e-05
3.26471e-05
3.39725e-05
3.34317e-05
3.23985e-05
2.86011e-05
2.31849e-05
1.62648e-05
7.063e-06
1.14223e-07
6.98149e-07
2.22718e-05
4.37323e-05
5.38764e-05
5.70051e-05
5.65935e-05
5.49916e-05
5.32587e-05
5.11528e-05
4.93611e-05
4.74373e-05
4.56114e-05
4.40688e-05
4.28976e-05
4.20692e-05
4.14953e-05
4.11131e-05
4.09099e-05
4.08823e-05
4.10265e-05
4.13393e-05
4.17996e-05
4.23798e-05
4.30516e-05
4.37866e-05
4.45637e-05
4.53649e-05
4.61783e-05
4.69945e-05
4.78067e-05
4.86098e-05
4.93991e-05
5.01703e-05
5.09192e-05
5.16397e-05
5.23391e-05
5.3013e-05
5.3591e-05
5.40739e-05
5.45405e-05
5.50419e-05
5.53643e-05
5.56379e-05
5.58182e-05
5.59103e-05
5.5906e-05
5.58014e-05
5.5593e-05
5.52784e-05
5.48574e-05
5.4332e-05
5.3707e-05
5.29903e-05
5.21933e-05
5.133e-05
5.04162e-05
4.94664e-05
4.84912e-05
4.74914e-05
4.64526e-05
4.53399e-05
4.40965e-05
4.2652e-05
4.11243e-05
3.92496e-05
3.6884e-05
3.48257e-05
3.28007e-05
3.05031e-05
2.82446e-05
2.76885e-05
2.93123e-05
3.14679e-05
3.23473e-05
3.15842e-05
2.91531e-05
2.43445e-05
1.7696e-05
8.00379e-06
1.4885e-07
7.75808e-07
2.35489e-05
4.56375e-05
5.57915e-05
5.85396e-05
5.79988e-05
5.63853e-05
5.40735e-05
5.15531e-05
4.93562e-05
4.72244e-05
4.53357e-05
4.38241e-05
4.2709e-05
4.19252e-05
4.1398e-05
4.10926e-05
4.1002e-05
4.1115e-05
4.14164e-05
4.18848e-05
4.24875e-05
4.3193e-05
4.39725e-05
4.48022e-05
4.56651e-05
4.65481e-05
4.74425e-05
4.83415e-05
4.92398e-05
5.01324e-05
5.10142e-05
5.18795e-05
5.27222e-05
5.35353e-05
5.43169e-05
5.50873e-05
5.57627e-05
5.63097e-05
5.68396e-05
5.74135e-05
5.78123e-05
5.81433e-05
5.83795e-05
5.852e-05
5.85571e-05
5.84855e-05
5.82997e-05
5.79958e-05
5.7571e-05
5.70246e-05
5.63591e-05
5.55801e-05
5.46979e-05
5.37271e-05
5.26868e-05
5.15989e-05
5.04857e-05
4.93652e-05
4.82443e-05
4.71105e-05
4.59234e-05
4.46075e-05
4.30539e-05
4.14115e-05
3.91187e-05
3.65266e-05
3.42417e-05
3.21905e-05
2.96944e-05
2.72337e-05
2.71177e-05
2.88425e-05
3.02533e-05
3.0323e-05
2.91966e-05
2.50623e-05
1.88079e-05
8.76387e-06
1.866e-07
8.47322e-07
2.46355e-05
4.71681e-05
5.72697e-05
5.97823e-05
5.9414e-05
5.72174e-05
5.43694e-05
5.17693e-05
4.92116e-05
4.69397e-05
4.50338e-05
4.35681e-05
4.251e-05
4.17842e-05
4.13363e-05
4.11445e-05
4.11933e-05
4.14583e-05
4.19106e-05
4.25166e-05
4.32401e-05
4.40505e-05
4.49225e-05
4.58374e-05
4.67822e-05
4.77474e-05
4.87264e-05
4.97133e-05
5.07025e-05
5.1688e-05
5.26632e-05
5.3621e-05
5.45537e-05
5.54537e-05
5.63134e-05
5.71703e-05
5.79327e-05
5.85412e-05
5.91314e-05
5.97585e-05
6.02365e-05
6.06203e-05
6.09119e-05
6.11029e-05
6.11867e-05
6.11568e-05
6.10065e-05
6.07297e-05
6.03215e-05
5.97781e-05
5.90985e-05
5.82846e-05
5.73431e-05
5.62858e-05
5.51308e-05
5.39025e-05
5.26299e-05
5.13437e-05
5.00706e-05
4.88248e-05
4.75976e-05
4.63453e-05
4.4978e-05
4.33539e-05
4.14243e-05
3.87551e-05
3.59843e-05
3.35371e-05
3.13719e-05
2.85247e-05
2.60236e-05
2.64043e-05
2.82772e-05
2.93074e-05
2.81558e-05
2.52904e-05
1.95566e-05
9.3379e-06
2.26234e-07
9.10153e-07
2.55055e-05
4.83198e-05
5.83825e-05
6.10101e-05
6.04271e-05
5.79013e-05
5.47542e-05
5.17315e-05
4.89752e-05
4.66185e-05
4.47262e-05
4.33158e-05
4.23228e-05
4.16769e-05
4.13382e-05
4.12823e-05
4.14786e-05
4.18892e-05
4.24758e-05
4.31996e-05
4.40259e-05
4.49275e-05
4.58838e-05
4.68805e-05
4.79076e-05
4.89577e-05
5.00245e-05
5.11015e-05
5.21818e-05
5.32578e-05
5.43214e-05
5.5364e-05
5.63771e-05
5.73528e-05
5.82834e-05
5.92104e-05
6.00498e-05
6.07104e-05
6.13485e-05
6.20182e-05
6.25675e-05
6.29991e-05
6.33421e-05
6.35826e-05
6.37154e-05
6.37329e-05
6.36278e-05
6.33927e-05
6.30203e-05
6.25042e-05
6.18396e-05
6.10241e-05
6.00592e-05
5.89517e-05
5.77152e-05
5.63714e-05
5.49502e-05
5.34886e-05
5.20265e-05
5.05996e-05
4.92289e-05
4.79072e-05
4.6583e-05
4.51446e-05
4.34039e-05
4.11308e-05
3.81786e-05
3.52611e-05
3.2716e-05
3.0315e-05
2.71887e-05
2.50904e-05
2.57198e-05
2.6906e-05
2.70696e-05
2.52071e-05
1.99491e-05
9.69703e-06
2.67606e-07
9.62923e-07
2.61657e-05
4.91447e-05
5.9256e-05
6.19225e-05
6.11542e-05
5.82011e-05
5.48674e-05
5.15892e-05
4.86841e-05
4.62847e-05
4.44268e-05
4.30807e-05
4.21665e-05
4.16229e-05
4.14132e-05
4.15002e-05
4.1838e-05
4.23796e-05
4.30824e-05
4.39076e-05
4.48242e-05
4.58094e-05
4.68466e-05
4.79248e-05
4.90356e-05
5.0172e-05
5.13266e-05
5.24914e-05
5.36579e-05
5.48166e-05
5.59583e-05
5.70736e-05
5.81539e-05
5.91913e-05
6.01786e-05
6.11573e-05
6.20644e-05
6.27689e-05
6.34392e-05
6.41384e-05
6.47498e-05
6.52224e-05
6.56102e-05
6.58967e-05
6.60771e-05
6.61441e-05
6.609e-05
6.59065e-05
6.5585e-05
6.51168e-05
6.44937e-05
6.3709e-05
6.27588e-05
6.16436e-05
6.037e-05
5.89535e-05
5.74197e-05
5.58052e-05
5.4156e-05
5.25227e-05
5.09514e-05
4.94704e-05
4.80741e-05
4.67049e-05
4.52315e-05
4.32732e-05
4.04605e-05
3.73627e-05
3.43876e-05
3.17138e-05
2.89067e-05
2.54635e-05
2.43612e-05
2.53272e-05
2.60215e-05
2.45356e-05
1.99892e-05
9.85519e-06
3.10289e-07
1.00488e-06
2.66184e-05
4.96965e-05
5.98457e-05
6.26027e-05
6.16757e-05
5.85793e-05
5.48754e-05
5.13772e-05
4.83651e-05
4.59545e-05
4.4146e-05
4.28742e-05
4.20541e-05
4.16298e-05
4.15568e-05
4.17819e-05
4.22482e-05
4.29047e-05
4.37083e-05
4.46231e-05
4.56224e-05
4.66872e-05
4.78042e-05
4.89641e-05
5.01586e-05
5.13795e-05
5.26178e-05
5.38636e-05
5.51066e-05
5.63363e-05
5.75428e-05
5.87166e-05
5.98496e-05
6.09345e-05
6.19652e-05
6.2969e-05
6.39194e-05
6.46883e-05
6.53665e-05
6.60806e-05
6.67448e-05
6.72507e-05
6.76753e-05
6.80017e-05
6.82256e-05
6.83404e-05
6.83385e-05
6.82116e-05
6.79503e-05
6.75445e-05
6.69834e-05
6.62569e-05
6.53558e-05
6.4274e-05
6.30105e-05
6.1572e-05
5.99758e-05
5.82523e-05
5.64459e-05
5.46132e-05
5.28162e-05
5.11104e-05
4.95276e-05
4.80576e-05
4.66322e-05
4.51154e-05
4.27575e-05
3.95105e-05
3.64184e-05
3.32858e-05
3.04545e-05
2.70119e-05
2.37506e-05
2.34424e-05
2.37784e-05
2.35137e-05
1.98652e-05
9.99452e-06
3.57114e-07
1.03589e-06
2.68811e-05
5.00059e-05
6.01811e-05
6.31092e-05
6.19261e-05
5.86982e-05
5.47889e-05
5.11209e-05
4.80371e-05
4.56384e-05
4.38911e-05
4.27041e-05
4.19912e-05
4.16946e-05
4.1756e-05
4.21083e-05
4.26886e-05
4.34456e-05
4.43384e-05
4.53349e-05
4.64123e-05
4.75546e-05
4.87505e-05
4.99907e-05
5.12658e-05
5.25659e-05
5.38799e-05
5.51963e-05
5.65034e-05
5.77902e-05
5.90468e-05
6.02644e-05
6.14355e-05
6.25538e-05
6.36143e-05
6.46247e-05
6.5607e-05
6.64406e-05
6.71096e-05
6.78234e-05
6.85316e-05
6.9063e-05
6.95157e-05
6.98744e-05
7.01355e-05
7.02933e-05
7.03409e-05
7.02706e-05
7.00729e-05
6.97372e-05
6.92514e-05
6.86025e-05
6.77774e-05
6.6764e-05
6.55536e-05
6.41436e-05
6.25405e-05
6.07644e-05
5.88519e-05
5.68578e-05
5.48515e-05
5.29086e-05
5.10931e-05
4.94337e-05
4.78965e-05
4.63598e-05
4.45939e-05
4.17699e-05
3.84502e-05
3.51856e-05
3.1838e-05
2.87431e-05
2.46927e-05
2.2692e-05
2.27011e-05
2.2774e-05
1.97401e-05
1.0347e-05
4.17183e-07
1.05649e-06
2.69781e-05
5.00609e-05
6.02311e-05
6.3278e-05
6.21979e-05
5.87251e-05
5.46374e-05
5.08401e-05
4.77132e-05
4.53437e-05
4.36669e-05
4.2574e-05
4.19766e-05
4.18084e-05
4.19958e-05
4.2462e-05
4.31429e-05
4.39891e-05
4.49628e-05
4.60356e-05
4.71879e-05
4.84057e-05
4.96781e-05
5.09947e-05
5.23445e-05
5.37152e-05
5.50941e-05
5.64684e-05
5.78258e-05
5.91554e-05
6.04479e-05
6.16953e-05
6.2891e-05
6.40299e-05
6.51074e-05
6.61199e-05
6.71194e-05
6.80074e-05
6.86618e-05
6.93613e-05
7.01047e-05
7.06549e-05
7.11269e-05
7.15097e-05
7.18002e-05
7.19939e-05
7.20851e-05
7.20671e-05
7.19312e-05
7.16671e-05
7.12622e-05
7.07021e-05
6.99707e-05
6.90516e-05
6.79292e-05
6.65916e-05
6.50343e-05
6.32645e-05
6.13061e-05
5.92043e-05
5.70269e-05
5.48596e-05
5.27943e-05
5.09063e-05
4.92278e-05
4.77187e-05
4.62431e-05
4.38454e-05
4.04605e-05
3.72032e-05
3.36782e-05
3.00506e-05
2.63018e-05
2.23973e-05
2.14181e-05
2.12177e-05
1.94366e-05
1.09809e-05
4.98214e-07
1.06669e-06
2.69056e-05
4.98571e-05
6.01584e-05
6.34103e-05
6.22282e-05
5.86593e-05
5.44407e-05
5.05497e-05
4.74025e-05
4.50747e-05
4.34759e-05
4.24838e-05
4.20047e-05
4.19598e-05
4.22618e-05
4.28293e-05
4.35996e-05
4.45262e-05
4.55745e-05
4.67194e-05
4.79436e-05
4.92337e-05
5.05782e-05
5.19649e-05
5.33806e-05
5.48114e-05
5.62429e-05
5.76618e-05
5.9056e-05
6.04151e-05
6.17308e-05
6.2996e-05
6.42054e-05
6.53543e-05
6.64388e-05
6.7455e-05
6.84537e-05
6.93863e-05
7.00318e-05
7.0703e-05
7.14704e-05
7.20345e-05
7.25181e-05
7.29166e-05
7.3228e-05
7.34491e-05
7.35757e-05
7.36027e-05
7.35226e-05
7.33261e-05
7.30012e-05
7.25331e-05
7.19043e-05
7.10953e-05
7.00852e-05
6.88545e-05
6.73878e-05
6.5679e-05
6.37367e-05
6.15911e-05
5.92989e-05
5.69441e-05
5.463e-05
5.24595e-05
5.05047e-05
4.87708e-05
4.71666e-05
4.54825e-05
4.24944e-05
3.89937e-05
3.55421e-05
3.18268e-05
2.79001e-05
2.33302e-05
2.09948e-05
1.97646e-05
1.89424e-05
1.16611e-05
5.99843e-07
1.066e-06
2.67328e-05
4.96021e-05
5.99331e-05
6.34012e-05
6.21546e-05
5.85229e-05
5.42149e-05
5.02608e-05
4.71112e-05
4.48339e-05
4.33184e-05
4.24305e-05
4.20679e-05
4.21375e-05
4.25424e-05
4.32e-05
4.40505e-05
4.50504e-05
4.61681e-05
4.73812e-05
4.86733e-05
5.0031e-05
5.14412e-05
5.28895e-05
5.4361e-05
5.584e-05
5.73118e-05
5.87628e-05
6.01816e-05
6.15589e-05
6.28875e-05
6.41616e-05
6.5377e-05
6.653e-05
6.76179e-05
6.86386e-05
6.9615e-05
7.05576e-05
7.12459e-05
7.1874e-05
7.26412e-05
7.32189e-05
7.37073e-05
7.41138e-05
7.44376e-05
7.4677e-05
7.48298e-05
7.48922e-05
7.48589e-05
7.4722e-05
7.44708e-05
7.40914e-05
7.3566e-05
7.28735e-05
7.19897e-05
7.0889e-05
6.9547e-05
6.79449e-05
6.60754e-05
6.39508e-05
6.16113e-05
5.91305e-05
5.66149e-05
5.41911e-05
5.19774e-05
5.00442e-05
4.83739e-05
4.68381e-05
4.43951e-05
4.07915e-05
3.75045e-05
3.3416e-05
2.92551e-05
2.48439e-05
2.08822e-05
1.92585e-05
1.85293e-05
1.22829e-05
7.17893e-07
1.06028e-06
2.64636e-05
4.91708e-05
5.95125e-05
6.31802e-05
6.19775e-05
5.83308e-05
5.39724e-05
4.99818e-05
4.68432e-05
4.46225e-05
4.3193e-05
4.24094e-05
4.21577e-05
4.23319e-05
4.28286e-05
4.35668e-05
4.44896e-05
4.55567e-05
4.6739e-05
4.80158e-05
4.93708e-05
5.07897e-05
5.22574e-05
5.37577e-05
5.5274e-05
5.67898e-05
5.82901e-05
5.97622e-05
6.11956e-05
6.25822e-05
6.39161e-05
6.51928e-05
6.64089e-05
6.75618e-05
6.86492e-05
6.96695e-05
7.06217e-05
7.1565e-05
7.23065e-05
7.28996e-05
7.36356e-05
7.42298e-05
7.47181e-05
7.51256e-05
7.54538e-05
7.57027e-05
7.58718e-05
7.59593e-05
7.59618e-05
7.58738e-05
7.56865e-05
7.53874e-05
7.49598e-05
7.43823e-05
7.36292e-05
7.26707e-05
7.14756e-05
7.00142e-05
6.82643e-05
6.62192e-05
6.38979e-05
6.13549e-05
5.86862e-05
5.60238e-05
5.35134e-05
5.12725e-05
4.93372e-05
4.7614e-05
4.58518e-05
4.2644e-05
3.90656e-05
3.53866e-05
3.09393e-05
2.63112e-05
2.10967e-05
1.87652e-05
1.75259e-05
1.29256e-05
8.39953e-07
1.04768e-06
2.61375e-05
4.84827e-05
5.89804e-05
6.28256e-05
6.17126e-05
5.80953e-05
5.37228e-05
4.97184e-05
4.66013e-05
4.44403e-05
4.30972e-05
4.2415e-05
4.22667e-05
4.2535e-05
4.31137e-05
4.3924e-05
4.49124e-05
4.60409e-05
4.72827e-05
4.86177e-05
5.00294e-05
5.15019e-05
5.30181e-05
5.45603e-05
5.61106e-05
5.76525e-05
5.91714e-05
6.06554e-05
6.20955e-05
6.34849e-05
6.4819e-05
6.60942e-05
6.7308e-05
6.8458e-05
6.95418e-05
7.05568e-05
7.14997e-05
7.24327e-05
7.32274e-05
7.37885e-05
7.44847e-05
7.50907e-05
7.55753e-05
7.5978e-05
7.63036e-05
7.65536e-05
7.67295e-05
7.68315e-05
7.68585e-05
7.68074e-05
7.66717e-05
7.64412e-05
7.61011e-05
7.5631e-05
7.50051e-05
7.41917e-05
7.31547e-05
7.18561e-05
7.02609e-05
6.83444e-05
6.61032e-05
6.35685e-05
6.08174e-05
5.79772e-05
5.52131e-05
5.26921e-05
5.05277e-05
4.87213e-05
4.71172e-05
4.43183e-05
4.05663e-05
3.7355e-05
3.2383e-05
2.76059e-05
2.23918e-05
1.86377e-05
1.63889e-05
1.34178e-05
9.38128e-07
1.02806e-06
2.57142e-05
4.77261e-05
5.83544e-05
6.23543e-05
6.13731e-05
5.78268e-05
5.34732e-05
4.9475e-05
4.63869e-05
4.42866e-05
4.30281e-05
4.2442e-05
4.23884e-05
4.27408e-05
4.33925e-05
4.42674e-05
4.53149e-05
4.64992e-05
4.77947e-05
4.91818e-05
5.06429e-05
5.21604e-05
5.37158e-05
5.52899e-05
5.68645e-05
5.84232e-05
5.99523e-05
6.14413e-05
6.28825e-05
6.42705e-05
6.56018e-05
6.68738e-05
6.80842e-05
6.9231e-05
7.03115e-05
7.13227e-05
7.2261e-05
7.31757e-05
7.40149e-05
7.4561e-05
7.52125e-05
7.58244e-05
7.63025e-05
7.6696e-05
7.70129e-05
7.72567e-05
7.74307e-05
7.75372e-05
7.75775e-05
7.75509e-05
7.74538e-05
7.72785e-05
7.70128e-05
7.66383e-05
7.61304e-05
7.54571e-05
7.458e-05
7.34552e-05
7.20374e-05
7.02863e-05
6.81768e-05
6.57134e-05
6.29464e-05
5.99845e-05
5.69924e-05
5.41639e-05
5.16655e-05
4.95675e-05
4.77986e-05
4.56997e-05
4.19577e-05
3.88693e-05
3.43583e-05
2.91214e-05
2.37629e-05
1.90927e-05
1.57422e-05
1.36145e-05
9.83182e-07
1.00256e-06
2.51884e-05
4.68579e-05
5.76314e-05
6.17878e-05
6.09715e-05
5.75336e-05
5.32294e-05
4.92546e-05
4.62007e-05
4.41602e-05
4.29823e-05
4.24855e-05
4.25172e-05
4.29445e-05
4.3661e-05
4.45935e-05
4.56937e-05
4.69276e-05
4.82707e-05
4.97028e-05
5.12055e-05
5.27595e-05
5.43449e-05
5.59418e-05
5.7532e-05
5.90998e-05
6.06327e-05
6.21216e-05
6.35602e-05
6.49445e-05
6.6272e-05
6.75406e-05
6.87487e-05
6.9894e-05
7.09739e-05
7.19854e-05
7.29253e-05
7.38159e-05
7.46739e-05
7.52388e-05
7.58392e-05
7.64507e-05
7.69203e-05
7.73011e-05
7.76045e-05
7.7836e-05
7.80006e-05
7.81026e-05
7.81459e-05
7.81322e-05
7.80607e-05
7.79268e-05
7.77211e-05
7.74282e-05
7.70253e-05
7.64819e-05
7.57589e-05
7.48093e-05
7.35807e-05
7.20197e-05
7.00821e-05
6.77462e-05
6.50322e-05
6.20218e-05
5.88682e-05
5.57821e-05
5.2981e-05
5.06055e-05
4.86348e-05
4.68478e-05
4.35657e-05
4.01994e-05
3.63661e-05
3.03997e-05
2.48533e-05
1.90709e-05
1.58732e-05
1.36032e-05
9.90903e-07
9.72626e-07
2.46293e-05
4.59035e-05
5.68195e-05
6.11422e-05
6.05189e-05
5.72226e-05
5.29953e-05
4.90591e-05
4.6043e-05
4.40595e-05
4.29565e-05
4.25411e-05
4.2649e-05
4.31423e-05
4.39159e-05
4.48992e-05
4.60456e-05
4.73228e-05
4.87066e-05
5.01765e-05
5.17127e-05
5.32946e-05
5.49013e-05
5.65129e-05
5.81115e-05
5.96823e-05
6.12143e-05
6.26997e-05
6.41338e-05
6.55136e-05
6.68374e-05
6.81039e-05
6.93115e-05
7.04578e-05
7.154e-05
7.25547e-05
7.34983e-05
7.43683e-05
7.52307e-05
7.58252e-05
7.63788e-05
7.69852e-05
7.74446e-05
7.78105e-05
7.80969e-05
7.83112e-05
7.84601e-05
7.85502e-05
7.85874e-05
7.85761e-05
7.85183e-05
7.84126e-05
7.82527e-05
7.80263e-05
7.77137e-05
7.72865e-05
7.67069e-05
7.59268e-05
7.48892e-05
7.35318e-05
7.17938e-05
6.96295e-05
6.70274e-05
6.4035e-05
6.07797e-05
5.74705e-05
5.43617e-05
5.1671e-05
4.94788e-05
4.7665e-05
4.49051e-05
4.12031e-05
3.80476e-05
3.2032e-05
2.61233e-05
1.97912e-05
1.56408e-05
1.3352e-05
9.71004e-07
9.39429e-07
2.40519e-05
4.48822e-05
5.59297e-05
6.04303e-05
6.00244e-05
5.68993e-05
5.27739e-05
4.88898e-05
4.59137e-05
4.39828e-05
4.29477e-05
4.2605e-05
4.27799e-05
4.3331e-05
4.41544e-05
4.51815e-05
4.63677e-05
4.76816e-05
4.90991e-05
5.05991e-05
5.21607e-05
5.37625e-05
5.5383e-05
5.70023e-05
5.86033e-05
6.01726e-05
6.17003e-05
6.31802e-05
6.46089e-05
6.59843e-05
6.73056e-05
6.85716e-05
6.97807e-05
7.09302e-05
7.20167e-05
7.30354e-05
7.39812e-05
7.4848e-05
7.57023e-05
7.6328e-05
7.68415e-05
7.74385e-05
7.78867e-05
7.82362e-05
7.85032e-05
7.86968e-05
7.88254e-05
7.88975e-05
7.89211e-05
7.89033e-05
7.88489e-05
7.87594e-05
7.86319e-05
7.84576e-05
7.82201e-05
7.78942e-05
7.7444e-05
7.68225e-05
7.59709e-05
7.48208e-05
7.32989e-05
7.13388e-05
6.88988e-05
6.59893e-05
6.27023e-05
5.9229e-05
5.5841e-05
5.28145e-05
5.03091e-05
4.82629e-05
4.60151e-05
4.21667e-05
3.94475e-05
3.39752e-05
2.72962e-05
2.08945e-05
1.55513e-05
1.31985e-05
9.37558e-07
9.04077e-07
2.34517e-05
4.3806e-05
5.4973e-05
5.96625e-05
5.94955e-05
5.65679e-05
5.25671e-05
4.87471e-05
4.58121e-05
4.39286e-05
4.29532e-05
4.26741e-05
4.2907e-05
4.35079e-05
4.43738e-05
4.54382e-05
4.66575e-05
4.80011e-05
4.94451e-05
5.09677e-05
5.25472e-05
5.41615e-05
5.57889e-05
5.74102e-05
5.9009e-05
6.05732e-05
6.20945e-05
6.35678e-05
6.49908e-05
6.63626e-05
6.76825e-05
6.89497e-05
7.01622e-05
7.13169e-05
7.24093e-05
7.34337e-05
7.43837e-05
7.52527e-05
7.60966e-05
7.67523e-05
7.7233e-05
7.7817e-05
7.8253e-05
7.85856e-05
7.88318e-05
7.90024e-05
7.91075e-05
7.91571e-05
7.91616e-05
7.91301e-05
7.90704e-05
7.8987e-05
7.88802e-05
7.87448e-05
7.8568e-05
7.8328e-05
7.79922e-05
7.75157e-05
7.68399e-05
7.58932e-05
7.45941e-05
7.28592e-05
7.06201e-05
6.78496e-05
6.4598e-05
6.10247e-05
5.74016e-05
5.4056e-05
5.12436e-05
4.89981e-05
4.70351e-05
4.33605e-05
4.04719e-05
3.58389e-05
2.84759e-05
2.19854e-05
1.56958e-05
1.3048e-05
8.97432e-07
8.66598e-07
2.28475e-05
4.26882e-05
5.396e-05
5.8848e-05
5.89384e-05
5.62318e-05
5.23762e-05
4.86312e-05
4.57376e-05
4.38952e-05
4.29705e-05
4.27454e-05
4.30277e-05
4.36705e-05
4.4572e-05
4.56669e-05
4.69125e-05
4.82791e-05
4.97424e-05
5.12804e-05
5.28707e-05
5.44908e-05
5.61195e-05
5.77379e-05
5.93309e-05
6.08876e-05
6.24008e-05
6.3867e-05
6.52847e-05
6.66535e-05
6.79732e-05
6.92428e-05
7.04602e-05
7.16215e-05
7.27211e-05
7.37526e-05
7.47087e-05
7.55818e-05
7.64149e-05
7.70986e-05
7.75552e-05
7.8123e-05
7.85461e-05
7.88616e-05
7.90867e-05
7.92334e-05
7.9313e-05
7.93373e-05
7.93185e-05
7.92681e-05
7.91963e-05
7.91107e-05
7.90148e-05
7.89068e-05
7.87778e-05
7.86096e-05
7.83732e-05
7.80268e-05
7.75136e-05
7.67616e-05
7.56839e-05
7.41851e-05
7.2174e-05
6.95885e-05
6.64339e-05
6.28265e-05
5.90182e-05
5.53642e-05
5.22046e-05
4.96954e-05
4.76854e-05
4.45375e-05
4.12576e-05
3.74714e-05
2.9807e-05
2.29241e-05
1.60028e-05
1.29616e-05
8.55975e-07
8.29386e-07
2.22229e-05
4.15323e-05
5.28982e-05
5.79937e-05
5.83581e-05
5.58933e-05
5.22012e-05
4.85419e-05
4.569e-05
4.38813e-05
4.29977e-05
4.28168e-05
4.31396e-05
4.38167e-05
4.4747e-05
4.58657e-05
4.71311e-05
4.85137e-05
4.99895e-05
5.1536e-05
5.31306e-05
5.47508e-05
5.63758e-05
5.79874e-05
5.95718e-05
6.1119e-05
6.26233e-05
6.4082e-05
6.54944e-05
6.68607e-05
6.81809e-05
6.94539e-05
7.06768e-05
7.18453e-05
7.2953e-05
7.39924e-05
7.49554e-05
7.58338e-05
7.66551e-05
7.73612e-05
7.78081e-05
7.83554e-05
7.87649e-05
7.90639e-05
7.92684e-05
7.93911e-05
7.94447e-05
7.94424e-05
7.93979e-05
7.93249e-05
7.92362e-05
7.9142e-05
7.90491e-05
7.89591e-05
7.88668e-05
7.87578e-05
7.8607e-05
7.83761e-05
7.80113e-05
7.74417e-05
7.65787e-05
7.53185e-05
7.35522e-05
7.1187e-05
6.81837e-05
6.46082e-05
6.06766e-05
5.67522e-05
5.32429e-05
5.041e-05
4.82097e-05
4.55697e-05
4.19588e-05
3.8733e-05
3.14889e-05
2.39233e-05
1.64757e-05
1.28809e-05
8.14544e-07
7.88964e-07
2.16392e-05
4.03608e-05
5.17976e-05
5.71059e-05
5.77582e-05
5.55535e-05
5.20421e-05
4.84786e-05
4.5668e-05
4.38852e-05
4.30322e-05
4.28859e-05
4.32407e-05
4.39448e-05
4.4897e-05
4.6033e-05
4.73117e-05
4.87039e-05
5.01856e-05
5.17342e-05
5.33272e-05
5.49424e-05
5.65594e-05
5.81611e-05
5.97344e-05
6.12708e-05
6.27653e-05
6.42161e-05
6.56233e-05
6.69872e-05
6.83079e-05
6.95842e-05
7.08126e-05
7.19881e-05
7.31037e-05
7.4151e-05
7.51212e-05
7.60059e-05
7.68146e-05
7.7532e-05
7.79942e-05
7.85093e-05
7.89061e-05
7.91895e-05
7.93745e-05
7.94744e-05
7.95025e-05
7.94735e-05
7.94024e-05
7.9305e-05
7.91961e-05
7.90889e-05
7.8993e-05
7.89136e-05
7.88489e-05
7.87884e-05
7.8711e-05
7.85822e-05
7.83517e-05
7.79511e-05
7.72921e-05
7.62666e-05
7.47529e-05
7.26327e-05
6.98251e-05
6.6342e-05
6.23501e-05
5.81989e-05
5.43492e-05
5.11687e-05
4.86807e-05
4.63631e-05
4.26155e-05
3.98342e-05
3.32098e-05
2.47827e-05
1.71064e-05
1.28035e-05
7.75121e-07
7.57415e-07
2.09636e-05
3.91613e-05
5.06621e-05
5.61888e-05
5.71411e-05
5.5213e-05
5.18989e-05
4.84416e-05
4.56727e-05
4.39077e-05
4.30747e-05
4.29522e-05
4.33297e-05
4.40533e-05
4.50207e-05
4.61677e-05
4.74534e-05
4.88488e-05
5.03302e-05
5.18752e-05
5.34614e-05
5.5067e-05
5.66724e-05
5.82614e-05
5.98218e-05
6.13459e-05
6.28298e-05
6.42723e-05
6.56736e-05
6.70347e-05
6.83553e-05
6.96339e-05
7.08669e-05
7.20483e-05
7.31706e-05
7.42246e-05
7.5201e-05
7.60908e-05
7.68882e-05
7.76132e-05
7.80963e-05
7.85809e-05
7.89649e-05
7.92338e-05
7.94011e-05
7.94799e-05
7.94843e-05
7.94297e-05
7.93326e-05
7.92103e-05
7.90798e-05
7.89567e-05
7.88537e-05
7.87792e-05
7.87349e-05
7.87144e-05
7.87002e-05
7.86616e-05
7.85523e-05
7.83073e-05
7.78399e-05
7.70409e-05
7.57803e-05
7.392e-05
7.13426e-05
6.80061e-05
6.40179e-05
5.96936e-05
5.55274e-05
5.20057e-05
4.93071e-05
4.70436e-05
4.33539e-05
4.06359e-05
3.48189e-05
2.57562e-05
1.78305e-05
1.27099e-05
7.39744e-07
7.29766e-07
2.02332e-05
3.79317e-05
4.94947e-05
5.52453e-05
5.65084e-05
5.48715e-05
5.17704e-05
4.84284e-05
4.56983e-05
4.39428e-05
4.31191e-05
4.30114e-05
4.34048e-05
4.41409e-05
4.51169e-05
4.62688e-05
4.75554e-05
4.89482e-05
5.04237e-05
5.19597e-05
5.35343e-05
5.51264e-05
5.67171e-05
5.82909e-05
5.98366e-05
6.13472e-05
6.28195e-05
6.42526e-05
6.56472e-05
6.70041e-05
6.83232e-05
6.96026e-05
7.08381e-05
7.20234e-05
7.31502e-05
7.42087e-05
7.51888e-05
7.60803e-05
7.68737e-05
7.75995e-05
7.81037e-05
7.8564e-05
7.89354e-05
7.91913e-05
7.9343e-05
7.94034e-05
7.93866e-05
7.93088e-05
7.91874e-05
7.90411e-05
7.88889e-05
7.87488e-05
7.86361e-05
7.85625e-05
7.85335e-05
7.8546e-05
7.85865e-05
7.86284e-05
7.86289e-05
7.85267e-05
7.82381e-05
7.76547e-05
7.66424e-05
7.50487e-05
7.27259e-05
6.95812e-05
6.56568e-05
6.12151e-05
5.67535e-05
5.28522e-05
4.98637e-05
4.76309e-05
4.4112e-05
4.12799e-05
3.60851e-05
2.69348e-05
1.85495e-05
1.26075e-05
7.0952e-07
7.03515e-07
1.9448e-05
3.6665e-05
4.82938e-05
5.42775e-05
5.58605e-05
5.45284e-05
5.16555e-05
4.84413e-05
4.57597e-05
4.40063e-05
4.31781e-05
4.30698e-05
4.34659e-05
4.42065e-05
4.51853e-05
4.63362e-05
4.76181e-05
4.90027e-05
5.04668e-05
5.19889e-05
5.35476e-05
5.51225e-05
5.66955e-05
5.8252e-05
5.97813e-05
6.12771e-05
6.27364e-05
6.41589e-05
6.55452e-05
6.68963e-05
6.82117e-05
6.94892e-05
7.07245e-05
7.19106e-05
7.30389e-05
7.40991e-05
7.50804e-05
7.5972e-05
7.67639e-05
7.74824e-05
7.80078e-05
7.84514e-05
7.88115e-05
7.90563e-05
7.91951e-05
7.924e-05
7.92055e-05
7.91078e-05
7.89649e-05
7.87968e-05
7.86243e-05
7.84674e-05
7.83439e-05
7.82688e-05
7.82511e-05
7.82914e-05
7.83801e-05
7.84943e-05
7.8595e-05
7.86244e-05
7.85023e-05
7.81226e-05
7.735e-05
7.60231e-05
7.39702e-05
7.10535e-05
6.72493e-05
6.27534e-05
5.80416e-05
5.37604e-05
5.04005e-05
4.7947e-05
4.4909e-05
4.173e-05
3.71413e-05
2.83088e-05
1.90756e-05
1.24917e-05
6.85392e-07
6.78012e-07
1.86599e-05
3.53672e-05
4.70364e-05
5.32798e-05
5.5197e-05
5.4182e-05
5.15534e-05
4.8475e-05
4.5815e-05
4.40545e-05
4.32185e-05
4.31133e-05
4.35125e-05
4.42507e-05
4.52245e-05
4.63685e-05
4.76404e-05
4.90118e-05
5.04598e-05
5.19636e-05
5.35027e-05
5.50574e-05
5.66102e-05
5.81472e-05
5.96583e-05
6.11376e-05
6.25825e-05
6.39926e-05
6.53687e-05
6.67114e-05
6.80202e-05
6.92926e-05
7.0524e-05
7.17072e-05
7.28332e-05
7.38915e-05
7.48712e-05
7.57613e-05
7.65519e-05
7.72569e-05
7.78014e-05
7.82365e-05
7.85873e-05
7.88236e-05
7.89523e-05
7.89851e-05
7.89369e-05
7.88235e-05
7.8663e-05
7.84761e-05
7.82859e-05
7.81139e-05
7.79799e-05
7.79021e-05
7.78932e-05
7.79575e-05
7.80893e-05
7.82694e-05
7.84623e-05
7.86138e-05
7.86471e-05
7.8459e-05
7.79156e-05
7.68505e-05
7.5075e-05
7.24127e-05
6.87764e-05
6.42864e-05
5.93741e-05
5.47334e-05
5.10007e-05
4.83142e-05
4.56376e-05
4.21328e-05
3.80699e-05
2.97757e-05
1.97381e-05
1.23849e-05
6.67946e-07
6.52856e-07
1.78669e-05
3.40996e-05
4.57492e-05
5.22344e-05
5.45349e-05
5.38329e-05
5.14571e-05
4.85247e-05
4.59781e-05
4.42027e-05
4.3322e-05
4.3164e-05
4.35398e-05
4.42705e-05
4.52372e-05
4.63695e-05
4.76262e-05
4.89795e-05
5.0407e-05
5.18881e-05
5.34031e-05
5.49336e-05
5.64632e-05
5.79783e-05
5.94694e-05
6.09307e-05
6.23593e-05
6.3755e-05
6.51182e-05
6.64494e-05
6.77479e-05
6.9011e-05
7.02339e-05
7.14095e-05
7.25288e-05
7.35815e-05
7.45564e-05
7.54428e-05
7.62308e-05
7.6922e-05
7.74793e-05
7.79135e-05
7.82579e-05
7.8489e-05
7.86106e-05
7.86344e-05
7.85773e-05
7.84533e-05
7.82797e-05
7.80777e-05
7.78736e-05
7.76897e-05
7.75464e-05
7.7466e-05
7.74648e-05
7.75502e-05
7.77213e-05
7.79622e-05
7.8241e-05
7.85067e-05
7.86856e-05
7.86779e-05
7.83522e-05
7.75407e-05
7.60433e-05
7.3653e-05
7.02244e-05
6.57973e-05
6.07374e-05
5.57547e-05
5.16178e-05
4.86302e-05
4.6227e-05
4.24797e-05
3.87862e-05
3.10838e-05
2.04693e-05
1.23323e-05
6.58472e-07
6.2816e-07
1.70954e-05
3.27188e-05
4.44097e-05
5.11476e-05
5.38616e-05
5.34818e-05
5.1378e-05
4.86404e-05
4.60538e-05
4.42643e-05
4.33603e-05
4.32112e-05
4.35681e-05
4.42725e-05
4.52159e-05
4.63306e-05
4.75681e-05
4.88985e-05
5.03005e-05
5.17555e-05
5.32458e-05
5.47522e-05
5.62581e-05
5.77505e-05
5.92199e-05
6.06606e-05
6.20699e-05
6.34471e-05
6.47926e-05
6.6107e-05
6.73894e-05
6.86374e-05
6.98464e-05
7.10096e-05
7.21182e-05
7.31621e-05
7.41303e-05
7.50118e-05
7.57964e-05
7.64773e-05
7.70387e-05
7.74757e-05
7.78097e-05
7.80387e-05
7.81596e-05
7.81843e-05
7.81243e-05
7.79956e-05
7.7814e-05
7.76002e-05
7.73874e-05
7.71965e-05
7.70457e-05
7.69639e-05
7.69705e-05
7.70751e-05
7.72827e-05
7.75802e-05
7.79399e-05
7.83134e-05
7.86297e-05
7.87923e-05
7.86728e-05
7.81045e-05
7.6881e-05
7.47724e-05
7.15822e-05
6.72707e-05
6.21209e-05
5.6832e-05
5.22929e-05
4.89999e-05
4.65594e-05
4.28629e-05
3.94476e-05
3.21875e-05
2.12311e-05
1.23069e-05
6.54421e-07
6.03937e-07
1.63562e-05
3.1346e-05
4.30186e-05
5.00116e-05
5.31616e-05
5.3122e-05
5.12957e-05
4.86902e-05
4.61872e-05
4.43812e-05
4.34269e-05
4.32281e-05
4.3557e-05
4.42485e-05
4.51851e-05
4.62747e-05
4.74866e-05
4.87931e-05
5.01706e-05
5.15979e-05
5.30516e-05
5.45196e-05
5.59888e-05
5.74464e-05
5.88833e-05
6.02934e-05
6.1674e-05
6.30247e-05
6.43461e-05
6.56388e-05
6.69021e-05
6.81338e-05
6.93292e-05
7.04815e-05
7.15819e-05
7.26198e-05
7.35841e-05
7.44633e-05
7.52467e-05
7.59245e-05
7.64862e-05
7.69235e-05
7.72312e-05
7.74461e-05
7.75544e-05
7.75734e-05
7.75159e-05
7.73934e-05
7.7224e-05
7.70293e-05
7.68277e-05
7.66371e-05
7.64798e-05
7.63991e-05
7.64153e-05
7.65374e-05
7.67799e-05
7.71307e-05
7.75669e-05
7.80432e-05
7.84899e-05
7.8814e-05
7.889e-05
7.85533e-05
7.75957e-05
7.57715e-05
7.28415e-05
6.86907e-05
6.35071e-05
5.79473e-05
5.29962e-05
4.93675e-05
4.68474e-05
4.33012e-05
4.00282e-05
3.30005e-05
2.20515e-05
1.232e-05
6.53754e-07
5.80678e-07
1.56703e-05
2.99649e-05
4.16145e-05
4.88453e-05
5.24333e-05
5.27472e-05
5.12174e-05
4.8781e-05
4.63869e-05
4.45505e-05
4.35379e-05
4.32599e-05
4.35489e-05
4.41933e-05
4.5078e-05
4.61549e-05
4.73409e-05
4.86064e-05
4.99353e-05
5.13129e-05
5.27295e-05
5.41678e-05
5.56098e-05
5.70435e-05
5.846e-05
5.98536e-05
6.12214e-05
6.25624e-05
6.38762e-05
6.51622e-05
6.64185e-05
6.76427e-05
6.88281e-05
6.99673e-05
7.10517e-05
7.20712e-05
7.30153e-05
7.38736e-05
7.46364e-05
7.52958e-05
7.58446e-05
7.62781e-05
7.65786e-05
7.68161e-05
7.69217e-05
7.69271e-05
7.68454e-05
7.66954e-05
7.65083e-05
7.63135e-05
7.61222e-05
7.59492e-05
7.58257e-05
7.5775e-05
7.58048e-05
7.59416e-05
7.62197e-05
7.66204e-05
7.71297e-05
7.77045e-05
7.82758e-05
7.87538e-05
7.90154e-05
7.88985e-05
7.81965e-05
7.6654e-05
7.39969e-05
7.00453e-05
6.48841e-05
5.90994e-05
5.37381e-05
4.97252e-05
4.70924e-05
4.37286e-05
4.0502e-05
3.37598e-05
2.28705e-05
1.2355e-05
6.59969e-07
5.58156e-07
1.49999e-05
2.85819e-05
4.01112e-05
4.761e-05
5.16528e-05
5.23558e-05
5.11132e-05
4.89268e-05
4.65897e-05
4.47328e-05
4.36497e-05
4.33114e-05
4.3537e-05
4.41496e-05
4.50034e-05
4.60093e-05
4.71525e-05
4.83913e-05
4.96976e-05
5.10553e-05
5.24498e-05
5.38644e-05
5.52845e-05
5.66986e-05
5.8098e-05
5.94768e-05
6.08312e-05
6.2159e-05
6.34581e-05
6.47256e-05
6.59557e-05
6.71455e-05
6.82954e-05
6.94001e-05
7.04518e-05
7.14415e-05
7.23589e-05
7.31939e-05
7.39363e-05
7.45762e-05
7.51085e-05
7.55309e-05
7.58175e-05
7.60815e-05
7.62166e-05
7.62525e-05
7.61957e-05
7.60648e-05
7.58742e-05
7.56417e-05
7.53955e-05
7.51805e-05
7.50567e-05
7.50213e-05
7.50865e-05
7.52856e-05
7.56101e-05
7.60558e-05
7.66355e-05
7.73055e-05
7.7996e-05
7.86215e-05
7.906e-05
7.91512e-05
7.86926e-05
7.74252e-05
7.50452e-05
7.13227e-05
6.62361e-05
6.02779e-05
5.45209e-05
5.00811e-05
4.7205e-05
4.412e-05
4.09056e-05
3.44139e-05
2.3657e-05
1.24345e-05
6.71022e-07
5.36293e-07
1.43502e-05
2.72564e-05
3.86375e-05
4.63515e-05
5.08096e-05
5.19386e-05
5.10257e-05
4.90527e-05
4.68144e-05
4.49441e-05
4.37843e-05
4.33614e-05
4.35175e-05
4.40784e-05
4.49101e-05
4.59031e-05
4.70165e-05
4.82235e-05
4.95003e-05
5.08215e-05
5.2174e-05
5.3546e-05
5.49248e-05
5.62984e-05
5.76572e-05
5.89946e-05
6.03067e-05
6.15909e-05
6.28454e-05
6.40689e-05
6.52612e-05
6.64196e-05
6.75396e-05
6.8616e-05
6.96416e-05
7.0608e-05
7.15058e-05
7.23256e-05
7.30588e-05
7.36985e-05
7.42377e-05
7.46711e-05
7.49445e-05
7.52182e-05
7.53708e-05
7.54194e-05
7.53908e-05
7.52979e-05
7.51552e-05
7.49714e-05
7.47605e-05
7.4557e-05
7.43787e-05
7.42704e-05
7.43e-05
7.45142e-05
7.4885e-05
7.54173e-05
7.60919e-05
7.68544e-05
7.7658e-05
7.84259e-05
7.9034e-05
7.93214e-05
7.90929e-05
7.80967e-05
7.60123e-05
7.25137e-05
6.75486e-05
6.1471e-05
5.53461e-05
5.04711e-05
4.73164e-05
4.4467e-05
4.12278e-05
3.50091e-05
2.44271e-05
1.25356e-05
6.87223e-07
5.14836e-07
1.3713e-05
2.59929e-05
3.71868e-05
4.50033e-05
4.99131e-05
5.14944e-05
5.09395e-05
4.91914e-05
4.70628e-05
4.51873e-05
4.39474e-05
4.34267e-05
4.34997e-05
4.39897e-05
4.47599e-05
4.57248e-05
4.68025e-05
4.79632e-05
4.91884e-05
5.04623e-05
5.17693e-05
5.30969e-05
5.44328e-05
5.57658e-05
5.70862e-05
5.83875e-05
5.96667e-05
6.09211e-05
6.21472e-05
6.33434e-05
6.45093e-05
6.56422e-05
6.67369e-05
6.77878e-05
6.8788e-05
6.97297e-05
7.06046e-05
7.14045e-05
7.21219e-05
7.27506e-05
7.32853e-05
7.37208e-05
7.39806e-05
7.426e-05
7.44349e-05
7.44943e-05
7.44773e-05
7.43965e-05
7.42676e-05
7.41121e-05
7.39543e-05
7.38147e-05
7.37041e-05
7.36428e-05
7.36715e-05
7.38171e-05
7.41323e-05
7.46929e-05
7.54365e-05
7.63097e-05
7.72548e-05
7.81753e-05
7.8947e-05
7.94181e-05
7.9427e-05
7.87038e-05
7.68908e-05
7.36508e-05
6.88067e-05
6.26637e-05
5.62026e-05
5.08829e-05
4.74288e-05
4.47645e-05
4.14746e-05
3.55326e-05
2.51693e-05
1.26065e-05
7.0855e-07
4.936e-07
1.30907e-05
2.47905e-05
3.56985e-05
4.366e-05
4.88763e-05
5.09455e-05
5.0784e-05
4.93207e-05
4.73306e-05
4.5464e-05
4.41447e-05
4.35149e-05
4.34897e-05
4.39029e-05
4.4608e-05
4.55057e-05
4.65347e-05
4.76522e-05
4.88332e-05
5.00635e-05
5.13277e-05
5.26133e-05
5.39093e-05
5.52053e-05
5.64924e-05
5.77635e-05
5.90124e-05
6.02347e-05
6.14289e-05
6.25933e-05
6.37268e-05
6.48264e-05
6.58878e-05
6.69059e-05
6.78745e-05
6.87866e-05
6.96347e-05
7.04115e-05
7.11103e-05
7.17258e-05
7.22536e-05
7.26899e-05
7.29378e-05
7.32186e-05
7.34173e-05
7.34908e-05
7.34911e-05
7.34297e-05
7.33213e-05
7.31841e-05
7.30399e-05
7.29136e-05
7.28387e-05
7.28492e-05
7.29673e-05
7.31891e-05
7.35621e-05
7.40915e-05
7.48023e-05
7.57149e-05
7.67576e-05
7.78081e-05
7.87441e-05
7.94193e-05
7.96278e-05
7.91012e-05
7.75845e-05
7.46638e-05
7.00016e-05
6.38416e-05
5.70826e-05
5.13163e-05
4.75481e-05
4.50299e-05
4.1649e-05
3.60456e-05
2.58844e-05
1.27546e-05
7.36369e-07
4.72289e-07
1.2484e-05
2.36529e-05
3.42352e-05
4.23225e-05
4.78431e-05
5.03973e-05
5.0605e-05
4.94369e-05
4.76125e-05
4.57749e-05
4.4382e-05
4.36343e-05
4.34959e-05
4.3818e-05
4.44521e-05
4.52912e-05
4.62675e-05
4.73363e-05
4.84703e-05
4.9653e-05
5.08702e-05
5.21098e-05
5.33615e-05
5.46152e-05
5.58623e-05
5.70953e-05
5.83077e-05
5.94953e-05
6.06553e-05
6.17857e-05
6.28845e-05
6.3949e-05
6.49753e-05
6.59588e-05
6.6894e-05
6.77747e-05
6.85943e-05
6.93464e-05
7.00253e-05
7.06265e-05
7.1147e-05
7.15848e-05
7.18291e-05
7.21043e-05
7.23267e-05
7.24178e-05
7.24395e-05
7.24026e-05
7.23208e-05
7.22111e-05
7.20938e-05
7.19929e-05
7.19365e-05
7.19565e-05
7.20882e-05
7.23788e-05
7.28476e-05
7.3493e-05
7.43068e-05
7.5284e-05
7.63793e-05
7.7521e-05
7.85881e-05
7.94104e-05
7.97372e-05
7.93944e-05
7.81165e-05
7.55167e-05
7.11357e-05
6.49872e-05
5.7975e-05
5.17638e-05
4.76746e-05
4.51761e-05
4.18435e-05
3.6599e-05
2.65088e-05
1.29131e-05
7.69551e-07
4.50897e-07
1.19054e-05
2.25941e-05
3.28055e-05
4.09139e-05
4.678e-05
4.97872e-05
5.03852e-05
4.95326e-05
4.79021e-05
4.61186e-05
4.46642e-05
4.37944e-05
4.35282e-05
4.37438e-05
4.42944e-05
4.5066e-05
4.59837e-05
4.69992e-05
4.80824e-05
4.92148e-05
5.03822e-05
5.15732e-05
5.27776e-05
5.39862e-05
5.51904e-05
5.63826e-05
5.75562e-05
5.87066e-05
5.98303e-05
6.09246e-05
6.19873e-05
6.30154e-05
6.40054e-05
6.49532e-05
6.5854e-05
6.67023e-05
6.74925e-05
6.82191e-05
6.88771e-05
6.94632e-05
6.9976e-05
7.04164e-05
7.06602e-05
7.09296e-05
7.11745e-05
7.12852e-05
7.1331e-05
7.13223e-05
7.12717e-05
7.11952e-05
7.1112e-05
7.10451e-05
7.10212e-05
7.10711e-05
7.1229e-05
7.15317e-05
7.20132e-05
7.27063e-05
7.36218e-05
7.47281e-05
7.59664e-05
7.72413e-05
7.84255e-05
7.93688e-05
7.99087e-05
7.97785e-05
7.86478e-05
7.62405e-05
7.21298e-05
6.60766e-05
5.88676e-05
5.22153e-05
4.77619e-05
4.5256e-05
4.20088e-05
3.71382e-05
2.71096e-05
1.30616e-05
8.09487e-07
4.29119e-07
1.13456e-05
2.16127e-05
3.14265e-05
3.94915e-05
4.56052e-05
4.90729e-05
5.01036e-05
4.95959e-05
4.81907e-05
4.64918e-05
4.49948e-05
4.40043e-05
4.35981e-05
4.36907e-05
4.41436e-05
4.48373e-05
4.56892e-05
4.6646e-05
4.76743e-05
4.87533e-05
4.98682e-05
5.10077e-05
5.21622e-05
5.33228e-05
5.44812e-05
5.56298e-05
5.67622e-05
5.7873e-05
5.89584e-05
6.00152e-05
6.10404e-05
6.20312e-05
6.29843e-05
6.3896e-05
6.4762e-05
6.55778e-05
6.63383e-05
6.70391e-05
6.7676e-05
6.82466e-05
6.87513e-05
6.91955e-05
6.94401e-05
6.97059e-05
6.99716e-05
7.01033e-05
7.01754e-05
7.01974e-05
7.01812e-05
7.01418e-05
7.00976e-05
7.00703e-05
7.00858e-05
7.0174e-05
7.03687e-05
7.07065e-05
7.12231e-05
7.19482e-05
7.28957e-05
7.40529e-05
7.53723e-05
7.6766e-05
7.81066e-05
7.92313e-05
7.99435e-05
8.0008e-05
7.91255e-05
7.68872e-05
7.30378e-05
6.71021e-05
5.97499e-05
5.26727e-05
4.78247e-05
4.52512e-05
4.21696e-05
3.76196e-05
2.77149e-05
1.32494e-05
8.56184e-07
4.06952e-07
1.08123e-05
2.07327e-05
3.01077e-05
3.80649e-05
4.43633e-05
4.82621e-05
4.97413e-05
4.96102e-05
4.84659e-05
4.68874e-05
4.53747e-05
4.42726e-05
4.37182e-05
4.36714e-05
4.40105e-05
4.46137e-05
4.5391e-05
4.62829e-05
4.72516e-05
4.82736e-05
4.9333e-05
5.04184e-05
5.15201e-05
5.26299e-05
5.37397e-05
5.48421e-05
5.59306e-05
5.69997e-05
5.80448e-05
5.90625e-05
6.00494e-05
6.10024e-05
6.19185e-05
6.27942e-05
6.36258e-05
6.44093e-05
6.51407e-05
6.58161e-05
6.64321e-05
6.69871e-05
6.74837e-05
6.7933e-05
6.81787e-05
6.84439e-05
6.87292e-05
6.88831e-05
6.89829e-05
6.90375e-05
6.90581e-05
6.90589e-05
6.90572e-05
6.90736e-05
6.91332e-05
6.92649e-05
6.95022e-05
6.98817e-05
7.04406e-05
7.12113e-05
7.22125e-05
7.34379e-05
7.48447e-05
7.63462e-05
7.78125e-05
7.9076e-05
7.99376e-05
8.01642e-05
7.94716e-05
7.7495e-05
7.37812e-05
6.80653e-05
6.06044e-05
5.31276e-05
4.78657e-05
4.52216e-05
4.23336e-05
3.80561e-05
2.8309e-05
1.34416e-05
9.10171e-07
3.84009e-07
1.02949e-05
1.99187e-05
2.8891e-05
3.6661e-05
4.30729e-05
4.73872e-05
4.92985e-05
4.95627e-05
4.87136e-05
4.72953e-05
4.58013e-05
4.46056e-05
4.39012e-05
4.37005e-05
4.39085e-05
4.44066e-05
4.50984e-05
4.59175e-05
4.6821e-05
4.77819e-05
4.87826e-05
4.98108e-05
5.08571e-05
5.19132e-05
5.29716e-05
5.40251e-05
5.50672e-05
5.60922e-05
5.70953e-05
5.80725e-05
5.90202e-05
5.99352e-05
6.08144e-05
6.16546e-05
6.24526e-05
6.32049e-05
6.39081e-05
6.4559e-05
6.5155e-05
6.56951e-05
6.61837e-05
6.664e-05
6.68858e-05
6.71543e-05
6.74582e-05
6.76351e-05
6.77638e-05
6.78526e-05
6.7912e-05
6.79552e-05
6.79986e-05
6.80621e-05
6.81694e-05
6.83488e-05
6.86329e-05
6.90581e-05
6.96626e-05
7.04808e-05
7.15354e-05
7.28248e-05
7.43109e-05
7.59096e-05
7.74899e-05
7.88799e-05
7.98763e-05
8.02462e-05
7.97133e-05
7.79238e-05
7.44159e-05
6.89263e-05
6.14054e-05
5.35698e-05
4.78722e-05
4.50616e-05
4.24947e-05
3.84335e-05
2.89086e-05
1.36687e-05
9.72091e-07
3.60685e-07
9.81808e-06
1.93258e-05
2.77074e-05
3.53018e-05
4.17548e-05
4.63969e-05
4.87557e-05
4.94372e-05
4.89177e-05
4.7702e-05
4.62679e-05
4.50064e-05
4.4159e-05
4.37941e-05
4.38535e-05
4.42298e-05
4.48231e-05
4.55598e-05
4.63911e-05
4.72858e-05
4.82239e-05
4.91918e-05
5.01797e-05
5.11793e-05
5.21835e-05
5.31853e-05
5.41784e-05
5.51571e-05
5.61164e-05
5.70518e-05
5.79596e-05
5.88364e-05
5.96791e-05
6.04846e-05
6.125e-05
6.19724e-05
6.26489e-05
6.32768e-05
6.38541e-05
6.43803e-05
6.48616e-05
6.5327e-05
6.55712e-05
6.58473e-05
6.6169e-05
6.637e-05
6.65287e-05
6.66529e-05
6.67524e-05
6.68397e-05
6.69305e-05
6.70435e-05
6.72016e-05
6.74319e-05
6.77664e-05
6.82408e-05
6.88935e-05
6.97603e-05
7.08668e-05
7.22158e-05
7.37737e-05
7.54597e-05
7.71422e-05
7.86456e-05
7.97616e-05
8.02561e-05
7.98614e-05
7.82477e-05
7.49882e-05
6.96281e-05
6.21292e-05
5.3991e-05
4.78712e-05
4.48504e-05
4.25898e-05
3.87757e-05
2.95079e-05
1.3914e-05
1.04214e-06
3.36982e-07
9.37316e-06
1.88436e-05
2.6479e-05
3.39332e-05
4.03906e-05
4.53106e-05
4.80998e-05
4.92148e-05
4.90581e-05
4.80893e-05
4.67622e-05
4.5473e-05
4.45006e-05
4.39686e-05
4.3864e-05
4.41004e-05
4.45796e-05
4.5222e-05
4.59725e-05
4.67947e-05
4.76654e-05
4.85692e-05
4.94954e-05
5.04357e-05
5.13829e-05
5.23303e-05
5.3272e-05
5.42021e-05
5.51156e-05
5.60079e-05
5.6875e-05
5.77134e-05
5.85199e-05
5.92915e-05
6.00257e-05
6.07197e-05
6.13712e-05
6.1978e-05
6.25383e-05
6.30523e-05
6.35279e-05
6.4004e-05
6.42441e-05
6.45328e-05
6.48722e-05
6.50982e-05
6.52877e-05
6.54481e-05
6.55888e-05
6.57216e-05
6.58612e-05
6.60257e-05
6.62368e-05
6.65209e-05
6.69086e-05
6.7435e-05
6.81381e-05
6.90543e-05
7.02111e-05
7.1615e-05
7.32366e-05
7.49984e-05
7.67695e-05
7.83712e-05
7.95899e-05
8.01884e-05
7.99041e-05
7.8423e-05
7.53324e-05
7.01579e-05
6.27567e-05
5.43678e-05
4.78531e-05
4.46085e-05
4.26332e-05
3.90671e-05
3.00857e-05
1.42105e-05
1.12103e-06
3.14107e-07
9.01358e-06
1.84666e-05
2.54984e-05
3.26318e-05
3.90328e-05
4.41769e-05
4.73404e-05
4.88844e-05
4.91159e-05
4.84366e-05
4.72674e-05
4.59975e-05
4.49303e-05
4.42387e-05
4.39599e-05
4.40387e-05
4.43863e-05
4.49201e-05
4.55788e-05
4.63204e-05
4.71177e-05
4.79528e-05
4.88137e-05
4.96914e-05
5.05786e-05
5.14689e-05
5.23565e-05
5.32357e-05
5.41015e-05
5.49492e-05
5.57747e-05
5.65744e-05
5.7345e-05
5.80837e-05
5.87878e-05
5.9455e-05
6.00833e-05
6.06709e-05
6.12163e-05
6.17201e-05
6.21953e-05
6.26776e-05
6.2913e-05
6.32207e-05
6.35779e-05
6.38297e-05
6.40507e-05
6.42479e-05
6.44304e-05
6.46094e-05
6.47989e-05
6.50162e-05
6.52822e-05
6.56218e-05
6.60649e-05
6.66454e-05
6.74004e-05
6.83663e-05
6.95715e-05
7.1025e-05
7.27011e-05
7.45259e-05
7.63699e-05
7.80526e-05
7.93554e-05
8.00373e-05
7.98397e-05
7.8467e-05
7.55319e-05
7.05207e-05
6.32644e-05
5.46732e-05
4.78139e-05
4.43419e-05
4.26026e-05
3.93119e-05
3.06394e-05
1.4551e-05
1.20873e-06
2.92528e-07
8.7384e-06
1.80823e-05
2.46999e-05
3.14846e-05
3.76672e-05
4.29777e-05
4.64731e-05
4.84341e-05
4.90712e-05
4.87203e-05
4.77612e-05
4.65648e-05
4.54455e-05
4.4615e-05
4.41608e-05
4.40675e-05
4.42652e-05
4.46738e-05
4.52273e-05
4.58781e-05
4.65943e-05
4.73549e-05
4.81458e-05
4.89571e-05
4.9781e-05
5.06113e-05
5.14421e-05
5.2268e-05
5.3084e-05
5.38856e-05
5.46684e-05
5.54289e-05
5.61637e-05
5.687e-05
5.75452e-05
5.81871e-05
5.8794e-05
5.93643e-05
5.98969e-05
6.03923e-05
6.0873e-05
6.1346e-05
6.15862e-05
6.19226e-05
6.22962e-05
6.25738e-05
6.28264e-05
6.30608e-05
6.32855e-05
6.35112e-05
6.37513e-05
6.40222e-05
6.43439e-05
6.47403e-05
6.52401e-05
6.5876e-05
6.66836e-05
6.76986e-05
6.89494e-05
7.04462e-05
7.21665e-05
7.40397e-05
7.59387e-05
7.76824e-05
7.90483e-05
7.97913e-05
7.96545e-05
7.83595e-05
7.55584e-05
7.07783e-05
6.3628e-05
5.48932e-05
4.77294e-05
4.40448e-05
4.25085e-05
3.95066e-05
3.11728e-05
1.49432e-05
1.30575e-06
2.72091e-07
8.52499e-06
1.77318e-05
2.42258e-05
3.03963e-05
3.63391e-05
4.17352e-05
4.55134e-05
4.78597e-05
4.89074e-05
4.89168e-05
4.82176e-05
4.71531e-05
4.60352e-05
4.51012e-05
4.44834e-05
4.42108e-05
4.4242e-05
4.45074e-05
4.494e-05
4.54873e-05
4.61126e-05
4.67911e-05
4.75061e-05
4.82462e-05
4.90031e-05
4.977e-05
5.0541e-05
5.1311e-05
5.2075e-05
5.28285e-05
5.35674e-05
5.42878e-05
5.49866e-05
5.56607e-05
5.63078e-05
5.69257e-05
5.75126e-05
5.80674e-05
5.85889e-05
5.90776e-05
5.9569e-05
6.00251e-05
6.0276e-05
6.06451e-05
6.10339e-05
6.13381e-05
6.16229e-05
6.18948e-05
6.21619e-05
6.24344e-05
6.27252e-05
6.30499e-05
6.34275e-05
6.38812e-05
6.4438e-05
6.51292e-05
6.5989e-05
6.70514e-05
6.83437e-05
6.98765e-05
7.16291e-05
7.35341e-05
7.54678e-05
7.72497e-05
7.86555e-05
7.94358e-05
7.93337e-05
7.80839e-05
7.53723e-05
7.07663e-05
6.37962e-05
5.49991e-05
4.75806e-05
4.37111e-05
4.22878e-05
3.96488e-05
3.16853e-05
1.53854e-05
1.41198e-06
2.52276e-07
8.34332e-06
1.74196e-05
2.39778e-05
2.94219e-05
3.5062e-05
4.04653e-05
4.4486e-05
4.71659e-05
4.86125e-05
4.90027e-05
4.86079e-05
4.77344e-05
4.66795e-05
4.56916e-05
4.49377e-05
4.44905e-05
4.43445e-05
4.44497e-05
4.4744e-05
4.51728e-05
4.56949e-05
4.62816e-05
4.69131e-05
4.7576e-05
4.82608e-05
4.89601e-05
4.96679e-05
5.03789e-05
5.10883e-05
5.17916e-05
5.24848e-05
5.3164e-05
5.3826e-05
5.44679e-05
5.50871e-05
5.56816e-05
5.62498e-05
5.67903e-05
5.73023e-05
5.77854e-05
5.8293e-05
5.87241e-05
5.89968e-05
5.93977e-05
5.97984e-05
6.01301e-05
6.04477e-05
6.07572e-05
6.10666e-05
6.13857e-05
6.17267e-05
6.21046e-05
6.25377e-05
6.30478e-05
6.36608e-05
6.44063e-05
6.53162e-05
6.64225e-05
6.77507e-05
6.93102e-05
7.10813e-05
7.29996e-05
7.49448e-05
7.67393e-05
7.81587e-05
7.89509e-05
7.88579e-05
7.76247e-05
7.49696e-05
7.05047e-05
6.37516e-05
5.49677e-05
4.73371e-05
4.33448e-05
4.21021e-05
3.97454e-05
3.21795e-05
1.58805e-05
1.52759e-06
2.32843e-07
8.17799e-06
1.71514e-05
2.37601e-05
2.86348e-05
3.39385e-05
3.92111e-05
4.34026e-05
4.63637e-05
4.81833e-05
4.8961e-05
4.89052e-05
4.82775e-05
4.73503e-05
4.63696e-05
4.55238e-05
4.49229e-05
4.45999e-05
4.45324e-05
4.46715e-05
4.49652e-05
4.53697e-05
4.58524e-05
4.63906e-05
4.69684e-05
4.75746e-05
4.8201e-05
4.88411e-05
4.94893e-05
5.01409e-05
5.07913e-05
5.14365e-05
5.20727e-05
5.26967e-05
5.33055e-05
5.38966e-05
5.44679e-05
5.50176e-05
5.55448e-05
5.60479e-05
5.65286e-05
5.70527e-05
5.74548e-05
5.77587e-05
5.81864e-05
5.85991e-05
5.89585e-05
5.93085e-05
5.96552e-05
6.00062e-05
6.03709e-05
6.07609e-05
6.11907e-05
6.16776e-05
6.22423e-05
6.29092e-05
6.3706e-05
6.46623e-05
6.5807e-05
6.7163e-05
6.87378e-05
7.05113e-05
7.24213e-05
7.43521e-05
7.61305e-05
7.75346e-05
7.83115e-05
7.82016e-05
7.69579e-05
7.43283e-05
6.99524e-05
6.34616e-05
5.47755e-05
4.69845e-05
4.2888e-05
4.19213e-05
3.97741e-05
3.26531e-05
1.64276e-05
1.65228e-06
2.13256e-07
7.94743e-06
1.70327e-05
2.35618e-05
2.82461e-05
3.29293e-05
3.79849e-05
4.22771e-05
4.54608e-05
4.76173e-05
4.87767e-05
4.90833e-05
4.8749e-05
4.80132e-05
4.71081e-05
4.62294e-05
4.55136e-05
4.50296e-05
4.47873e-05
4.47588e-05
4.49012e-05
4.51721e-05
4.55368e-05
4.59696e-05
4.64522e-05
4.69714e-05
4.75179e-05
4.80843e-05
4.86648e-05
4.92542e-05
4.9848e-05
5.04421e-05
5.10328e-05
5.16167e-05
5.21908e-05
5.27525e-05
5.32998e-05
5.38308e-05
5.43445e-05
5.48376e-05
5.53318e-05
5.58416e-05
5.62268e-05
5.65756e-05
5.70224e-05
5.74456e-05
5.78318e-05
5.82132e-05
5.85958e-05
5.89867e-05
5.9395e-05
5.98319e-05
6.03111e-05
6.08488e-05
6.14648e-05
6.21816e-05
6.30248e-05
6.40211e-05
6.51962e-05
6.65691e-05
6.81445e-05
6.99011e-05
7.17786e-05
7.3666e-05
7.53965e-05
7.67535e-05
7.7486e-05
7.73333e-05
7.60544e-05
7.34321e-05
6.91604e-05
6.28701e-05
5.43973e-05
4.65109e-05
4.23127e-05
4.14438e-05
3.97537e-05
3.30977e-05
1.70268e-05
1.78579e-06
1.94598e-07
7.7174e-06
1.6994e-05
2.33818e-05
2.82081e-05
3.21369e-05
3.68606e-05
4.11679e-05
4.44947e-05
4.69328e-05
4.84495e-05
4.91254e-05
4.91196e-05
4.86321e-05
4.78717e-05
4.7029e-05
4.62546e-05
4.56447e-05
4.52411e-05
4.50424e-05
4.50218e-05
4.5144e-05
4.53755e-05
4.56891e-05
4.60642e-05
4.6486e-05
4.69435e-05
4.74284e-05
4.79344e-05
4.84558e-05
4.89879e-05
4.95266e-05
5.00679e-05
5.06084e-05
5.11451e-05
5.16752e-05
5.21965e-05
5.27072e-05
5.32064e-05
5.36871e-05
5.4199e-05
5.46827e-05
5.50535e-05
5.54512e-05
5.59156e-05
5.63475e-05
5.67584e-05
5.71692e-05
5.75853e-05
5.80135e-05
5.84625e-05
5.89428e-05
5.94673e-05
6.00514e-05
6.07133e-05
6.14739e-05
6.23559e-05
6.3383e-05
6.45767e-05
6.59519e-05
6.75095e-05
6.92264e-05
7.10436e-05
7.28553e-05
7.45031e-05
7.5779e-05
7.64366e-05
7.62148e-05
7.48758e-05
7.21599e-05
6.80086e-05
6.19546e-05
5.38021e-05
4.59126e-05
4.1672e-05
4.10459e-05
3.97227e-05
3.35041e-05
1.76766e-05
1.9275e-06
1.77819e-07
7.52801e-06
1.69998e-05
2.32649e-05
2.81809e-05
3.16109e-05
3.58495e-05
4.01125e-05
4.3487e-05
4.61414e-05
4.79796e-05
4.9019e-05
4.9364e-05
4.91716e-05
4.86207e-05
4.78871e-05
4.71227e-05
4.64407e-05
4.59089e-05
4.5553e-05
4.5368e-05
4.53317e-05
4.54165e-05
4.55965e-05
4.58506e-05
4.61625e-05
4.65199e-05
4.69135e-05
4.73361e-05
4.77817e-05
4.82453e-05
4.87223e-05
4.92087e-05
4.9701e-05
5.01959e-05
5.06905e-05
5.11824e-05
5.16697e-05
5.21511e-05
5.26186e-05
5.31425e-05
5.36013e-05
5.39604e-05
5.4394e-05
5.48751e-05
5.53143e-05
5.57476e-05
5.61846e-05
5.66305e-05
5.7092e-05
5.75769e-05
5.80955e-05
5.86595e-05
5.92833e-05
5.99835e-05
6.07785e-05
6.16884e-05
6.27331e-05
6.39296e-05
6.52879e-05
6.68047e-05
6.84546e-05
7.01798e-05
7.18803e-05
7.34081e-05
7.45667e-05
7.51186e-05
7.48024e-05
7.33195e-05
7.06177e-05
6.65355e-05
6.07454e-05
5.29373e-05
4.51574e-05
4.08749e-05
4.04709e-05
3.96368e-05
3.38667e-05
1.83744e-05
2.07665e-06
1.63198e-07
7.39181e-06
1.70351e-05
2.32419e-05
2.81321e-05
3.1613e-05
3.50412e-05
3.91623e-05
4.2551e-05
4.53114e-05
4.74004e-05
4.87713e-05
4.94693e-05
4.96033e-05
4.93164e-05
4.87615e-05
4.80819e-05
4.73959e-05
4.67886e-05
4.63088e-05
4.59741e-05
4.57803e-05
4.5711e-05
4.5746e-05
4.58661e-05
4.60549e-05
4.62997e-05
4.65903e-05
4.69188e-05
4.72788e-05
4.76646e-05
4.80716e-05
4.84955e-05
4.89325e-05
4.9379e-05
4.98322e-05
5.02891e-05
5.07481e-05
5.12047e-05
5.16703e-05
5.21682e-05
5.26173e-05
5.29728e-05
5.34249e-05
5.39148e-05
5.43615e-05
5.48118e-05
5.52696e-05
5.57397e-05
5.6228e-05
5.67423e-05
5.72915e-05
5.78866e-05
5.85405e-05
5.92676e-05
6.00842e-05
6.10066e-05
6.20506e-05
6.32285e-05
6.4545e-05
6.59925e-05
6.75431e-05
6.91405e-05
7.06914e-05
7.20597e-05
7.3064e-05
7.34799e-05
7.29784e-05
7.1428e-05
6.87342e-05
6.46798e-05
5.91099e-05
5.17466e-05
4.42084e-05
3.99757e-05
3.98516e-05
3.9443e-05
3.41827e-05
1.91155e-05
2.23217e-06
1.50408e-07
7.30634e-06
1.70525e-05
2.32503e-05
2.80262e-05
3.17212e-05
3.44131e-05
3.8229e-05
4.16653e-05
4.44732e-05
4.67474e-05
4.84046e-05
4.94393e-05
4.99127e-05
4.99288e-05
4.96123e-05
4.90895e-05
4.84747e-05
4.78595e-05
4.73085e-05
4.68591e-05
4.65258e-05
4.63073e-05
4.61935e-05
4.61707e-05
4.62252e-05
4.63451e-05
4.65203e-05
4.67426e-05
4.70051e-05
4.73021e-05
4.76285e-05
4.79798e-05
4.83518e-05
4.8741e-05
4.9144e-05
4.95576e-05
4.99807e-05
5.04051e-05
5.08555e-05
5.13248e-05
5.17603e-05
5.21092e-05
5.25659e-05
5.30543e-05
5.35065e-05
5.39663e-05
5.4437e-05
5.49227e-05
5.54291e-05
5.59627e-05
5.65318e-05
5.71459e-05
5.78161e-05
5.85544e-05
5.9374e-05
6.02876e-05
6.13064e-05
6.24375e-05
6.36807e-05
6.5024e-05
6.64377e-05
6.78675e-05
6.92275e-05
7.03962e-05
7.12095e-05
7.141e-05
7.07588e-05
6.91942e-05
6.64389e-05
6.24133e-05
5.70632e-05
5.02111e-05
4.3036e-05
3.893e-05
3.91768e-05
3.93036e-05
3.4468e-05
1.98917e-05
2.39283e-06
1.38752e-07
7.23588e-06
1.70194e-05
2.3259e-05
2.80028e-05
3.18245e-05
3.44234e-05
3.74838e-05
4.09244e-05
4.36896e-05
4.60697e-05
4.79535e-05
4.92918e-05
5.00994e-05
5.04401e-05
5.04069e-05
5.01039e-05
4.96333e-05
4.9085e-05
4.85305e-05
4.80206e-05
4.7586e-05
4.72411e-05
4.69883e-05
4.68233e-05
4.67382e-05
4.67243e-05
4.67731e-05
4.68772e-05
4.70299e-05
4.72255e-05
4.74587e-05
4.77251e-05
4.80202e-05
4.83402e-05
4.86816e-05
4.90409e-05
4.94165e-05
4.98011e-05
5.021e-05
5.06596e-05
5.10749e-05
5.14024e-05
5.18462e-05
5.23249e-05
5.27724e-05
5.32311e-05
5.37034e-05
5.4193e-05
5.47045e-05
5.52436e-05
5.5817e-05
5.64326e-05
5.70991e-05
5.78261e-05
5.86231e-05
5.94988e-05
6.04597e-05
6.15078e-05
6.26384e-05
6.38359e-05
6.50698e-05
6.62888e-05
6.74152e-05
6.83457e-05
6.89327e-05
6.88566e-05
6.81498e-05
6.64783e-05
6.36841e-05
5.9708e-05
5.4583e-05
4.8279e-05
4.16233e-05
3.77712e-05
3.84038e-05
3.89991e-05
3.47177e-05
2.06913e-05
2.55716e-06
1.27717e-07
7.13891e-06
1.69297e-05
2.32332e-05
2.79749e-05
3.17464e-05
3.45715e-05
3.6911e-05
4.01762e-05
4.30458e-05
4.54541e-05
4.74903e-05
4.90777e-05
5.01917e-05
5.08566e-05
5.11315e-05
5.10949e-05
5.08313e-05
5.04219e-05
4.99375e-05
4.94348e-05
4.89554e-05
4.85263e-05
4.8163e-05
4.78719e-05
4.76534e-05
4.75049e-05
4.74216e-05
4.73986e-05
4.74305e-05
4.75123e-05
4.76394e-05
4.78072e-05
4.80115e-05
4.82484e-05
4.85142e-05
4.88053e-05
4.91188e-05
4.94529e-05
4.97951e-05
5.02119e-05
5.06082e-05
5.09079e-05
5.13092e-05
5.17634e-05
5.21923e-05
5.26347e-05
5.30926e-05
5.35685e-05
5.40662e-05
5.45898e-05
5.51445e-05
5.57359e-05
5.63703e-05
5.70541e-05
5.7793e-05
5.85917e-05
5.94521e-05
6.0372e-05
6.13428e-05
6.23467e-05
6.33537e-05
6.43167e-05
6.51677e-05
6.58266e-05
6.60672e-05
6.58765e-05
6.49959e-05
6.32319e-05
6.04314e-05
5.65456e-05
5.16712e-05
4.58857e-05
3.99616e-05
3.65026e-05
3.75254e-05
3.85066e-05
3.49138e-05
2.15096e-05
2.72366e-06
1.17358e-07
7.00831e-06
1.6788e-05
2.31538e-05
2.79056e-05
3.16657e-05
3.47252e-05
3.69397e-05
3.95066e-05
4.24804e-05
4.49082e-05
4.70578e-05
4.88489e-05
5.02342e-05
5.12071e-05
5.17961e-05
5.20531e-05
5.20428e-05
5.1833e-05
5.14878e-05
5.10638e-05
5.06069e-05
5.01526e-05
4.97259e-05
4.93435e-05
4.9015e-05
4.87451e-05
4.85351e-05
4.8384e-05
4.82897e-05
4.82492e-05
4.82591e-05
4.83156e-05
4.84151e-05
4.8554e-05
4.87286e-05
4.89353e-05
4.91709e-05
4.94334e-05
4.97152e-05
5.00262e-05
5.04167e-05
5.07148e-05
5.1006e-05
5.14045e-05
5.18118e-05
5.22138e-05
5.26319e-05
5.30673e-05
5.35221e-05
5.39989e-05
5.45006e-05
5.50305e-05
5.5592e-05
5.61882e-05
5.68214e-05
5.74924e-05
5.81994e-05
5.89368e-05
5.96938e-05
6.0452e-05
6.11834e-05
6.1847e-05
6.23855e-05
6.27266e-05
6.27109e-05
6.2279e-05
6.12356e-05
5.94062e-05
5.66479e-05
5.29184e-05
4.83608e-05
4.32565e-05
3.79729e-05
3.51479e-05
3.65535e-05
3.79926e-05
3.50211e-05
2.23388e-05
2.89082e-06
1.08304e-07
6.87411e-06
1.66306e-05
2.30336e-05
2.77802e-05
3.15423e-05
3.46136e-05
3.71275e-05
3.93394e-05
4.19996e-05
4.45962e-05
4.67739e-05
4.87016e-05
5.03067e-05
5.15539e-05
5.2443e-05
5.30004e-05
5.32695e-05
5.33023e-05
5.31527e-05
5.28719e-05
5.25056e-05
5.20922e-05
5.16627e-05
5.12409e-05
5.08442e-05
5.04845e-05
5.01697e-05
4.99043e-05
4.96903e-05
4.9528e-05
4.94164e-05
4.93537e-05
4.93374e-05
4.93646e-05
4.94321e-05
4.95367e-05
4.9675e-05
4.98444e-05
5.00405e-05
5.02617e-05
5.05104e-05
5.0844e-05
5.10568e-05
5.13113e-05
5.16606e-05
5.1993e-05
5.23341e-05
5.26885e-05
5.30575e-05
5.3441e-05
5.38401e-05
5.42557e-05
5.46884e-05
5.51385e-05
5.56053e-05
5.60866e-05
5.65783e-05
5.70729e-05
5.75591e-05
5.802e-05
5.84314e-05
5.87595e-05
5.89596e-05
5.89379e-05
5.86647e-05
5.80063e-05
5.68235e-05
5.49695e-05
5.23202e-05
4.88391e-05
4.46785e-05
4.0257e-05
3.57086e-05
3.36741e-05
3.549e-05
3.73338e-05
3.50183e-05
2.31626e-05
3.05753e-06
1.02219e-07
6.81073e-06
1.65459e-05
2.29406e-05
2.76339e-05
3.13838e-05
3.44975e-05
3.71547e-05
3.94294e-05
4.17593e-05
4.43022e-05
4.67196e-05
4.87464e-05
5.05197e-05
5.19972e-05
5.31563e-05
5.40009e-05
5.45544e-05
5.48523e-05
5.49361e-05
5.48488e-05
5.46319e-05
5.43228e-05
5.39544e-05
5.35543e-05
5.31446e-05
5.2743e-05
5.23627e-05
5.20132e-05
5.17013e-05
5.14309e-05
5.12043e-05
5.10221e-05
5.08837e-05
5.07876e-05
5.07317e-05
5.07135e-05
5.07298e-05
5.0778e-05
5.08545e-05
5.09564e-05
5.10808e-05
5.12296e-05
5.14327e-05
5.15739e-05
5.17174e-05
5.19505e-05
5.21595e-05
5.23726e-05
5.25941e-05
5.2819e-05
5.3048e-05
5.32798e-05
5.3513e-05
5.37459e-05
5.39759e-05
5.41994e-05
5.44112e-05
5.46044e-05
5.47686e-05
5.48904e-05
5.49507e-05
5.49246e-05
5.47787e-05
5.44533e-05
5.38866e-05
5.30291e-05
5.17454e-05
4.99267e-05
4.7476e-05
4.43665e-05
4.07313e-05
3.72358e-05
3.37922e-05
3.2012e-05
3.43524e-05
3.65959e-05
3.49102e-05
2.39695e-05
3.2228e-06
1.00565e-07
6.91629e-06
1.66841e-05
2.30183e-05
2.75783e-05
3.12673e-05
3.44139e-05
3.71668e-05
3.96359e-05
4.19803e-05
4.43365e-05
4.67508e-05
4.90434e-05
5.10245e-05
5.26887e-05
5.40782e-05
5.5182e-05
5.60062e-05
5.65709e-05
5.6905e-05
5.70418e-05
5.70159e-05
5.68609e-05
5.66082e-05
5.62857e-05
5.59176e-05
5.55243e-05
5.51225e-05
5.47256e-05
5.43437e-05
5.39844e-05
5.3653e-05
5.33527e-05
5.30852e-05
5.28511e-05
5.26497e-05
5.24795e-05
5.23386e-05
5.22245e-05
5.21345e-05
5.20655e-05
5.2015e-05
5.19779e-05
5.19622e-05
5.1952e-05
5.19354e-05
5.19284e-05
5.19202e-05
5.19201e-05
5.19192e-05
5.19017e-05
5.18807e-05
5.18494e-05
5.18061e-05
5.17484e-05
5.16733e-05
5.15778e-05
5.14573e-05
5.13069e-05
5.11191e-05
5.08851e-05
5.05919e-05
5.02239e-05
4.97583e-05
4.91661e-05
4.84183e-05
4.73883e-05
4.6069e-05
4.44162e-05
4.23598e-05
3.98783e-05
3.70316e-05
3.42675e-05
3.17605e-05
3.09966e-05
3.31252e-05
3.58516e-05
3.46742e-05
2.46967e-05
3.38643e-06
1.0623e-07
7.20501e-06
1.72642e-05
2.34899e-05
2.78237e-05
3.13809e-05
3.45287e-05
3.73855e-05
4.00235e-05
4.25764e-05
4.50432e-05
4.73504e-05
4.97378e-05
5.18255e-05
5.38075e-05
5.54421e-05
5.6767e-05
5.78314e-05
5.86422e-05
5.92163e-05
5.95772e-05
5.97515e-05
5.97673e-05
5.96521e-05
5.9432e-05
5.91307e-05
5.87692e-05
5.83657e-05
5.79357e-05
5.74917e-05
5.70439e-05
5.66003e-05
5.61665e-05
5.57465e-05
5.53428e-05
5.49567e-05
5.45882e-05
5.42367e-05
5.39008e-05
5.3579e-05
5.32685e-05
5.29681e-05
5.26721e-05
5.23851e-05
5.20919e-05
5.18169e-05
5.14866e-05
5.11647e-05
5.09456e-05
5.0608e-05
5.02442e-05
4.99091e-05
4.95445e-05
4.91639e-05
4.87635e-05
4.8342e-05
4.78984e-05
4.74302e-05
4.69355e-05
4.64102e-05
4.58514e-05
4.52515e-05
4.46048e-05
4.38978e-05
4.31152e-05
4.22527e-05
4.13029e-05
4.01928e-05
3.88691e-05
3.72377e-05
3.5265e-05
3.29467e-05
3.07838e-05
2.92942e-05
2.94225e-05
3.2449e-05
3.50582e-05
3.43052e-05
2.53132e-05
3.55037e-06
1.2261e-07
7.83191e-06
1.83972e-05
2.45946e-05
2.86441e-05
3.2033e-05
3.51684e-05
3.81508e-05
4.10491e-05
4.37477e-05
4.62975e-05
4.88656e-05
5.12658e-05
5.34797e-05
5.55687e-05
5.73524e-05
5.89876e-05
6.02528e-05
6.12489e-05
6.20013e-05
6.25265e-05
6.28452e-05
6.29804e-05
6.29557e-05
6.27945e-05
6.2519e-05
6.21496e-05
6.1705e-05
6.12015e-05
6.06532e-05
6.00721e-05
5.9468e-05
5.88484e-05
5.8219e-05
5.75841e-05
5.69468e-05
5.63093e-05
5.56726e-05
5.5037e-05
5.44029e-05
5.37686e-05
5.31351e-05
5.24968e-05
5.18621e-05
5.12121e-05
5.05755e-05
4.99025e-05
4.91942e-05
4.85662e-05
4.79057e-05
4.725e-05
4.65442e-05
4.57955e-05
4.5078e-05
4.4344e-05
4.36017e-05
4.28519e-05
4.20935e-05
4.13288e-05
4.05562e-05
3.97791e-05
3.89931e-05
3.82031e-05
3.73998e-05
3.65883e-05
3.575e-05
3.48938e-05
3.39783e-05
3.30046e-05
3.19028e-05
3.07025e-05
2.93919e-05
2.82633e-05
2.77734e-05
2.84571e-05
3.12368e-05
3.46449e-05
3.37641e-05
2.56992e-05
3.71751e-06
1.53572e-07
8.8642e-06
1.99614e-05
2.6024e-05
3.00362e-05
3.3349e-05
3.65191e-05
3.95908e-05
4.24081e-05
4.50668e-05
4.81568e-05
5.10613e-05
5.36809e-05
5.61156e-05
5.81773e-05
6.0014e-05
6.15815e-05
6.29903e-05
6.41031e-05
6.48792e-05
6.54128e-05
6.57227e-05
6.58293e-05
6.57538e-05
6.55176e-05
6.51416e-05
6.46454e-05
6.40473e-05
6.33642e-05
6.26104e-05
6.18005e-05
6.09429e-05
6.00453e-05
5.91152e-05
5.81592e-05
5.71835e-05
5.61928e-05
5.51914e-05
5.41814e-05
5.31673e-05
5.21474e-05
5.11279e-05
5.01033e-05
4.90922e-05
4.80578e-05
4.70653e-05
4.59966e-05
4.50056e-05
4.40436e-05
4.30426e-05
4.20627e-05
4.10802e-05
4.01628e-05
3.91904e-05
3.82232e-05
3.73055e-05
3.64064e-05
3.55267e-05
3.46731e-05
3.38445e-05
3.30506e-05
3.2287e-05
3.1569e-05
3.08856e-05
3.02595e-05
2.9668e-05
2.91436e-05
2.86434e-05
2.82107e-05
2.77727e-05
2.7401e-05
2.70271e-05
2.68706e-05
2.71134e-05
2.82679e-05
3.08656e-05
3.3669e-05
3.30806e-05
2.54561e-05
3.89683e-06
2.03901e-07
1.03838e-05
2.1859e-05
2.72504e-05
3.06246e-05
3.37707e-05
3.69241e-05
4.0067e-05
4.3198e-05
4.65101e-05
4.97322e-05
5.276e-05
5.55729e-05
5.80927e-05
6.01812e-05
6.19293e-05
6.32323e-05
6.43036e-05
6.52846e-05
6.59165e-05
6.62191e-05
6.62905e-05
6.61502e-05
6.58188e-05
6.53168e-05
6.46644e-05
6.38809e-05
6.29841e-05
6.19918e-05
6.09175e-05
5.97823e-05
5.85724e-05
5.73032e-05
5.59918e-05
5.46519e-05
5.32962e-05
5.19323e-05
5.05675e-05
4.92062e-05
4.78579e-05
4.65154e-05
4.51995e-05
4.39057e-05
4.265e-05
4.13722e-05
4.01826e-05
3.90256e-05
3.78758e-05
3.67641e-05
3.56937e-05
3.46686e-05
3.36647e-05
3.27538e-05
3.18298e-05
3.09443e-05
3.01242e-05
2.93491e-05
2.8623e-05
2.79551e-05
2.73418e-05
2.6797e-05
2.63134e-05
2.59134e-05
2.55802e-05
2.53481e-05
2.51855e-05
2.51428e-05
2.51649e-05
2.53225e-05
2.55254e-05
2.58711e-05
2.6239e-05
2.67978e-05
2.75249e-05
2.88342e-05
3.0961e-05
3.33327e-05
3.23599e-05
2.4898e-05
3.98941e-06
2.80949e-07
1.18051e-05
2.27776e-05
2.7037e-05
2.95557e-05
3.22786e-05
3.52414e-05
3.82907e-05
4.13724e-05
4.43943e-05
4.71889e-05
4.97733e-05
5.21278e-05
5.41931e-05
5.59419e-05
5.73467e-05
5.84182e-05
5.90285e-05
5.95144e-05
5.98285e-05
5.97735e-05
5.94863e-05
5.89939e-05
5.83212e-05
5.74908e-05
5.65253e-05
5.54439e-05
5.42665e-05
5.30125e-05
5.16976e-05
5.03361e-05
4.89493e-05
4.75527e-05
4.61423e-05
4.4733e-05
4.33389e-05
4.19604e-05
4.06048e-05
3.92777e-05
3.79839e-05
3.6714e-05
3.55292e-05
3.4394e-05
3.32882e-05
3.22317e-05
3.12263e-05
3.02675e-05
2.93705e-05
2.85029e-05
2.77391e-05
2.69938e-05
2.62802e-05
2.5652e-05
2.50837e-05
2.45711e-05
2.41244e-05
2.37444e-05
2.34335e-05
2.31889e-05
2.30065e-05
2.29012e-05
2.28649e-05
2.29181e-05
2.30398e-05
2.32656e-05
2.35574e-05
2.39703e-05
2.44401e-05
2.50466e-05
2.56875e-05
2.64669e-05
2.72422e-05
2.8132e-05
2.90526e-05
3.01198e-05
3.16495e-05
3.30682e-05
3.13666e-05
2.40802e-05
4.02346e-06
3.75509e-07
1.23586e-05
2.05657e-05
2.24145e-05
2.38564e-05
2.57019e-05
2.7862e-05
3.02015e-05
3.2598e-05
3.48689e-05
3.69485e-05
3.88229e-05
4.04729e-05
4.18741e-05
4.30255e-05
4.39106e-05
4.4538e-05
4.48755e-05
4.49787e-05
4.49708e-05
4.47939e-05
4.43995e-05
4.38611e-05
4.31997e-05
4.24341e-05
4.15853e-05
4.06651e-05
3.96944e-05
3.86911e-05
3.76623e-05
3.66225e-05
3.55793e-05
3.45577e-05
3.35305e-05
3.25461e-05
3.16036e-05
3.06831e-05
2.97989e-05
2.89533e-05
2.81557e-05
2.73959e-05
2.66795e-05
2.60173e-05
2.53943e-05
2.48518e-05
2.43223e-05
2.38397e-05
2.34273e-05
2.30619e-05
2.27522e-05
2.24956e-05
2.22874e-05
2.21319e-05
2.20292e-05
2.19801e-05
2.19837e-05
2.20424e-05
2.21538e-05
2.23232e-05
2.25472e-05
2.28346e-05
2.31737e-05
2.35741e-05
2.40178e-05
2.45364e-05
2.50899e-05
2.57326e-05
2.63957e-05
2.71613e-05
2.79213e-05
2.87803e-05
2.95932e-05
3.04414e-05
3.12555e-05
3.18614e-05
3.27666e-05
3.26398e-05
3.01008e-05
2.24227e-05
3.91414e-06
4.52589e-07
1.13795e-05
1.5266e-05
1.55082e-05
1.63058e-05
1.74858e-05
1.88478e-05
2.02943e-05
2.17497e-05
2.31328e-05
2.44156e-05
2.55799e-05
2.66107e-05
2.74969e-05
2.82404e-05
2.88452e-05
2.92763e-05
2.95793e-05
2.97523e-05
2.9805e-05
2.97941e-05
2.97069e-05
2.95163e-05
2.92638e-05
2.89595e-05
2.86182e-05
2.82374e-05
2.78443e-05
2.74474e-05
2.70331e-05
2.66228e-05
2.62181e-05
2.5831e-05
2.54569e-05
2.51002e-05
2.4767e-05
2.44702e-05
2.41789e-05
2.39151e-05
2.36874e-05
2.34887e-05
2.33163e-05
2.31751e-05
2.30594e-05
2.29781e-05
2.29239e-05
2.29004e-05
2.29131e-05
2.29599e-05
2.30387e-05
2.31483e-05
2.32884e-05
2.34568e-05
2.36543e-05
2.38787e-05
2.41318e-05
2.44109e-05
2.47184e-05
2.50524e-05
2.54139e-05
2.58045e-05
2.62188e-05
2.66751e-05
2.7148e-05
2.76752e-05
2.81967e-05
2.87914e-05
2.9352e-05
3.00078e-05
3.05873e-05
3.12714e-05
3.18236e-05
3.24317e-05
3.28844e-05
3.29354e-05
3.31696e-05
3.089e-05
2.74278e-05
1.90635e-05
3.56778e-06
5.076e-07
9.78707e-06
1.16889e-05
1.36216e-05
1.5567e-05
1.7399e-05
1.90599e-05
2.05162e-05
2.17558e-05
2.27849e-05
2.36272e-05
2.43098e-05
2.48595e-05
2.52949e-05
2.56416e-05
2.59417e-05
2.60738e-05
2.62152e-05
2.63202e-05
2.63595e-05
2.63659e-05
2.63526e-05
2.63156e-05
2.62597e-05
2.619e-05
2.61088e-05
2.60236e-05
2.59276e-05
2.58422e-05
2.57402e-05
2.56536e-05
2.55689e-05
2.55061e-05
2.54334e-05
2.53658e-05
2.53132e-05
2.52723e-05
2.52419e-05
2.52215e-05
2.52129e-05
2.52159e-05
2.52315e-05
2.52586e-05
2.52988e-05
2.53499e-05
2.54151e-05
2.54905e-05
2.55759e-05
2.56701e-05
2.57764e-05
2.58925e-05
2.60223e-05
2.61624e-05
2.63181e-05
2.64847e-05
2.66686e-05
2.68643e-05
2.70781e-05
2.73059e-05
2.75507e-05
2.78148e-05
2.80888e-05
2.83969e-05
2.86948e-05
2.9063e-05
2.93521e-05
2.97625e-05
3.00146e-05
3.04691e-05
3.06534e-05
3.11233e-05
3.12045e-05
3.1639e-05
3.1348e-05
3.1097e-05
3.01108e-05
2.7823e-05
2.29008e-05
1.19557e-05
3.06768e-06
3.12462e-07
6.02873e-07
9.19825e-07
1.24243e-06
1.55373e-06
1.84542e-06
2.11718e-06
2.36954e-06
2.60083e-06
2.80972e-06
2.99468e-06
3.15638e-06
3.29439e-06
3.41195e-06
3.50784e-06
3.58816e-06
3.65011e-06
3.69542e-06
3.73027e-06
3.75062e-06
3.76388e-06
3.76357e-06
3.75957e-06
3.74991e-06
3.73387e-06
3.71316e-06
3.68969e-06
3.66298e-06
3.63505e-06
3.60517e-06
3.57499e-06
3.54392e-06
3.5134e-06
3.48326e-06
3.45367e-06
3.42492e-06
3.39745e-06
3.37122e-06
3.34662e-06
3.32346e-06
3.30227e-06
3.28262e-06
3.26524e-06
3.24938e-06
3.23611e-06
3.22422e-06
3.2153e-06
3.20748e-06
3.20296e-06
3.19912e-06
3.19915e-06
3.20026e-06
3.20352e-06
3.208e-06
3.21744e-06
3.22505e-06
3.24058e-06
3.25146e-06
3.27341e-06
3.28768e-06
3.31636e-06
3.33395e-06
3.36941e-06
3.3903e-06
3.43233e-06
3.45985e-06
3.51609e-06
3.55003e-06
3.61793e-06
3.66018e-06
3.73402e-06
3.78479e-06
3.85833e-06
3.91629e-06
3.9729e-06
4.00663e-06
3.98624e-06
3.88795e-06
3.57306e-06
2.63452e-06
)
;

boundaryField
{
    movingWall
    {
        type            nutkWallFunction;
        Cmu             0.09;
        kappa           0.41;
        E               9.8;
        value           uniform 0;
    }
    fixedWalls
    {
        type            nutkWallFunction;
        Cmu             0.09;
        kappa           0.41;
        E               9.8;
        value           uniform 0;
    }
    frontAndBack
    {
        type            empty;
    }
}


// ************************************************************************* //
