/*--------------------------------*- C++ -*----------------------------------*\
  =========                 |
  \\      /  F ield         | OpenFOAM: The Open Source CFD Toolbox
   \\    /   O peration     | Website:  https://openfoam.org
    \\  /    A nd           | Version:  13
     \\/     M anipulation  |
\*---------------------------------------------------------------------------*/
FoamFile
{
    format      ascii;
    class       volScalarField;
    location    "4.5";
    object      k;
}
// * * * * * * * * * * * * * * * * * * * * * * * * * * * * * * * * * * * * * //

dimensions      [0 2 -2 0 0 0 0];

internalField   nonuniform List<scalar> 
6400
(
4.3977e-07
2.25417e-06
5.42095e-06
8.74952e-06
1.13328e-05
1.28728e-05
1.35451e-05
1.37589e-05
1.39764e-05
1.46091e-05
1.59897e-05
1.84632e-05
2.22829e-05
2.7533e-05
3.39946e-05
4.13562e-05
4.92846e-05
5.76404e-05
6.60619e-05
7.42992e-05
8.2486e-05
9.12359e-05
0.000101403
0.000113745
0.00012817
0.000143493
0.000158676
0.000173808
0.000189182
0.000205151
0.000221702
0.000238224
0.000254422
0.00027016
0.000285807
0.000301564
0.00031773
0.000334518
0.000352136
0.000370748
0.000390451
0.0004114
0.000433743
0.000457648
0.000483292
0.000511027
0.000541814
0.000577685
0.000622987
0.000667134
0.000712729
0.00075717
0.000800293
0.000840506
0.000876553
0.000906864
0.000928827
0.000939515
0.000943418
0.000936231
0.000912724
0.000874447
0.000821727
0.000755467
0.000678635
0.000593409
0.000505073
0.000417398
0.000334059
0.000256985
0.000194406
0.00014225
9.97508e-05
6.69262e-05
4.31067e-05
2.67249e-05
1.59727e-05
9.0449e-06
4.21689e-06
8.94562e-07
2.13927e-06
1.80498e-05
4.35976e-05
6.86157e-05
8.76561e-05
9.95354e-05
0.000105765
0.000108914
0.000111812
0.000117089
0.000127731
0.00014633
0.000174176
0.00021094
0.000255164
0.000304824
0.000358081
0.000413066
0.000468212
0.000522607
0.000577156
0.000635196
0.000701321
0.000779076
0.000867185
0.00095921
0.00104936
0.00113652
0.00122079
0.00130271
0.00138144
0.00145489
0.00152223
0.00158306
0.00163943
0.00169244
0.00174371
0.00179439
0.00184559
0.00189827
0.001953
0.00201046
0.00207117
0.00213531
0.00220276
0.00227317
0.00234637
0.00242042
0.00249289
0.00257171
0.00265191
0.00273435
0.00281544
0.00289361
0.00296513
0.00302662
0.00307161
0.00309257
0.0030971
0.00307707
0.00302227
0.00293104
0.00280226
0.00263565
0.00243584
0.00220791
0.00196385
0.00171268
0.00146175
0.00121969
0.00098616
0.000770637
0.000581278
0.000421971
0.000294227
0.000196002
0.000124342
7.39232e-05
3.53275e-05
4.70768e-06
4.71116e-06
3.96303e-05
9.23607e-05
0.000137922
0.000169837
0.000189424
0.000200924
0.000209248
0.000219368
0.000236221
0.000264648
0.000308484
0.000369336
0.000446077
0.000535762
0.000635125
0.000741566
0.000852905
0.000966942
0.00108172
0.00119561
0.00130761
0.00141646
0.00151854
0.00160898
0.0016845
0.00174245
0.00178326
0.00181388
0.00183988
0.00186623
0.00189385
0.00192397
0.00195428
0.0019868
0.00202189
0.00206051
0.00210314
0.0021502
0.00220236
0.00225952
0.00232173
0.00238932
0.00246186
0.00253953
0.00262222
0.00270981
0.00280188
0.0028993
0.00300186
0.00310777
0.0032161
0.00332457
0.00343096
0.00353192
0.00362356
0.00370109
0.0037574
0.00378338
0.00378752
0.00375621
0.00368162
0.00356173
0.00339439
0.00318176
0.00292618
0.00264337
0.00234405
0.00203723
0.00173427
0.00144494
0.0011766
0.000935423
0.000724874
0.000546309
0.000399139
0.000280271
0.000182491
9.19127e-05
1.24192e-05
8.2095e-06
6.71389e-05
0.000147193
0.000209165
0.00025077
0.000277375
0.000295932
0.000313529
0.000337162
0.000373681
0.000429202
0.000507595
0.000609077
0.000730245
0.000865813
0.00101052
0.00115961
0.00130832
0.00145146
0.00158389
0.00170044
0.00179812
0.00187512
0.00192711
0.00195197
0.00196023
0.00196059
0.00195649
0.0019552
0.00195742
0.00196531
0.00197636
0.00199178
0.00201152
0.00203627
0.00206565
0.00210002
0.00213954
0.00218416
0.00223388
0.00228898
0.00234942
0.00241543
0.00248686
0.0025637
0.00264555
0.00273327
0.00282709
0.00292686
0.00303217
0.00314217
0.0032558
0.00337133
0.0034867
0.00359899
0.00370454
0.00379881
0.00387658
0.00392748
0.00394815
0.00394231
0.00389294
0.00380024
0.00366694
0.00348225
0.0032444
0.0029646
0.00265408
0.00232764
0.00199978
0.00168354
0.00138942
0.00112439
0.000891931
0.000692878
0.000526063
0.000387214
0.000267041
0.000143872
2.02907e-05
1.31614e-05
0.000103945
0.000212486
0.000290261
0.000341714
0.000376629
0.000404909
0.000436096
0.000479354
0.000543092
0.000633519
0.000752635
0.000897279
0.00106031
0.00123307
0.00140706
0.00157426
0.00172671
0.00185617
0.00195794
0.00202519
0.00205559
0.00206287
0.00204455
0.00201679
0.00199197
0.00197168
0.00195588
0.00194801
0.00194472
0.00194454
0.00194973
0.00195917
0.00197295
0.00199106
0.00201293
0.00203879
0.00206826
0.0021011
0.00213749
0.00217738
0.00222093
0.00226866
0.00232113
0.00237895
0.00244302
0.002513
0.00258915
0.00267176
0.002761
0.00285694
0.00295939
0.00306771
0.00318083
0.00329711
0.00341428
0.00352891
0.00363625
0.00373061
0.00380513
0.0038419
0.00385017
0.00380903
0.00371679
0.0035707
0.00338307
0.00313148
0.00283304
0.00250423
0.00216275
0.0018264
0.00151073
0.00122644
0.000978643
0.00076801
0.00059225
0.000445759
0.000316715
0.000177918
2.54864e-05
2.0195e-05
0.000152954
0.000291995
0.000386415
0.000449068
0.000494388
0.000535557
0.000584801
0.000653202
0.000749538
0.000878105
0.00103691
0.00121792
0.00140946
0.0015989
0.00177426
0.00192483
0.00204262
0.00211375
0.0021412
0.00214252
0.00210618
0.00206687
0.00202953
0.00199165
0.00195906
0.00193162
0.00190921
0.00189175
0.00187781
0.00186829
0.00186391
0.00186247
0.00186356
0.00186845
0.00187549
0.00188517
0.0018971
0.00191132
0.0019283
0.00194808
0.00197103
0.00199721
0.00202689
0.00206051
0.00209854
0.00214146
0.00219006
0.00224523
0.00230795
0.00237914
0.00245986
0.00255087
0.00265253
0.0027646
0.00288593
0.00301459
0.0031481
0.00328157
0.00340896
0.00352116
0.00360263
0.00363734
0.00363817
0.00357053
0.00344222
0.00324946
0.00298416
0.00266623
0.00231587
0.00195677
0.00161213
0.00130002
0.00103037
0.000805085
0.000620589
0.000469087
0.000336237
0.000192234
2.72279e-05
2.99309e-05
0.000215987
0.00038791
0.000500279
0.000575735
0.000633679
0.000690783
0.000761758
0.000858589
0.000988516
0.00115175
0.00134079
0.00154222
0.00173994
0.00191811
0.00206308
0.00216058
0.00220303
0.00220942
0.00217396
0.00212858
0.00207366
0.00201947
0.00196384
0.00191334
0.00187072
0.00183392
0.00180254
0.00177577
0.00175426
0.00173653
0.00172195
0.00170977
0.00169998
0.00169249
0.0016868
0.00168345
0.00168197
0.00168169
0.00168374
0.00168772
0.00169382
0.00170226
0.00171327
0.00172716
0.00174436
0.00176534
0.00179078
0.0018215
0.00185871
0.00190359
0.0019577
0.00202309
0.00210203
0.00219659
0.00230807
0.0024356
0.00258111
0.00274058
0.00290861
0.00307787
0.00324002
0.00337926
0.00346448
0.00349384
0.00346041
0.00336061
0.00315599
0.00286917
0.00251982
0.00213646
0.00175179
0.00139552
0.00108765
0.000835069
0.000633896
0.000473561
0.000335657
0.000191095
2.64121e-05
4.29505e-05
0.000294051
0.000500979
0.000632633
0.000722364
0.000794753
0.000869861
0.000964123
0.00108881
0.00124759
0.00143507
0.0016378
0.00183756
0.00201527
0.00215457
0.0022325
0.00225811
0.0022417
0.0021948
0.00213267
0.00205996
0.00197994
0.00190915
0.00184521
0.0017925
0.00174575
0.0017048
0.00166872
0.00163702
0.00160931
0.00158475
0.00156311
0.00154408
0.00152759
0.00151349
0.00150151
0.00149158
0.00148348
0.00147724
0.0014731
0.0014711
0.00147048
0.00147178
0.00147563
0.0014817
0.00149051
0.00150241
0.0015179
0.00153743
0.00156143
0.00159056
0.00162569
0.00166787
0.00171855
0.00177998
0.00185599
0.00195307
0.00207406
0.00222386
0.00240118
0.00259713
0.00280787
0.00301906
0.00321525
0.00335681
0.00341608
0.00341533
0.00333311
0.00311452
0.00279301
0.00239852
0.00197145
0.00155574
0.00118778
0.00088702
0.000654158
0.000475945
0.000329989
0.000185228
2.46379e-05
5.96899e-05
0.000387136
0.000630834
0.000782824
0.000887819
0.000975489
0.00106879
0.00118471
0.00133209
0.00150952
0.00170552
0.00190146
0.00207601
0.00220876
0.00227332
0.00228824
0.00225703
0.00220462
0.00212272
0.00202413
0.00193033
0.00184835
0.00177653
0.00171346
0.00165897
0.00160998
0.00156661
0.001528
0.00149388
0.00146385
0.00143757
0.00141487
0.00139553
0.00137928
0.00136585
0.00135503
0.00134661
0.00134032
0.00133613
0.00133412
0.00133346
0.00133415
0.00133711
0.00134182
0.00134856
0.0013575
0.00136875
0.00138257
0.0013992
0.00141893
0.00144209
0.00146916
0.00150059
0.001537
0.00157924
0.00162861
0.00168756
0.00175934
0.00185072
0.00197407
0.00214439
0.00235697
0.00259674
0.00285357
0.00310342
0.00330855
0.00340491
0.00341996
0.00334637
0.00310598
0.00273667
0.00228606
0.00180963
0.00136374
0.000989092
0.000700274
0.000487796
0.000324746
0.000174972
2.2926e-05
8.03635e-05
0.000494103
0.000775921
0.000948938
0.00106936
0.0011716
0.00128079
0.00141321
0.00157395
0.00175597
0.00194241
0.00211133
0.00223764
0.00229603
0.00230586
0.00227088
0.00220313
0.00210096
0.0019866
0.00188315
0.00179049
0.00171044
0.0016401
0.00157826
0.00152378
0.00147528
0.00143282
0.00139584
0.00136418
0.00133746
0.00131538
0.00129756
0.00128356
0.00127296
0.00126525
0.00126003
0.00125732
0.00125624
0.00125614
0.00125803
0.00126095
0.00126526
0.00127095
0.00127797
0.00128649
0.0012966
0.00130846
0.00132229
0.00133832
0.00135681
0.00137802
0.00140207
0.00142921
0.00145966
0.00149366
0.00153137
0.00157356
0.00162141
0.00167784
0.0017485
0.00184259
0.0019751
0.00217691
0.00243805
0.00272873
0.0030322
0.00329725
0.00342735
0.00345534
0.00337934
0.00310441
0.00267495
0.00216136
0.00163711
0.00116839
0.000796149
0.000524291
0.00033026
0.000169177
2.19522e-05
0.000105265
0.000611979
0.000933584
0.00112787
0.00126274
0.00137701
0.0014972
0.0016379
0.00179984
0.00197078
0.00213014
0.00225098
0.00230602
0.00231379
0.00227831
0.00219868
0.00208067
0.00195589
0.00184043
0.00173952
0.0016511
0.00157453
0.00150726
0.00144846
0.00139726
0.00135312
0.00131595
0.00128521
0.00126055
0.00124133
0.00122693
0.00121666
0.0012098
0.00120606
0.00120444
0.00120407
0.00120536
0.00120778
0.00121107
0.00121541
0.00122052
0.00122663
0.00123375
0.00124203
0.00125162
0.00126271
0.00127549
0.00129018
0.00130693
0.00132593
0.00134729
0.00137109
0.00139741
0.0014263
0.00145787
0.00149232
0.00152908
0.00156819
0.00161013
0.00165684
0.00171319
0.00178698
0.00189384
0.00205861
0.00231988
0.00264256
0.00299359
0.00331146
0.00346843
0.00350314
0.00341212
0.00308348
0.00258251
0.00200581
0.00144174
0.000964294
0.000605424
0.000355484
0.000172689
2.22806e-05
0.000135767
0.000736604
0.00110061
0.00131551
0.00146256
0.00158452
0.00170871
0.00184744
0.0019973
0.00214216
0.00225652
0.00230952
0.00231682
0.00228167
0.00219399
0.00206572
0.00193288
0.00180699
0.00169651
0.00160115
0.00151839
0.00144693
0.00138507
0.00133235
0.00128814
0.00125201
0.00122344
0.00120162
0.00118571
0.00117474
0.0011678
0.00116435
0.00116299
0.00116279
0.00116411
0.0011662
0.00116906
0.00117239
0.00117626
0.00118075
0.0011859
0.00119193
0.001199
0.00120733
0.00121716
0.00122871
0.00124223
0.00125796
0.00127609
0.0012968
0.00132019
0.0013463
0.00137505
0.00140626
0.0014396
0.00147471
0.00151124
0.00154914
0.00158813
0.00162729
0.00166845
0.00171495
0.00177431
0.00186201
0.00200441
0.0022429
0.00259179
0.00298393
0.00334487
0.00351791
0.00354994
0.00342512
0.0030161
0.00243835
0.00180272
0.00121646
0.000749377
0.000417048
0.000189868
2.43802e-05
0.000169947
0.000868308
0.00127343
0.00150706
0.00166284
0.0017868
0.00190661
0.00203241
0.00215752
0.00226222
0.00231278
0.00232028
0.00228558
0.00219541
0.00206165
0.00191915
0.00178428
0.00166407
0.00156107
0.00147285
0.00139725
0.00133313
0.00127942
0.00123563
0.00120096
0.00117458
0.00115541
0.00114222
0.00113378
0.00112927
0.00112727
0.00112669
0.00112688
0.00112797
0.00112945
0.00113113
0.00113306
0.00113523
0.00113782
0.00114099
0.00114495
0.00114995
0.00115621
0.00116401
0.0011736
0.00118525
0.00119923
0.00121579
0.00123518
0.00125762
0.00128329
0.00131226
0.00134452
0.00137987
0.00141789
0.00145794
0.00149915
0.00154053
0.0015813
0.00162126
0.00165914
0.00169687
0.00173631
0.00178572
0.00186067
0.00198574
0.00220599
0.00257162
0.00300249
0.00339217
0.003566
0.00358352
0.00339192
0.00288167
0.00222035
0.00154369
0.000961443
0.000528587
0.000231616
3.01331e-05
0.000206814
0.00100393
0.00144771
0.00169739
0.00185761
0.00197712
0.00208384
0.00218635
0.00227606
0.00232199
0.00232921
0.00229391
0.00220509
0.00206887
0.00191839
0.00177324
0.0016436
0.00153205
0.00143781
0.00135816
0.00129154
0.00123692
0.00119332
0.00115981
0.00113512
0.00111786
0.00110648
0.00109951
0.00109571
0.00109385
0.00109295
0.0010925
0.00109218
0.00109193
0.0010916
0.00109129
0.00109115
0.00109123
0.00109195
0.00109342
0.00109597
0.00109981
0.00110519
0.00111237
0.0011216
0.00113313
0.00114725
0.00116421
0.00118432
0.00120784
0.00123505
0.00126615
0.00130128
0.00134041
0.00138329
0.00142937
0.00147768
0.00152684
0.00157511
0.00162071
0.00166251
0.00169906
0.0017317
0.00176712
0.00181165
0.00187768
0.00199204
0.00220218
0.00257965
0.00304984
0.00344792
0.00360642
0.00358411
0.00327444
0.00265068
0.00191984
0.00123148
0.0006868
0.000301928
4.06544e-05
0.000245182
0.00113995
0.00161894
0.00188144
0.00204146
0.00215004
0.00223561
0.00230642
0.00234371
0.0023488
0.00231054
0.00222494
0.00208868
0.00193198
0.00177643
0.0016359
0.0015151
0.00141355
0.00132912
0.00125948
0.00120329
0.00115934
0.00112623
0.00110243
0.00108615
0.00107558
0.00106903
0.00106505
0.0010625
0.00106048
0.00105847
0.00105625
0.00105375
0.00105104
0.00104822
0.00104552
0.00104315
0.0010415
0.00104078
0.0010407
0.00104218
0.00104521
0.00104999
0.00105673
0.00106564
0.00107697
0.00109097
0.0011079
0.00112807
0.00115181
0.00117946
0.00121137
0.00124786
0.00128914
0.00133528
0.00138604
0.00144081
0.00149837
0.00155686
0.00161372
0.00166599
0.00171275
0.00175115
0.00177518
0.00180381
0.00184648
0.00190657
0.00201746
0.00222898
0.00262072
0.0031262
0.00350482
0.00363001
0.00352365
0.00304872
0.00231538
0.00154117
0.000882666
0.000394004
5.49179e-05
0.000283818
0.00127295
0.00178293
0.00205474
0.00220982
0.00230167
0.00235852
0.00238366
0.00238367
0.00233983
0.00225722
0.0021224
0.0019613
0.00179571
0.00164291
0.00151099
0.00140072
0.00130997
0.00123627
0.00117755
0.00113226
0.00109867
0.00107484
0.00105868
0.00104809
0.00104121
0.00103647
0.0010327
0.00102911
0.00102522
0.00102087
0.00101608
0.00101099
0.00100582
0.00100079
0.000996186
0.000992263
0.000989267
0.000987655
0.000987083
0.000987819
0.000990561
0.000995078
0.00100163
0.00101036
0.00102149
0.00103521
0.00105179
0.00107152
0.00109475
0.00112188
0.00115335
0.0011896
0.00123111
0.00127823
0.00133117
0.00138978
0.00145345
0.00152079
0.00158949
0.00165619
0.00171661
0.00176882
0.00180843
0.00182629
0.00184561
0.00188456
0.00194447
0.00205668
0.0022779
0.0026982
0.00323483
0.0035477
0.00361181
0.00337378
0.00270464
0.00187477
0.00110598
0.000501736
7.19707e-05
0.000321438
0.00139943
0.00193614
0.00221402
0.00235896
0.00242551
0.00244647
0.00243595
0.00238706
0.00230492
0.00217165
0.00200766
0.00183285
0.00166675
0.00152141
0.00140011
0.00130115
0.00122168
0.00115913
0.00111133
0.00107621
0.00105144
0.00103461
0.00102337
0.00101565
0.00100979
0.00100459
0.000999281
0.000993473
0.000987058
0.000980134
0.000972908
0.000965642
0.000958619
0.000952117
0.000946392
0.000941671
0.000938145
0.00093628
0.000935612
0.000936252
0.000939055
0.000943622
0.000950194
0.000958874
0.000969825
0.00098323
0.000999314
0.00101835
0.00104067
0.00106668
0.00109686
0.00113174
0.00117194
0.00121806
0.00127067
0.00133014
0.00139648
0.0014691
0.00154647
0.00162586
0.00170305
0.00177239
0.00183027
0.00186874
0.00188279
0.00189421
0.00192713
0.00198939
0.0021081
0.00235453
0.00282074
0.00334865
0.00357693
0.00353328
0.00305861
0.00222055
0.00135043
0.00061999
9.07626e-05
0.000357984
0.0015164
0.00207592
0.0023545
0.00248222
0.00252161
0.00251312
0.0024601
0.00236962
0.00223862
0.00207253
0.00188959
0.00170974
0.00154867
0.00141334
0.00130352
0.00121614
0.00114799
0.00109629
0.00105845
0.00103181
0.0010136
0.0010012
0.000992313
0.000985159
0.000978481
0.000971518
0.000963922
0.000955646
0.000946842
0.000937774
0.000928746
0.000920062
0.000912004
0.000904821
0.000898718
0.000893864
0.000890434
0.000888753
0.000888224
0.000889219
0.000892276
0.000897067
0.000903776
0.00091248
0.000923309
0.000936414
0.000951988
0.000970273
0.00099157
0.00101626
0.0010448
0.00107775
0.00111579
0.00115966
0.00121016
0.00126808
0.00133399
0.00140809
0.00148983
0.00157755
0.00166799
0.00175597
0.00183422
0.00189732
0.00193015
0.00194036
0.00194541
0.00197395
0.00203948
0.00217252
0.00246248
0.0029856
0.00343772
0.00357043
0.0033373
0.00256416
0.00161242
0.000745681
0.000110494
0.000391994
0.00162247
0.00219748
0.00247135
0.00257972
0.00259785
0.0025525
0.00245679
0.00232736
0.00215783
0.00196765
0.00177425
0.00159563
0.00144293
0.0013188
0.00122068
0.0011447
0.00108736
0.00104546
0.00101591
0.000995593
0.000981562
0.000971277
0.000962768
0.000954677
0.000946216
0.000937047
0.000927164
0.000916764
0.000906149
0.000895654
0.000885599
0.000876264
0.000867885
0.000860646
0.00085469
0.000850123
0.000847193
0.000845878
0.000845596
0.000847115
0.000850484
0.000855536
0.000862401
0.000871144
0.000881871
0.00089471
0.000909824
0.000927422
0.000947766
0.00097119
0.000998117
0.00102908
0.00106472
0.00110583
0.00115334
0.00120824
0.00127156
0.00134412
0.0014263
0.00151761
0.00161617
0.00171816
0.0018173
0.00190472
0.00196766
0.00199265
0.00199746
0.0019981
0.00202318
0.00209515
0.00225472
0.00261561
0.00318914
0.00347412
0.00346649
0.00288458
0.00188717
0.000875165
0.000130934
0.00042212
0.0017147
0.00229907
0.00256537
0.00265489
0.00265215
0.00257019
0.00243834
0.00226659
0.002069
0.00186265
0.00166545
0.00149224
0.00134971
0.00123714
0.00115046
0.00108527
0.00103766
0.00100399
0.000980738
0.000964583
0.000952667
0.000942771
0.000933378
0.000923611
0.00091311
0.00090188
0.000890148
0.000878246
0.00086653
0.000855329
0.000844924
0.000835534
0.000827324
0.000820414
0.000814884
0.000810791
0.000808451
0.000807544
0.000807534
0.000809525
0.000813159
0.000818412
0.000825378
0.000834121
0.000844732
0.000857324
0.000872038
0.000889053
0.000908593
0.000930948
0.000956483
0.000985667
0.0010191
0.00105752
0.00110185
0.0011532
0.00121281
0.00128193
0.00136169
0.00145262
0.00155422
0.00166421
0.00177782
0.00188729
0.00198185
0.00204108
0.00205579
0.002055
0.00204894
0.00207453
0.00215987
0.00236547
0.00282954
0.0033354
0.00349123
0.0031594
0.00216962
0.0010061
0.000152172
0.000447498
0.00179152
0.00237949
0.00263635
0.00271167
0.00268341
0.0025666
0.00239955
0.00219612
0.00197724
0.00176133
0.00156524
0.00140004
0.00126845
0.00116726
0.00109137
0.00103595
0.000996638
0.000969397
0.000950476
0.000936621
0.000925275
0.000914677
0.000903796
0.000892196
0.000879863
0.000867033
0.000854057
0.00084131
0.000829131
0.000817796
0.000807515
0.000798437
0.000790658
0.00078424
0.00077922
0.000775622
0.00077374
0.000773073
0.000773455
0.000775705
0.000779493
0.000784832
0.000791804
0.000800474
0.000810927
0.000823268
0.000837623
0.000854148
0.000873039
0.000894541
0.000918964
0.000946712
0.000978301
0.0010144
0.00105586
0.00110376
0.0011594
0.00122428
0.00129998
0.00138789
0.00148874
0.00160189
0.00172439
0.00184999
0.0019683
0.0020645
0.00211253
0.00212014
0.00210668
0.00209418
0.00213038
0.00223984
0.00253368
0.00308939
0.00338949
0.00331135
0.00245148
0.00114511
0.000174712
0.00046776
0.00185288
0.00243985
0.00268658
0.00274908
0.00269559
0.00255099
0.00234913
0.00212034
0.00188627
0.00166608
0.00147448
0.00131872
0.00119815
0.00110777
0.00104175
0.000994793
0.000962175
0.000939599
0.000923324
0.000910362
0.000898597
0.000886758
0.00087427
0.000861051
0.000847323
0.000833448
0.000819816
0.000806776
0.000794606
0.000783508
0.000773616
0.00076501
0.000757733
0.000751804
0.000747231
0.00074403
0.000742441
0.000741928
0.000742556
0.000744888
0.000748691
0.000753987
0.000760855
0.000769365
0.000779602
0.000791667
0.00080568
0.000821782
0.000840144
0.000860978
0.000884549
0.000911197
0.000941359
0.00097561
0.0010147
0.00105961
0.00111159
0.00117217
0.00124318
0.00132652
0.00142391
0.0015362
0.00166252
0.00179907
0.00193797
0.00206646
0.00215298
0.00218278
0.00218252
0.00214905
0.00213384
0.00218825
0.0023545
0.00279019
0.00325945
0.00336278
0.0027364
0.00131291
0.000202536
0.000482757
0.00189936
0.00248145
0.00271755
0.00276823
0.00269122
0.00251917
0.00229123
0.00204269
0.00179865
0.00157817
0.00139327
0.00124753
0.00113764
0.00105725
0.000999932
0.000960025
0.000932523
0.000913073
0.000898137
0.00088513
0.000872426
0.000859219
0.000845304
0.000830854
0.000816225
0.000801821
0.000788003
0.000775058
0.000763186
0.000752512
0.000743101
0.000734981
0.000728157
0.00072262
0.000718364
0.000715404
0.000713946
0.000713492
0.000714173
0.000716436
0.000720119
0.000725249
0.000731907
0.00074017
0.000750127
0.00076188
0.000775546
0.000791257
0.00080917
0.000829473
0.000852393
0.000878218
0.000907317
0.000940174
0.000977431
0.00101994
0.00106883
0.00112557
0.00119199
0.00127026
0.00136269
0.00147126
0.00159676
0.00173757
0.00188811
0.00203741
0.00216831
0.00224012
0.00225399
0.0022322
0.00218748
0.00217761
0.0022658
0.00254399
0.00308848
0.00333643
0.00299432
0.00152504
0.00023967
0.000492748
0.0019319
0.00250529
0.00272967
0.00276892
0.00267575
0.00247828
0.00222905
0.00196577
0.00171603
0.00149815
0.0013212
0.00118553
0.00108566
0.00101425
0.000964408
0.000930153
0.000906362
0.000888808
0.000874297
0.000860711
0.000846897
0.000832445
0.000817427
0.000802172
0.000787088
0.000772555
0.000758875
0.000746254
0.000734813
0.00072461
0.000715659
0.000707952
0.000701468
0.000696191
0.000692107
0.000689217
0.000687741
0.000687258
0.00068782
0.000689886
0.000693332
0.000698191
0.000704548
0.000712486
0.000722102
0.0007335
0.000746798
0.000762126
0.000779631
0.000799486
0.000821893
0.000847099
0.000875418
0.000907256
0.000943152
0.000983832
0.00103028
0.00108382
0.00114619
0.00121959
0.00130665
0.00141013
0.00153226
0.00167361
0.00183144
0.00199782
0.00215808
0.00227496
0.00231903
0.00231868
0.00225845
0.00221431
0.00223377
0.00238718
0.00284621
0.00321348
0.00315584
0.00177957
0.000286717
0.000497788
0.00195076
0.00251227
0.00272731
0.00275976
0.0026466
0.00243079
0.00216507
0.00189144
0.00163937
0.00142605
0.00125765
0.0011317
0.00104102
0.000977515
0.0009339
0.00090402
0.000882779
0.000866214
0.000851555
0.000837156
0.000822284
0.000806837
0.000791073
0.000775393
0.000760197
0.000745809
0.00073245
0.00072025
0.000709261
0.00069949
0.000690915
0.000683507
0.000677234
0.000672077
0.000668025
0.000665081
0.000663449
0.000662857
0.000663172
0.000664939
0.000668057
0.000672562
0.000678544
0.000686094
0.000695313
0.000706312
0.000719212
0.000734144
0.000751253
0.000770702
0.000792676
0.000817397
0.000845135
0.000876233
0.000911145
0.000950482
0.000995081
0.00104609
0.00110509
0.00117418
0.00125602
0.00135378
0.00147063
0.00160889
0.00176828
0.00194379
0.00212341
0.00228662
0.00237838
0.0023968
0.00236095
0.00226782
0.0022327
0.00230973
0.00263519
0.00311908
0.0032189
0.00206811
0.00034141
0.000497567
0.00195848
0.0025084
0.00271526
0.00273782
0.00260936
0.00237911
0.00210123
0.00182095
0.00156912
0.0013616
0.00120185
0.00108503
0.00100262
0.000945926
0.000907387
0.000880786
0.000861193
0.000844999
0.000829884
0.000814639
0.000798877
0.00078272
0.00076653
0.00075072
0.000735645
0.000721556
0.000708595
0.000696822
0.000686239
0.000676816
0.00066851
0.000661281
0.000655097
0.000649941
0.000645809
0.00064271
0.000640808
0.000640038
0.000640037
0.000641427
0.00064415
0.000648242
0.000653794
0.000660904
0.00066968
0.000680238
0.000692706
0.000707217
0.000723918
0.00074297
0.000764549
0.000788859
0.000816141
0.000846692
0.000880896
0.000919267
0.000962511
0.00101161
0.00106795
0.00113344
0.00121064
0.00130283
0.0014138
0.00154719
0.00170505
0.00188556
0.00208022
0.00227164
0.00241401
0.00246584
0.00245884
0.00236418
0.00228039
0.00227927
0.00245995
0.00297751
0.00322343
0.00237974
0.00040261
0.000494888
0.0019572
0.00249504
0.00268987
0.00270449
0.00256569
0.00232508
0.00203895
0.00175512
0.00150541
0.00130435
0.00115302
0.00104459
0.000969507
0.000918577
0.000884089
0.000859876
0.000841268
0.000825058
0.000809364
0.000793356
0.000776914
0.000760308
0.000743944
0.000728208
0.000713389
0.000699661
0.000687099
0.000675708
0.000665451
0.000656278
0.000648134
0.000640979
0.000634784
0.000629538
0.000625247
0.000621935
0.000619674
0.000618586
0.000618337
0.000619277
0.00062156
0.000625198
0.000630282
0.000636915
0.000645211
0.000655292
0.000667292
0.00068135
0.000697618
0.000716258
0.000737445
0.000761373
0.000788266
0.000818389
0.000852072
0.000889753
0.000932024
0.00097972
0.00103403
0.00109663
0.00116989
0.001257
0.00136198
0.0014893
0.00164282
0.00182353
0.00202638
0.00223659
0.00242716
0.00252832
0.0025454
0.00247841
0.0023331
0.00227822
0.00237345
0.00278095
0.00311992
0.00266317
0.000460139
0.000488925
0.00195033
0.00246937
0.00265478
0.00266338
0.00251741
0.0022702
0.00197927
0.00169439
0.00144811
0.00125377
0.0011104
0.00100957
0.000940862
0.000894744
0.000863435
0.000840913
0.000822828
0.000806387
0.000790106
0.000773468
0.000756551
0.000739709
0.000723349
0.000707806
0.0006933
0.000679935
0.000667729
0.000656648
0.00064663
0.000637612
0.000629539
0.000622372
0.000616089
0.000610688
0.000606181
0.000602597
0.000599976
0.000598502
0.000597994
0.00059847
0.000600286
0.000603448
0.000608042
0.000614174
0.000621963
0.000631537
0.000643036
0.000656607
0.000672408
0.000690606
0.000711381
0.000734924
0.00076145
0.000791204
0.000824482
0.000861659
0.000903239
0.000949923
0.00100272
0.0010631
0.00113316
0.00121589
0.0013153
0.00143631
0.0015841
0.00176228
0.0019697
0.00219636
0.00241972
0.00257475
0.00262223
0.00259158
0.00243836
0.00232097
0.00233157
0.00264197
0.00302321
0.0028652
0.000501361
0.000479779
0.00193542
0.00243606
0.00261257
0.00261633
0.0024661
0.00221562
0.00192287
0.00163897
0.001397
0.00120932
0.00107332
0.000979242
0.000916015
0.000873865
0.000845016
0.000823657
0.000805792
0.00078902
0.000772207
0.000755084
0.000737865
0.000720941
0.000704693
0.000689399
0.00067521
0.000662172
0.000650259
0.000639409
0.000629547
0.000620606
0.000612532
0.000605291
0.00059887
0.000593272
0.000588516
0.000584635
0.00058167
0.000579773
0.000578982
0.000579017
0.000580361
0.000583038
0.000587132
0.00059275
0.000600014
0.000609059
0.000620029
0.000633079
0.000648376
0.000666095
0.000686421
0.000709553
0.000735702
0.000765106
0.000798036
0.000834824
0.000875905
0.000921872
0.000973579
0.00103228
0.00109982
0.00117891
0.00127336
0.00138821
0.00152942
0.00170246
0.00190938
0.00214422
0.00238819
0.00259684
0.00268903
0.00269191
0.00256059
0.00236666
0.00231735
0.00249955
0.0029291
0.00295703
0.00051853
0.000467935
0.00191449
0.00239662
0.00256489
0.00256493
0.00241305
0.00216223
0.00187021
0.00158887
0.00135173
0.00117046
0.00104112
0.000952982
0.000894421
0.000855507
0.000828539
0.00080796
0.000790125
0.000772996
0.000755732
0.000738255
0.000720863
0.000703957
0.000687877
0.000672841
0.00065894
0.000646174
0.000634485
0.000623794
0.000614019
0.000605093
0.000596967
0.000589614
0.000583025
0.000577212
0.000572199
0.000568025
0.000564741
0.000562415
0.000561244
0.00056096
0.000561822
0.000564018
0.000567613
0.000572714
0.000579445
0.000587945
0.000598364
0.000610864
0.000625621
0.000642819
0.000662655
0.000685334
0.000711075
0.000740114
0.000772711
0.000809171
0.000849876
0.000895333
0.000946266
0.00100374
0.00106936
0.00114551
0.00123574
0.00134497
0.00147956
0.00164644
0.00185063
0.00209056
0.00235191
0.00260227
0.00275069
0.00278199
0.00269157
0.00245406
0.00232951
0.0024065
0.00284047
0.00298287
0.000521342
0.000453963
0.00188943
0.00235244
0.00251349
0.0025105
0.0023593
0.00211068
0.00182153
0.00154401
0.00131196
0.00113666
0.00101327
0.000930271
0.000875635
0.000839337
0.000813796
0.000793722
0.000775809
0.000758338
0.000740707
0.000722979
0.000705505
0.000688672
0.000672775
0.000657974
0.000644316
0.000631762
0.000620233
0.00060964
0.000599899
0.000590945
0.000582736
0.000575249
0.000568483
0.000562453
0.000557189
0.000552731
0.00054913
0.000546446
0.000544862
0.00054429
0.000544699
0.000546428
0.000549536
0.000554126
0.000560325
0.000568273
0.000578125
0.000590052
0.000604237
0.000620875
0.000640173
0.000662352
0.00068764
0.000716278
0.000748527
0.000784677
0.000825074
0.00087016
0.000920551
0.00097715
0.00104133
0.00111518
0.0012019
0.00130614
0.00143433
0.00159425
0.00179319
0.0020337
0.00230697
0.00258646
0.00279425
0.00286027
0.00280742
0.00257663
0.00237326
0.00236373
0.00270798
0.00296558
0.000513823
0.000438502
0.0018618
0.00230508
0.00245944
0.00245432
0.00230567
0.00206141
0.00177693
0.00150416
0.00127729
0.00110747
0.00098929
0.000910671
0.000859299
0.000825097
0.000800628
0.000780869
0.000762823
0.000745043
0.000727121
0.00070922
0.000691718
0.000674978
0.00065925
0.00064465
0.000631181
0.000618781
0.000607358
0.000596815
0.00058707
0.000578062
0.000569753
0.000562127
0.000555188
0.000548953
0.000543454
0.000538734
0.000534844
0.00053184
0.000529859
0.000529001
0.00052901
0.000530297
0.000532936
0.00053703
0.000542703
0.0005501
0.000559378
0.000570715
0.000584301
0.000600343
0.000619062
0.00064069
0.000665472
0.000693662
0.000725528
0.000761355
0.00080147
0.000846269
0.000896282
0.000952273
0.00101541
0.0010875
0.00117139
0.00127138
0.00139371
0.00154662
0.0017391
0.00197716
0.0022568
0.00255567
0.00281702
0.00293103
0.00292055
0.00270977
0.00242308
0.00235044
0.00260209
0.00291593
0.000500628
0.000421987
0.00183233
0.0022557
0.00240378
0.0023974
0.00225285
0.00201471
0.00173639
0.0014691
0.00124736
0.00108247
0.000968755
0.000893814
0.00084512
0.000812581
0.000788911
0.000769338
0.000751138
0.00073309
0.000714937
0.000696915
0.00067941
0.00066276
0.000647174
0.000632727
0.000619397
0.000607101
0.000595738
0.00058521
0.000575437
0.000566361
0.00055795
0.000550192
0.000543093
0.000536673
0.000530966
0.000526014
0.000521868
0.00051859
0.000516252
0.000515047
0.000514766
0.000515631
0.000517825
0.000521443
0.000526607
0.00053346
0.000542165
0.000552903
0.000565872
0.000581289
0.000599388
0.000620419
0.000644642
0.00067233
0.000703763
0.000739236
0.000779065
0.000823619
0.00087336
0.000928942
0.000991351
0.00106214
0.0011438
0.00124023
0.00135734
0.00150344
0.00168871
0.00192225
0.00220525
0.00252068
0.00282406
0.0029957
0.00301992
0.00284934
0.00250759
0.00234954
0.00250766
0.00284493
0.000483426
0.000404685
0.00180247
0.00220547
0.00234745
0.00234057
0.00220134
0.00197079
0.00169978
0.00143855
0.00122183
0.00106128
0.000951312
0.000879392
0.000832857
0.00080162
0.000778539
0.000759067
0.00074071
0.000722434
0.000704098
0.000685985
0.000668483
0.000651904
0.000636423
0.000622085
0.000608846
0.000596611
0.000585275
0.000574737
0.000564923
0.000555777
0.00054727
0.000539393
0.000532155
0.000525575
0.000519689
0.000514536
0.000510168
0.000506641
0.000504018
0.000502469
0.000501929
0.000502415
0.000504196
0.000507363
0.000512037
0.000518362
0.000526502
0.000536639
0.000548981
0.000563752
0.000581201
0.000601592
0.000625206
0.000652336
0.000683283
0.000718355
0.000757874
0.000802192
0.000851728
0.000907044
0.000968973
0.00103884
0.00111879
0.00121232
0.00132489
0.00146464
0.00164238
0.00186954
0.00215223
0.0024805
0.0028166
0.00304818
0.00310902
0.00297804
0.002623
0.00237728
0.00243711
0.00276874
0.000465253
0.000387144
0.00177229
0.00215513
0.00229124
0.00228449
0.00215154
0.00192971
0.00166694
0.00141223
0.00120037
0.00104357
0.000936662
0.000867148
0.000822308
0.00079207
0.000769417
0.000749992
0.000731489
0.000713021
0.000694534
0.000676346
0.00065884
0.000642304
0.000626889
0.000612617
0.000599428
0.000587219
0.000575884
0.000565323
0.000555462
0.00054625
0.000537659
0.000529682
0.000522328
0.000515618
0.000509583
0.000504264
0.000499707
0.000495968
0.000493106
0.000491245
0.000490462
0.000490615
0.000492017
0.000494764
0.000498975
0.000504792
0.00051238
0.000521925
0.000533637
0.000547751
0.000564527
0.000584244
0.000607205
0.000633724
0.000664129
0.000698748
0.000737919
0.00078199
0.000831353
0.0008865
0.000948138
0.00101738
0.00109607
0.00118729
0.00129602
0.00143002
0.00160033
0.00182006
0.00209932
0.00243441
0.00279473
0.00308773
0.00319061
0.00310621
0.00275213
0.00241009
0.00238236
0.00267823
0.000445096
0.000369384
0.00174316
0.00210565
0.00223589
0.0022297
0.00210371
0.00189148
0.00163769
0.00138987
0.00118267
0.00102905
0.000924543
0.000856865
0.000813303
0.000783806
0.000761457
0.000742043
0.000723411
0.000704783
0.000686171
0.000667913
0.000650387
0.000633865
0.000618477
0.000604231
0.000591056
0.000578848
0.000567495
0.000556902
0.000546996
0.000537726
0.000529067
0.000521011
0.000513566
0.000506753
0.000500602
0.000495149
0.00049044
0.000486526
0.000483465
0.000481336
0.000480303
0.000480184
0.000481241
0.0004836
0.000487378
0.000492714
0.000499771
0.000508738
0.000519827
0.000533281
0.00054937
0.000568389
0.000590661
0.000616524
0.000646333
0.000680446
0.000719221
0.000763019
0.000812219
0.000867261
0.000928749
0.000997617
0.00107543
0.00116485
0.00127038
0.0013993
0.00156252
0.00177434
0.00204835
0.00238687
0.00276498
0.00310953
0.00326313
0.00322719
0.00289613
0.00246402
0.00234945
0.00258817
0.000426014
0.000355343
0.0017121
0.00205727
0.00218189
0.0021766
0.00205805
0.00185602
0.00161185
0.0013712
0.00116848
0.0010175
0.000914759
0.000848371
0.000805702
0.000776719
0.000754571
0.000735151
0.000716409
0.000697652
0.000678932
0.000660603
0.00064304
0.000626502
0.000611105
0.00059685
0.000583661
0.00057143
0.000560048
0.000549419
0.000539471
0.000530155
0.000521444
0.00051333
0.00050582
0.000498932
0.000492693
0.000487138
0.000482309
0.000478253
0.000475025
0.000472687
0.000471395
0.000471057
0.000471806
0.000473812
0.000477189
0.000482073
0.000488626
0.000497035
0.000507517
0.000520318
0.000535716
0.000554023
0.000575579
0.000600749
0.000629915
0.00066347
0.000701801
0.00074529
0.000794317
0.000849293
0.000910737
0.000979427
0.00105667
0.00114476
0.0012477
0.00137217
0.00152878
0.00173243
0.00199963
0.00233877
0.00273209
0.00311762
0.0033307
0.00333903
0.00303698
0.00254239
0.002333
0.00249505
0.000407703
0.000342759
0.00167957
0.00201007
0.0021297
0.00212552
0.00201469
0.00182328
0.00158921
0.00135594
0.00115749
0.00100865
0.000907104
0.000841509
0.000799381
0.000770711
0.000748679
0.000729241
0.000710413
0.000691553
0.000672741
0.00065434
0.000636722
0.000620139
0.000604703
0.000590408
0.00057718
0.00056491
0.00055349
0.000542823
0.000532839
0.000523487
0.000514741
0.000506589
0.000499036
0.000492098
0.000485799
0.000480171
0.000475251
0.000471084
0.00046772
0.000465216
0.000463694
0.000463157
0.000463638
0.000465327
0.000468337
0.000472802
0.000478881
0.000486761
0.000496657
0.00050882
0.000523535
0.000541126
0.00056195
0.000586399
0.000614884
0.000647834
0.000685672
0.00072881
0.000777645
0.000832572
0.000894049
0.00096272
0.00103967
0.00112683
0.0012277
0.00134838
0.00149895
0.00169448
0.00195366
0.00229057
0.0026964
0.00311726
0.00339271
0.00344192
0.00317641
0.00264564
0.00232755
0.00240703
0.000391937
0.000330678
0.0016464
0.00196448
0.00207948
0.00207673
0.0019737
0.00179317
0.00156955
0.00134387
0.00114959
0.00100249
0.000901532
0.00083619
0.000794247
0.000765695
0.000743701
0.000724239
0.000705351
0.000686415
0.000667527
0.000649053
0.000631364
0.000614712
0.000599208
0.00058485
0.000571562
0.000559239
0.000547772
0.000537068
0.000527054
0.000517677
0.000508909
0.000500737
0.000493162
0.000486196
0.000479861
0.000474185
0.000469201
0.000464951
0.00046148
0.000458842
0.000457128
0.000456409
0.000456657
0.000458065
0.000460744
0.000464826
0.000470465
0.000477847
0.000487186
0.000498734
0.000512783
0.000529664
0.000549753
0.000573462
0.000601238
0.000633543
0.000670843
0.000713589
0.000762205
0.000817086
0.000878649
0.000947427
0.0010243
0.00111088
0.00121018
0.00132768
0.00147281
0.00166048
0.00191084
0.00224268
0.00265541
0.0031036
0.00344282
0.00353758
0.00331273
0.00276711
0.00233396
0.00232365
0.00037873
0.000318839
0.00161291
0.00192088
0.00203123
0.00203025
0.00193517
0.00176556
0.00155266
0.0013347
0.00114435
0.000998502
0.000897744
0.000832308
0.000790224
0.000761597
0.000739565
0.000720073
0.000701149
0.000682167
0.000663221
0.000644676
0.000626906
0.000610165
0.000594572
0.000580127
0.000566762
0.000554373
0.000542855
0.000532112
0.000522071
0.000512678
0.000503901
0.000495723
0.000488143
0.000481169
0.000474818
0.000469115
0.000464091
0.000459781
0.000456231
0.000453488
0.000451619
0.000450732
0.000450781
0.000451944
0.000454328
0.000458062
0.000463298
0.000470218
0.000479034
0.000489999
0.000503405
0.000519594
0.000538954
0.00056192
0.000588966
0.000620596
0.00065732
0.000699634
0.000747999
0.000802828
0.000864511
0.000933497
0.00101048
0.00109677
0.00119494
0.00130982
0.00145014
0.00163039
0.00187161
0.0021967
0.00261326
0.00308502
0.00348408
0.00362652
0.0034498
0.00290195
0.00236074
0.00224982
0.00036897
0.00030712
0.00157928
0.00187955
0.00198527
0.00198585
0.0018994
0.00174043
0.00153834
0.00132829
0.00114213
0.000997599
0.000896121
0.000829777
0.000787238
0.000758352
0.000736204
0.000716671
0.000697736
0.00067874
0.000659757
0.00064115
0.000623292
0.00060645
0.000590748
0.000576199
0.000562741
0.000550276
0.000538699
0.000527916
0.000517851
0.000508448
0.000499671
0.000491499
0.000483927
0.000476959
0.00047061
0.000464899
0.000459853
0.000455507
0.000451899
0.000449076
0.000447093
0.000446047
0.000445932
0.000446881
0.000449004
0.000452428
0.0004573
0.000463797
0.000472129
0.000482547
0.000495344
0.000510867
0.000529515
0.000551743
0.000578054
0.000608989
0.000645105
0.000686951
0.000735033
0.000789795
0.000851621
0.000920892
0.000998146
0.00108442
0.00118182
0.0012946
0.00143072
0.00160401
0.00183593
0.00215265
0.00256954
0.00305995
0.00351477
0.00370861
0.00358221
0.00303607
0.00240283
0.00218972
0.000362881
0.000295542
0.00154555
0.00184011
0.00194175
0.00194385
0.00186613
0.00171769
0.0015264
0.00132436
0.00114261
0.000998527
0.000896496
0.000828967
0.000785304
0.000755916
0.000733558
0.000713971
0.000695046
0.000676065
0.000657072
0.000638416
0.000620474
0.000603522
0.000587699
0.000573032
0.000559467
0.000546915
0.000535273
0.000524446
0.000514357
0.000504947
0.000496175
0.000488018
0.000480464
0.000473515
0.00046718
0.000461476
0.000456426
0.00045206
0.000448415
0.000445533
0.000443466
0.000442286
0.000442032
0.000442798
0.000444693
0.000447843
0.000452391
0.000458507
0.000466398
0.000476311
0.000488539
0.00050343
0.000521394
0.000542901
0.000568481
0.000598711
0.000634199
0.000675546
0.000723316
0.000777993
0.000839972
0.000909586
0.000987242
0.00107371
0.00117071
0.00128186
0.00141434
0.00158122
0.00180391
0.00211118
0.00252572
0.00303079
0.00353309
0.00378584
0.00371294
0.00317478
0.002461
0.00213904
0.000360036
0.000284286
0.00151212
0.00180272
0.00190079
0.00190441
0.00183523
0.00169717
0.0015167
0.00132307
0.00114469
0.00100114
0.000898071
0.000829389
0.000784557
0.000754293
0.000731585
0.000711907
0.000693008
0.000674078
0.000655109
0.000636426
0.000618407
0.000601343
0.00058539
0.000570593
0.00055691
0.00054426
0.000532544
0.000521669
0.000511555
0.000502138
0.000493375
0.000485237
0.000477709
0.000470787
0.000464477
0.000458792
0.000453751
0.000449381
0.000445716
0.000442794
0.000440665
0.000439386
0.000439014
0.000439622
0.000441319
0.000444233
0.000448496
0.000454275
0.00046177
0.000471225
0.000482929
0.000497232
0.000514548
0.000535362
0.000560227
0.000589756
0.000624603
0.00066543
0.00071286
0.000767432
0.000829566
0.000899568
0.000977733
0.0010646
0.00116149
0.00127143
0.00140082
0.00156183
0.00177547
0.00207239
0.00248222
0.00300017
0.00354065
0.00385843
0.00383824
0.00331234
0.00253653
0.00210016
0.000359277
0.000273378
0.00147897
0.00176738
0.00186253
0.00186764
0.00180649
0.00167888
0.00150909
0.00132371
0.00114929
0.00100639
0.000901581
0.00083086
0.000784817
0.000753517
0.000730261
0.000710444
0.000691577
0.000672724
0.000653804
0.000635115
0.000617036
0.000599868
0.000583787
0.000568853
0.000555044
0.000542287
0.00053049
0.00051956
0.000509416
0.000499992
0.000491238
0.000483122
0.000475624
0.000468736
0.000462459
0.000456801
0.00045178
0.000447419
0.000443747
0.000440802
0.000438629
0.000437281
0.000436819
0.000437295
0.000438817
0.000441532
0.000445551
0.000451036
0.000458182
0.000467228
0.00047846
0.000492223
0.000508935
0.000529095
0.000553272
0.000582113
0.00061632
0.000656614
0.000703683
0.00075813
0.000820415
0.000890837
0.000969598
0.00105703
0.00115408
0.00126319
0.00138999
0.00154567
0.00175056
0.00203644
0.00243884
0.00296506
0.00354209
0.00392857
0.00395961
0.00345359
0.00262238
0.00206981
0.000361439
0.000262827
0.00144596
0.00173393
0.00182689
0.00183353
0.00177983
0.00166264
0.00150331
0.00132583
0.00115623
0.00101385
0.000907248
0.000834001
0.000785871
0.000753633
0.000729624
0.000709506
0.000690647
0.000671901
0.000653095
0.000634471
0.000616368
0.000599099
0.000582878
0.000567805
0.000553863
0.000540991
0.000529103
0.00051811
0.000507929
0.000498492
0.000489745
0.000481651
0.000474185
0.000467333
0.000461092
0.000455469
0.000450475
0.000446131
0.000442464
0.000439509
0.000437309
0.000435915
0.000435388
0.000435762
0.000437134
0.000439688
0.000443504
0.000448739
0.000455583
0.000464271
0.000475087
0.000488359
0.000504518
0.000524072
0.0005476
0.000575778
0.000609356
0.000649114
0.000695808
0.000750112
0.000812542
0.000883402
0.000962826
0.00105097
0.00114841
0.00125703
0.0013817
0.00153259
0.00172911
0.00200359
0.00239658
0.00292697
0.00353438
0.00399116
0.00407663
0.00359898
0.00271921
0.00205097
0.000367157
0.000252512
0.00141255
0.00170236
0.00179391
0.00180209
0.00175523
0.00164832
0.0014993
0.00133022
0.00116526
0.00102351
0.000914938
0.000838892
0.000788203
0.000754317
0.000729709
0.000709259
0.000690355
0.000671756
0.000653106
0.000634536
0.000616436
0.000599126
0.000582795
0.000567553
0.000553438
0.000540411
0.000528401
0.000517321
0.000507091
0.000497633
0.000488887
0.00048081
0.000473372
0.000466555
0.000460353
0.000454765
0.000449803
0.000445482
0.000441829
0.000438875
0.000436663
0.000435245
0.000434688
0.000435007
0.000436276
0.000438713
0.000442373
0.000447405
0.00045399
0.000462357
0.000472779
0.000485612
0.000501269
0.000520272
0.000543197
0.000570744
0.00060372
0.000642952
0.000689263
0.000743411
0.000805977
0.000877287
0.00095742
0.00104638
0.00114443
0.00125299
0.00137581
0.0015224
0.00171098
0.00197385
0.00235573
0.00288683
0.00352076
0.00404593
0.00418976
0.00374753
0.00282539
0.00204186
0.000375436
0.000242352
0.00137829
0.00167261
0.00176371
0.00177333
0.00173266
0.00163578
0.00149685
0.00133639
0.00117628
0.00103539
0.00092476
0.000845575
0.000792008
0.000755941
0.000730228
0.000709437
0.000690485
0.00067195
0.0006534
0.000634931
0.000616861
0.000599514
0.000583116
0.000567798
0.0005536
0.000540494
0.00052841
0.000517248
0.000506949
0.000497448
0.000488684
0.00048061
0.00047319
0.000466401
0.00046023
0.000454676
0.000449745
0.000445451
0.000441816
0.000438873
0.000436661
0.000435232
0.000434653
0.000434929
0.000436114
0.000438467
0.00044202
0.000446921
0.000453344
0.000461491
0.000471619
0.000484077
0.000499276
0.000517734
0.000540069
0.000567019
0.000599426
0.000638151
0.00068408
0.000738067
0.000800761
0.000872529
0.000953394
0.00104336
0.00114236
0.0012511
0.00137257
0.00151497
0.00169602
0.00194725
0.00231662
0.00284516
0.00350169
0.00409265
0.00429836
0.00389965
0.00294167
0.00203901
0.000386931
0.000232251
0.00134262
0.00164438
0.00173609
0.00174721
0.00171211
0.00162489
0.00149621
0.00134423
0.00118922
0.00104948
0.000936833
0.00085423
0.000797349
0.000758814
0.000731481
0.000710022
0.000690929
0.000672489
0.000654125
0.000635825
0.000617834
0.000600464
0.00058398
0.00056854
0.000554219
0.000540996
0.00052881
0.000517585
0.000507245
0.000497719
0.000488946
0.000480877
0.000473473
0.000466709
0.000460572
0.000455056
0.000450167
0.000445915
0.000442323
0.00043942
0.000437245
0.000435846
0.000435282
0.000435541
0.000436669
0.000438951
0.000442406
0.000447173
0.000453425
0.000461382
0.00047131
0.000483538
0.000498463
0.000516524
0.000538377
0.000564774
0.000596586
0.000634758
0.000680306
0.000734125
0.000796938
0.000869177
0.000950945
0.00104192
0.00114163
0.00125057
0.00137136
0.00151028
0.00168408
0.0019237
0.0022794
0.0028024
0.00347771
0.00413058
0.00440249
0.00405509
0.00306729
0.00204662
0.000402041
0.000222145
0.00130511
0.00161748
0.00171107
0.00172383
0.00169362
0.00161556
0.00149669
0.00135352
0.00120402
0.00106579
0.000951277
0.000865066
0.000804455
0.000762983
0.000733763
0.000711278
0.000691873
0.000673509
0.000655336
0.000637226
0.000619364
0.000602041
0.000585523
0.000569992
0.000555526
0.000542147
0.000529823
0.000518495
0.000508085
0.000498518
0.00048973
0.000481668
0.000474291
0.000467568
0.000461482
0.000456023
0.000451192
0.000447
0.000443465
0.000440612
0.00043848
0.000437117
0.000436584
0.00043685
0.000437955
0.000440205
0.000443606
0.00044829
0.000454424
0.000462218
0.000471928
0.000483877
0.000498474
0.000516246
0.000537802
0.000563875
0.000595264
0.000633018
0.000678222
0.000731879
0.000794809
0.0008675
0.000949966
0.00104159
0.00114213
0.00125158
0.00137158
0.00150818
0.00167495
0.00190311
0.00224416
0.00275879
0.00344936
0.00415965
0.00450156
0.00421329
0.00320239
0.00206502
0.000420616
0.000211921
0.0012651
0.00159133
0.00168841
0.00170307
0.00167724
0.00160773
0.00149813
0.00136401
0.00122052
0.0010843
0.000968205
0.000878312
0.000813594
0.000768694
0.00073713
0.000713331
0.000693377
0.000674942
0.000656928
0.000639029
0.000621338
0.000604108
0.000587601
0.000572014
0.000557454
0.000543964
0.000531529
0.000520102
0.000509615
0.000499998
0.000491184
0.000483119
0.000475756
0.000469064
0.00046302
0.000457612
0.000452838
0.000448706
0.00044523
0.000442436
0.00044036
0.00043905
0.000438574
0.000438867
0.000439985
0.000442241
0.000445629
0.000450276
0.000456345
0.000464038
0.000473606
0.000485364
0.000499709
0.000517146
0.000538294
0.000563923
0.000594978
0.000632463
0.000677462
0.000731025
0.000794022
0.000866987
0.000950014
0.00104281
0.00114452
0.00125462
0.0013741
0.00150779
0.00166838
0.00188535
0.00221092
0.00271446
0.00341706
0.00417845
0.00459577
0.00437324
0.00334653
0.00209232
0.000443018
0.000201547
0.0012223
0.00156583
0.00166816
0.00168501
0.00166302
0.00160142
0.00150101
0.00137567
0.00123857
0.00110494
0.000987708
0.000894197
0.000825075
0.000776254
0.000741834
0.000716297
0.000695503
0.000676827
0.000658899
0.000641206
0.000623718
0.000606628
0.000590178
0.000574575
0.000559951
0.000546368
0.000533833
0.000522312
0.000511748
0.000502076
0.000493232
0.00048516
0.000477812
0.000471151
0.000465152
0.0004598
0.00045509
0.000451027
0.000447624
0.000444905
0.000442904
0.000441671
0.000441278
0.000441619
0.000442785
0.000445083
0.000448496
0.000453151
0.000459205
0.000466854
0.000476343
0.00048798
0.000502156
0.000519366
0.000540231
0.000565523
0.000596173
0.000633251
0.000677918
0.000731324
0.000794448
0.000867919
0.00095184
0.00104571
0.00114854
0.00125939
0.00137855
0.00150983
0.00166479
0.00187035
0.00217966
0.00266936
0.0033796
0.00418742
0.00468522
0.00453391
0.00349988
0.00213123
0.000469659
0.000190916
0.00117608
0.00153995
0.00164981
0.00166951
0.00165094
0.00159659
0.00150495
0.00138835
0.00125801
0.00112763
0.00100983
0.000912938
0.000839228
0.000786023
0.000748198
0.000720426
0.000698414
0.000679253
0.00066128
0.000643749
0.000626475
0.000609562
0.000593217
0.000577645
0.000562993
0.000549345
0.000536727
0.000525123
0.000514487
0.000504763
0.000495889
0.00048781
0.000480476
0.000473849
0.000467901
0.000462613
0.000457977
0.000453996
0.000450681
0.000448054
0.000446148
0.000445016
0.000444737
0.000445143
0.000446394
0.000448769
0.000452247
0.000456952
0.000463037
0.000470694
0.000480161
0.000491741
0.000505819
0.000522884
0.000543556
0.000568609
0.000598987
0.000635794
0.000680245
0.000733562
0.000796808
0.000870684
0.000955327
0.00105019
0.00115412
0.00126577
0.00138476
0.00151386
0.00166343
0.00185776
0.00215035
0.00262374
0.00333733
0.00419008
0.00477017
0.00469416
0.00366159
0.00217972
0.000500545
0.000180034
0.00112635
0.00151387
0.0016335
0.00165664
0.00164108
0.00159325
0.00150989
0.00140191
0.00127867
0.00115221
0.00103457
0.000934716
0.000856389
0.00079841
0.000756617
0.000726047
0.000702352
0.000682374
0.000664154
0.000646687
0.000629601
0.000612885
0.000596687
0.000581193
0.000566556
0.000552878
0.000540204
0.000528535
0.000517839
0.00050807
0.000499172
0.00049109
0.000483776
0.000477189
0.000471298
0.000466084
0.000461535
0.000457652
0.000454443
0.000451928
0.00045014
0.000449135
0.000448997
0.000449489
0.000450861
0.000453349
0.000456931
0.000461727
0.000467888
0.0004756
0.000485099
0.000496682
0.000510728
0.000527722
0.000548281
0.00057318
0.000603374
0.000639991
0.000684289
0.000737551
0.000800918
0.000875162
0.000960465
0.00105626
0.00116122
0.00127369
0.00139258
0.00151961
0.0016634
0.00184738
0.00212295
0.00257769
0.00328956
0.00418301
0.00485006
0.0048526
0.00383203
0.00224049
0.000536315
0.00016899
0.00107345
0.00148704
0.00161861
0.00164641
0.00163355
0.00159153
0.00151577
0.0014162
0.00130032
0.00117848
0.00106185
0.000959649
0.000876879
0.000813858
0.000767564
0.000733584
0.000707654
0.00068643
0.000667672
0.0006501
0.000633127
0.000616594
0.000600567
0.000585192
0.000570616
0.000556949
0.000544253
0.000532545
0.000521811
0.000512012
0.0005031
0.000495025
0.00048774
0.000481203
0.000475383
0.000470256
0.00046581
0.000462042
0.000458959
0.000456579
0.000454936
0.000454096
0.000454109
0.000454711
0.00045625
0.000458885
0.000462607
0.000467534
0.000473812
0.000481627
0.000491208
0.000502849
0.000516926
0.000533919
0.000554441
0.000579269
0.000609364
0.00064587
0.000690078
0.000743325
0.000806816
0.000881393
0.000967286
0.00106391
0.00116983
0.00128305
0.00140191
0.00152709
0.00166569
0.00183918
0.00209736
0.00253147
0.00323684
0.00416355
0.00492464
0.00500811
0.00401052
0.00231306
0.000576926
0.000157866
0.00101767
0.0014594
0.00160386
0.00163828
0.00162826
0.00159179
0.00152278
0.00143117
0.00132278
0.00120621
0.0010915
0.000987772
0.000900961
0.000832814
0.000781565
0.000743556
0.000714767
0.000691769
0.000672079
0.000654144
0.000637138
0.000620727
0.000604864
0.000589632
0.000575156
0.000561542
0.000548864
0.000537152
0.000526406
0.000516599
0.000507693
0.000499642
0.000492401
0.00048593
0.000480195
0.000475174
0.00047085
0.000467219
0.000464285
0.000462065
0.000460595
0.000459958
0.000460102
0.000460877
0.00046263
0.000465444
0.00046934
0.000474434
0.000480871
0.000488831
0.000498542
0.000510296
0.000524463
0.000541521
0.000562081
0.000586919
0.000616997
0.000653473
0.000697659
0.000750931
0.000814548
0.000889415
0.000975808
0.00107314
0.00117988
0.00129375
0.00141251
0.0015359
0.0016695
0.0018327
0.00207332
0.00248513
0.00318007
0.00413637
0.00498798
0.00516113
0.00419695
0.00239916
0.000622918
0.000147129
0.000961184
0.00143015
0.00159007
0.00163226
0.00162501
0.00159319
0.00153067
0.00144669
0.00134583
0.00123511
0.00112328
0.00101901
0.000928816
0.000855694
0.000799188
0.00075657
0.000724257
0.000698865
0.000677742
0.00065908
0.000641805
0.000625385
0.000609628
0.000594533
0.000580178
0.000566653
0.000554032
0.000542353
0.000531629
0.000521845
0.00051297
0.000504966
0.000497791
0.000491406
0.000485779
0.000480885
0.000476707
0.000473238
0.00047048
0.000468448
0.000467182
0.000466785
0.000467069
0.000468049
0.000470062
0.000473086
0.000477191
0.000482489
0.000489123
0.00049727
0.000507157
0.000519072
0.000533386
0.000550573
0.000571243
0.00059617
0.000626315
0.00066284
0.00070707
0.000760405
0.000824145
0.000899245
0.000986024
0.00108391
0.00119127
0.00130561
0.00142419
0.0015458
0.00167453
0.00182759
0.00205053
0.00243845
0.00311852
0.00409923
0.00504054
0.00530991
0.00439082
0.00249892
0.000674216
0.000136972
0.000905173
0.00139745
0.00157588
0.001628
0.00162397
0.00159642
0.00153967
0.00146268
0.00136926
0.00126486
0.00115684
0.00105315
0.000960494
0.000882836
0.000820993
0.000773301
0.000736805
0.000708336
0.000685173
0.000665304
0.000647418
0.000630764
0.000614987
0.000599972
0.000585726
0.000572305
0.000559769
0.00054816
0.000537493
0.000527765
0.000518953
0.000511024
0.000503941
0.00049767
0.000492177
0.000487436
0.000483431
0.000480152
0.000477599
0.000475786
0.000474761
0.000474634
0.000475077
0.000476312
0.000478598
0.00048187
0.000486219
0.000491756
0.000498623
0.000506996
0.0005171
0.000529224
0.000543737
0.000561114
0.000581963
0.000607054
0.000637347
0.000673998
0.000718334
0.000771765
0.000835613
0.00091087
0.000997893
0.00109612
0.00120388
0.00131845
0.00143666
0.00155642
0.00168034
0.00182343
0.00202869
0.00239142
0.00305243
0.00405231
0.00508
0.00545306
0.00459176
0.00261357
0.000731158
0.000127365
0.00084989
0.00136119
0.00156217
0.00162539
0.00162465
0.00160154
0.00155018
0.00147928
0.00139295
0.00129515
0.00119181
0.00108989
0.000995895
0.000914451
0.000847486
0.000794453
0.000753199
0.000720949
0.000695057
0.000673388
0.000654423
0.0006372
0.000621181
0.000606113
0.000591909
0.00057857
0.000566126
0.000554606
0.000544026
0.000534386
0.000525668
0.000517846
0.000510887
0.000504758
0.000499429
0.000494872
0.00049107
0.000488011
0.000485694
0.000484134
0.000483414
0.000483514
0.000484176
0.00048573
0.000488297
0.000491847
0.000496472
0.00050228
0.000509413
0.000518047
0.000528409
0.000540785
0.000555548
0.000573173
0.000594265
0.000619593
0.000650108
0.000686956
0.000731451
0.000784997
0.000848921
0.000924234
0.00101132
0.00110965
0.0012175
0.001332
0.00144958
0.00156734
0.00168647
0.00181975
0.00200737
0.00234377
0.00298138
0.00399462
0.0051008
0.00558896
0.00479914
0.00274397
0.000793666
0.000118141
0.000795045
0.00131992
0.00154681
0.001623
0.00162689
0.00160768
0.0015618
0.00149645
0.00141679
0.00132571
0.00122776
0.00112877
0.00103475
0.000950576
0.000879049
0.000820698
0.000774283
0.000737607
0.00070826
0.0006841
0.000663469
0.000645215
0.000628615
0.000613261
0.000598953
0.000585612
0.00057322
0.000561779
0.000551295
0.000541761
0.000533163
0.000525476
0.00051867
0.000512714
0.000507577
0.000503235
0.000499666
0.000496859
0.000494809
0.000493536
0.000493172
0.000493461
0.000494405
0.000496332
0.0004992
0.000503055
0.000507981
0.00051409
0.00052152
0.000530449
0.000541103
0.000553775
0.000568835
0.000586761
0.000608159
0.000633789
0.000664592
0.000701695
0.000746388
0.000800049
0.000863991
0.000939227
0.00102616
0.00112428
0.00123186
0.00134592
0.00146253
0.00157809
0.0016924
0.00181597
0.00198612
0.00229539
0.00290526
0.00392693
0.00510847
0.00571649
0.00501226
0.00289112
0.000861832
0.000109104
0.000740278
0.00127297
0.00152749
0.00161955
0.00163139
0.0016153
0.00157438
0.00151413
0.00144069
0.00135628
0.00126427
0.0011693
0.00107663
0.000991044
0.000915883
0.000852601
0.000800903
0.00075931
0.00072582
0.000698432
0.000675444
0.000655569
0.000637916
0.000621921
0.000607255
0.000593739
0.00058129
0.000569865
0.000559444
0.000550007
0.000541532
0.000533993
0.000527358
0.000521597
0.000516679
0.000512576
0.000509268
0.000506739
0.000504983
0.000504048
0.000504048
0.000504539
0.000505826
0.000508116
0.000511319
0.000515505
0.000520761
0.000527196
0.000534951
0.000544205
0.000555188
0.000568194
0.000583597
0.000601875
0.000623633
0.000649623
0.000680769
0.000718169
0.000763075
0.000816823
0.00088069
0.000955672
0.00104219
0.00113974
0.00124662
0.00135978
0.00147501
0.00158808
0.00169753
0.00181146
0.00196438
0.00224615
0.00282328
0.00384639
0.00510239
0.00583288
0.00523001
0.00305605
0.000935474
0.000100185
0.000685766
0.00122088
0.00150197
0.00161473
0.00163662
0.00162398
0.00158792
0.00153227
0.00146458
0.00138667
0.00130096
0.00121095
0.001121
0.00103549
0.000957956
0.000890541
0.000833812
0.000787083
0.00074891
0.000717587
0.000691499
0.000669305
0.000649996
0.000632868
0.000617457
0.000603479
0.000590764
0.000579209
0.000568753
0.00055935
0.000550962
0.000543551
0.000537082
0.000531518
0.000526825
0.000522976
0.000519944
0.000517711
0.000516268
0.000515743
0.000515964
0.000516769
0.000518479
0.000521117
0.000524671
0.000529208
0.000534814
0.000541598
0.000549704
0.000559312
0.000570656
0.000584033
0.000599821
0.000618498
0.000640663
0.000667058
0.00069858
0.000736292
0.000781394
0.000835159
0.00089881
0.000973309
0.00105907
0.00115564
0.00126132
0.00137304
0.0014864
0.0015966
0.00170048
0.00180541
0.00194146
0.00219563
0.00273609
0.00375078
0.00506884
0.00593481
0.00545046
0.00323956
0.00101442
9.17466e-05
0.000633381
0.00116388
0.00146842
0.00160634
0.00164163
0.00163339
0.00160261
0.00155097
0.00148848
0.00141677
0.00133752
0.00125322
0.00116725
0.00108337
0.001005
0.000934643
0.000873576
0.000821877
0.000778751
0.000742933
0.000713034
0.000687776
0.000666104
0.000647216
0.000630535
0.000615668
0.000602351
0.000590409
0.000579724
0.000570211
0.000561805
0.000554448
0.000548091
0.000542688
0.000538199
0.000534587
0.000531824
0.000529884
0.000528763
0.000528656
0.000529083
0.000530233
0.000532356
0.000535358
0.000539276
0.000544179
0.00055015
0.000557303
0.000565781
0.000575769
0.000587503
0.000601285
0.000617493
0.000636605
0.000659211
0.000686033
0.00071794
0.000755942
0.000801173
0.000854832
0.000918066
0.000991786
0.0010764
0.00117148
0.00127539
0.00138506
0.00149598
0.0016025
0.00170134
0.0017972
0.00191667
0.00214332
0.00264464
0.00364235
0.00501735
0.00602131
0.00567159
0.00344264
0.00109828
8.40854e-05
0.000584876
0.00110257
0.0014257
0.0015905
0.00164217
0.00164054
0.00161751
0.00157019
0.00151241
0.00144655
0.00137377
0.00129571
0.00121481
0.00113406
0.00105652
0.000984753
0.000920486
0.000864445
0.000816495
0.000775906
0.000741647
0.000712626
0.000687847
0.000666479
0.000647874
0.000631547
0.000617148
0.000604422
0.000593189
0.000583311
0.000574684
0.000567221
0.00056085
0.00055551
0.000551146
0.000547712
0.000545171
0.000543481
0.00054272
0.000542865
0.000543554
0.000545094
0.000547571
0.000550932
0.000555214
0.000560484
0.000566829
0.00057436
0.000583224
0.000593611
0.000605758
0.000619968
0.000636621
0.000656186
0.000679241
0.000706483
0.000738736
0.000776952
0.000822185
0.000875542
0.000938081
0.00101065
0.00109363
0.00118665
0.00128814
0.00139508
0.00150243
0.00160486
0.00169909
0.00178586
0.00188921
0.00208872
0.00254924
0.00351804
0.00493884
0.00608696
0.00588978
0.00366581
0.0011866
7.73153e-05
0.000541099
0.00103849
0.00137406
0.00156498
0.001639
0.00164712
0.00163048
0.00158986
0.00153651
0.00147613
0.00140971
0.00133821
0.00126324
0.00118698
0.00111193
0.00104048
0.000974525
0.000915248
0.000863087
0.000817866
0.000779002
0.000745708
0.000717155
0.000692576
0.000671316
0.000652844
0.000636744
0.000622694
0.000610447
0.00059981
0.000590632
0.000582787
0.000576174
0.000570706
0.000566308
0.000562919
0.00056049
0.000558949
0.000558481
0.000558777
0.000559705
0.000561599
0.000564387
0.000568073
0.000572695
0.000578316
0.000585021
0.000592925
0.000602176
0.000612964
0.000625528
0.00064017
0.000657265
0.000677269
0.00070074
0.000728339
0.000760839
0.000799118
0.000844141
0.00089691
0.000958384
0.00102933
0.00111013
0.00120044
0.00129878
0.00140172
0.001505
0.00160418
0.00169257
0.00177039
0.0018583
0.00203136
0.00245003
0.003382
0.0048363
0.00612116
0.00610184
0.0039096
0.00127875
7.13769e-05
0.000501836
0.000972723
0.00131373
0.00152752
0.00162799
0.00164866
0.00163958
0.00160841
0.00156034
0.00150555
0.00144544
0.00138073
0.00131232
0.00124168
0.00117066
0.0011013
0.00103541
0.00097441
0.000919145
0.000869935
0.000826666
0.000788927
0.000756159
0.000727756
0.00070314
0.000681797
0.000663288
0.000647249
0.000633384
0.000621449
0.000611244
0.000602604
0.000595388
0.00058948
0.00058478
0.000581202
0.000578684
0.000577119
0.000576758
0.000577128
0.000578194
0.000580309
0.000583326
0.000587267
0.000592167
0.000598086
0.00060511
0.00061335
0.000622955
0.000634113
0.000647062
0.000662098
0.000679582
0.000699954
0.00072374
0.000751556
0.000784111
0.000822204
0.000866697
0.000918485
0.000978416
0.00104718
0.00112513
0.00121202
0.001306
0.0014043
0.00150396
0.00159807
0.00168051
0.00174977
0.00182321
0.00197099
0.00234752
0.00323472
0.00470942
0.00613339
0.0063039
0.00417363
0.00137395
6.5998e-05
0.000465837
0.000906418
0.00124572
0.0014775
0.00160381
0.00164478
0.00164337
0.0016239
0.00158321
0.00153464
0.00148114
0.00142346
0.00136213
0.00129802
0.00123237
0.00116676
0.00110276
0.00104179
0.000984936
0.00093288
0.000885917
0.000844033
0.000806993
0.000774434
0.000745937
0.000721079
0.000699461
0.000680721
0.000664544
0.000650653
0.000638814
0.000628822
0.000620503
0.000613705
0.0006083
0.000604176
0.000601249
0.000599391
0.000598805
0.00059913
0.000600159
0.000602264
0.000605351
0.000609409
0.000614463
0.000620568
0.000627806
0.000636286
0.000646151
0.000657585
0.000670818
0.000686131
0.00070387
0.000724444
0.000748341
0.00077612
0.000808422
0.000845952
0.000889471
0.000939757
0.000997551
0.00106346
0.00113783
0.00122029
0.00130888
0.00140281
0.00149699
0.00158556
0.00166194
0.00172315
0.0017836
0.00190789
0.0022434
0.0030796
0.00456076
0.00611122
0.00649337
0.00445711
0.00147138
6.10054e-05
0.000432228
0.000840666
0.00117147
0.0014148
0.00156368
0.00163074
0.00164176
0.00163263
0.00160442
0.00156329
0.00151708
0.00146689
0.00141313
0.00135628
0.0012971
0.00123668
0.00117628
0.00111717
0.00106048
0.00100711
0.000957655
0.000912439
0.00087156
0.000834937
0.000802373
0.000773602
0.000748328
0.00072625
0.000707077
0.000690535
0.000676376
0.000664374
0.000654329
0.000646061
0.000639416
0.000634253
0.000630463
0.000627919
0.000626621
0.000626691
0.000627407
0.000629134
0.000632033
0.000635963
0.000640943
0.00064702
0.000654268
0.000662787
0.000672711
0.000684214
0.000697511
0.000712865
0.000730592
0.000751068
0.000774728
0.000802072
0.00083366
0.000870105
0.000912062
0.000960196
0.00101514
0.00107742
0.00114746
0.00122394
0.00130762
0.00139534
0.00148327
0.00156575
0.00163601
0.00168993
0.00173912
0.00184276
0.00213996
0.00292052
0.00439146
0.00603835
0.00666294
0.0047579
0.00157009
5.64215e-05
0.000401121
0.000776848
0.00109305
0.00134075
0.00150809
0.00160016
0.00163298
0.00163295
0.00162009
0.00159064
0.0015533
0.00151159
0.00146612
0.00141726
0.00136546
0.00131144
0.00125613
0.00120058
0.00114585
0.00109288
0.00104247
0.000995181
0.000951389
0.000911288
0.000874923
0.000842231
0.000813069
0.000787248
0.000764551
0.000744749
0.000727614
0.000712926
0.000700478
0.000690077
0.000681548
0.000674734
0.000669496
0.00066571
0.000663256
0.000662248
0.000662461
0.000663462
0.000665662
0.000669052
0.000673571
0.000679245
0.000686136
0.00069433
0.000703948
0.000715145
0.000728116
0.000743098
0.000760372
0.00078027
0.000803172
0.000829509
0.000859759
0.000894443
0.00093411
0.000979322
0.00103061
0.00108841
0.00115274
0.00122383
0.00130066
0.00138127
0.00146218
0.00153811
0.00160241
0.0016502
0.00169064
0.00177779
0.00204122
0.00276363
0.00420416
0.00593081
0.00680695
0.00507061
0.00166921
5.24686e-05
0.000373868
0.00071709
0.00101342
0.00125804
0.00143801
0.00155198
0.00161075
0.00162911
0.00162821
0.00161568
0.00158998
0.00155836
0.00152233
0.00148236
0.00143881
0.0013922
0.00134321
0.00129268
0.00124154
0.00119069
0.00114098
0.00109314
0.00104774
0.00100518
0.000965755
0.000929591
0.000896728
0.000867122
0.000840669
0.000817224
0.000796616
0.000778662
0.000763174
0.000749966
0.000738861
0.000729693
0.000722308
0.000716573
0.000712354
0.000709591
0.000708236
0.000708341
0.000709217
0.000711329
0.000714794
0.000719471
0.000725422
0.000732706
0.000741433
0.000751732
0.000763774
0.000777762
0.000793938
0.000812584
0.000834021
0.000858609
0.000886744
0.000918858
0.000955403
0.000996842
0.00104361
0.00109609
0.00115421
0.00121844
0.00128772
0.00136047
0.00143377
0.00150295
0.00156181
0.00160538
0.00164069
0.00171742
0.00195324
0.00261998
0.00400678
0.00578623
0.00692028
0.00538837
0.00176799
4.96474e-05
0.000352776
0.000664532
0.000936618
0.00117112
0.00135705
0.00148909
0.0015717
0.00161607
0.001633
0.00163486
0.00162677
0.00160853
0.00158358
0.00155373
0.00151947
0.00148124
0.00143962
0.00139531
0.00134912
0.0013019
0.00125448
0.00120764
0.00116209
0.00111838
0.00107697
0.00103817
0.00100219
0.000969135
0.000939038
0.000911859
0.000887513
0.000865878
0.000846813
0.000830165
0.000815773
0.000803482
0.000793141
0.000784613
0.000777766
0.000772495
0.000768716
0.000766372
0.000765502
0.000765851
0.000767156
0.000769968
0.000774164
0.000779698
0.000786724
0.000795312
0.00080561
0.000817788
0.000832041
0.000848599
0.000867724
0.000889705
0.000914861
0.000943539
0.000976104
0.00101293
0.00105438
0.00110077
0.00115207
0.00120871
0.00126978
0.00133418
0.00139969
0.00146242
0.00151704
0.00155929
0.00159567
0.00167426
0.00189646
0.00250258
0.00381657
0.00561992
0.00699545
0.00570832
0.00186611
4.86901e-05
0.00034074
0.000623454
0.000868081
0.00108637
0.00127159
0.00141668
0.00152109
0.00159027
0.00163203
0.00165459
0.00166382
0.00166173
0.00165256
0.00163467
0.00161107
0.00158235
0.00154915
0.00151212
0.00147203
0.00142967
0.00138587
0.00134141
0.00129706
0.00125347
0.0012112
0.00117071
0.00113236
0.00109637
0.00106292
0.00103207
0.00100384
0.000978186
0.000955045
0.000934312
0.000915871
0.000899597
0.000885363
0.000873047
0.000862531
0.000853711
0.000846495
0.00084081
0.000836624
0.00083387
0.000832523
0.000832739
0.000833897
0.000836603
0.000841035
0.000846947
0.000854586
0.00086405
0.000875488
0.000889081
0.000905032
0.000923564
0.000944927
0.000969395
0.000997258
0.00102882
0.00106438
0.00110421
0.00114887
0.00119731
0.00124994
0.0013062
0.00136465
0.00142301
0.00147798
0.00152673
0.00157414
0.00165735
0.00187461
0.00244536
0.00366345
0.00545533
0.00704696
0.00601257
0.00196303
5.05666e-05
0.000341874
0.000599536
0.00081486
0.00101247
0.00119128
0.00134422
0.00146723
0.0015611
0.00163074
0.00167694
0.00170772
0.00172531
0.00173208
0.0017294
0.00171992
0.00170202
0.00167835
0.00164955
0.00161642
0.00157976
0.00154039
0.00149913
0.00145677
0.00141404
0.00137158
0.00132994
0.00128959
0.00125088
0.0012141
0.00117942
0.00114697
0.00111681
0.00108896
0.00106337
0.00104001
0.00101879
0.000999645
0.000982477
0.000967199
0.000953729
0.000941989
0.000931912
0.000923449
0.000916558
0.000911204
0.000907431
0.000905011
0.000904592
0.000905332
0.000907461
0.000911731
0.000917718
0.00092561
0.000935552
0.000947695
0.000962206
0.000979282
0.000999141
0.00102202
0.00104818
0.0010779
0.00111148
0.00114918
0.00119168
0.001239
0.00129088
0.0013465
0.00140424
0.00146165
0.00151666
0.0015736
0.00166988
0.00189196
0.00243255
0.00359295
0.00532521
0.00707542
0.00629416
0.00206026
5.66952e-05
0.000361822
0.000600318
0.000786132
0.00096088
0.00112977
0.00128655
0.00142509
0.00154323
0.00163811
0.00171093
0.00176695
0.00180741
0.0018342
0.00184892
0.0018527
0.00184828
0.00183605
0.00181574
0.00178956
0.00175839
0.00172313
0.00168467
0.00164389
0.00160157
0.00155846
0.00151519
0.00147234
0.00143038
0.00138968
0.00135055
0.00131322
0.00127784
0.00124451
0.00121331
0.00118423
0.00115728
0.00113243
0.00110964
0.00108884
0.00106999
0.00105302
0.00103789
0.00102454
0.00101295
0.00100305
0.000994871
0.000988328
0.000983578
0.000980452
0.000979279
0.000979839
0.000981823
0.000985992
0.000992209
0.00100058
0.00101125
0.00102437
0.00104015
0.00105882
0.00108065
0.00110595
0.00113512
0.00116856
0.00120682
0.00125045
0.0012999
0.00135553
0.00141738
0.00148568
0.00156143
0.00165246
0.00178335
0.00203242
0.00254657
0.00358454
0.00527141
0.00709417
0.0065249
0.00215895
6.87574e-05
0.00040506
0.000626063
0.000789906
0.000945383
0.0011047
0.00126411
0.00141575
0.00155088
0.00166659
0.00176898
0.00185217
0.00191725
0.00196566
0.00199861
0.00201766
0.00202426
0.002021
0.0020099
0.00198916
0.00196174
0.00192878
0.00189136
0.00185046
0.00180704
0.00176193
0.00171588
0.00166955
0.00162352
0.00157828
0.00153421
0.00149164
0.00145081
0.00141189
0.00137501
0.00134027
0.00130771
0.00127734
0.00124916
0.00122313
0.00119922
0.0011774
0.00115762
0.00113982
0.001124
0.00111008
0.00109808
0.00108796
0.00107974
0.00107344
0.00106903
0.00106668
0.00106688
0.00106832
0.00107181
0.00107806
0.00108682
0.00109826
0.00111264
0.00113027
0.00115153
0.00117689
0.00120692
0.00124237
0.00128408
0.00133317
0.00139079
0.00145867
0.00153812
0.00163211
0.001743
0.00188108
0.00206364
0.00235016
0.00284945
0.00378458
0.0052916
0.00713475
0.00665622
0.00226481
8.89677e-05
0.000477265
0.000683637
0.000820878
0.000962344
0.00111669
0.00127732
0.00143575
0.00158601
0.00172792
0.00185397
0.00196025
0.00204667
0.00211371
0.00216234
0.00219405
0.00221034
0.00221247
0.0022064
0.0021905
0.00216482
0.00213247
0.00209472
0.00205275
0.00200763
0.00196029
0.0019116
0.00186228
0.001813
0.0017643
0.00171662
0.00167034
0.00162574
0.00158307
0.00154253
0.00150424
0.00146826
0.00143464
0.00140334
0.00137442
0.00134781
0.00132352
0.00130151
0.00128172
0.00126419
0.00124885
0.00123576
0.0012248
0.00121617
0.00120994
0.00120568
0.00120473
0.00120583
0.00120897
0.00121535
0.00122484
0.00123761
0.00125405
0.00127457
0.00129969
0.00132995
0.00136617
0.0014091
0.00146002
0.00151989
0.00159075
0.0016737
0.00177211
0.00188673
0.00202358
0.00218236
0.00237698
0.00261155
0.00293897
0.00341635
0.00425279
0.00557454
0.00724554
0.00673207
0.00232173
0.000121847
0.000574373
0.000767239
0.000884275
0.00101208
0.00116359
0.00132743
0.00149414
0.00165724
0.00181035
0.00194873
0.00206823
0.00216739
0.00224609
0.00230502
0.00234563
0.00236956
0.00237781
0.00237487
0.00236393
0.00234188
0.00231225
0.00227672
0.00223665
0.0021932
0.0021474
0.00210017
0.00205229
0.00200445
0.00195718
0.00191095
0.00186622
0.00182321
0.00178241
0.00174411
0.00170832
0.00167505
0.00164437
0.0016162
0.00159076
0.00156786
0.0015477
0.0015303
0.00151543
0.00150329
0.00149386
0.00148745
0.00148364
0.00148398
0.00148621
0.00149143
0.0015009
0.00151413
0.00153134
0.00155293
0.00157935
0.001611
0.00164835
0.00169183
0.00174229
0.00180025
0.00186705
0.00194323
0.00203061
0.0021293
0.00224237
0.00236897
0.00251481
0.00267631
0.00286439
0.00306948
0.00331452
0.00358136
0.00393383
0.00436547
0.00509259
0.00613036
0.00743824
0.0067593
0.00234294
0.000165612
0.000679051
0.000850337
0.000966814
0.00110961
0.0012735
0.0014496
0.0016289
0.00180422
0.00196685
0.00211282
0.00223962
0.00234611
0.00243232
0.00249906
0.00254779
0.00258024
0.00259786
0.00260281
0.00259966
0.00258925
0.00256938
0.00254428
0.00251511
0.00248281
0.00244847
0.00241302
0.0023772
0.00234174
0.00230714
0.00227383
0.00224251
0.00221328
0.00218615
0.00216137
0.00213932
0.00212014
0.00210414
0.00209118
0.00208184
0.00207534
0.00207353
0.00207488
0.00207898
0.0020875
0.00210024
0.00211721
0.00213841
0.00216449
0.00219553
0.00223155
0.0022731
0.0023203
0.00237362
0.00243317
0.00249945
0.00257258
0.00265319
0.00274139
0.00283787
0.00294294
0.0030576
0.00318134
0.00331611
0.00346075
0.00361905
0.00378746
0.00397444
0.00416973
0.00439173
0.00461656
0.00488378
0.00514363
0.00549004
0.00583326
0.00642365
0.00706133
0.00774035
0.00667787
0.0022856
0.000204566
0.000755856
0.000983069
0.00119051
0.0014249
0.00167321
0.00192302
0.00216426
0.00238812
0.00258776
0.00276143
0.00290953
0.00303333
0.0031347
0.00321575
0.00327878
0.0033263
0.00336027
0.00338287
0.00339643
0.00340472
0.00340522
0.0034031
0.00339793
0.00339005
0.00338137
0.00337265
0.00336449
0.00335759
0.00335251
0.00334947
0.00334986
0.00335208
0.00335727
0.00336626
0.00337877
0.00339481
0.00341476
0.0034385
0.0034665
0.00349842
0.0035348
0.00357561
0.00362082
0.0036704
0.00372483
0.00378375
0.0038485
0.00391863
0.00399436
0.00407527
0.00416161
0.00425295
0.0043497
0.00445146
0.00455861
0.00467085
0.00478856
0.00491166
0.00504025
0.00517474
0.00531437
0.00546116
0.00561303
0.00577364
0.00594096
0.00612012
0.00630882
0.00650575
0.00671881
0.0069316
0.00717699
0.00740125
0.00769748
0.00790941
0.00827902
0.00827246
0.00794288
0.00624507
0.00208308
0.000240634
0.000976252
0.00157063
0.00223132
0.0028672
0.00348127
0.00405327
0.0045627
0.00499519
0.00534859
0.00562831
0.00584459
0.00600856
0.00613016
0.00621802
0.00627952
0.00632127
0.00634747
0.00636427
0.00637152
0.00637373
0.00637304
0.00637122
0.00636945
0.00636753
0.00636794
0.00636979
0.00637397
0.0063812
0.00639165
0.00640514
0.00642229
0.00644283
0.0064669
0.00649447
0.00652578
0.00656055
0.00659901
0.00664084
0.00668627
0.00673495
0.00678712
0.00684238
0.0069011
0.00696278
0.00702784
0.00709578
0.00716639
0.00723911
0.00731436
0.00739179
0.00747182
0.00755434
0.00763955
0.00772773
0.0078187
0.00791354
0.00801088
0.00811344
0.00821746
0.00832902
0.00843959
0.00856206
0.00867814
0.00881524
0.00893465
0.00908639
0.00919473
0.00935504
0.00944351
0.00960208
0.00966403
0.00979384
0.00978553
0.00972553
0.00947182
0.00886234
0.0075767
0.00489623
0.00179936
0.000147999
0.000290151
0.000445965
0.000605972
0.000761036
0.000907904
0.0010463
0.00117606
0.0012966
0.00140671
0.00150566
0.00159298
0.00166913
0.0017344
0.00178996
0.00183593
0.00187405
0.00190396
0.001928
0.00194525
0.00195821
0.00196559
0.0019706
0.00197055
0.00196923
0.00196603
0.00196063
0.00195384
0.00194606
0.00193761
0.00192872
0.00191962
0.00191058
0.00190164
0.00189312
0.00188493
0.00187747
0.00187046
0.00186445
0.00185894
0.00185465
0.00185085
0.0018485
0.00184652
0.00184627
0.00184671
0.00184807
0.0018501
0.00185417
0.00185802
0.00186435
0.00186991
0.00187857
0.00188575
0.00189693
0.00190568
0.00191965
0.0019299
0.00194699
0.00195863
0.00197915
0.00199204
0.00201606
0.00202997
0.00205701
0.00207232
0.0021035
0.00212286
0.00216093
0.00218467
0.00222624
0.00225361
0.00229512
0.00232367
0.00235625
0.00236811
0.00235373
0.00229261
0.00210439
0.00155009
)
;

boundaryField
{
    movingWall
    {
        type            kqRWallFunction;
        value           nonuniform List<scalar> 
80
(
0.000147999
0.000290151
0.000445965
0.000605972
0.000761036
0.000907904
0.0010463
0.00117606
0.0012966
0.00140671
0.00150566
0.00159298
0.00166913
0.0017344
0.00178996
0.00183593
0.00187405
0.00190396
0.001928
0.00194525
0.00195821
0.00196559
0.0019706
0.00197055
0.00196923
0.00196603
0.00196063
0.00195384
0.00194606
0.00193761
0.00192872
0.00191962
0.00191058
0.00190164
0.00189312
0.00188493
0.00187747
0.00187046
0.00186445
0.00185894
0.00185465
0.00185085
0.0018485
0.00184652
0.00184627
0.00184671
0.00184807
0.0018501
0.00185417
0.00185802
0.00186435
0.00186991
0.00187857
0.00188575
0.00189693
0.00190568
0.00191965
0.0019299
0.00194699
0.00195863
0.00197915
0.00199204
0.00201606
0.00202997
0.00205701
0.00207232
0.0021035
0.00212286
0.00216093
0.00218467
0.00222624
0.00225361
0.00229512
0.00232367
0.00235625
0.00236811
0.00235373
0.00229261
0.00210439
0.00155009
)
;
    }
    fixedWalls
    {
        type            kqRWallFunction;
        value           nonuniform List<scalar> 
240
(
4.3977e-07
2.13927e-06
4.71116e-06
8.2095e-06
1.31614e-05
2.0195e-05
2.99309e-05
4.29505e-05
5.96899e-05
8.03635e-05
0.000105265
0.000135767
0.000169947
0.000206814
0.000245182
0.000283818
0.000321438
0.000357984
0.000391994
0.00042212
0.000447498
0.00046776
0.000482757
0.000492748
0.000497788
0.000497567
0.000494888
0.000488925
0.000479779
0.000467935
0.000453963
0.000438502
0.000421987
0.000404685
0.000387144
0.000369384
0.000355343
0.000342759
0.000330678
0.000318839
0.00030712
0.000295542
0.000284286
0.000273378
0.000262827
0.000252512
0.000242352
0.000232251
0.000222145
0.000211921
0.000201547
0.000190916
0.000180034
0.00016899
0.000157866
0.000147129
0.000136972
0.000127365
0.000118141
0.000109104
0.000100185
9.17466e-05
8.40854e-05
7.73153e-05
7.13769e-05
6.5998e-05
6.10054e-05
5.64215e-05
5.24686e-05
4.96474e-05
4.86901e-05
5.05666e-05
5.66952e-05
6.87574e-05
8.89677e-05
0.000121847
0.000165612
0.000204566
0.000240634
0.000147999
8.94562e-07
4.70768e-06
1.24192e-05
2.02907e-05
2.54864e-05
2.72279e-05
2.64121e-05
2.46379e-05
2.2926e-05
2.19522e-05
2.22806e-05
2.43802e-05
3.01331e-05
4.06544e-05
5.49179e-05
7.19707e-05
9.07626e-05
0.000110494
0.000130934
0.000152172
0.000174712
0.000202536
0.00023967
0.000286717
0.00034141
0.00040261
0.000460139
0.000501361
0.00051853
0.000521342
0.000513823
0.000500628
0.000483426
0.000465253
0.000445096
0.000426014
0.000407703
0.000391937
0.00037873
0.00036897
0.000362881
0.000360036
0.000359277
0.000361439
0.000367157
0.000375436
0.000386931
0.000402041
0.000420616
0.000443018
0.000469659
0.000500545
0.000536315
0.000576926
0.000622918
0.000674216
0.000731158
0.000793666
0.000861832
0.000935474
0.00101442
0.00109828
0.0011866
0.00127875
0.00137395
0.00147138
0.00157009
0.00166921
0.00176799
0.00186611
0.00196303
0.00206026
0.00215895
0.00226481
0.00232173
0.00234294
0.0022856
0.00208308
0.00179936
0.00155009
4.3977e-07
2.25417e-06
5.42095e-06
8.74952e-06
1.13328e-05
1.28728e-05
1.35451e-05
1.37589e-05
1.39764e-05
1.46091e-05
1.59897e-05
1.84632e-05
2.22829e-05
2.7533e-05
3.39946e-05
4.13562e-05
4.92846e-05
5.76404e-05
6.60619e-05
7.42992e-05
8.2486e-05
9.12359e-05
0.000101403
0.000113745
0.00012817
0.000143493
0.000158676
0.000173808
0.000189182
0.000205151
0.000221702
0.000238224
0.000254422
0.00027016
0.000285807
0.000301564
0.00031773
0.000334518
0.000352136
0.000370748
0.000390451
0.0004114
0.000433743
0.000457648
0.000483292
0.000511027
0.000541814
0.000577685
0.000622987
0.000667134
0.000712729
0.00075717
0.000800293
0.000840506
0.000876553
0.000906864
0.000928827
0.000939515
0.000943418
0.000936231
0.000912724
0.000874447
0.000821727
0.000755467
0.000678635
0.000593409
0.000505073
0.000417398
0.000334059
0.000256985
0.000194406
0.00014225
9.97508e-05
6.69262e-05
4.31067e-05
2.67249e-05
1.59727e-05
9.0449e-06
4.21689e-06
8.94562e-07
)
;
    }
    frontAndBack
    {
        type            empty;
    }
}


// ************************************************************************* //
