/*--------------------------------*- C++ -*----------------------------------*\
  =========                 |
  \\      /  F ield         | OpenFOAM: The Open Source CFD Toolbox
   \\    /   O peration     | Website:  https://openfoam.org
    \\  /    A nd           | Version:  13
     \\/     M anipulation  |
\*---------------------------------------------------------------------------*/
FoamFile
{
    format      ascii;
    class       volScalarField;
    location    "3.6";
    object      epsilon;
}
// * * * * * * * * * * * * * * * * * * * * * * * * * * * * * * * * * * * * * //

dimensions      [0 2 -3 0 0 0 0];

internalField   nonuniform List<scalar> 
6400
(
2.03997e-05
0.00010374
0.000244773
0.000392914
0.000511483
0.000588658
0.000631403
0.000656227
0.000681479
0.000724511
0.000799095
0.000916667
0.00108634
0.0013111
0.00158395
0.00189521
0.00223591
0.0026
0.00297331
0.00334699
0.00372348
0.00412577
0.00458754
0.00513936
0.00578478
0.00648419
0.00717783
0.00787927
0.0085936
0.00933791
0.0101184
0.0109172
0.0117002
0.0124717
0.0132271
0.0139892
0.0147611
0.0155601
0.0163918
0.017268
0.0181924
0.0191727
0.0202167
0.0213301
0.0225153
0.0237787
0.0251462
0.0266854
0.0285318
0.0306906
0.0327532
0.0348821
0.0369182
0.0388697
0.0406394
0.0421723
0.0433835
0.0440312
0.0442952
0.0442474
0.0433662
0.0417876
0.0395044
0.0365651
0.0330746
0.0291503
0.0249988
0.0208278
0.0168204
0.0130879
0.00986307
0.00725892
0.00513067
0.00346915
0.00224854
0.00139779
0.000831755
0.000464473
0.000212604
4.48472e-05
9.91786e-05
9.49691e-05
0.000150993
0.000217824
0.000272054
0.000310188
0.000335595
0.00035472
0.000375476
0.000407251
0.000459269
0.000541032
0.000662033
0.000829779
0.00104833
0.00132121
0.00165261
0.00204824
0.00251295
0.00305412
0.00368416
0.00441019
0.0052665
0.00627979
0.00745028
0.0087584
0.0102245
0.0117224
0.0131842
0.014542
0.0157135
0.0166604
0.0174072
0.0179575
0.0183593
0.0186433
0.0188449
0.0189966
0.0191232
0.0192444
0.019378
0.0195439
0.019749
0.0199786
0.0202282
0.0205121
0.0208648
0.0212883
0.0217714
0.0223262
0.0229133
0.0235286
0.0241465
0.0247413
0.0252805
0.0257245
0.0259754
0.0260582
0.0259637
0.0256294
0.02495
0.0239584
0.022621
0.020957
0.0190225
0.0168884
0.014654
0.0124164
0.0102766
0.00830616
0.00659182
0.00514893
0.00392479
0.00289148
0.00203827
0.00135659
0.000836255
0.00046751
0.000238741
0.000234716
0.000217436
0.000167847
0.000215089
0.000269311
0.000308027
0.000334641
0.000356496
0.000381738
0.000419714
0.000482075
0.000582067
0.000735324
0.000957468
0.00126173
0.00165886
0.00216113
0.00277951
0.00352507
0.00440577
0.00542648
0.00658906
0.00789232
0.00929856
0.0107345
0.0120931
0.0132514
0.0140776
0.014642
0.015007
0.0152518
0.0154558
0.0155522
0.0155574
0.0153858
0.0152184
0.0150325
0.0148672
0.014731
0.0146549
0.0146268
0.0146315
0.0147228
0.0148638
0.0150936
0.0154135
0.0158218
0.0162954
0.0168383
0.0174417
0.0181044
0.0188154
0.0195645
0.020337
0.0211129
0.0218676
0.0225665
0.0231665
0.0236092
0.0238109
0.0238381
0.0235538
0.0229019
0.0218619
0.0204502
0.0187261
0.0167626
0.0146508
0.012499
0.010405
0.00845819
0.00672936
0.00525374
0.00402905
0.00303133
0.00222757
0.00158338
0.00106991
0.00066857
0.000416585
0.000610243
0.000374821
0.000284303
0.000335167
0.000387819
0.000423401
0.000451134
0.000482482
0.000529867
0.00060782
0.000734346
0.000932327
0.00122576
0.00163636
0.00218097
0.00287167
0.00371629
0.00471915
0.00587215
0.00714891
0.0085003
0.00985575
0.0111259
0.0122137
0.0130262
0.0135041
0.0137295
0.0138143
0.0138222
0.0136189
0.0132799
0.0128863
0.0124557
0.0121351
0.0118751
0.0116609
0.0115011
0.0114167
0.0113855
0.0113926
0.0114858
0.0116303
0.0118454
0.0121204
0.0124641
0.0128717
0.0133436
0.0138778
0.014477
0.0151392
0.0158638
0.0166473
0.0174834
0.0183628
0.0192708
0.0201859
0.0210783
0.0219085
0.0226305
0.0231742
0.023433
0.0234828
0.0231663
0.0225111
0.0214371
0.0198839
0.0179953
0.0158536
0.0135829
0.0113124
0.00916458
0.00723787
0.00559281
0.00424646
0.00318048
0.00235389
0.00171765
0.00122219
0.00083509
0.000602287
0.000981318
0.00059193
0.000443989
0.000493223
0.000547122
0.000588773
0.00063049
0.000688038
0.000780136
0.000929869
0.00116545
0.00151824
0.00201719
0.0026829
0.0035246
0.00454006
0.00571381
0.00701201
0.00837417
0.00971215
0.0109171
0.0118903
0.0125172
0.0128088
0.0129045
0.0128907
0.012592
0.0120857
0.0115421
0.0110228
0.0105934
0.0101968
0.00987305
0.00962716
0.00943915
0.009313
0.00925226
0.00923276
0.00925188
0.00933333
0.00946015
0.00963296
0.0098533
0.0101196
0.0104345
0.0107983
0.0112142
0.0116849
0.0122141
0.0128046
0.0134599
0.0141823
0.0149725
0.0158286
0.0167452
0.0177123
0.0187132
0.0197177
0.0206875
0.0215736
0.0223113
0.0227565
0.0229146
0.0227246
0.0221221
0.0210727
0.0194386
0.0173859
0.0150559
0.012602
0.0101902
0.00797319
0.00606185
0.00450803
0.00330543
0.00240688
0.00174668
0.00125817
0.000901909
0.000718747
0.00122009
0.000894416
0.000653082
0.000692102
0.000751446
0.000810078
0.000880947
0.000985274
0.00115027
0.00140918
0.00179929
0.00235586
0.00310318
0.0040473
0.00517278
0.00644186
0.00779237
0.00913536
0.0103577
0.0113465
0.0119575
0.0122229
0.0122935
0.0121502
0.0117187
0.0110886
0.0104409
0.00987812
0.00935872
0.00892148
0.00855915
0.00825834
0.00802572
0.0078493
0.00772201
0.00764503
0.00760981
0.00759997
0.00762237
0.00768474
0.00777413
0.00789449
0.00804437
0.00822476
0.0084373
0.00868434
0.00896953
0.00929744
0.00967371
0.0101051
0.0105994
0.0111649
0.0118102
0.0125426
0.0133678
0.0142876
0.0152986
0.0163927
0.0175446
0.018725
0.0198777
0.0209258
0.0217679
0.0221795
0.0222726
0.0218712
0.0209343
0.0192174
0.0169997
0.0144415
0.0117507
0.00915495
0.00685047
0.00496016
0.0035163
0.00247519
0.00174861
0.0012446
0.000902331
0.000764337
0.00130291
0.00130751
0.000916912
0.000940047
0.00101166
0.00110047
0.00121782
0.00139223
0.00166043
0.00206415
0.00264369
0.00342735
0.00442027
0.00559755
0.00690264
0.00824948
0.00952768
0.0106132
0.0113574
0.011696
0.0117916
0.0116638
0.0111998
0.0105136
0.00980881
0.00915968
0.00857767
0.00808593
0.0076634
0.00731779
0.00703341
0.00680391
0.00662372
0.00648355
0.00637836
0.00630344
0.00625499
0.00623188
0.00622506
0.00623756
0.00627135
0.00632232
0.00639193
0.00648078
0.00659057
0.00672358
0.00688301
0.00707281
0.00729835
0.00756624
0.00788471
0.00826368
0.00871533
0.00925533
0.00989955
0.0106648
0.0115663
0.0126166
0.0138138
0.0151426
0.0165806
0.018071
0.0195341
0.0208474
0.021743
0.0221023
0.0220794
0.0212147
0.0194112
0.0169566
0.0140716
0.011056
0.00822305
0.0058193
0.00396677
0.00265622
0.00178722
0.00122844
0.000884302
0.000760774
0.00127132
0.00185448
0.00123915
0.00124449
0.00134011
0.00147285
0.00165459
0.00192174
0.00231874
0.00288988
0.00366774
0.00465966
0.00583726
0.00713292
0.00844395
0.00964407
0.0106027
0.0111277
0.0113141
0.0113206
0.0109462
0.0102627
0.00950142
0.00878205
0.00812923
0.00756541
0.00708494
0.00668381
0.00634726
0.00607047
0.00584107
0.00565333
0.00550036
0.00537618
0.0052768
0.00519866
0.00513915
0.00509578
0.00506801
0.00505527
0.0050519
0.00506228
0.00508751
0.00512616
0.00518017
0.00525089
0.0053407
0.00545213
0.00558882
0.00575502
0.00595624
0.00620008
0.00649568
0.00685501
0.00729346
0.00783187
0.00849737
0.00932026
0.0103332
0.011556
0.0130077
0.0146689
0.0164851
0.0183793
0.0201954
0.0217107
0.0224658
0.0226947
0.0219549
0.0199958
0.0171897
0.0138612
0.0104393
0.00734323
0.00486189
0.00308632
0.00194014
0.00125485
0.000868251
0.000741966
0.00120419
0.00255255
0.0016229
0.00161284
0.00174644
0.00193571
0.00219761
0.00257434
0.00311292
0.00385076
0.00480026
0.00593559
0.00718672
0.00844355
0.00957081
0.0104163
0.0108224
0.0109457
0.0107917
0.0102411
0.00945998
0.00868601
0.00795191
0.00731058
0.00675811
0.00629328
0.00590311
0.00557733
0.00530455
0.00507754
0.00488786
0.00473055
0.00460029
0.00449325
0.00440642
0.00433726
0.00428371
0.00424428
0.00421833
0.00420583
0.00420181
0.00420809
0.00422818
0.00425877
0.00430194
0.00435817
0.00442916
0.0045164
0.00462229
0.00474964
0.00490191
0.00508263
0.00529686
0.00555071
0.00585252
0.00621315
0.00664984
0.0071877
0.00786886
0.0087494
0.00988952
0.0113482
0.0131321
0.0152267
0.0175286
0.0198846
0.0219914
0.0232265
0.0236918
0.0230514
0.0208285
0.0175354
0.0136534
0.00978041
0.00644818
0.00395632
0.0023214
0.00137344
0.000886021
0.000724548
0.00115112
0.00341129
0.00207343
0.00205414
0.00223313
0.00249029
0.00284264
0.00333457
0.00400825
0.00488385
0.00594331
0.00712173
0.0083099
0.00936974
0.0101247
0.0104662
0.0105562
0.0102819
0.00962662
0.00882426
0.00802059
0.00729308
0.00665367
0.00611413
0.0056592
0.00527958
0.00496189
0.00469654
0.00447494
0.00429086
0.00413848
0.00401373
0.00391268
0.00383238
0.0037702
0.00372394
0.00369157
0.00367389
0.00366664
0.0036657
0.00367725
0.0036976
0.00372791
0.00376731
0.00381689
0.0038771
0.00394908
0.0040338
0.00413288
0.00424802
0.00438131
0.00453522
0.00471288
0.00491817
0.00515615
0.0054335
0.00575706
0.00613926
0.00659776
0.0071616
0.00787955
0.00884026
0.0101836
0.011998
0.014277
0.0169635
0.019867
0.0226005
0.0243159
0.0249859
0.0243584
0.0217199
0.0177892
0.0132689
0.00896279
0.0054906
0.00309773
0.00167566
0.000969677
0.000734965
0.0011521
0.00445495
0.00260241
0.00257054
0.00279938
0.00312973
0.0035735
0.00417133
0.00495237
0.00591106
0.00699425
0.00810095
0.00909643
0.00979547
0.0101017
0.010168
0.00981803
0.00912202
0.00831377
0.00750036
0.00676596
0.00613352
0.00559814
0.00515265
0.00478066
0.00447181
0.00421511
0.00400298
0.00382884
0.00368755
0.0035745
0.00348592
0.00341831
0.00336875
0.00333451
0.00331506
0.00330661
0.00330487
0.00331274
0.00332838
0.00335213
0.00338277
0.00342107
0.00346703
0.00352155
0.00358535
0.00365956
0.00374535
0.00384423
0.00395773
0.00408757
0.00423554
0.00440358
0.00459375
0.00480835
0.00505022
0.0053233
0.00563373
0.00599136
0.00641055
0.00691151
0.00753416
0.00835275
0.00950304
0.011235
0.0136416
0.0166716
0.020124
0.0235236
0.0256675
0.0264786
0.0257023
0.0224462
0.0177189
0.0125334
0.00790499
0.00445898
0.00229779
0.00118628
0.000789613
0.0012116
0.00571511
0.0032208
0.0031588
0.00343637
0.00383808
0.00436328
0.00504233
0.00588458
0.0068549
0.00786761
0.00879767
0.00946335
0.00975275
0.00980443
0.00943574
0.00873445
0.00791587
0.00709917
0.00635721
0.00572244
0.00519053
0.00474863
0.00438385
0.00408244
0.00383521
0.00363353
0.00347114
0.00334233
0.00324228
0.00316655
0.00311126
0.00307283
0.00304883
0.00303731
0.00303344
0.00303465
0.00304432
0.00305942
0.00308002
0.0031061
0.00313774
0.00317569
0.00322061
0.00327359
0.00333577
0.00340848
0.00349322
0.00359166
0.0037055
0.00383655
0.00398659
0.00415734
0.00435038
0.00456701
0.00480828
0.00507505
0.00536849
0.00569099
0.00604814
0.00645217
0.00692524
0.00749526
0.00822988
0.00926096
0.0108435
0.0133211
0.0166626
0.0206834
0.0247667
0.0272096
0.0280472
0.0268759
0.022734
0.0170809
0.0113144
0.00658182
0.00338377
0.00163599
0.000940401
0.00139949
0.00712632
0.00390779
0.00380629
0.00412812
0.00459194
0.00517786
0.00590054
0.00674611
0.00765147
0.00850799
0.00914712
0.00942888
0.00947993
0.0091267
0.00844605
0.0076267
0.00680155
0.00605062
0.00540706
0.00487216
0.00443122
0.00406965
0.00377461
0.00353512
0.00334313
0.00319127
0.00307357
0.00298442
0.00291885
0.00287232
0.00284082
0.00282109
0.00281131
0.00280742
0.00280677
0.00281124
0.00281989
0.00283201
0.00284798
0.00286828
0.00289363
0.00292501
0.0029635
0.00301039
0.00306707
0.00313509
0.00321612
0.00331202
0.00342472
0.00355628
0.00370878
0.00388427
0.00408461
0.00431128
0.00456515
0.00484631
0.00515392
0.00548646
0.00584261
0.00622331
0.00663588
0.0071008
0.00764814
0.00833559
0.0092935
0.0107851
0.0133048
0.0169814
0.0215983
0.0263513
0.0288426
0.0295671
0.027598
0.0222729
0.0156768
0.00956389
0.00505645
0.00240751
0.00126169
0.00180773
0.00864983
0.00464848
0.00449673
0.00485344
0.00536302
0.00598019
0.00670048
0.00748692
0.00825437
0.00886141
0.00914305
0.00920514
0.00888778
0.00824526
0.00743588
0.00660125
0.00583468
0.00517664
0.0046315
0.0041863
0.0038244
0.00353211
0.00329806
0.00311293
0.00296906
0.0028594
0.00277779
0.00271851
0.0026765
0.00264736
0.00262749
0.00261415
0.0026052
0.0025988
0.00259508
0.00259365
0.00259361
0.00259705
0.00260361
0.00261436
0.00263054
0.0026531
0.00268329
0.00272246
0.00277206
0.00283365
0.00290898
0.00299998
0.00310876
0.00323762
0.00338905
0.00356563
0.0037699
0.00400417
0.00427018
0.00456873
0.00489922
0.00525932
0.00564486
0.00605064
0.00647253
0.00691214
0.00738705
0.00793223
0.0085995
0.00952716
0.011014
0.0136105
0.0176924
0.0230019
0.0281598
0.0304982
0.0309108
0.02751
0.0207845
0.0134158
0.00739298
0.00356247
0.0017829
0.00241172
0.0102378
0.00542438
0.00521022
0.0055879
0.00612126
0.00673486
0.00740411
0.00807265
0.00864051
0.00892313
0.00898885
0.00872085
0.00812399
0.00733551
0.00649279
0.0057045
0.0050237
0.00446079
0.00400438
0.00363712
0.00334342
0.00311094
0.00292936
0.00278993
0.00268494
0.00260726
0.00255062
0.00250945
0.00247909
0.00245583
0.00243693
0.00242054
0.00240548
0.00239127
0.00237817
0.00236636
0.00235643
0.00235022
0.0023477
0.00234814
0.00235557
0.00236995
0.00239242
0.00242422
0.00246668
0.00252128
0.0025897
0.00267382
0.00277584
0.00289822
0.00304378
0.00321561
0.00341702
0.00365135
0.00392171
0.00423048
0.00457873
0.00496551
0.00538707
0.00583654
0.00630447
0.00678104
0.00726136
0.00775942
0.00831605
0.00898188
0.00991518
0.0114523
0.0142321
0.0188182
0.0249531
0.0302422
0.0322243
0.0317889
0.0262348
0.0180808
0.0104475
0.0051427
0.00251536
0.0031747
0.0118358
0.00621425
0.00592496
0.00630624
0.00683832
0.00741308
0.00798814
0.00849543
0.00877442
0.00883668
0.00862706
0.00807863
0.00731919
0.00647292
0.00565818
0.00494553
0.00435542
0.0038797
0.00350044
0.0032002
0.00296482
0.00278282
0.00264429
0.00254054
0.00246371
0.00240682
0.00236393
0.00233015
0.00230174
0.00227606
0.00225147
0.0022271
0.00220275
0.00217872
0.00215563
0.00213421
0.00211541
0.00210023
0.00208997
0.00208541
0.00208477
0.00209281
0.00210926
0.00213491
0.00217099
0.00221877
0.00227978
0.00235581
0.00244896
0.00256178
0.00269722
0.00285874
0.00305025
0.00327603
0.00354054
0.00384801
0.00420185
0.00460373
0.00505253
0.00554312
0.00606557
0.00660547
0.00714647
0.00767687
0.00820772
0.00878377
0.00946477
0.0104363
0.0120996
0.015219
0.0204213
0.0274278
0.032414
0.0338269
0.0313753
0.0234043
0.0142764
0.00721236
0.00347708
0.00404685
0.0133941
0.00699627
0.00661929
0.00698477
0.00749008
0.00799358
0.00843771
0.00869678
0.00875492
0.00859948
0.00810804
0.00738303
0.00653929
0.00569661
0.00494303
0.00431469
0.00380965
0.00341034
0.00309722
0.00285389
0.00266718
0.00252593
0.00242036
0.00234177
0.00228257
0.00223635
0.00219804
0.00216384
0.00213122
0.00209873
0.00206574
0.00203227
0.00199881
0.00196612
0.00193507
0.00190659
0.00188159
0.00186093
0.00184536
0.00183672
0.0018335
0.00183609
0.00184851
0.00186941
0.00190013
0.00194169
0.00199542
0.00206294
0.00214622
0.00224769
0.00237031
0.00251765
0.00269395
0.0029041
0.00315363
0.00344839
0.00379409
0.00419551
0.00465526
0.00517216
0.00573949
0.00634349
0.00696355
0.0075752
0.00815949
0.00872782
0.00932672
0.0100359
0.0110898
0.0129902
0.0167026
0.0227695
0.0305542
0.0343782
0.0348726
0.0290092
0.0189233
0.00985988
0.00469633
0.00498124
0.0148735
0.00775039
0.00727301
0.00760296
0.00805773
0.0084626
0.00870861
0.00877099
0.00863539
0.00820678
0.00752523
0.00669049
0.00582191
0.0050204
0.00434164
0.00379521
0.00336582
0.00303213
0.00277495
0.00257887
0.00243119
0.00232091
0.0022384
0.00217536
0.0021249
0.00208166
0.00204177
0.00200273
0.00196321
0.00192279
0.00188168
0.00184051
0.00180014
0.00176151
0.00172556
0.00169311
0.00166495
0.00164171
0.00162398
0.00161334
0.00160889
0.00160853
0.00161812
0.00163554
0.00166187
0.00169797
0.00174496
0.00180425
0.00187762
0.00196732
0.00207613
0.00220753
0.00236576
0.00255599
0.00278428
0.00305762
0.00338355
0.00376966
0.00422246
0.00474577
0.0053384
0.00599152
0.00668635
0.00739384
0.00807861
0.00871255
0.00930933
0.0099322
0.0106934
0.0118955
0.0142126
0.0188349
0.0262116
0.0336762
0.0363028
0.0341818
0.0243026
0.0131954
0.00620106
0.00593453
0.0162634
0.00846123
0.00786974
0.00814508
0.00853009
0.00878688
0.0088628
0.008735
0.0083759
0.00774128
0.00692587
0.00603654
0.00518389
0.00444303
0.00384099
0.00336914
0.00300526
0.00272711
0.00251635
0.00235823
0.00224032
0.00215188
0.00208377
0.00202852
0.00198036
0.00193523
0.00189059
0.00184517
0.00179867
0.00175142
0.00170418
0.00165788
0.00161349
0.00157194
0.00153401
0.00150038
0.00147157
0.00144802
0.0014301
0.00141876
0.00141365
0.00141264
0.00142004
0.00143488
0.00145763
0.00148902
0.00152998
0.00158175
0.00164588
0.00172437
0.00181974
0.00193521
0.00207483
0.00224362
0.00244778
0.00269476
0.00299323
0.00335282
0.00378335
0.00429345
0.00488833
0.00556665
0.00631668
0.00711299
0.00791551
0.00867507
0.009353
0.0099573
0.0105982
0.0114501
0.0129008
0.0158991
0.0217378
0.0306944
0.0365492
0.0375308
0.0300932
0.0173317
0.00802053
0.00693555
0.017508
0.0091129
0.00839632
0.0086004
0.0088836
0.00899585
0.00891335
0.0086088
0.0080281
0.00724208
0.00634253
0.00544029
0.00462857
0.00395567
0.00342609
0.00301985
0.00271176
0.00247989
0.00230669
0.00217786
0.00208134
0.00200695
0.00194644
0.0018935
0.00184371
0.00179437
0.00174417
0.00169284
0.00164081
0.0015889
0.0015381
0.0014894
0.0014437
0.00140174
0.00136409
0.0013312
0.00130336
0.00128081
0.0012637
0.00125263
0.00124753
0.00124634
0.00125226
0.00126506
0.0012848
0.00131212
0.00134781
0.00139293
0.00144881
0.0015172
0.00160033
0.00170107
0.0018231
0.0019711
0.00215101
0.00237021
0.00263777
0.0029644
0.00336219
0.00384365
0.00441986
0.00509746
0.00587425
0.00673395
0.00764156
0.00854235
0.00937071
0.0100952
0.0106801
0.0113414
0.0123371
0.0142282
0.0184121
0.0260523
0.0353668
0.0389087
0.0356639
0.0223356
0.0102242
0.00795989
0.0185758
0.0096933
0.00884339
0.00896154
0.00912018
0.00912238
0.00887357
0.00837523
0.00763411
0.00673864
0.00579545
0.00490926
0.00415163
0.00354663
0.00308249
0.00273283
0.00247159
0.00227756
0.00213384
0.00202663
0.00194446
0.00187807
0.00182038
0.00176645
0.00171323
0.00165924
0.00160418
0.00154848
0.00149302
0.00143882
0.00138688
0.00133807
0.00129309
0.00125245
0.00121649
0.00118542
0.00115937
0.00113839
0.00112251
0.0011121
0.00110723
0.001106
0.00111079
0.00112182
0.00113896
0.00116275
0.00119386
0.0012332
0.00128192
0.00134151
0.00141393
0.00150168
0.00160801
0.00173713
0.00189447
0.002087
0.00232356
0.00261513
0.00297492
0.00341799
0.00396007
0.00461506
0.00539079
0.00628296
0.00726782
0.00829591
0.00929141
0.0101666
0.0109009
0.0114556
0.0121795
0.0134273
0.0161161
0.0220302
0.0321028
0.0391658
0.0399284
0.028165
0.0129592
0.00911617
0.019442
0.0101924
0.00920276
0.0092171
0.00927638
0.00914349
0.0087577
0.00808673
0.00721876
0.00625109
0.00529529
0.00444357
0.00374507
0.00320393
0.00279736
0.00249581
0.00227337
0.00210961
0.0019883
0.00189629
0.00182299
0.00176032
0.00170254
0.00164608
0.00158913
0.00153123
0.00147277
0.00141462
0.00135782
0.00130339
0.00125217
0.00120485
0.00116186
0.0011235
0.0010899
0.00106109
0.00103706
0.00101775
0.00100311
0.000993341
0.000988682
0.000987397
0.000991168
0.00100059
0.00101542
0.00103612
0.00106326
0.00109763
0.0011402
0.00119228
0.00125554
0.00133215
0.00142494
0.00153759
0.00167495
0.00184335
0.002051
0.00230853
0.00262927
0.00302952
0.00352798
0.00414419
0.00489504
0.00578882
0.00681683
0.00794359
0.00909905
0.010181
0.0110959
0.0117527
0.0122642
0.0131501
0.0148926
0.0190949
0.0275808
0.0383555
0.0420378
0.0345648
0.0164607
0.0106114
0.0200935
0.0106126
0.00946885
0.00938344
0.0093498
0.00910124
0.008563
0.00776336
0.00680133
0.00579221
0.0048461
0.00403917
0.00339975
0.00291652
0.00255978
0.00229865
0.00210787
0.00196781
0.001863
0.00178113
0.00171275
0.00165109
0.00159178
0.00153249
0.00147246
0.00141193
0.00135172
0.0012929
0.00123647
0.00118331
0.00113406
0.00108913
0.00104877
0.00101306
0.000981966
0.000955414
0.000933288
0.000915478
0.000901899
0.000892577
0.000887997
0.000886591
0.000889355
0.000897275
0.000910026
0.000927994
0.00095169
0.00098178
0.00101913
0.00106484
0.00112037
0.00118757
0.00126889
0.00136753
0.00148772
0.00163507
0.00181701
0.00204336
0.00232693
0.0026841
0.00313501
0.00370289
0.0044117
0.00528114
0.00631811
0.00750494
0.0087863
0.0100604
0.0111875
0.0120813
0.0126259
0.0131249
0.0143435
0.0170954
0.0237197
0.0356185
0.0427984
0.0407119
0.0209124
0.0125676
0.0205374
0.010953
0.00965333
0.00946853
0.00933916
0.0089906
0.00832451
0.00742236
0.00639534
0.00536903
0.00444759
0.00369003
0.00310667
0.00267482
0.00236067
0.00213315
0.00196784
0.00184595
0.00175289
0.00167742
0.00161135
0.00154924
0.001488
0.00142635
0.00136428
0.00130251
0.00124207
0.00118398
0.00112915
0.0010782
0.00103156
0.000989425
0.000951842
0.000918746
0.000890005
0.000865462
0.00084496
0.000828364
0.000815576
0.000806529
0.000801845
0.000800239
0.000801996
0.000808499
0.000819369
0.000834929
0.000855628
0.000882051
0.000914949
0.000955287
0.00100431
0.00106362
0.00113532
0.00122218
0.00132787
0.00145727
0.00161698
0.00181583
0.00206568
0.00238222
0.00278571
0.00330121
0.00395752
0.00478361
0.00580125
0.00701274
0.00838457
0.0098307
0.0112062
0.0123516
0.0130702
0.013497
0.0141946
0.0160505
0.0209453
0.0313574
0.0428911
0.0452758
0.0265955
0.0148967
0.0207817
0.011214
0.00975997
0.00947342
0.00927866
0.00881715
0.00805589
0.00707724
0.00600977
0.00498457
0.00409699
0.00338953
0.00285766
0.0024707
0.00219264
0.00199282
0.00184772
0.0017395
0.00165457
0.0015829
0.00151759
0.00145447
0.00139152
0.00132831
0.00126535
0.00120358
0.00114406
0.00108771
0.00103518
0.000986923
0.000943118
0.000903792
0.00086885
0.000838125
0.000811426
0.000788559
0.000769353
0.00075367
0.000741416
0.000732533
0.000727562
0.000725688
0.000726466
0.000731642
0.000740818
0.000754255
0.000772351
0.000795623
0.000824731
0.000860517
0.000904062
0.000956758
0.00102042
0.00109743
0.00119096
0.00130525
0.00144606
0.00162123
0.00184146
0.00212126
0.00248013
0.00294338
0.00354239
0.00431264
0.0052881
0.00648998
0.00790909
0.00948376
0.0110803
0.0124948
0.0134997
0.0139816
0.0143684
0.0155878
0.0189008
0.0274264
0.0415374
0.0475697
0.0336909
0.0175629
0.0208024
0.0113981
0.00980289
0.00943685
0.00915074
0.008605
0.00776973
0.00673786
0.00565007
0.00463909
0.00379027
0.0031312
0.00264564
0.00229749
0.00204978
0.00187258
0.00174335
0.00164525
0.00156583
0.00149627
0.00143094
0.00136679
0.0013027
0.00123882
0.00117597
0.00111517
0.00105738
0.00100332
0.000953451
0.000907993
0.000866962
0.000830246
0.000797655
0.000768968
0.000743963
0.000722437
0.000704226
0.000689204
0.000677291
0.000668441
0.000663081
0.000660887
0.000660784
0.000664715
0.000672372
0.000683944
0.000699781
0.000720342
0.000746212
0.000778134
0.000817055
0.000864188
0.00092111
0.000989884
0.00107325
0.00117489
0.0012998
0.00145485
0.00164956
0.00189707
0.00221552
0.00262945
0.00317092
0.00387935
0.00479802
0.00596496
0.0073957
0.00905796
0.0108423
0.0125422
0.0139044
0.0145623
0.0148689
0.0154799
0.0177514
0.0243732
0.0384338
0.0484223
0.0414024
0.0204291
0.0207044
0.0115205
0.00979253
0.00934441
0.00897701
0.00836518
0.00747601
0.00641114
0.00531898
0.00433117
0.00352293
0.00290912
0.00246459
0.00214973
0.0019274
0.00176855
0.00165167
0.001561
0.00148524
0.0014168
0.00135118
0.0012863
0.00122172
0.00115798
0.00109603
0.00103685
0.000981249
0.000929742
0.000882588
0.000839828
0.000801346
0.00076694
0.000736363
0.000709369
0.000685731
0.000665257
0.000647796
0.000633245
0.000621542
0.000612666
0.000606806
0.000604074
0.000603476
0.000606214
0.00061252
0.00062246
0.000636337
0.00065456
0.000677654
0.000706279
0.000741272
0.000783704
0.000834952
0.000896816
0.000971675
0.00106272
0.0011743
0.00131241
0.00148541
0.00170504
0.00198781
0.00235675
0.00284326
0.00348831
0.00434123
0.00545338
0.00686297
0.00856937
0.0104992
0.0124728
0.0141934
0.0151296
0.0154975
0.0157737
0.0172151
0.0220821
0.0347226
0.0484772
0.0484461
0.0230415
0.0204771
0.0116021
0.0097491
0.00920219
0.00877018
0.00810744
0.00718242
0.00610164
0.00501741
0.00405843
0.0032905
0.0027181
0.00230951
0.00202304
0.00182182
0.00167778
0.00157048
0.00148523
0.00141191
0.00134406
0.00127821
0.00121302
0.00114855
0.00108558
0.00102508
0.000967916
0.000914703
0.000865773
0.000821211
0.000780919
0.000744691
0.000712266
0.000683373
0.000657762
0.000635215
0.000615558
0.000598661
0.00058444
0.000572848
0.000563877
0.000557552
0.000554294
0.000553282
0.000554986
0.000560103
0.000568622
0.000580799
0.000597004
0.000617707
0.000643501
0.000675137
0.000713565
0.000760006
0.000816042
0.000883754
0.000965925
0.00106634
0.00119021
0.00134487
0.0015407
0.00179253
0.0021215
0.00255743
0.00314107
0.00392505
0.00497046
0.00633493
0.00804769
0.0100715
0.012259
0.0143241
0.0157075
0.0162026
0.0163456
0.0170551
0.0204015
0.0307548
0.0481188
0.0534175
0.0248956
0.0201269
0.0116414
0.00965982
0.00902834
0.00853997
0.00783994
0.00689474
0.0058121
0.00474499
0.00381802
0.00308879
0.00255365
0.00217629
0.00191389
0.00173017
0.00159805
0.00149816
0.00141689
0.00134523
0.00127777
0.00121186
0.00114679
0.00108295
0.0010212
0.000962477
0.000907493
0.000856684
0.00081021
0.000768019
0.000729914
0.00069563
0.000664875
0.000637375
0.000612888
0.000591212
0.000572195
0.000555729
0.000541742
0.000530201
0.0005211
0.000514461
0.00051068
0.000509294
0.00051013
0.000514214
0.0005215
0.000532206
0.000546662
0.000565296
0.000588646
0.00061739
0.000652384
0.00069472
0.000745804
0.000807475
0.000882175
0.000973212
0.00108514
0.00122437
0.00140004
0.00162532
0.00191936
0.00230983
0.002836
0.00355134
0.00452318
0.00582475
0.00751339
0.00959144
0.0119548
0.0143502
0.0162144
0.0169552
0.0170883
0.0172792
0.01956
0.0277602
0.0459622
0.0558982
0.0256819
0.0196669
0.0116394
0.00954154
0.0088314
0.00829473
0.0075693
0.00661714
0.00554391
0.00450054
0.00360698
0.00291401
0.00241198
0.00206155
0.00181947
0.0016502
0.00152767
0.00143352
0.00135522
0.00128477
0.00121765
0.00115194
0.00108735
0.00102449
0.000964257
0.000907462
0.000854671
0.000806157
0.000761939
0.000721857
0.000685652
0.000653021
0.000623665
0.000597315
0.000573745
0.000552776
0.000534275
0.000518151
0.000504349
0.000492844
0.000483638
0.000476756
0.000472511
0.000470783
0.000470925
0.000474119
0.000480341
0.000489773
0.000502713
0.000519549
0.000540774
0.000567008
0.000599031
0.000637832
0.000684676
0.000741204
0.000809581
0.000892718
0.000994613
0.00112087
0.00127952
0.00148221
0.0017461
0.00209648
0.00257032
0.00322014
0.0041164
0.00534367
0.00698332
0.00907523
0.0115592
0.0142156
0.0165951
0.017721
0.0179344
0.0178759
0.019188
0.0257305
0.042974
0.0568275
0.0258541
0.0191157
0.0116223
0.00940556
0.00861955
0.00804152
0.00730072
0.00635244
0.00529743
0.0042824
0.00342238
0.00276281
0.00228989
0.00196253
0.00173753
0.00158017
0.00146534
0.00137569
0.00129964
0.00123013
0.00116342
0.00109814
0.00103432
0.000972688
0.000914099
0.000859254
0.000808566
0.000762169
0.000719969
0.000681733
0.000647158
0.000615926
0.000587741
0.000562348
0.00053954
0.000519159
0.00050109
0.00048526
0.000471625
0.00046017
0.000450901
0.000443851
0.000439208
0.000437101
0.00043679
0.000439207
0.000444511
0.000452842
0.000464463
0.000479731
0.000499099
0.000523139
0.000552571
0.000588302
0.000631483
0.000683599
0.000746588
0.000823036
0.000916472
0.00103182
0.00117614
0.0013597
0.00159778
0.00191324
0.00234029
0.00292926
0.00375113
0.00489797
0.00647129
0.00854764
0.011115
0.0139918
0.0167777
0.018447
0.0188565
0.0186247
0.0190952
0.0239942
0.0399539
0.0569183
0.0257093
0.0184996
0.0115845
0.00925854
0.00839981
0.00778623
0.00703822
0.00610246
0.00507237
0.0040887
0.00326151
0.00263228
0.00218473
0.00187698
0.00166625
0.00151867
0.00141005
0.00132394
0.00124967
0.00118097
0.00111477
0.00105011
0.000987251
0.000926971
0.000870062
0.000817098
0.000768362
0.00072387
0.000683448
0.00064681
0.000613628
0.000583583
0.000556386
0.000531801
0.000509641
0.000489765
0.000472079
0.000456519
0.000443052
0.000431669
0.000422379
0.000415215
0.000410243
0.000407778
0.000407165
0.000408939
0.000413461
0.000420841
0.000431314
0.000445209
0.000462946
0.000485058
0.000512214
0.000545255
0.000585246
0.000633545
0.000691908
0.000762659
0.000848937
0.000955097
0.00108735
0.00125476
0.00147088
0.00175622
0.00214205
0.00267568
0.00342663
0.00449072
0.00598451
0.00801736
0.0106292
0.0136968
0.0168404
0.0191172
0.0198333
0.0195546
0.0194354
0.0228476
0.0369867
0.0554794
0.0251807
0.0178384
0.0115326
0.0091059
0.0081779
0.00753358
0.00678479
0.00586818
0.00486798
0.00391746
0.00312185
0.00251992
0.00209427
0.00180306
0.00160418
0.00146461
0.00136099
0.0012777
0.00120488
0.00113695
0.00107134
0.00100744
0.000945661
0.000886777
0.000831502
0.000780296
0.00073333
0.000690528
0.000651656
0.000616395
0.000584405
0.000555371
0.00052902
0.000505131
0.000483536
0.000464113
0.000446778
0.00043148
0.000418191
0.000406905
0.00039763
0.000390388
0.000385218
0.00038244
0.000381583
0.00038284
0.000386699
0.00039326
0.000402734
0.000415424
0.000431723
0.00045213
0.000477275
0.000507946
0.000545136
0.000590105
0.000644468
0.000710334
0.000790526
0.000888922
0.00101102
0.00116483
0.00136234
0.00162187
0.00197177
0.00245591
0.00314094
0.00412352
0.00553059
0.0074991
0.0101177
0.0133282
0.0168196
0.0196906
0.0207845
0.02061
0.0200699
0.0221853
0.0343247
0.0536208
0.0245464
0.0171468
0.0114817
0.00895482
0.007959
0.00728744
0.00654264
0.00565007
0.00468322
0.00376664
0.00300111
0.0024236
0.00201666
0.00173926
0.00155013
0.00141707
0.00131749
0.00123649
0.00116489
0.00109769
0.00103276
0.00096972
0.00090907
0.000851561
0.000797827
0.000748227
0.000702839
0.000661521
0.000623993
0.000589917
0.000558952
0.00053079
0.000505173
0.000481897
0.000460809
0.000441801
0.000424802
0.000409766
0.000396671
0.000385507
0.000376281
0.000369011
0.000363725
0.000360695
0.000359634
0.000360478
0.000363782
0.000369637
0.000378241
0.000389872
0.000404901
0.000423797
0.000447156
0.000475724
0.00051044
0.000552484
0.00060336
0.000665011
0.000740001
0.000831816
0.000945351
0.0010877
0.0012695
0.00150706
0.0018259
0.00226627
0.00289109
0.00379543
0.00511239
0.00700138
0.00959651
0.0128998
0.0166481
0.0201479
0.0217482
0.0217791
0.0208786
0.0219061
0.0319225
0.0511654
0.0237325
0.0164346
0.0114284
0.00880875
0.00774701
0.00705076
0.0063133
0.00544813
0.00451685
0.00363443
0.00289732
0.0023415
0.00195039
0.00168435
0.00150314
0.00137533
0.001279
0.00119986
0.00112933
0.00106287
0.000998676
0.000936539
0.000877015
0.000820818
0.000768504
0.000720346
0.000676351
0.000636324
0.000599959
0.000566907
0.000536829
0.000509428
0.000484459
0.000461733
0.000441111
0.000422497
0.000405824
0.000391054
0.000378166
0.000367149
0.000358006
0.000350749
0.000345402
0.000342178
0.000340946
0.000341464
0.000344301
0.000349551
0.000357396
0.000368098
0.000382002
0.000399555
0.000421323
0.000448019
0.000480537
0.000519997
0.000567815
0.000625803
0.000696322
0.000782539
0.000888847
0.00102157
0.00119012
0.00140904
0.00170121
0.00210328
0.00267389
0.00350481
0.00473148
0.00653032
0.00907781
0.0124436
0.0164256
0.0204275
0.0227085
0.0230204
0.0218449
0.0218553
0.0299255
0.0485714
0.0228665
0.015748
0.0113903
0.00867395
0.00754566
0.00682594
0.00609784
0.00526212
0.00436752
0.00351908
0.00280873
0.00227206
0.00189418
0.00163732
0.00146242
0.00133878
0.00124503
0.00116744
0.00109786
0.00103214
0.000968714
0.000907498
0.000849067
0.000794093
0.000743064
0.000696186
0.000653409
0.000614503
0.000579144
0.00054698
0.000517676
0.000490947
0.000466559
0.000444336
0.00042415
0.000405911
0.00038956
0.00037506
0.00036239
0.000351538
0.000342504
0.000335294
0.000329925
0.000326555
0.000325176
0.000325437
0.000327885
0.000332615
0.0003398
0.000349683
0.000362592
0.000378951
0.000399301
0.000424326
0.000454884
0.000492049
0.00053717
0.000591958
0.000658614
0.00074005
0.000840244
0.000964862
0.0011223
0.00132547
0.00159486
0.00196367
0.00248602
0.0032492
0.0043879
0.00609005
0.00856835
0.0119603
0.0161464
0.0205634
0.0235977
0.0243448
0.0229416
0.0222651
0.0282943
0.0458946
0.0219778
0.0151929
0.0113683
0.00855301
0.00735758
0.00661477
0.0058969
0.00509154
0.00423395
0.00341902
0.00273383
0.00221398
0.00184699
0.00159736
0.00142732
0.00130689
0.00121518
0.00113886
0.00107016
0.00100518
0.000942533
0.000882228
0.000824834
0.000770982
0.000721103
0.000675349
0.000633631
0.000595695
0.000561208
0.000529817
0.000501195
0.000475065
0.000451205
0.000429448
0.000409673
0.000391796
0.000375761
0.000361532
0.000349087
0.000338414
0.000329506
0.000322365
0.000317003
0.000313525
0.000312015
0.000312074
0.000314195
0.000318478
0.000325087
0.00033425
0.000346279
0.000361577
0.000380662
0.000404195
0.000433002
0.000468123
0.000510854
0.000562831
0.000626134
0.00070347
0.000798486
0.000916296
0.00106441
0.00125433
0.00150437
0.00184447
0.00232424
0.00302574
0.0040805
0.00568311
0.00807623
0.0114618
0.015809
0.0206137
0.0243951
0.025588
0.0243169
0.0228747
0.0270593
0.0433404
0.0211372
0.0146803
0.0113623
0.00845014
0.00718547
0.00641877
0.00571089
0.00493581
0.00411499
0.00333285
0.00267125
0.00216616
0.00180797
0.00156379
0.00139731
0.00127924
0.00118909
0.00111382
0.00104591
0.000981662
0.00091981
0.000860391
0.000803968
0.000751134
0.000702273
0.0006575
0.000616698
0.000579601
0.000545869
0.000515154
0.000487137
0.000461547
0.000438171
0.000416848
0.000397463
0.000379934
0.000364207
0.000350247
0.00033803
0.000327539
0.000318767
0.00031171
0.000306375
0.00030282
0.000301179
0.000301083
0.000302925
0.000306823
0.000312928
0.000321459
0.000332709
0.000347065
0.000365025
0.000387225
0.000414468
0.000447765
0.000488374
0.000537872
0.00059825
0.00067206
0.000762682
0.000874775
0.00101509
0.00119391
0.0014276
0.00174308
0.00218557
0.0028315
0.00380745
0.00531037
0.00760643
0.0109581
0.0154297
0.0206132
0.0251317
0.0268668
0.0257866
0.0237255
0.0262204
0.0409509
0.0203796
0.0141795
0.0113667
0.00836729
0.00703118
0.00623907
0.00554006
0.00479433
0.00400953
0.0032593
0.00261984
0.00212766
0.00177642
0.00153608
0.00137197
0.00125548
0.00116645
0.00109202
0.00102483
0.000961316
0.000900247
0.000841681
0.000786161
0.000734244
0.00068628
0.000642358
0.000602346
0.000565971
0.000532895
0.000502774
0.000475294
0.000450193
0.000427262
0.000406345
0.000387329
0.000370134
0.000354706
0.000341007
0.000329013
0.000318704
0.000310069
0.0003031
0.0002978
0.000294192
0.000292418
0.000292199
0.000293804
0.000297366
0.000303031
0.000311005
0.000321568
0.000335089
0.000352048
0.000373061
0.00039891
0.000430579
0.000469299
0.000516608
0.000574427
0.000645195
0.000732084
0.000839383
0.00097321
0.00114278
0.00136272
0.00165719
0.00206726
0.00266358
0.00356652
0.00497171
0.00716219
0.0104546
0.0150069
0.0204981
0.0257569
0.0281286
0.0274016
0.0247409
0.0258155
0.0388096
0.0197501
0.0136827
0.0113771
0.00830607
0.00689648
0.00607657
0.00538449
0.00466653
0.00391662
0.00319721
0.00257859
0.00209777
0.00175182
0.00151385
0.00135098
0.00123533
0.00114699
0.0010732
0.00100668
0.000943873
0.000883576
0.000825828
0.000771144
0.00072005
0.000672874
0.000629687
0.000590353
0.0005546
0.000522092
0.000492492
0.000465492
0.000440834
0.000418313
0.000397775
0.000379107
0.000362229
0.000347085
0.000333638
0.000321857
0.000311722
0.000303218
0.000296335
0.00029107
0.00028743
0.000285528
0.000285193
0.000286592
0.000289861
0.000295138
0.000302623
0.00031258
0.000325363
0.000341436
0.000361394
0.000386
0.00041622
0.000453261
0.000498631
0.000554208
0.000622347
0.000706061
0.000809349
0.000937797
0.0010997
0.00130816
0.00158483
0.00196687
0.00251921
0.00335526
0.00466642
0.00674655
0.00995996
0.0145626
0.0203414
0.0262651
0.029391
0.0291291
0.0258933
0.0256772
0.0369259
0.0192722
0.0131844
0.0113941
0.00826275
0.00678152
0.0059317
0.00524418
0.00455193
0.00383536
0.00314555
0.00254663
0.0020758
0.00173371
0.00149674
0.00133407
0.00121855
0.00113049
0.00105715
0.000991212
0.000929093
0.000869554
0.00081259
0.000758682
0.000708329
0.000661842
0.00061929
0.000580536
0.000545314
0.000513298
0.000484154
0.000457582
0.000433325
0.00041118
0.000390994
0.000372651
0.000356072
0.000341197
0.000327985
0.000316405
0.000306432
0.000298049
0.000291242
0.000286007
0.000282346
0.000280326
0.000279874
0.000281088
0.000284094
0.000289029
0.000296081
0.000305504
0.000317638
0.000332928
0.000351952
0.000375457
0.000404389
0.000439939
0.000483596
0.000537207
0.000603071
0.000684089
0.00078403
0.000908047
0.00106366
0.00126259
0.00152428
0.00188223
0.00239586
0.00317113
0.004393
0.00636046
0.00947741
0.0140957
0.0201348
0.026632
0.0306536
0.0309446
0.0272025
0.0257685
0.0353131
0.0189422
0.0126915
0.0113965
0.0082495
0.0066885
0.00580509
0.00511913
0.00445009
0.00376498
0.00310342
0.00252326
0.00206144
0.00172186
0.00148473
0.00132113
0.00120501
0.00111679
0.00104367
0.000978222
0.000916762
0.000857962
0.000801753
0.000748569
0.000698887
0.000653007
0.000611
0.000572741
0.000537973
0.000506378
0.000477632
0.000451438
0.000427542
0.000405742
0.00038588
0.000367841
0.000351539
0.000336914
0.00032392
0.000312523
0.000302696
0.000294419
0.000287676
0.000282461
0.000278778
0.000276651
0.000276078
0.00027712
0.000279887
0.000284517
0.000291185
0.000300138
0.000311702
0.000326304
0.000344505
0.000367038
0.000394832
0.000429064
0.000471209
0.000523098
0.000586996
0.000665726
0.000762888
0.000883286
0.00103378
0.00122491
0.00147408
0.00181148
0.0022912
0.00301167
0.00414971
0.00600459
0.00901143
0.0136122
0.0198656
0.0269131
0.031873
0.0327193
0.0288466
0.0262342
0.0339607
0.0187823
0.0122079
0.0113874
0.00826141
0.00661893
0.00569754
0.00500944
0.00436066
0.00370486
0.0030702
0.00250789
0.00205378
0.00171592
0.00147713
0.001312
0.00119458
0.00110575
0.0010326
0.000967535
0.000906689
0.000848608
0.000793128
0.000740628
0.000691557
0.000646215
0.000604679
0.00056684
0.000532455
0.00050122
0.000472818
0.000446957
0.000423385
0.000401897
0.000382334
0.000364574
0.000348529
0.000334134
0.00032134
0.000310106
0.000300404
0.000292212
0.000285515
0.000280306
0.000276589
0.00027438
0.000273696
0.00027456
0.00027709
0.000281446
0.000287775
0.000296311
0.000307379
0.00032138
0.000338857
0.000360539
0.000387334
0.000420404
0.000461223
0.00051161
0.000573814
0.000650612
0.000745482
0.000862956
0.00100934
0.00119416
0.001433
0.00175297
0.0022032
0.00287456
0.00393463
0.0056788
0.00856542
0.0131202
0.0195472
0.0271147
0.033045
0.0345404
0.0306431
0.026869
0.0328326
0.0187294
0.011734
0.0113609
0.00829538
0.00657173
0.00560936
0.00491529
0.0042834
0.00365441
0.00304501
0.0024996
0.00205459
0.00171707
0.00147594
0.00130667
0.00118724
0.0010973
0.00102384
0.000959002
0.00089871
0.00084132
0.000786546
0.000734698
0.000686196
0.000641335
0.000600209
0.000562725
0.000528662
0.000497732
0.000469628
0.000444063
0.000420783
0.00039958
0.00038029
0.000362786
0.000346976
0.000332796
0.000320178
0.00030908
0.000299474
0.000291339
0.000284662
0.000279439
0.000275675
0.000273394
0.000272636
0.000273365
0.000275685
0.000279804
0.000285826
0.000293978
0.000304569
0.00031801
0.000334847
0.00035579
0.000381717
0.000413771
0.000453436
0.000502522
0.000563272
0.000638449
0.00073145
0.000846599
0.000989756
0.00116956
0.00139998
0.00170532
0.00213004
0.00275763
0.00374571
0.00538236
0.00814124
0.0126235
0.0191815
0.0272176
0.0341591
0.0364042
0.0326475
0.0277716
0.0319446
0.0187932
0.0112769
0.0113061
0.00836342
0.00655178
0.00554124
0.00483668
0.00421813
0.00361341
0.00302812
0.00250016
0.0020596
0.00172201
0.00147824
0.00130658
0.00118303
0.00109139
0.0010173
0.000952509
0.00089268
0.000835945
0.000781862
0.000730645
0.000682673
0.000638245
0.000597478
0.000560304
0.000526521
0.000495862
0.000468053
0.000442772
0.000419766
0.000398824
0.000379778
0.000362496
0.000346878
0.00033284
0.00032032
0.000309298
0.000299747
0.000291645
0.000284977
0.000279736
0.000275924
0.000273563
0.000272695
0.000273275
0.000275391
0.000279318
0.000285122
0.000293019
0.000303244
0.000316225
0.000332489
0.000352731
0.000377845
0.000409006
0.000447684
0.000495656
0.000555169
0.000629004
0.000720503
0.000833843
0.000974527
0.00115045
0.00137413
0.00166733
0.00207012
0.00265892
0.00358098
0.00511437
0.00774062
0.0121272
0.0187802
0.0272557
0.0352078
0.0382933
0.0348217
0.0288745
0.0312701
0.019053
0.0108302
0.0112417
0.00843791
0.00655729
0.00549555
0.00477469
0.00416496
0.00358132
0.0030179
0.00250474
0.00207103
0.00173289
0.00148461
0.00130887
0.0011831
0.00108826
0.00101293
0.000947994
0.000888525
0.000832376
0.000778925
0.000728306
0.000680909
0.00063701
0.000596659
0.000559807
0.000526285
0.000495843
0.000468164
0.000442996
0.000420105
0.000399283
0.000380364
0.000363209
0.000347715
0.000333804
0.000321417
0.000310504
0.000301036
0.000292991
0.000286348
0.000281101
0.000277256
0.000274834
0.000273867
0.000274312
0.000276201
0.000279899
0.000285436
0.000293025
0.000302969
0.000315649
0.000331562
0.000351314
0.000375797
0.000406183
0.000443922
0.000490877
0.000549346
0.000622093
0.000712415
0.000824396
0.00096326
0.00113627
0.00135467
0.00163799
0.00202212
0.00257668
0.00343853
0.00487362
0.00736459
0.0116347
0.0183452
0.0272557
0.0361759
0.0402037
0.0371951
0.0302107
0.0308242
0.0194389
0.0103891
0.0111574
0.00851725
0.00657821
0.00546712
0.00472841
0.0041239
0.0035586
0.00301663
0.00251591
0.00208931
0.00175031
0.00149722
0.00131503
0.00118517
0.00108849
0.00101119
0.000945329
0.000885988
0.000830427
0.000777801
0.000727972
0.000681079
0.000637417
0.000597229
0.000560502
0.000527084
0.000496739
0.000469201
0.000444189
0.000421461
0.000400815
0.000382087
0.000365123
0.000349806
0.000336053
0.000323799
0.000312989
0.000303585
0.000295561
0.000288906
0.000283617
0.000279703
0.000277188
0.000276116
0.000276445
0.000278131
0.000281613
0.000286921
0.000294246
0.000303872
0.000316176
0.000331661
0.000351019
0.000375112
0.000405055
0.000442141
0.00048834
0.000545961
0.00061778
0.000707148
0.000818126
0.000955717
0.0011266
0.00134098
0.0016164
0.00198483
0.00250939
0.00331652
0.00465873
0.00701371
0.0111487
0.0178742
0.0271663
0.0370409
0.04212
0.0397637
0.0317543
0.0306119
0.0199908
0.00994996
0.0110418
0.00859895
0.00662344
0.0054678
0.00469974
0.00409534
0.00354421
0.00302024
0.00253455
0.00211379
0.00177366
0.00151526
0.00132674
0.00119064
0.00109052
0.00101181
0.000945391
0.000885908
0.000830587
0.000778266
0.000728758
0.000682231
0.000638916
0.00059898
0.00056246
0.000529213
0.000499023
0.000471648
0.000446817
0.00042428
0.000403816
0.000385237
0.000368405
0.000353207
0.000339553
0.000327373
0.000316616
0.000307239
0.000299218
0.000292538
0.000287198
0.000283208
0.000280597
0.000279419
0.00027965
0.000281154
0.000284429
0.00028954
0.000296642
0.000306014
0.000318026
0.000333169
0.000352101
0.000375681
0.000405045
0.000441697
0.000487459
0.000544619
0.000615858
0.00070466
0.000815093
0.000952038
0.00112179
0.00133341
0.0016019
0.00195715
0.0024556
0.00321332
0.00446829
0.0066883
0.0106736
0.0173781
0.0270296
0.0377968
0.0440361
0.0424447
0.0335728
0.0305532
0.020725
0.00950934
0.0108846
0.00867872
0.00668978
0.00548149
0.00469069
0.00407939
0.0035408
0.00303023
0.00255887
0.00214427
0.00180305
0.001539
0.00134342
0.00120098
0.00109559
0.00101421
0.000946641
0.000886871
0.00083173
0.000779832
0.000730854
0.000684873
0.000642037
0.000602448
0.000566128
0.000533009
0.000502915
0.000475618
0.00045087
0.000428425
0.000408063
0.000389594
0.000372868
0.000357764
0.000344189
0.000332068
0.000321346
0.000311982
0.000303949
0.000297233
0.000291833
0.000287762
0.000285053
0.00028377
0.000283917
0.000285261
0.000288341
0.000293281
0.000300197
0.000309363
0.000321143
0.000336024
0.00035465
0.000377874
0.000406818
0.000442941
0.000488104
0.000544652
0.000615496
0.000704002
0.000814193
0.00095088
0.00112014
0.00133051
0.00159469
0.00193821
0.0024141
0.00312741
0.00430078
0.00638797
0.0102103
0.0168527
0.0268036
0.0384558
0.0459521
0.0451982
0.0356932
0.0307827
0.0216529
0.00906505
0.0106755
0.00874821
0.00677248
0.00551602
0.00469742
0.00408054
0.00354546
0.0030491
0.00258943
0.00218078
0.00183862
0.00156875
0.0013655
0.00121586
0.00110492
0.00101954
0.000949877
0.00088942
0.000834408
0.000783045
0.000734626
0.000689105
0.000646628
0.000607307
0.000571174
0.000538173
0.000508155
0.000480914
0.000456219
0.000433833
0.00041354
0.000395147
0.000378499
0.000363466
0.000349949
0.00033787
0.00032717
0.000317807
0.000309753
0.000302994
0.000297529
0.000293374
0.000290567
0.00028918
0.000289256
0.000290461
0.000293364
0.000298157
0.000304919
0.000313921
0.000325525
0.000340211
0.000358619
0.000381595
0.000410257
0.000446064
0.00049089
0.000547099
0.000617595
0.000705843
0.0008159
0.000952502
0.00112141
0.00133047
0.00159237
0.00192841
0.00238389
0.00305736
0.00415484
0.00611252
0.00976221
0.0163066
0.0265034
0.0389955
0.0478761
0.0480111
0.0381145
0.0312713
0.0227715
0.00861415
0.0104065
0.00880301
0.00686922
0.00557535
0.00471867
0.00409008
0.00355832
0.00307456
0.00262601
0.0022233
0.00188048
0.00160483
0.00139345
0.0012358
0.00111837
0.00102847
0.000956119
0.000894381
0.00083902
0.000787816
0.000739791
0.000694693
0.00065257
0.000613513
0.00057756
0.000544669
0.000514714
0.00048751
0.000462844
0.000440491
0.000420238
0.000401894
0.000385296
0.000370313
0.000356836
0.000344783
0.000334094
0.000324722
0.000316641
0.000309835
0.000304304
0.000300067
0.000297163
0.000295675
0.000295693
0.000296781
0.000299528
0.000304201
0.00031084
0.000319719
0.000331197
0.000345753
0.000364021
0.000386847
0.000415345
0.000450979
0.000495635
0.000551704
0.000622129
0.000710435
0.00082073
0.000957734
0.00112701
0.00133574
0.00159497
0.0019251
0.00236414
0.00300193
0.00402913
0.0058613
0.00933042
0.0157412
0.0261258
0.0394046
0.0498102
0.0509649
0.0407467
0.0320196
0.0241264
0.00815599
0.0100688
0.00882227
0.00697794
0.00565603
0.0047626
0.00411372
0.0035832
0.00310754
0.00266873
0.00227184
0.00192876
0.00164757
0.0014278
0.00126141
0.00113653
0.00104117
0.000965291
0.000901632
0.000845479
0.000794163
0.000746374
0.000701625
0.000659831
0.000621032
0.000585256
0.000552471
0.000522571
0.000495392
0.000470737
0.000448395
0.000428158
0.000409837
0.000393268
0.000378313
0.00036486
0.000352822
0.000342134
0.000332749
0.000324637
0.000317784
0.000312192
0.000307877
0.000304883
0.000303292
0.000303264
0.000304265
0.000306884
0.000311462
0.000318013
0.00032681
0.000338213
0.0003527
0.000370906
0.000393674
0.00042212
0.000457713
0.000502352
0.000558453
0.000629001
0.000717579
0.000828355
0.000966064
0.00113614
0.00134529
0.00160332
0.00192776
0.00235493
0.00296
0.00392232
0.00563367
0.00891653
0.0151602
0.025676
0.0397151
0.0516722
0.0540229
0.043645
0.0330295
0.0256989
0.00769101
0.00965951
0.00880649
0.00708226
0.00575309
0.00482667
0.00415612
0.00361949
0.00314854
0.00271778
0.00232644
0.00198355
0.00169724
0.00146904
0.00129334
0.00116012
0.00105826
0.000977931
0.000911583
0.000854066
0.000802255
0.000754466
0.000709938
0.000668415
0.000629852
0.000594247
0.000561565
0.000531716
0.000504554
0.000479898
0.000457549
0.000437309
0.000418992
0.000402432
0.000387488
0.000374046
0.000362013
0.000351321
0.00034192
0.000333779
0.000326884
0.000321236
0.000316854
0.000313781
0.000312108
0.000312033
0.000312977
0.0003155
0.000320013
0.00032651
0.000335267
0.000346647
0.000361129
0.000379349
0.000402153
0.000430661
0.000466344
0.000511118
0.000567422
0.00063828
0.000727333
0.000838811
0.00097749
0.00114873
0.00135887
0.00161671
0.00193748
0.00235267
0.00292994
0.00383323
0.00542902
0.00852235
0.0145665
0.0251497
0.0398744
0.0534756
0.0571801
0.0467819
0.0343346
0.0275406
0.00722088
0.00917807
0.00873688
0.00721471
0.00587025
0.00491036
0.00421486
0.00366797
0.00319818
0.00277346
0.00238719
0.00204492
0.0017541
0.00151768
0.00133231
0.00118991
0.00108054
0.000994721
0.000924786
0.0008652
0.000812384
0.000764255
0.000719743
0.000678381
0.00064
0.000604542
0.000571956
0.000542152
0.000515
0.000490334
0.000467967
0.00044771
0.000429381
0.000412816
0.000397872
0.00038443
0.000372396
0.000361698
0.000352283
0.000344119
0.00033719
0.000331498
0.000327063
0.000323929
0.000322191
0.000322087
0.000322995
0.000325456
0.000329937
0.00033642
0.000345184
0.000356596
0.000371139
0.000389454
0.00041239
0.000441072
0.000476981
0.000522044
0.000578722
0.000650077
0.000739801
0.00085219
0.000992072
0.00116477
0.00137637
0.00163479
0.00195325
0.00235887
0.00291345
0.00376103
0.00524656
0.00814951
0.0139639
0.0245531
0.0399303
0.0551881
0.0604218
0.050174
0.0359546
0.0296374
0.00675197
0.00862891
0.00858018
0.00735643
0.00600874
0.00501486
0.00429093
0.00372953
0.00325716
0.00283617
0.00245422
0.00211294
0.00181834
0.00157416
0.00137901
0.00122678
0.0011089
0.00101651
0.000941968
0.00087946
0.000824987
0.000776055
0.000731253
0.000689864
0.000651561
0.000616196
0.000583677
0.000553906
0.000526757
0.000502072
0.000479678
0.000459394
0.000441042
0.000424461
0.000409508
0.000396062
0.000384025
0.000373322
0.000363899
0.00035572
0.000348771
0.000343051
0.000338582
0.000335408
0.00033363
0.000333524
0.000334417
0.000336852
0.000341341
0.000347853
0.000356674
0.000368177
0.000382851
0.000401344
0.000424512
0.000453486
0.000489759
0.000535268
0.000592495
0.000664532
0.000755119
0.000868613
0.0010099
0.00118431
0.00139771
0.00165737
0.0019747
0.00237303
0.00290728
0.00370381
0.00508522
0.00779976
0.0133552
0.0238818
0.0398852
0.0567808
0.0637283
0.0538582
0.0378739
0.0320292
0.0062985
0.00801392
0.00839142
0.00745618
0.00615875
0.00513977
0.00438536
0.00380525
0.00332635
0.00290644
0.00252774
0.00218764
0.00189007
0.00163886
0.00143411
0.00127164
0.00114437
0.00104431
0.000964051
0.000897629
0.000840691
0.000790345
0.000744819
0.000703115
0.000664709
0.00062933
0.000596819
0.000567047
0.00053988
0.000515164
0.000492733
0.000472412
0.000454029
0.000437426
0.000422459
0.000409006
0.000396968
0.000386266
0.000376843
0.000368664
0.00036171
0.000355984
0.000351504
0.000348318
0.000346529
0.000346455
0.000347357
0.000349807
0.000354346
0.000360936
0.00036987
0.000381528
0.000396409
0.000415168
0.000438672
0.000468062
0.00050484
0.000550956
0.000608907
0.000681812
0.000773446
0.000888221
0.00103108
0.00120739
0.00142288
0.00168425
0.00200138
0.00239386
0.0029081
0.00366041
0.00494399
0.00747215
0.0127472
0.0231334
0.0396513
0.0582059
0.0670854
0.0578586
0.0401111
0.0347048
0.00586713
0.00736184
0.00817003
0.00750723
0.0063062
0.00528089
0.00449802
0.003896
0.00340666
0.00298489
0.00260803
0.0022691
0.00196937
0.00171205
0.00149822
0.00132539
0.00118806
0.00107929
0.000992163
0.000920717
0.000860352
0.000807817
0.000760983
0.000718547
0.000679754
0.000644175
0.000611555
0.00058171
0.00055448
0.000529706
0.000507218
0.000486847
0.000468424
0.000451791
0.000436807
0.000423348
0.000411313
0.00040062
0.000391211
0.000383047
0.00037611
0.000370401
0.00036594
0.000362774
0.000361014
0.000361003
0.000361941
0.000364455
0.000369094
0.000375817
0.000384925
0.000396808
0.000411977
0.000431098
0.000455049
0.000484983
0.000522412
0.000569298
0.00062815
0.000702101
0.000794957
0.000911173
0.00105575
0.00123408
0.00145184
0.00171531
0.00203306
0.00242155
0.0029203
0.00363106
0.00482224
0.00716699
0.0121453
0.0223144
0.0392815
0.0594306
0.0704571
0.0621749
0.0426975
0.0376875
0.00545959
0.00669816
0.00789622
0.0074911
0.00645435
0.00543536
0.00462815
0.00400233
0.00349898
0.00307226
0.00269549
0.00235742
0.00205624
0.0017939
0.00157184
0.00138889
0.0012411
0.00112277
0.00102764
0.000949989
0.000885095
0.000829431
0.000780534
0.000736792
0.000697193
0.000661121
0.000628191
0.000598138
0.000570758
0.000545865
0.000523282
0.000502833
0.000484351
0.000467678
0.00045267
0.000439205
0.000427176
0.000416502
0.00040712
0.000398991
0.000392095
0.000386432
0.000382021
0.00037891
0.00037724
0.000377292
0.000378316
0.000380959
0.000385751
0.000392667
0.000402016
0.000414203
0.000429748
0.000449332
0.000473846
0.000504458
0.000542689
0.00059051
0.000650436
0.000725608
0.000819847
0.000937638
0.00108403
0.00126446
0.00148459
0.00175038
0.00206935
0.00245513
0.00294097
0.00361628
0.00471892
0.00688397
0.0115522
0.0214217
0.0387135
0.0604236
0.0738024
0.0668061
0.045661
0.0409703
0.00507246
0.00604026
0.00756717
0.00742409
0.00660246
0.0056014
0.00477452
0.00412434
0.00360402
0.0031693
0.00279061
0.00245278
0.00215071
0.00188451
0.00165533
0.00146291
0.00130466
0.00117615
0.00107202
0.000986971
0.000916351
0.000856462
0.000804572
0.000758771
0.000717786
0.000680786
0.000647229
0.000616744
0.000589052
0.000563928
0.000541169
0.000520588
0.000502008
0.000485268
0.000470221
0.00045674
0.000444718
0.000434069
0.000424728
0.000416653
0.000409822
0.000404233
0.000399907
0.000396888
0.000395354
0.000395495
0.000396657
0.0003995
0.000404506
0.000411682
0.000421349
0.000433924
0.000449941
0.000470098
0.000495301
0.000526729
0.000565915
0.000614834
0.000676001
0.000752556
0.00084832
0.000967792
0.00111606
0.00129861
0.0015211
0.00178931
0.0021099
0.00249404
0.00296894
0.00361137
0.00463222
0.00662278
0.0109704
0.0204675
0.0379412
0.0610833
0.0770805
0.0717512
0.0490454
0.0445627
0.0046966
0.00541446
0.00715981
0.0072859
0.00671838
0.0057715
0.00493553
0.00426213
0.00372253
0.00327683
0.002894
0.00255546
0.00225282
0.00198388
0.00174894
0.00154808
0.00137979
0.00124087
0.00112698
0.00103344
0.000955871
0.000890552
0.000834571
0.000785775
0.000742637
0.000704103
0.000669453
0.000638181
0.000609915
0.000584365
0.000561287
0.000540466
0.000521711
0.000504848
0.000489722
0.000476201
0.000464173
0.000453545
0.00044425
0.000436242
0.000429497
0.00042401
0.000419803
0.000416914
0.000415577
0.000415833
0.000417181
0.000420299
0.000425587
0.000433098
0.000443167
0.000456223
0.000472818
0.000493665
0.000519685
0.000552072
0.000592366
0.000642542
0.000705107
0.000783188
0.000880591
0.00100181
0.00115196
0.00133658
0.00156135
0.00183195
0.0021544
0.00253776
0.00300366
0.00361553
0.00456187
0.00638394
0.0104042
0.01946
0.0369594
0.0613721
0.0802503
0.0769983
0.0528862
0.04845
0.00433134
0.00483051
0.00667092
0.0071026
0.00673907
0.00592444
0.00510222
0.0044129
0.00385423
0.00339545
0.00300633
0.00266592
0.00236272
0.00209205
0.00185281
0.00164489
0.00146745
0.00131834
0.00119429
0.0010914
0.00100573
0.000933733
0.000872444
0.000819543
0.000773291
0.000732424
0.000696031
0.000663457
0.000634213
0.000607924
0.000584285
0.00056304
0.000543967
0.000526873
0.000511589
0.000497969
0.000485893
0.000475262
0.000466002
0.000458061
0.000451411
0.000446047
0.000441988
0.000439259
0.000438186
0.000438587
0.000440167
0.00044364
0.000449283
0.000457211
0.000467771
0.000481409
0.000498693
0.000520352
0.000547323
0.000580811
0.000622361
0.000673942
0.000738045
0.000817768
0.00091689
0.00103989
0.00119188
0.00137843
0.0016053
0.00187813
0.00220252
0.0025858
0.0030448
0.00363121
0.00450787
0.0061678
0.00985773
0.0184114
0.0357585
0.0614157
0.083245
0.0825034
0.057231
0.052628
0.00398778
0.00428668
0.00613098
0.0068564
0.00669691
0.00606408
0.00526984
0.00457317
0.00399791
0.00352526
0.00312818
0.00278468
0.00248073
0.00220914
0.00196708
0.00175373
0.00156845
0.0014099
0.00127576
0.00116299
0.00106829
0.000988439
0.000920577
0.000862334
0.000811832
0.00076763
0.000728644
0.000694058
0.000663256
0.000635758
0.000611181
0.00058921
0.000569581
0.000552067
0.000536475
0.000522642
0.000510431
0.000499733
0.000490464
0.000482564
0.000475998
0.000470759
0.000466864
0.000464315
0.000463568
0.000464138
0.000465999
0.000469903
0.000475976
0.000484405
0.000495552
0.000509877
0.000527965
0.00055056
0.000578615
0.00061334
0.000656281
0.000709397
0.000775148
0.000856597
0.000957476
0.00108222
0.00123594
0.00142424
0.00165294
0.00192773
0.00225395
0.00263761
0.0030913
0.00365581
0.00446876
0.00597453
0.00933579
0.0173391
0.0343211
0.0608708
0.0859798
0.0882151
0.0621254
0.0570709
0.00367423
0.00378995
0.00556531
0.006536
0.00658067
0.00615919
0.00542668
0.00473757
0.00415142
0.0036659
0.00326002
0.00291242
0.0026074
0.00233549
0.00209198
0.00187495
0.00168352
0.00151677
0.00137314
0.00125047
0.00114615
0.00105747
0.000981842
0.000916979
0.000860966
0.000812254
0.000769618
0.000732101
0.000698954
0.000669585
0.000643518
0.000620365
0.000599804
0.000581562
0.000565413
0.000551163
0.000538656
0.000527764
0.000518387
0.000510455
0.000503925
0.000498781
0.000495037
0.000492669
0.000492288
0.000493047
0.000495229
0.00049963
0.0005062
0.000515211
0.000527037
0.000542152
0.000561156
0.000584807
0.000614067
0.000650152
0.0006946
0.00074935
0.000816828
0.000900042
0.00100267
0.00112908
0.00128436
0.00147413
0.00170431
0.0019807
0.00230851
0.00269271
0.00314238
0.0036888
0.00444683
0.00580512
0.00884255
0.0162512
0.03268
0.0598688
0.0882564
0.0940941
0.0676239
0.061758
0.00339498
0.00334259
0.00499698
0.00613171
0.00639596
0.00614505
0.00554989
0.00489319
0.00430848
0.00381497
0.00340149
0.00304967
0.00274345
0.00247173
0.00222801
0.00200906
0.00181338
0.00164008
0.00148813
0.00135608
0.00124205
0.00114394
0.00105957
0.000986889
0.000924076
0.000869566
0.000822058
0.000780488
0.000743994
0.000711876
0.00068356
0.000658575
0.000636529
0.000617094
0.000599994
0.000585001
0.000571925
0.000560614
0.000550948
0.00054284
0.000536231
0.000531098
0.000527446
0.00052523
0.000525198
0.000526153
0.000528705
0.000533599
0.000540724
0.000550387
0.000562972
0.000578967
0.000598984
0.000623792
0.000654358
0.000691898
0.000737938
0.000794386
0.000863623
0.000948594
0.0010529
0.00118085
0.00133746
0.00152838
0.00175963
0.00203716
0.0023661
0.00275078
0.00319762
0.00372921
0.00443875
0.00565958
0.00838557
0.0151722
0.030864
0.0583795
0.0898067
0.100045
0.0737749
0.0666508
0.00314863
0.00294334
0.00444767
0.00566601
0.00614413
0.00606318
0.00563661
0.00503294
0.00446352
0.00396944
0.00355164
0.00319675
0.00288979
0.00261887
0.00237609
0.00215689
0.00195894
0.00178106
0.00162242
0.00148208
0.00135883
0.00125118
0.00115747
0.00107602
0.00100523
0.000943635
0.000889941
0.000843046
0.000802012
0.000766053
0.000734507
0.000706821
0.000682527
0.000661233
0.000642609
0.000626378
0.000612311
0.000600222
0.000589963
0.000581424
0.000574528
0.000569235
0.000565536
0.000563429
0.000563543
0.000564725
0.000567655
0.000573008
0.0005807
0.000591043
0.000604432
0.000621363
0.000642457
0.000668489
0.000700428
0.00073948
0.000787153
0.000845319
0.000916303
0.00100298
0.00110885
0.00123815
0.00139584
0.00158755
0.00181944
0.00209752
0.00242704
0.00281212
0.00325709
0.00377698
0.00444223
0.00553928
0.007972
0.0141223
0.0289127
0.0564377
0.0905124
0.105948
0.080629
0.0717118
0.00292826
0.00259461
0.00392835
0.00515976
0.00580776
0.00588456
0.00562517
0.00512653
0.00460129
0.00412215
0.00370777
0.00335341
0.0030474
0.00277839
0.00253776
0.00231992
0.00212165
0.00194128
0.0017779
0.00163086
0.00149943
0.00138271
0.00127958
0.00118882
0.00110915
0.00103933
0.00097817
0.000924621
0.000877729
0.000836665
0.000800706
0.000769229
0.0007417
0.000717661
0.000696723
0.000678555
0.000662882
0.000649477
0.000638158
0.000628784
0.000621253
0.0006155
0.000611512
0.000609254
0.000609397
0.000610693
0.00061386
0.000619597
0.000627803
0.000638795
0.000652975
0.000670843
0.000693026
0.000720299
0.000753628
0.000794205
0.00084351
0.000903373
0.000976057
0.00106435
0.00117167
0.00130214
0.00146064
0.00165281
0.00188486
0.00216291
0.00249254
0.00287786
0.00332189
0.00383395
0.00446605
0.00545539
0.00761366
0.01313
0.0268829
0.0540787
0.0906608
0.111644
0.0882236
0.0768921
0.00272943
0.00229269
0.00344787
0.0046334
0.00539095
0.0056366
0.00553623
0.00517029
0.0047101
0.0042642
0.00386516
0.00351826
0.00321701
0.00295212
0.0027153
0.00250049
0.0023038
0.00212302
0.00195701
0.00180518
0.00166711
0.00154235
0.00143029
0.00133018
0.00124115
0.00116227
0.00109256
0.00103112
0.00097704
0.000929522
0.000887825
0.000851288
0.000819329
0.000791435
0.000767163
0.00074613
0.000728012
0.000712536
0.000699481
0.000688668
0.000679968
0.000673281
0.000668598
0.00066573
0.000665692
0.00066687
0.000669986
0.000675917
0.000684481
0.000695996
0.000710867
0.000729598
0.000752815
0.000781291
0.00081598
0.000858056
0.000908967
0.000970496
0.00104484
0.00113469
0.00124337
0.00137487
0.00153401
0.00172641
0.00195822
0.00223586
0.00256525
0.00295079
0.00339494
0.00390297
0.0045116
0.00541903
0.00732214
0.012229
0.0248515
0.0512384
0.0896316
0.116862
0.096588
0.0821454
0.00255285
0.00203443
0.00301284
0.00410796
0.00491663
0.00530846
0.00533768
0.00513856
0.00477378
0.00438469
0.00401775
0.00368907
0.00339915
0.00314237
0.00291197
0.00270223
0.00250906
0.0023299
0.00216335
0.00200877
0.00186587
0.00173452
0.00161452
0.00150557
0.00140721
0.00131887
0.00123988
0.00116952
0.00110707
0.00105179
0.00100299
0.00096002
0.000922281
0.000889232
0.00086039
0.000835329
0.000813681
0.000795131
0.000779414
0.000766316
0.000755673
0.000747353
0.000741322
0.000737379
0.000736333
0.000737227
0.000739976
0.000745641
0.000754269
0.000766068
0.000781439
0.000800884
0.000825026
0.000854632
0.00089064
0.000934203
0.000986731
0.00104995
0.001126
0.00121747
0.00132757
0.00146019
0.00162004
0.00181264
0.00204421
0.00232143
0.00265067
0.00303693
0.00348287
0.00399152
0.00458695
0.00541939
0.00714577
0.0114698
0.022908
0.0480796
0.0876629
0.121575
0.105461
0.0874206
0.00240478
0.00181902
0.00262862
0.00360315
0.00440967
0.00490206
0.00507164
0.00501795
0.00477363
0.00446885
0.00415607
0.00386161
0.00359362
0.0033517
0.00313204
0.00293034
0.002743
0.00256753
0.00240247
0.00224713
0.00210129
0.00196502
0.00183842
0.00172156
0.00161436
0.00151663
0.00142802
0.00134809
0.00127632
0.00121214
0.00115494
0.00110415
0.0010592
0.00101956
0.00098472
0.000954244
0.000927731
0.000904832
0.000885251
0.000868739
0.000855101
0.000844183
0.000835905
0.000830142
0.000827121
0.000827352
0.00082929
0.000834001
0.000842314
0.000854087
0.000869725
0.000889727
0.000914712
0.000945435
0.00098282
0.00102799
0.00108232
0.00114749
0.00122555
0.00131902
0.00143099
0.00156524
0.00172637
0.00191982
0.0021519
0.00242956
0.0027598
0.00314857
0.00359956
0.00411566
0.0047139
0.00550887
0.00709154
0.0109799
0.0211948
0.044788
0.0848174
0.125602
0.114762
0.0926745
0.00230136
0.00164916
0.00230029
0.00313687
0.00389835
0.00444579
0.00473575
0.0048038
0.00472036
0.00451754
0.00427675
0.00403336
0.0038008
0.0035835
0.00338124
0.00319208
0.00301377
0.00284448
0.00268303
0.00252888
0.00238192
0.00224239
0.00211064
0.001987
0.00187175
0.00176502
0.00166681
0.00157695
0.00149518
0.00142112
0.00135434
0.00129438
0.00124074
0.00119294
0.00115051
0.00111302
0.00108006
0.00105128
0.00102636
0.00100504
0.000987098
0.000972374
0.000960753
0.000952175
0.000946517
0.000944643
0.0009457
0.000949208
0.000956585
0.000968085
0.000983883
0.00100446
0.00103044
0.00106256
0.00110172
0.00114903
0.00120582
0.00127374
0.00135476
0.00145133
0.00156646
0.00170383
0.00186795
0.00206424
0.00229916
0.00258009
0.00291484
0.00331083
0.00377375
0.00430863
0.00493143
0.00573635
0.0072193
0.0108024
0.0200391
0.0417051
0.0814107
0.128817
0.124313
0.097888
0.00227208
0.00153516
0.00203199
0.0027248
0.00341174
0.00397371
0.00435122
0.00454435
0.00458827
0.00451435
0.00437294
0.00420247
0.0040227
0.00384306
0.0036678
0.00349802
0.0033335
0.00317381
0.00301857
0.00286769
0.00272138
0.0025801
0.00244446
0.00231506
0.00219246
0.00207712
0.00196932
0.0018692
0.00177676
0.00169187
0.0016143
0.00154374
0.00147983
0.0014222
0.00137044
0.00132418
0.00128305
0.00124672
0.00121487
0.00118726
0.00116367
0.00114393
0.00112793
0.0011156
0.00110692
0.00110189
0.00110205
0.00110447
0.00111061
0.00112212
0.00113854
0.00116035
0.00118818
0.00122275
0.00126496
0.0013159
0.00137691
0.00144958
0.00153588
0.00163823
0.0017596
0.00190367
0.00207496
0.00227903
0.00252266
0.00281392
0.00316182
0.00357608
0.00406585
0.0046416
0.00532406
0.00620104
0.00768242
0.0110382
0.0195925
0.0395129
0.0783543
0.131424
0.133731
0.103032
0.00234263
0.00148653
0.00182885
0.00238151
0.00297861
0.00352485
0.00395792
0.00425496
0.00442309
0.00448239
0.00445446
0.00437898
0.00426903
0.00414242
0.00400654
0.00386533
0.00372143
0.00357613
0.00343044
0.00328516
0.00314108
0.00299912
0.00286023
0.00272539
0.00259547
0.00247124
0.00235331
0.00224214
0.00213802
0.00204108
0.00195133
0.00186867
0.00179293
0.00172387
0.00166122
0.00160468
0.00155396
0.00150878
0.00146888
0.00143404
0.00140406
0.00137879
0.00135815
0.00134202
0.00133055
0.00132325
0.00132267
0.001325
0.00133148
0.00134455
0.00136349
0.00138876
0.001421
0.00146094
0.00150949
0.0015678
0.00163724
0.00171947
0.00181652
0.00193089
0.00206568
0.0022248
0.00241303
0.00263654
0.00290274
0.00322115
0.00360263
0.00406085
0.00460992
0.00527026
0.00607275
0.00711713
0.00873582
0.0120999
0.0199735
0.0386277
0.0761149
0.133918
0.142847
0.108185
0.0025612
0.00151466
0.00170448
0.00212573
0.00263023
0.00314326
0.00360666
0.00398535
0.00426788
0.00446431
0.00455092
0.00457733
0.00455902
0.00450641
0.0044235
0.00432231
0.00420729
0.00408189
0.00394932
0.00381166
0.00367069
0.00352811
0.00338555
0.00324449
0.00310631
0.00297216
0.00284307
0.00271983
0.00260306
0.00249319
0.00239049
0.0022951
0.00220703
0.00212621
0.00205252
0.00198577
0.00192577
0.0018723
0.00182514
0.00178416
0.00174923
0.00172025
0.00169715
0.00167966
0.00166823
0.00166287
0.00166411
0.00166953
0.00168156
0.00170117
0.00172804
0.00176285
0.0018062
0.0018589
0.00192201
0.00199687
0.00208505
0.00218849
0.00230952
0.00245107
0.00261666
0.00281098
0.0030395
0.0033099
0.00363086
0.00401527
0.00447681
0.00503715
0.0057173
0.00655728
0.00760175
0.00898649
0.0109923
0.0146398
0.022316
0.0393037
0.0753112
0.136613
0.1512
0.113397
0.00300387
0.00163897
0.00168587
0.0019937
0.00241631
0.00289612
0.00338358
0.00383881
0.00423169
0.00452306
0.00472669
0.0048597
0.00493817
0.00496482
0.00495047
0.0049047
0.00482637
0.00472699
0.00461132
0.00448399
0.00434784
0.00420586
0.00406059
0.00391432
0.00376903
0.00362642
0.00348793
0.00335477
0.00322788
0.00310799
0.00299561
0.00289108
0.00279461
0.00270629
0.00262615
0.00255415
0.00249012
0.00243398
0.00238548
0.00234506
0.00231266
0.00228817
0.00227105
0.00226066
0.00226076
0.00226535
0.00227747
0.00229952
0.00232997
0.00236961
0.00241917
0.00247956
0.00255167
0.00263663
0.00273585
0.0028512
0.00298516
0.00314062
0.00332049
0.00352888
0.00377041
0.00405214
0.00438109
0.00476901
0.00522635
0.00577435
0.00642885
0.00722843
0.00819702
0.00940977
0.0109103
0.0128962
0.015592
0.0199208
0.0277782
0.044124
0.0776181
0.140986
0.158603
0.118972
0.00377258
0.00189095
0.00178463
0.00203564
0.00243494
0.00291417
0.0034243
0.00392444
0.00438249
0.00477864
0.00510933
0.00535605
0.00552972
0.00563939
0.00569439
0.00570109
0.00567513
0.0056136
0.00552585
0.00542056
0.00530126
0.00517216
0.00503676
0.00489813
0.00475891
0.00462132
0.0044873
0.00435847
0.00423609
0.00412115
0.00401444
0.00391648
0.00382785
0.00374861
0.00367928
0.00361995
0.00357008
0.00353002
0.00350027
0.00348003
0.00347067
0.00347271
0.00348196
0.00350246
0.00353679
0.0035823
0.0036397
0.00371073
0.00379577
0.00389592
0.00401267
0.00414783
0.00430258
0.0044798
0.00468158
0.00491205
0.00517283
0.00546953
0.00580689
0.00619204
0.00663353
0.00714442
0.00773268
0.00841877
0.0092124
0.0101544
0.0112507
0.0125776
0.014132
0.0160598
0.0183362
0.0212876
0.0249454
0.0304018
0.0387278
0.0550887
0.0865274
0.148517
0.165884
0.122087
0.00504605
0.00231499
0.00207692
0.00231239
0.00274651
0.003289
0.00388815
0.00450086
0.00509305
0.0056427
0.00613162
0.00653452
0.00685149
0.00708982
0.00725743
0.00736159
0.00741845
0.00742655
0.00740524
0.00735441
0.00728147
0.00719468
0.0070981
0.00699602
0.00689204
0.00678932
0.00669053
0.00659791
0.00651329
0.00643821
0.00637392
0.00632149
0.00628206
0.00625529
0.00624475
0.00624869
0.00626353
0.00629565
0.00634557
0.00641239
0.00649635
0.00659921
0.00672059
0.00686174
0.00702513
0.00721177
0.00742318
0.00766178
0.00792828
0.00822681
0.00855955
0.00893123
0.00934452
0.00980531
0.0103167
0.0108872
0.0115203
0.0122271
0.0130111
0.0138904
0.0148636
0.0159545
0.0171678
0.0185385
0.0200715
0.0218429
0.0238021
0.0261123
0.0286462
0.0317195
0.0350581
0.0393169
0.0440328
0.0508658
0.0597929
0.0765621
0.105052
0.161254
0.173296
0.123258
0.00686943
0.0030288
0.0027963
0.00331354
0.00410191
0.00502812
0.00602907
0.00705032
0.00804497
0.00897584
0.0098176
0.0105494
0.0111676
0.0116785
0.0120919
0.0124186
0.0126748
0.0128681
0.0130168
0.013126
0.0132079
0.0132725
0.0133245
0.013371
0.0134176
0.0134695
0.01353
0.0136027
0.0136905
0.0137964
0.0139227
0.0140716
0.0142453
0.0144446
0.0146724
0.0149306
0.0152183
0.0155385
0.0158933
0.0162864
0.0167162
0.0171863
0.0176991
0.0182579
0.018864
0.019523
0.0202347
0.0210084
0.0218451
0.022754
0.0237346
0.0247985
0.025944
0.0271853
0.0285189
0.0299613
0.0315077
0.0331782
0.0349652
0.0368951
0.0389576
0.0411891
0.0435655
0.046154
0.0488851
0.0518936
0.0550366
0.0586484
0.0623224
0.0667482
0.071099
0.0767748
0.0822701
0.0905638
0.0996051
0.116624
0.140473
0.181681
0.181351
0.120541
0.00864176
0.00417006
0.00528648
0.00772494
0.0105832
0.0136964
0.0169079
0.0200508
0.0229765
0.0256
0.0278951
0.0298677
0.0315435
0.032958
0.0341501
0.0351574
0.0360177
0.0367609
0.03742
0.0380134
0.0385633
0.0390913
0.0396094
0.04013
0.0406626
0.041217
0.0417996
0.0424167
0.0430723
0.0437719
0.0445182
0.0453162
0.0461674
0.0470772
0.048045
0.0490775
0.0501719
0.0513359
0.0525646
0.0538683
0.0552417
0.0566948
0.0582203
0.0598313
0.0615189
0.063298
0.0651574
0.0671201
0.0691669
0.071322
0.0735597
0.075909
0.0783388
0.0808846
0.0835098
0.086254
0.0890798
0.0920293
0.0950654
0.0982295
0.101492
0.104883
0.108392
0.112036
0.11583
0.119791
0.123912
0.128522
0.133151
0.138659
0.143868
0.150806
0.156974
0.166614
0.17498
0.189862
0.202854
0.210027
0.186754
0.109956
0.0106623
0.00837204
0.0187289
0.0326028
0.0469992
0.0619535
0.0767832
0.0906597
0.102913
0.113266
0.121741
0.128531
0.133887
0.138062
0.141294
0.143792
0.145737
0.147275
0.148528
0.14959
0.150523
0.151389
0.152229
0.153084
0.153972
0.154919
0.155932
0.157027
0.158203
0.159472
0.160828
0.162283
0.163824
0.165466
0.167191
0.169018
0.170921
0.172927
0.174999
0.177171
0.179401
0.18173
0.184106
0.186582
0.189094
0.191706
0.194348
0.197077
0.199807
0.202617
0.205415
0.208294
0.211162
0.214116
0.217067
0.220113
0.223181
0.226338
0.229555
0.232832
0.236238
0.239633
0.243276
0.246766
0.250722
0.254302
0.258771
0.262024
0.266669
0.269306
0.273838
0.275691
0.279482
0.279699
0.27851
0.272643
0.258084
0.228478
0.183326
0.0955034
0.00656239
0.0130291
0.0202239
0.0275274
0.0346045
0.0413274
0.0477052
0.0537426
0.0594096
0.0646434
0.0693988
0.0736574
0.077427
0.0807296
0.0835944
0.0860543
0.0881456
0.0899029
0.0913642
0.0925626
0.0935304
0.0942976
0.0948966
0.095348
0.0956822
0.0959122
0.0960656
0.0961506
0.0961888
0.0961834
0.0961646
0.0961266
0.0960804
0.0960361
0.0960004
0.095975
0.0959785
0.0959971
0.0960423
0.0961163
0.0962352
0.096375
0.0965708
0.0967827
0.0970643
0.0973514
0.097727
0.0980903
0.0985586
0.0989882
0.0995488
0.100039
0.100698
0.101244
0.102013
0.102614
0.103507
0.104162
0.105198
0.105904
0.107098
0.10785
0.109205
0.109987
0.111476
0.11228
0.113869
0.114843
0.116776
0.117967
0.120083
0.121428
0.123529
0.124802
0.126513
0.126778
0.1259
0.122477
0.112274
0.0825708
)
;

boundaryField
{
    movingWall
    {
        type            epsilonWallFunction;
        value           nonuniform List<scalar> 
80
(
0.00656239
0.0130291
0.0202239
0.0275274
0.0346045
0.0413274
0.0477052
0.0537426
0.0594096
0.0646434
0.0693988
0.0736574
0.077427
0.0807296
0.0835944
0.0860543
0.0881456
0.0899029
0.0913642
0.0925626
0.0935304
0.0942976
0.0948966
0.095348
0.0956822
0.0959122
0.0960656
0.0961506
0.0961888
0.0961834
0.0961646
0.0961266
0.0960804
0.0960361
0.0960004
0.095975
0.0959785
0.0959971
0.0960423
0.0961163
0.0962352
0.096375
0.0965708
0.0967827
0.0970643
0.0973514
0.097727
0.0980903
0.0985586
0.0989882
0.0995488
0.100039
0.100698
0.101244
0.102013
0.102614
0.103507
0.104162
0.105198
0.105904
0.107098
0.10785
0.109205
0.109987
0.111476
0.11228
0.113869
0.114843
0.116776
0.117967
0.120083
0.121428
0.123529
0.124802
0.126513
0.126778
0.1259
0.122477
0.112274
0.0825708
)
;
    }
    fixedWalls
    {
        type            epsilonWallFunction;
        value           nonuniform List<scalar> 
240
(
2.03997e-05
9.91786e-05
0.000217436
0.000374821
0.00059193
0.000894416
0.00130751
0.00185448
0.00255255
0.00341129
0.00445495
0.00571511
0.00712632
0.00864983
0.0102378
0.0118358
0.0133941
0.0148735
0.0162634
0.017508
0.0185758
0.019442
0.0200935
0.0205374
0.0207817
0.0208024
0.0207044
0.0204771
0.0201269
0.0196669
0.0191157
0.0184996
0.0178384
0.0171468
0.0164346
0.015748
0.0151929
0.0146803
0.0141795
0.0136827
0.0131844
0.0126915
0.0122079
0.011734
0.0112769
0.0108302
0.0103891
0.00994996
0.00950934
0.00906505
0.00861415
0.00815599
0.00769101
0.00722088
0.00675197
0.0062985
0.00586713
0.00545959
0.00507246
0.0046966
0.00433134
0.00398778
0.00367423
0.00339498
0.00314863
0.00292826
0.00272943
0.00255285
0.00240478
0.00230136
0.00227208
0.00234263
0.0025612
0.00300387
0.00377258
0.00504605
0.00686943
0.00864176
0.0106623
0.00656239
4.48472e-05
0.000234716
0.000610243
0.000981318
0.00122009
0.00130291
0.00127132
0.00120419
0.00115112
0.0011521
0.0012116
0.00139949
0.00180773
0.00241172
0.0031747
0.00404685
0.00498124
0.00593453
0.00693555
0.00795989
0.00911617
0.0106114
0.0125676
0.0148967
0.0175629
0.0204291
0.0230415
0.0248956
0.0256819
0.0258541
0.0257093
0.0251807
0.0245464
0.0237325
0.0228665
0.0219778
0.0211372
0.0203796
0.0197501
0.0192722
0.0189422
0.0187823
0.0187294
0.0187932
0.019053
0.0194389
0.0199908
0.020725
0.0216529
0.0227715
0.0241264
0.0256989
0.0275406
0.0296374
0.0320292
0.0347048
0.0376875
0.0409703
0.0445627
0.04845
0.052628
0.0570709
0.061758
0.0666508
0.0717118
0.0768921
0.0821454
0.0874206
0.0926745
0.097888
0.103032
0.108185
0.113397
0.118972
0.122087
0.123258
0.120541
0.109956
0.0955034
0.0825708
2.03997e-05
0.00010374
0.000244773
0.000392914
0.000511483
0.000588658
0.000631403
0.000656227
0.000681479
0.000724511
0.000799095
0.000916667
0.00108634
0.0013111
0.00158395
0.00189521
0.00223591
0.0026
0.00297331
0.00334699
0.00372348
0.00412577
0.00458754
0.00513936
0.00578478
0.00648419
0.00717783
0.00787927
0.0085936
0.00933791
0.0101184
0.0109172
0.0117002
0.0124717
0.0132271
0.0139892
0.0147611
0.0155601
0.0163918
0.017268
0.0181924
0.0191727
0.0202167
0.0213301
0.0225153
0.0237787
0.0251462
0.0266854
0.0285318
0.0306906
0.0327532
0.0348821
0.0369182
0.0388697
0.0406394
0.0421723
0.0433835
0.0440312
0.0442952
0.0442474
0.0433662
0.0417876
0.0395044
0.0365651
0.0330746
0.0291503
0.0249988
0.0208278
0.0168204
0.0130879
0.00986307
0.00725892
0.00513067
0.00346915
0.00224854
0.00139779
0.000831755
0.000464473
0.000212604
4.48472e-05
)
;
    }
    frontAndBack
    {
        type            empty;
    }
}


// ************************************************************************* //
