/*--------------------------------*- C++ -*----------------------------------*\
  =========                 |
  \\      /  F ield         | OpenFOAM: The Open Source CFD Toolbox
   \\    /   O peration     | Website:  https://openfoam.org
    \\  /    A nd           | Version:  13
     \\/     M anipulation  |
\*---------------------------------------------------------------------------*/
FoamFile
{
    format      ascii;
    class       volScalarField;
    location    "9.6";
    object      k;
}
// * * * * * * * * * * * * * * * * * * * * * * * * * * * * * * * * * * * * * //

dimensions      [0 2 -2 0 0 0 0];

internalField   nonuniform List<scalar> 
6400
(
5.70034e-07
2.92748e-06
7.12051e-06
1.14635e-05
1.47219e-05
1.65338e-05
1.71703e-05
1.72028e-05
1.72784e-05
1.78723e-05
1.93601e-05
2.2332e-05
2.705e-05
3.36222e-05
4.16995e-05
5.0832e-05
6.05488e-05
7.06597e-05
8.06811e-05
9.03758e-05
0.000100155
0.000110858
0.000123609
0.000139015
0.00015635
0.000173725
0.000191012
0.000208176
0.000225781
0.000244279
0.000263394
0.000282511
0.000301318
0.0003199
0.00033869
0.000357815
0.000377643
0.000398301
0.000420026
0.00044288
0.000467031
0.000492659
0.000519914
0.000549068
0.000580425
0.00061507
0.000655139
0.000705118
0.000754134
0.000804462
0.000853429
0.000900961
0.00094539
0.000985552
0.00101993
0.00104654
0.00105974
0.00106492
0.00106139
0.00104005
0.00100308
0.00095081
0.00088365
0.000804815
0.000715135
0.00061969
0.000522979
0.000428562
0.00033992
0.000261284
0.000197091
0.000143243
9.97805e-05
6.66423e-05
4.28103e-05
2.65772e-05
1.59952e-05
9.18322e-06
4.34074e-06
9.24625e-07
2.75213e-06
2.31141e-05
5.60916e-05
8.75744e-05
0.00011074
0.000124445
0.000130863
0.000133341
0.000135549
0.000140587
0.000151979
0.000173923
0.000207526
0.000252146
0.000305668
0.000365358
0.000428758
0.000493374
0.000557325
0.000619974
0.000683569
0.000752634
0.000832748
0.000926121
0.00102831
0.00113015
0.00122922
0.00132338
0.0014138
0.00150141
0.00158446
0.00166202
0.00173263
0.00179736
0.00185843
0.0019168
0.00197438
0.00203204
0.00209109
0.00215207
0.00221569
0.00228262
0.00235292
0.00242667
0.00250327
0.00258263
0.00266281
0.00274101
0.00282537
0.00291143
0.00299986
0.00308704
0.00317139
0.00324915
0.00331694
0.0033707
0.00339802
0.00340618
0.00339253
0.00334475
0.00325918
0.00313551
0.00297196
0.00277253
0.00254162
0.00228841
0.00202388
0.00175596
0.00149246
0.00123722
0.00099467
0.000774385
0.000582668
0.000422666
0.000294577
0.000196557
0.00012548
7.55887e-05
3.66402e-05
4.89018e-06
6.00949e-06
5.00337e-05
0.000116253
0.000171529
0.000208973
0.000230908
0.000242844
0.000250875
0.000261138
0.000279656
0.000312367
0.00036423
0.000437033
0.000528954
0.000635875
0.00075348
0.000878384
0.00100777
0.00113892
0.00126959
0.00139806
0.00152358
0.00164394
0.00175371
0.00184794
0.00192303
0.00197655
0.00201423
0.00204383
0.00207228
0.00210339
0.00213641
0.00217177
0.00220728
0.00224631
0.00228814
0.00233442
0.0023851
0.00244122
0.0025027
0.00256939
0.00264191
0.00271962
0.00280279
0.00289127
0.00298496
0.00308313
0.00318699
0.00329629
0.00340926
0.00352496
0.00364104
0.00375526
0.00386419
0.00396402
0.00404993
0.00411677
0.00415146
0.00416103
0.0041395
0.00407284
0.00396074
0.00379882
0.00358958
0.00333527
0.00304448
0.00273317
0.00240992
0.00208514
0.00176929
0.0014711
0.00119722
0.00095251
0.000739505
0.000558937
0.000410058
0.000289563
0.000189947
9.64028e-05
1.30909e-05
1.04235e-05
8.39356e-05
0.000182243
0.000255815
0.000303755
0.000333262
0.000352992
0.0003716
0.000397599
0.000439338
0.000504311
0.000597196
0.00071783
0.00086138
0.00102081
0.00118934
0.00136101
0.00152998
0.00168999
0.00183504
0.00195948
0.00206138
0.0021383
0.00218356
0.00220292
0.00220765
0.00220413
0.00220238
0.00220247
0.00220907
0.00222059
0.00223561
0.00225571
0.00228065
0.0023109
0.00234618
0.00238715
0.00243366
0.00248567
0.00254356
0.00260723
0.002677
0.00275267
0.00283426
0.00292131
0.00301434
0.00311405
0.00322017
0.00333223
0.00344933
0.00357046
0.00369388
0.00381746
0.00393826
0.00405268
0.00415614
0.00424354
0.00430601
0.00433461
0.00433818
0.00429751
0.00421174
0.00408425
0.00390563
0.00367385
0.00339093
0.00307346
0.00273266
0.00238374
0.00204077
0.0017156
0.00141685
0.00114951
0.000915618
0.000715208
0.000546602
0.000405428
0.000282051
0.000153379
2.18575e-05
1.67076e-05
0.000129204
0.000260326
0.000351385
0.000409946
0.000448434
0.000478989
0.000513182
0.000562122
0.000636022
0.000742323
0.000883053
0.00105358
0.00124438
0.00144437
0.00164303
0.00183074
0.0019984
0.00213674
0.00224158
0.00230239
0.00232601
0.00232814
0.00229878
0.00226899
0.00224242
0.00222084
0.00220651
0.00219993
0.00219837
0.00220122
0.00220897
0.00222139
0.00223802
0.00225884
0.00228375
0.00231269
0.00234529
0.00238165
0.00242197
0.0024663
0.00251512
0.00256901
0.00262893
0.00269573
0.00276937
0.00284965
0.00293703
0.00303167
0.00313359
0.00324257
0.00335801
0.0034789
0.00360365
0.0037301
0.00385452
0.00397235
0.00407787
0.00416442
0.00421557
0.0042328
0.00420625
0.00412302
0.00398435
0.00379955
0.00355571
0.00325595
0.00291806
0.0025594
0.00219834
0.00185185
0.00153301
0.0012494
0.00100339
0.000794116
0.000618437
0.000470521
0.000338193
0.000192321
2.79722e-05
2.56723e-05
0.000189195
0.000355088
0.000464422
0.000535028
0.000584811
0.000629811
0.000684806
0.000763174
0.000875419
0.00102634
0.00121271
0.00142379
0.00164465
0.00185974
0.00205475
0.00221735
0.00234019
0.00240613
0.00242794
0.00241573
0.00237097
0.00232627
0.0022834
0.00224344
0.00220884
0.00218071
0.00215881
0.00214174
0.0021278
0.00211732
0.00211054
0.00210734
0.00210632
0.00210749
0.00211187
0.00211857
0.00212805
0.00214042
0.00215612
0.00217541
0.00219899
0.00222683
0.00225938
0.00229717
0.00234071
0.00239082
0.00244842
0.0025145
0.0025901
0.00267613
0.00277339
0.00288233
0.00300267
0.00313326
0.00327279
0.00341795
0.00356439
0.00370555
0.00383242
0.00393505
0.00398565
0.00399746
0.00394635
0.00383007
0.00365209
0.00339488
0.00307709
0.002717
0.00233792
0.0019642
0.00161672
0.0013091
0.00104644
0.000827371
0.000646661
0.000496107
0.000361161
0.000209948
3.02931e-05
3.81056e-05
0.000265848
0.000468889
0.000597816
0.000682183
0.000745768
0.000808764
0.000888876
0.00100043
0.00115177
0.00134237
0.00156209
0.00179378
0.00201768
0.0022152
0.00237101
0.00246549
0.00250096
0.00249937
0.00245033
0.00239698
0.00233483
0.00227507
0.00221574
0.00216254
0.00211688
0.00207717
0.00204153
0.00200917
0.00198025
0.00195526
0.00193333
0.00191348
0.00189568
0.00188008
0.00186684
0.00185586
0.00184745
0.00184204
0.00183962
0.00183908
0.00184209
0.00184849
0.00185856
0.00187287
0.00189171
0.001916
0.00194644
0.00198429
0.00203113
0.00208877
0.00215923
0.00224479
0.00234753
0.00246811
0.00260766
0.00276648
0.00294101
0.00312581
0.00331378
0.00349645
0.00365772
0.00377094
0.00381744
0.00381227
0.00371871
0.0035451
0.00327185
0.00292444
0.00252969
0.00212024
0.00172831
0.00137881
0.00108426
0.000844898
0.000653497
0.00049751
0.000360018
0.000209019
2.94587e-05
5.4737e-05
0.000360208
0.00060238
0.000752252
0.000852008
0.000931517
0.00101494
0.00112194
0.00126571
0.00144994
0.00166707
0.00189982
0.00212565
0.00232184
0.00247012
0.00254362
0.00256304
0.00253254
0.00247728
0.0024023
0.00232006
0.0022337
0.00215706
0.00208751
0.0020285
0.00197426
0.00192471
0.00187852
0.00183576
0.0017963
0.00176005
0.00172662
0.00169594
0.00166817
0.00164342
0.00162176
0.00160301
0.00158717
0.00157425
0.0015642
0.00155707
0.00155359
0.00155241
0.00155393
0.00155973
0.00156886
0.00158236
0.0016005
0.00162391
0.00165312
0.00168911
0.00173309
0.00178685
0.0018532
0.00193699
0.00204333
0.00217651
0.00234104
0.00253525
0.00275134
0.00298466
0.00322054
0.0034438
0.00362778
0.00371908
0.00374067
0.00367688
0.00350311
0.00320009
0.00280838
0.00236597
0.00191741
0.00150407
0.00115381
0.000875349
0.000660752
0.00049322
0.000351763
0.000202498
2.74285e-05
7.6074e-05
0.000472061
0.000754928
0.000926836
0.00104312
0.00113954
0.00124359
0.00137538
0.00154489
0.00174944
0.00197415
0.00219596
0.00238953
0.00252765
0.00258936
0.00259837
0.00255466
0.0024871
0.00239161
0.0022821
0.00218011
0.00209004
0.00200957
0.00193674
0.00187107
0.00180947
0.00175238
0.0016992
0.00165029
0.00160561
0.00156523
0.0015291
0.00149729
0.00146973
0.00144621
0.00142653
0.0014105
0.00139791
0.00138847
0.00138213
0.00137908
0.00137809
0.0013792
0.00138374
0.00139089
0.00140074
0.00141349
0.00142928
0.00144841
0.00147117
0.00149806
0.00152964
0.00156671
0.00161035
0.00166224
0.00172492
0.00180233
0.00190188
0.00203766
0.00222371
0.00245735
0.00272225
0.00300825
0.00329031
0.0035406
0.003682
0.0037261
0.00368783
0.00350698
0.0031615
0.00271309
0.00221399
0.001723
0.00129058
0.000944206
0.000685014
0.000493802
0.000338948
0.000189178
2.50949e-05
0.00010231
0.000599679
0.000924533
0.00111928
0.0012523
0.00136479
0.00148666
0.00163694
0.00182083
0.00202882
0.00223987
0.00242763
0.00255907
0.00261418
0.0026184
0.00257235
0.0024875
0.00236833
0.00224229
0.00212793
0.002025
0.0019334
0.00185021
0.00177395
0.00170375
0.00163863
0.00157924
0.0015255
0.00147781
0.00143611
0.00140034
0.00137027
0.00134555
0.00132576
0.0013104
0.00129895
0.00129089
0.00128621
0.00128415
0.00128368
0.00128569
0.00128959
0.00129539
0.00130315
0.00131268
0.00132408
0.00133751
0.00135304
0.00137089
0.00139126
0.0014144
0.00144062
0.00147028
0.00150379
0.00154161
0.00158476
0.00163485
0.00169481
0.00177041
0.00187091
0.00201368
0.00223156
0.0025177
0.00284058
0.00318203
0.00349658
0.00368872
0.00375368
0.00372998
0.00353046
0.00313029
0.00261553
0.00205609
0.00152633
0.00108307
0.000747867
0.000509945
0.000334146
0.000176918
2.31745e-05
0.000133912
0.000739248
0.00110807
0.00132596
0.00147458
0.00160012
0.00173396
0.00189284
0.00207661
0.0022697
0.00244709
0.00257336
0.00262533
0.00262759
0.00258131
0.00248243
0.0023462
0.00220877
0.0020805
0.00196667
0.0018644
0.00177222
0.00168797
0.00161104
0.00154125
0.00147868
0.00142387
0.00137676
0.00133733
0.00130509
0.00127949
0.00125979
0.00124522
0.00123498
0.00122845
0.00122528
0.00122418
0.00122454
0.0012274
0.00123141
0.00123709
0.00124402
0.00125235
0.00126203
0.00127313
0.00128575
0.00130002
0.00131605
0.00133398
0.00135395
0.00137609
0.00140056
0.00142754
0.00145728
0.00149012
0.00152589
0.00156513
0.00160845
0.00165784
0.00171721
0.00179534
0.00190763
0.00207929
0.00235798
0.00271432
0.00310574
0.00348353
0.00372384
0.00380579
0.00378296
0.00354788
0.00308024
0.00249241
0.00187568
0.00131855
0.00087733
0.000560734
0.000344013
0.000173504
2.24957e-05
0.00017236
0.000886241
0.0013018
0.00154206
0.00170365
0.00183712
0.0019746
0.00212999
0.00229818
0.00245926
0.00257935
0.00262985
0.00263197
0.00258641
0.00247927
0.00233214
0.00218273
0.00204288
0.00191725
0.00180579
0.00170536
0.00161482
0.00153315
0.00146053
0.00139716
0.0013432
0.00129859
0.00126274
0.00123489
0.00121399
0.00119898
0.00118877
0.00118262
0.0011797
0.00117874
0.00117918
0.00118158
0.00118504
0.0011898
0.00119547
0.00120228
0.00121014
0.00121921
0.00122957
0.00124137
0.00125476
0.0012699
0.00128693
0.001306
0.00132721
0.00135065
0.00137632
0.0014042
0.00143417
0.00146611
0.00149998
0.00153592
0.00157436
0.0016148
0.00165823
0.00170772
0.00177074
0.00186136
0.00200583
0.00224798
0.00262461
0.00305607
0.00349728
0.00377536
0.0038669
0.0038276
0.00353427
0.00298535
0.00232247
0.00166088
0.00109454
0.000669947
0.00038096
0.000180748
2.32906e-05
0.000215041
0.00104085
0.00150156
0.00176206
0.00193256
0.0020673
0.00219861
0.00233777
0.00247595
0.00258602
0.00263455
0.00263729
0.00259252
0.00248301
0.00232923
0.00216814
0.00201647
0.00187985
0.00175874
0.00165114
0.00155496
0.00146978
0.00139543
0.00133218
0.00127989
0.00123808
0.0012058
0.00118179
0.00116466
0.00115303
0.00114567
0.0011419
0.00114031
0.00113995
0.00114094
0.00114303
0.00114611
0.00114992
0.00115458
0.0011601
0.00116663
0.00117427
0.0011832
0.00119356
0.00120553
0.0012193
0.00123505
0.00125294
0.00127316
0.00129585
0.00132111
0.001349
0.00137945
0.00141231
0.00144725
0.00148381
0.00152144
0.0015597
0.00159859
0.0016387
0.00167914
0.0017226
0.00177523
0.00185039
0.0019731
0.00218791
0.00256555
0.0030374
0.00353452
0.00383345
0.00392206
0.00384527
0.00346326
0.0028197
0.00209142
0.001405
0.000853368
0.000464647
0.000206656
2.66691e-05
0.000260732
0.00119933
0.00170235
0.00198002
0.00215448
0.00228295
0.002398
0.00250904
0.0026028
0.00264639
0.00264905
0.00260375
0.00249604
0.00233883
0.00216793
0.00200375
0.0018557
0.00172486
0.00160973
0.00150838
0.00141983
0.00134407
0.00128096
0.00123014
0.00119065
0.00116112
0.0011399
0.00112525
0.00111563
0.00110965
0.00110643
0.00110495
0.00110444
0.00110443
0.00110546
0.00110704
0.00110929
0.00111222
0.00111596
0.00112064
0.00112644
0.0011335
0.001142
0.00115211
0.001164
0.00117786
0.00119387
0.00121224
0.00123317
0.00125685
0.00128347
0.00131316
0.001346
0.00138193
0.00142071
0.00146184
0.00150456
0.00154783
0.00159057
0.001632
0.00167241
0.00171165
0.00175091
0.00179633
0.00186102
0.00197074
0.00217379
0.00254227
0.00305178
0.00359492
0.00388737
0.00395708
0.00381713
0.00330343
0.0025689
0.00179022
0.00111031
0.000604293
0.000263067
3.48244e-05
0.000307947
0.0013575
0.00189897
0.00219015
0.00236317
0.00247792
0.00256749
0.00263943
0.00267299
0.00267321
0.00262448
0.00252056
0.00236259
0.00218387
0.00200727
0.00184643
0.00170498
0.00158161
0.00147447
0.00138227
0.00130456
0.00124105
0.00119091
0.00115285
0.00112502
0.00110543
0.00109211
0.00108331
0.00107763
0.00107399
0.00107165
0.00107002
0.00106885
0.00106825
0.00106806
0.00106833
0.00106933
0.0010711
0.00107385
0.00107768
0.00108278
0.00108929
0.00109737
0.00110719
0.00111889
0.00113264
0.00114865
0.00116709
0.0011882
0.00121221
0.00123938
0.00126995
0.00130413
0.00134206
0.00138372
0.00142888
0.00147692
0.0015268
0.00157698
0.00162558
0.00167082
0.00171208
0.00174893
0.00178534
0.00182715
0.00188488
0.00198811
0.0021855
0.00255821
0.00310616
0.00366785
0.00393008
0.00396168
0.0037108
0.00304535
0.00221822
0.00142441
0.000792451
0.000348502
4.79409e-05
0.000355323
0.00151127
0.0020867
0.00238741
0.00255344
0.00264786
0.00270224
0.00272403
0.00271506
0.00265985
0.00255926
0.00240222
0.00221765
0.00202912
0.00185417
0.00170021
0.00156722
0.00145305
0.00135615
0.00127556
0.00121058
0.0011601
0.00112235
0.00109516
0.00107618
0.00106322
0.0010544
0.00104827
0.00104376
0.00104018
0.00103711
0.00103435
0.00103189
0.00102985
0.0010283
0.00102753
0.00102733
0.00102806
0.00103002
0.00103322
0.0010378
0.00104391
0.00105167
0.00106122
0.00107269
0.00108625
0.00110205
0.0011203
0.0011412
0.00116502
0.00119205
0.00122259
0.00125698
0.00129553
0.00133849
0.00138595
0.0014377
0.00149313
0.00155095
0.00160915
0.00166498
0.00171541
0.00176033
0.00179502
0.00182399
0.0018627
0.00191816
0.00201944
0.00221949
0.00261035
0.00320174
0.00374744
0.0039664
0.00391485
0.00347158
0.00265784
0.0017756
0.00101766
0.000455509
6.48671e-05
0.000401897
0.00165637
0.00226175
0.00256848
0.00272063
0.00278461
0.00280021
0.00277853
0.00271453
0.00261569
0.0024597
0.00227095
0.00207134
0.00188124
0.00171238
0.00156738
0.00144436
0.00134111
0.0012562
0.00118844
0.00113633
0.00109776
0.00107018
0.00105094
0.00103763
0.00102823
0.00102123
0.00101558
0.00101061
0.00100599
0.00100158
0.000997396
0.000993559
0.000990211
0.000987499
0.000985713
0.000984923
0.000984813
0.000986201
0.000988971
0.000993199
0.000999017
0.00100653
0.00101585
0.0010271
0.00104041
0.00105593
0.00107384
0.00109435
0.00111769
0.00114417
0.00117412
0.00120793
0.00124603
0.00128884
0.00133675
0.00138998
0.00144844
0.0015115
0.00157774
0.00164467
0.00170862
0.00176513
0.00181389
0.00184768
0.00186737
0.00190212
0.0019586
0.00206241
0.0022747
0.00270044
0.0033342
0.00381785
0.00396353
0.00377345
0.00308155
0.00214993
0.00127071
0.000577752
8.45415e-05
0.00044667
0.00179154
0.00242065
0.00272599
0.002858
0.00289309
0.00287202
0.00280188
0.0026924
0.00253773
0.0023456
0.00213601
0.00193019
0.00174397
0.0015838
0.00144918
0.00133741
0.0012463
0.00117413
0.00111896
0.00107835
0.0010494
0.00102916
0.00101494
0.00100459
0.000996496
0.000989589
0.000983228
0.000977099
0.00097111
0.00096531
0.000959828
0.000954825
0.000950468
0.000946916
0.000944322
0.000943024
0.000942607
0.00094345
0.000945923
0.000949882
0.000955455
0.000962741
0.000971834
0.000982844
0.000995888
0.0010111
0.00102864
0.0010487
0.00107149
0.0010973
0.00112645
0.00115933
0.00119641
0.00123821
0.00128529
0.00133819
0.00139729
0.00146263
0.00153364
0.00160875
0.00168498
0.00175767
0.00182063
0.00187345
0.00190212
0.00191617
0.00194589
0.00200497
0.0021168
0.00235405
0.00283835
0.0035127
0.00385826
0.00389442
0.00346238
0.00253768
0.00154754
0.000711241
0.000106026
0.000487924
0.0019131
0.00255834
0.00285733
0.00296705
0.0029779
0.00291399
0.00279595
0.00264108
0.00244397
0.00222525
0.00200374
0.00179805
0.00161912
0.00146924
0.00134599
0.00124632
0.00116775
0.00110789
0.00106391
0.00103258
0.0010106
0.000995015
0.000983437
0.00097413
0.000965957
0.000958258
0.000950728
0.000943291
0.000936012
0.000929027
0.000922505
0.000916613
0.000911507
0.000907328
0.0009042
0.000902493
0.000901863
0.000902246
0.000904443
0.000908137
0.000913452
0.000920486
0.000929323
0.000940066
0.000952823
0.000967718
0.000984895
0.00100452
0.0010268
0.00105197
0.00108033
0.00111225
0.00114818
0.00118866
0.00123432
0.00128585
0.00134395
0.00140919
0.00148177
0.00156116
0.00164564
0.0017317
0.00181359
0.00188334
0.00193583
0.0019575
0.00196733
0.00199334
0.00205717
0.00218447
0.00246984
0.00303767
0.00366225
0.00389777
0.00371576
0.00291865
0.0018448
0.000853604
0.000128657
0.000524206
0.00201812
0.00267265
0.00296237
0.00305289
0.00303649
0.00293069
0.00277215
0.00256985
0.00234148
0.00210465
0.00187813
0.00167691
0.00150736
0.00136872
0.00125743
0.00117005
0.00110354
0.00105465
0.00101979
0.000995299
0.000977863
0.000964813
0.000954211
0.000944797
0.000935853
0.000927048
0.000918303
0.000909686
0.000901337
0.000893422
0.000886107
0.000879545
0.000873872
0.000869207
0.000865657
0.000863558
0.000862716
0.000862687
0.000864547
0.000867935
0.000872941
0.000879667
0.000888197
0.000898629
0.000911067
0.000925631
0.000942452
0.000961683
0.000983505
0.00100813
0.00103583
0.00106693
0.00110182
0.00114103
0.00118517
0.00123498
0.00129131
0.00135504
0.00142692
0.00150731
0.0015957
0.00169009
0.00178619
0.00187677
0.00195137
0.00199951
0.00201385
0.00201927
0.00204427
0.00211535
0.00227036
0.00263353
0.00328714
0.00373921
0.00380973
0.00327251
0.00215731
0.00100039
0.000152259
0.000554712
0.00210541
0.00276323
0.003042
0.00311661
0.00306996
0.00292482
0.00272479
0.0024879
0.00223576
0.00198786
0.00176148
0.00156756
0.00140862
0.00128169
0.00118243
0.00110686
0.0010512
0.00101142
0.000983472
0.000963612
0.000948795
0.000936799
0.000926169
0.000916072
0.000906119
0.000896204
0.000886386
0.000876799
0.000867606
0.00085897
0.00085104
0.000843945
0.000837804
0.000832718
0.000828784
0.000826203
0.000825014
0.000824751
0.00082613
0.00082915
0.000833781
0.000840136
0.000848299
0.000858367
0.000870448
0.000884655
0.000901115
0.000919973
0.000941393
0.000965568
0.00099273
0.00102317
0.00105723
0.00109538
0.00113818
0.00118634
0.00124074
0.0013024
0.00137239
0.00145168
0.00154079
0.00163917
0.00174443
0.00185133
0.0019509
0.00202687
0.00206247
0.00206986
0.00207123
0.00209805
0.00218234
0.00238604
0.00287545
0.00353498
0.00379687
0.00354008
0.00247467
0.0011489
0.000176718
0.000579001
0.002175
0.00283114
0.00309803
0.00315788
0.00308142
0.00290455
0.00266562
0.00240016
0.00213084
0.00187748
0.00165488
0.00147004
0.0013223
0.00120712
0.00111944
0.00105465
0.00100821
0.000975569
0.000952511
0.000935512
0.000921951
0.00091009
0.000898914
0.000887927
0.000876972
0.000866079
0.000855373
0.00084501
0.000835148
0.00082593
0.000817484
0.00080992
0.00080334
0.000797832
0.000793482
0.000790364
0.00078878
0.000788273
0.000789098
0.00079168
0.000795877
0.000801801
0.00080954
0.000819195
0.000830873
0.00084469
0.000860771
0.000879255
0.000900298
0.000924077
0.000950802
0.000980724
0.00101415
0.00105148
0.00109322
0.00114
0.00119265
0.0012522
0.00131987
0.00139696
0.00148467
0.00158358
0.00169294
0.00180961
0.00192693
0.00203401
0.00210371
0.00212446
0.00212529
0.00211997
0.00215607
0.00226433
0.00255839
0.0031835
0.00362901
0.00365921
0.00279381
0.0013107
0.000203361
0.000597007
0.00222758
0.0028778
0.00313235
0.00317862
0.00307536
0.00286626
0.00259814
0.00231037
0.00202952
0.001775
0.00155866
0.00138387
0.00124746
0.00114365
0.0010667
0.0010113
0.000972332
0.000944993
0.00092518
0.000909751
0.000896568
0.000884341
0.000872412
0.00086053
0.000848681
0.000836969
0.000825539
0.000814544
0.000804122
0.000794398
0.000785479
0.00077746
0.000770429
0.000764467
0.000759647
0.00075604
0.00075396
0.000753168
0.000753415
0.000755497
0.000759214
0.000764661
0.000771931
0.000781129
0.000792363
0.000805752
0.000821424
0.000839515
0.000860178
0.000883582
0.00090992
0.000939421
0.000972358
0.00100907
0.00105
0.00109571
0.00114694
0.00120466
0.00127007
0.00134464
0.00142996
0.00152747
0.00163776
0.00175957
0.00188828
0.00201425
0.00212176
0.00217789
0.00218742
0.00217357
0.00216366
0.00221756
0.00238158
0.00284061
0.00347361
0.00368153
0.00310876
0.00151075
0.000237302
0.000609016
0.00226418
0.00290426
0.00314521
0.00317837
0.00305614
0.00281829
0.00252598
0.00222139
0.00193364
0.00168113
0.00147262
0.00130831
0.00118296
0.00108982
0.00102244
0.000974917
0.000941763
0.000918176
0.00090036
0.000885632
0.000872312
0.000859491
0.000846776
0.000834079
0.000821468
0.000809073
0.000797038
0.000785501
0.00077458
0.000764382
0.000755
0.00074652
0.000739022
0.000732584
0.000727282
0.000723193
0.000720535
0.000719341
0.000719143
0.000720646
0.000723854
0.000728795
0.000735566
0.000744272
0.000755028
0.000767953
0.000783179
0.000800844
0.000821102
0.00084412
0.000870082
0.000899203
0.00093173
0.000967968
0.0010083
0.00105321
0.00110334
0.00115957
0.00122302
0.00129515
0.00137773
0.00147268
0.00158169
0.00170531
0.00184165
0.00198447
0.00212137
0.00221548
0.00224746
0.00224561
0.0022165
0.00220925
0.00229611
0.00256828
0.00320177
0.00357532
0.00336307
0.00176518
0.000283194
0.0006151
0.00228513
0.00291161
0.00314211
0.00316735
0.00302197
0.00276307
0.00245188
0.00213528
0.0018443
0.00159604
0.00139626
0.0012424
0.00112759
0.00104416
0.000985061
0.000943928
0.000915139
0.000894088
0.000877385
0.000862809
0.000849085
0.0008356
0.000822147
0.000808737
0.000795476
0.000782498
0.000769936
0.000757907
0.000746516
0.000735855
0.00072601
0.000717062
0.000709089
0.00070217
0.000696384
0.000691814
0.00068854
0.000686859
0.000686338
0.000687227
0.00068991
0.000694333
0.000700589
0.000708785
0.000719034
0.000731464
0.000746207
0.000763407
0.000783221
0.000805817
0.000831381
0.000860119
0.000892265
0.000928098
0.000967954
0.00101226
0.00106158
0.00111667
0.00117854
0.00124856
0.00132849
0.00142047
0.00152677
0.00164915
0.0017876
0.00193842
0.00209185
0.00223002
0.00230332
0.00231555
0.00228451
0.0022495
0.00226848
0.00242115
0.00291162
0.00343139
0.00348515
0.0020702
0.000341052
0.00061481
0.0022932
0.00290685
0.00312784
0.00314158
0.00297879
0.00270326
0.002378
0.00205345
0.00176209
0.00151956
0.00132889
0.00118515
0.0010801
0.00100531
0.000953189
0.000917107
0.000891496
0.000872072
0.000855886
0.000841141
0.000826896
0.000812755
0.000798637
0.000784606
0.000770781
0.000757287
0.000744243
0.00073175
0.000719903
0.000708785
0.000698479
0.000689064
0.000680619
0.000673222
0.000666953
0.000661887
0.000658098
0.00065589
0.000655055
0.000655364
0.000657522
0.000661431
0.00066717
0.000674845
0.000684573
0.000696481
0.000710708
0.000727402
0.000746725
0.000768852
0.000793972
0.000822292
0.000854042
0.000889486
0.000928933
0.000972765
0.00102147
0.00107571
0.00113637
0.00120468
0.00128231
0.00137145
0.00147471
0.00159478
0.00173346
0.00188986
0.00205781
0.00222307
0.00234154
0.0023814
0.00237237
0.0023021
0.00227094
0.00234439
0.00266424
0.00329213
0.00351657
0.00241535
0.000408538
0.00061165
0.00229131
0.002891
0.00309828
0.00310312
0.00292849
0.00264094
0.00230593
0.00197684
0.00168721
0.00145131
0.00126973
0.00113555
0.00103937
0.000972084
0.000925722
0.000893542
0.000870175
0.000851726
0.000835673
0.000820588
0.000805786
0.000791033
0.000776321
0.000761741
0.000747411
0.000733444
0.000719945
0.000707006
0.000694713
0.000683149
0.000672392
0.000662524
0.000653624
0.000645771
0.000639043
0.000633517
0.000629272
0.000626536
0.000625339
0.000625199
0.000626834
0.000630242
0.000635474
0.00064263
0.000651828
0.000663198
0.000676881
0.000693031
0.000711816
0.000733419
0.000758037
0.000785883
0.000817192
0.000852222
0.00089127
0.000934685
0.000982903
0.0010365
0.00109624
0.00116322
0.00123894
0.00132549
0.00142556
0.00154231
0.00167868
0.00183591
0.00201079
0.00219199
0.00235642
0.00243997
0.00245237
0.002396
0.00232129
0.00231793
0.00249357
0.00306614
0.00343865
0.00276261
0.000479025
0.000604568
0.0022827
0.00286114
0.00305821
0.00305588
0.00287312
0.00257777
0.00223684
0.00190599
0.00161961
0.00139077
0.00121798
0.00109264
0.00100437
0.000943495
0.000901798
0.000872575
0.000850744
0.000832815
0.000816658
0.000801148
0.000785799
0.000770482
0.000755235
0.000740159
0.000725364
0.000710953
0.00069702
0.000683651
0.000670929
0.000658935
0.00064775
0.000637456
0.000628133
0.000619861
0.000612718
0.000606784
0.00060214
0.000598889
0.000597276
0.000596845
0.000597969
0.000600899
0.000605642
0.000612292
0.000620962
0.000631785
0.000644903
0.000660477
0.000678681
0.000699707
0.00072376
0.000751067
0.00078187
0.000816433
0.00085505
0.000898054
0.000945845
0.00099893
0.00105798
0.00112395
0.00119818
0.00128258
0.0013798
0.0014932
0.00162659
0.00178307
0.00196274
0.00215902
0.00235407
0.00248635
0.0025243
0.00249571
0.00237623
0.00232247
0.00240887
0.00284983
0.00330023
0.00304028
0.000536553
0.000593468
0.00226443
0.00282237
0.00301058
0.00300181
0.00281441
0.00251506
0.00217154
0.00184116
0.00155907
0.00133738
0.00117287
0.00105556
0.000974213
0.000918736
0.000880762
0.000853738
0.000832918
0.000815201
0.000798801
0.000782833
0.000766959
0.000751123
0.000735388
0.000719854
0.000704625
0.000689793
0.000675446
0.000661667
0.000648538
0.000636142
0.000624562
0.00061388
0.000604177
0.000595533
0.000588025
0.000581728
0.000576715
0.000573055
0.000571037
0.000570353
0.000571021
0.000573505
0.000577786
0.000583946
0.000592099
0.000602374
0.000614916
0.00062989
0.000647477
0.000667876
0.000691306
0.000718005
0.000748229
0.000782255
0.000820383
0.000862945
0.000910319
0.000962967
0.00102148
0.00108669
0.00115977
0.00124243
0.00133712
0.00144723
0.0015769
0.00173039
0.00191006
0.0021128
0.00232532
0.00250879
0.00258851
0.00259055
0.00248198
0.00236882
0.00236831
0.00267297
0.00317123
0.00317282
0.000563289
0.000578957
0.00223925
0.00277664
0.00295678
0.0029429
0.0027538
0.0024538
0.00211053
0.00178242
0.00150526
0.00129054
0.00113368
0.00102353
0.000948167
0.000897164
0.000862122
0.000836704
0.000816511
0.000798803
0.000782077
0.000765646
0.000749276
0.00073296
0.000716772
0.000700811
0.000685172
0.000669941
0.000655204
0.000641041
0.000627537
0.000614776
0.000602842
0.000591818
0.000581785
0.000572821
0.000564999
0.000558391
0.000553061
0.000549073
0.000546689
0.000545774
0.000546048
0.000548123
0.000551973
0.00055767
0.000565321
0.000575055
0.000587018
0.000601377
0.000618319
0.000638051
0.000660805
0.000686832
0.000716405
0.000749818
0.000787385
0.000829446
0.000876377
0.00092861
0.000986682
0.00105131
0.00112353
0.00120483
0.00129748
0.00140469
0.0015308
0.00168093
0.00185944
0.00206666
0.00229338
0.00251448
0.00264634
0.00267328
0.00259509
0.00241803
0.00235736
0.00251344
0.0030638
0.0032103
0.00056799
0.000561864
0.00220939
0.00272569
0.00289832
0.00288077
0.00269251
0.00239472
0.00205413
0.00172969
0.00145782
0.00124969
0.00109974
0.000995877
0.00092561
0.000878272
0.000845511
0.00082124
0.000801399
0.000783563
0.000766471
0.000749583
0.000732746
0.000715981
0.000699371
0.000683008
0.000666984
0.00065138
0.00063628
0.000621766
0.000607925
0.00059484
0.000582599
0.000571283
0.000560973
0.000551744
0.000543664
0.0005368
0.000531212
0.000526961
0.000524255
0.000523117
0.000523074
0.000524781
0.000528233
0.000533493
0.000540664
0.000549871
0.00056126
0.000574998
0.000591278
0.000610315
0.00063235
0.00065765
0.000686505
0.000719229
0.000756159
0.000797649
0.000844084
0.000895886
0.000953556
0.00101773
0.0010893
0.00116958
0.00126057
0.00136526
0.00148792
0.00163405
0.00180947
0.00201754
0.00225397
0.00250003
0.00268778
0.00274834
0.00270917
0.00251701
0.00238304
0.0024356
0.00289461
0.00318197
0.000556544
0.000542858
0.00217662
0.00267112
0.00283665
0.00281674
0.00263147
0.00233834
0.00200246
0.00168279
0.00141634
0.0012143
0.00107046
0.000972029
0.000906038
0.000861664
0.000830653
0.000807178
0.000787491
0.000769441
0.000751964
0.000734633
0.000717354
0.000700169
0.000683162
0.000666424
0.00065004
0.000634092
0.000618662
0.000603835
0.000589697
0.000576336
0.000563837
0.000552282
0.000541748
0.000532308
0.000524025
0.000516961
0.000511174
0.000506722
0.000503735
0.000502341
0.000502099
0.000503469
0.000506556
0.000511411
0.000518126
0.000526825
0.000537651
0.000550772
0.000566384
0.000584707
0.000605993
0.000630522
0.000658603
0.000690571
0.000726787
0.00076763
0.000813504
0.000864837
0.000922108
0.000985898
0.00105699
0.00113651
0.00122624
0.00132887
0.00144848
0.00159073
0.00176235
0.00196899
0.00221013
0.00247135
0.0027079
0.0028141
0.00280999
0.00263444
0.00242669
0.00240321
0.00274341
0.00310779
0.000536848
0.000522601
0.00214168
0.00261419
0.00277299
0.00275194
0.00257144
0.00228502
0.00195554
0.00164148
0.00138043
0.00118388
0.00104534
0.0009515
0.00088904
0.00084703
0.000817337
0.000794389
0.000774717
0.000756401
0.000738532
0.000720777
0.000703081
0.000685501
0.000668124
0.000651036
0.000634321
0.000618061
0.000602338
0.000587238
0.000572849
0.000559258
0.000546551
0.000534807
0.000524102
0.000514502
0.000506067
0.000498855
0.000492918
0.00048831
0.000485086
0.000483467
0.000483062
0.000484142
0.0004869
0.000491379
0.000497666
0.00050588
0.000516161
0.000528677
0.000543623
0.000561227
0.000581746
0.000605474
0.000632736
0.000663891
0.000699326
0.00073945
0.000784692
0.000835499
0.00089235
0.000955791
0.00102651
0.00110551
0.00119429
0.00129528
0.00141226
0.0015508
0.00171823
0.00192215
0.00216601
0.00244059
0.00271331
0.00287645
0.0029041
0.00276391
0.00248815
0.00239357
0.00262404
0.0030135
0.000513559
0.000501052
0.00210652
0.00255627
0.0027085
0.00268727
0.00251299
0.00223497
0.00191328
0.00160547
0.00134968
0.00115799
0.00102393
0.000933888
0.000874283
0.000834122
0.0008054
0.000782777
0.000763022
0.000744408
0.000726153
0.000707992
0.000689904
0.000671955
0.000654233
0.000636824
0.00061981
0.000603273
0.000587295
0.000571964
0.000557368
0.000543594
0.000530725
0.000518841
0.000508011
0.000498298
0.000489758
0.000482441
0.000476394
0.000471657
0.000468268
0.000466446
0.000465899
0.000466731
0.000469194
0.000473329
0.000479217
0.000486971
0.000496729
0.000508657
0.000522951
0.000539839
0.000559587
0.000582497
0.000608911
0.00063921
0.000673807
0.000713144
0.000757685
0.000807906
0.000864299
0.000927397
0.000997829
0.00107645
0.00116458
0.00126432
0.00137911
0.00151429
0.00167737
0.0018773
0.0021208
0.00240455
0.00270356
0.00292372
0.00298716
0.00288913
0.00258375
0.0024015
0.00252626
0.00290846
0.000489359
0.000479719
0.0020704
0.00249803
0.00264406
0.00262346
0.00245656
0.00218831
0.00187552
0.00157447
0.00132376
0.00113626
0.00100585
0.000918859
0.0008615
0.000822746
0.000794714
0.00077226
0.000752356
0.000733429
0.000714799
0.000696255
0.000677799
0.000659507
0.000641469
0.000623769
0.000606488
0.000589709
0.000573516
0.000557995
0.000543235
0.000529321
0.000516336
0.000504354
0.000493441
0.000483656
0.000475049
0.000467664
0.000461539
0.000456708
0.000453199
0.000451202
0.000450526
0.000451148
0.000453349
0.000457169
0.000462686
0.000470009
0.00047927
0.000490634
0.000504295
0.000520482
0.000539464
0.000561553
0.000587104
0.000616517
0.000650233
0.000688729
0.000732506
0.000782077
0.000837966
0.000900706
0.000970891
0.00104927
0.00113697
0.00123582
0.00134888
0.00148112
0.00164006
0.00183547
0.00207667
0.00236508
0.00268239
0.00295801
0.00306244
0.00300614
0.00270512
0.00243551
0.00245516
0.0028015
0.000465536
0.000456222
0.00203713
0.00244089
0.00258056
0.00256114
0.00240247
0.00214506
0.00184206
0.00154819
0.00130234
0.00111834
0.000990808
0.000906144
0.000850475
0.000812747
0.000785173
0.000762771
0.000742674
0.000723433
0.000704444
0.00068554
0.000666743
0.000648136
0.000629809
0.000611849
0.000594336
0.000577352
0.000560982
0.000545311
0.000530426
0.000516413
0.000503349
0.000491306
0.000480347
0.000470524
0.000461881
0.000454458
0.000448284
0.000443386
0.000439789
0.000437644
0.000436851
0.000437294
0.000439261
0.000442795
0.000447971
0.00045489
0.000463684
0.000474511
0.000487564
0.000503072
0.000521305
0.000542581
0.000567267
0.00059578
0.000628587
0.000666198
0.000709157
0.000758022
0.000813354
0.000875712
0.000945671
0.00102391
0.00111138
0.00120964
0.00132137
0.00145114
0.00160621
0.00179686
0.00203454
0.00232506
0.0026549
0.00297448
0.0031312
0.00311965
0.00283914
0.0024744
0.00240784
0.0026913
0.000442779
0.000437948
0.00200134
0.00238502
0.0025186
0.00250077
0.00235096
0.00210517
0.00181269
0.00152635
0.00128513
0.00110399
0.000978551
0.000895531
0.00084104
0.000804
0.000776692
0.000754253
0.000733936
0.000714386
0.00069506
0.000675822
0.000656712
0.000637818
0.000619233
0.000601045
0.000583333
0.00056618
0.000549668
0.000533884
0.000518912
0.000504833
0.000491725
0.000479653
0.000468676
0.000458841
0.000450189
0.00044275
0.000436549
0.000431607
0.000427945
0.000425676
0.000424773
0.000425063
0.000426823
0.000430097
0.000434958
0.000441504
0.00044986
0.000460181
0.000472657
0.000487514
0.000505023
0.000525506
0.000549337
0.000576949
0.000608832
0.00064553
0.000687628
0.000735735
0.000790462
0.000852403
0.000922142
0.0010003
0.0010877
0.00118564
0.00129643
0.00142419
0.00157578
0.00176164
0.00199487
0.00228574
0.00262808
0.00297888
0.0031957
0.0032226
0.00297846
0.00254582
0.00238333
0.00258567
0.000422552
0.000421972
0.00196385
0.00233065
0.00245871
0.00244275
0.00230216
0.00206856
0.0017872
0.00150867
0.00127182
0.00109293
0.000968867
0.000886851
0.000833062
0.000796408
0.0007692
0.000746654
0.000726104
0.000706259
0.00068662
0.000667078
0.000647684
0.000628532
0.00060972
0.000591334
0.000573457
0.000556168
0.000539549
0.000523685
0.000508656
0.000494543
0.000481418
0.000469342
0.00045837
0.000448545
0.000439901
0.000432463
0.000426252
0.000421284
0.000417573
0.000415198
0.000414192
0.000414349
0.000415924
0.000418963
0.000423535
0.000429735
0.000437684
0.000447533
0.000459465
0.000473706
0.000490524
0.000510241
0.000533238
0.000559961
0.000590919
0.000626688
0.000667895
0.000715203
0.000769279
0.000830768
0.000900279
0.000978408
0.00106586
0.00116372
0.00127393
0.00140011
0.00154867
0.00172986
0.00195782
0.00224633
0.00259631
0.00297456
0.00325022
0.00331803
0.00311203
0.00264014
0.00237355
0.00248523
0.000405245
0.000406823
0.0019256
0.00227798
0.00240119
0.00238737
0.0022562
0.00203514
0.00176538
0.00149493
0.00126233
0.00108512
0.000961658
0.000879992
0.000826444
0.000789893
0.000762641
0.000739931
0.000719141
0.000699021
0.000679099
0.000659283
0.000639635
0.000620256
0.000601247
0.000582695
0.000564683
0.00054729
0.000530595
0.00051468
0.000499623
0.0004855
0.00047238
0.00046032
0.000449371
0.00043957
0.000430946
0.000423522
0.000417311
0.000412327
0.00040858
0.000406116
0.000405007
0.000405048
0.000406458
0.000409282
0.000413591
0.000419473
0.000427047
0.000436456
0.000447882
0.000461543
0.000477707
0.000496694
0.000518889
0.000544744
0.000574789
0.000609626
0.000649925
0.000696403
0.000749789
0.000810792
0.000880061
0.000958191
0.0010458
0.00114378
0.00125372
0.00137877
0.00152475
0.00170161
0.00192407
0.00220877
0.00256279
0.00296131
0.00329457
0.00340619
0.00324237
0.00275863
0.00237294
0.00239375
0.000391529
0.000392111
0.00188709
0.00222763
0.00234594
0.0023348
0.0022131
0.00200476
0.00174699
0.00148482
0.00125614
0.00108008
0.000956763
0.000874883
0.000821129
0.000784404
0.000756967
0.000734043
0.000713015
0.000692643
0.000672469
0.000652412
0.000632542
0.000612968
0.000593792
0.000575104
0.000556987
0.000539518
0.000522774
0.000506834
0.000491772
0.00047766
0.000464562
0.000452533
0.000441618
0.00043185
0.000423256
0.000415851
0.000409648
0.000404654
0.000400877
0.000398341
0.000397126
0.000397066
0.000398324
0.000400955
0.000405022
0.000410614
0.000417842
0.000426847
0.000437803
0.000450926
0.000466477
0.000484775
0.000506204
0.000531225
0.000560378
0.000594294
0.00063368
0.000679308
0.000731975
0.000792459
0.00086147
0.000939619
0.00102747
0.00112574
0.0012357
0.00136
0.00150386
0.00167674
0.0018936
0.00217337
0.00252892
0.0029438
0.0033292
0.00348824
0.00337272
0.00289035
0.00239772
0.00231286
0.00038162
0.000377589
0.00184853
0.00217996
0.00229332
0.00228468
0.00217328
0.00197741
0.00173184
0.00147823
0.00125384
0.00107867
0.000954185
0.000871436
0.000817056
0.000779897
0.000752143
0.000728958
0.000707692
0.000687095
0.000666703
0.000646441
0.000626384
0.000606645
0.000587332
0.000568537
0.000550342
0.000532823
0.000516055
0.000500111
0.000485063
0.000470978
0.000457916
0.000445928
0.000435054
0.000425325
0.000416763
0.000409381
0.000403187
0.000398187
0.000394386
0.000391791
0.000390467
0.000390314
0.000391435
0.000393887
0.000397734
0.00040306
0.000409973
0.000418608
0.000429134
0.000441759
0.000456742
0.000474396
0.000495104
0.000519328
0.000547623
0.000580638
0.000619118
0.000663888
0.000715814
0.000775754
0.000844488
0.000922668
0.00101083
0.00110953
0.00121977
0.00134368
0.00148588
0.00165518
0.00186648
0.00214045
0.00249517
0.00292239
0.00335249
0.00356427
0.00349797
0.0030236
0.00243795
0.00224804
0.000376362
0.000363322
0.00181016
0.00213463
0.00224357
0.00223733
0.00213651
0.00195296
0.00171966
0.00147478
0.00125475
0.0010798
0.000954493
0.000869872
0.00081429
0.000776375
0.000748145
0.000724646
0.000703146
0.000682349
0.000661776
0.000641345
0.000621134
0.000601263
0.000581843
0.000562968
0.000544721
0.000527176
0.000510404
0.000494475
0.000479457
0.000465411
0.000452395
0.000440453
0.000429625
0.000419937
0.000411408
0.000404049
0.000397864
0.000392858
0.000389031
0.000386391
0.000384963
0.00038472
0.000385711
0.000387998
0.000391644
0.000396729
0.000403356
0.000411654
0.000421787
0.000433958
0.000448417
0.000465475
0.00048551
0.000508984
0.00053646
0.000568605
0.000606198
0.000650113
0.000701288
0.000760664
0.000829104
0.00090732
0.000995841
0.00109511
0.00120584
0.00132971
0.00147067
0.00163682
0.00184273
0.00211029
0.00246249
0.00290038
0.00336366
0.0036364
0.00361953
0.00315975
0.0024971
0.00219542
0.000374153
0.000349313
0.00177199
0.00209172
0.00219682
0.00219287
0.00210258
0.00193132
0.00171045
0.00147503
0.00125792
0.00108309
0.000956279
0.000870243
0.000812775
0.000773832
0.000744973
0.000721091
0.000699347
0.000678377
0.000657659
0.000637098
0.000616771
0.000596801
0.000577302
0.000558374
0.000540098
0.000522548
0.00050579
0.000489891
0.000474914
0.000460917
0.000447952
0.000436062
0.000425282
0.000415635
0.000407138
0.000399799
0.000393622
0.000388607
0.000384755
0.000382069
0.000380558
0.000380227
0.000381085
0.000383216
0.00038668
0.000391547
0.000397916
0.00040591
0.000415688
0.000427446
0.000441429
0.00045794
0.000477353
0.000500128
0.000526831
0.000558147
0.000594879
0.000637954
0.000688378
0.000747179
0.000815313
0.000893567
0.000982487
0.00108243
0.00119385
0.00131798
0.0014581
0.00162153
0.00182227
0.00208292
0.00243054
0.00287536
0.00336763
0.0037059
0.00373561
0.00329364
0.00257269
0.00215517
0.000373838
0.000335852
0.00173467
0.00205135
0.00215331
0.00215151
0.00207145
0.00191227
0.00170379
0.00147702
0.00126456
0.00108978
0.000960451
0.000871894
0.000812942
0.000772309
0.000742612
0.000718277
0.000696283
0.000675158
0.000654329
0.000633675
0.000613267
0.000593228
0.000573679
0.000554721
0.000536437
0.0005189
0.000502173
0.000486318
0.000471395
0.000457456
0.000444549
0.000432715
0.000421984
0.000412378
0.000403911
0.00039659
0.000390417
0.00038539
0.000381509
0.000378776
0.000377198
0.000376785
0.000377512
0.000379488
0.000382788
0.000387457
0.000393594
0.000401316
0.000410774
0.00042216
0.000435712
0.000451728
0.000470572
0.000492701
0.000518684
0.000549216
0.000585127
0.000627387
0.00067707
0.000735294
0.000803115
0.000881408
0.000970759
0.00107146
0.00118375
0.00130842
0.00144807
0.00160919
0.00180507
0.00205858
0.00240019
0.00284899
0.00336772
0.00376841
0.00384809
0.00343213
0.00265981
0.00212555
0.000377594
0.000322821
0.00169766
0.00201335
0.00211291
0.00211314
0.00204281
0.00189582
0.00169948
0.00148174
0.00127422
0.00109947
0.000967555
0.000875606
0.000814079
0.000772137
0.000741153
0.000716207
0.000693916
0.00067265
0.000651746
0.00063104
0.000610589
0.000590517
0.000570948
0.000551986
0.000533717
0.000516211
0.000499531
0.000483734
0.000468875
0.000455002
0.00044216
0.000430385
0.000419704
0.000410138
0.000401699
0.000394391
0.000388216
0.000383172
0.000379259
0.000376477
0.000374835
0.000374347
0.000374953
0.000376775
0.000379926
0.00038442
0.000390351
0.000397831
0.000407001
0.000418052
0.000431217
0.000446786
0.000465115
0.000486653
0.000511974
0.000541776
0.000576911
0.00061839
0.000667355
0.00072501
0.000792519
0.000870853
0.000960659
0.0010622
0.0011755
0.00130094
0.00144047
0.00159968
0.00179101
0.00203725
0.00237153
0.00282105
0.00336052
0.00382295
0.00395631
0.00357295
0.00275663
0.00210761
0.00038397
0.000310137
0.00166054
0.00197776
0.00207569
0.00207801
0.00201649
0.00188179
0.00169764
0.00148948
0.00128672
0.00111212
0.000977362
0.000881744
0.000816805
0.00077279
0.000740708
0.000714927
0.000692288
0.000670866
0.000649904
0.00062918
0.000608725
0.000588654
0.000569094
0.000550153
0.000531917
0.000514458
0.000497839
0.000482114
0.00046733
0.000453534
0.000440763
0.000429051
0.000418422
0.000408893
0.000400476
0.000393176
0.000386992
0.000381925
0.000377973
0.00037514
0.000373436
0.000372879
0.000373389
0.000375071
0.000378089
0.000382425
0.000388164
0.00039542
0.000404338
0.000415093
0.000427913
0.000443085
0.000460949
0.000481946
0.000506659
0.000535794
0.000570208
0.00061095
0.000659228
0.000716335
0.000783538
0.00086192
0.000952202
0.00105463
0.00116907
0.00129551
0.00143527
0.00159287
0.00178
0.00201895
0.002345
0.00279306
0.00335047
0.00387017
0.0040604
0.00371702
0.00286346
0.00209932
0.000393338
0.000297698
0.00162274
0.0019445
0.00204178
0.00204602
0.00199252
0.00187003
0.00169809
0.00149969
0.00130201
0.0011278
0.00099005
0.000890293
0.000821638
0.000774622
0.000741125
0.000714534
0.000691269
0.000669726
0.000648747
0.000628043
0.000607618
0.000587578
0.000568047
0.000549107
0.000530942
0.000513579
0.000497065
0.000481446
0.000466766
0.000453064
0.000440374
0.000428727
0.000418145
0.000408646
0.000400241
0.000392935
0.000386731
0.000381629
0.000377631
0.000374742
0.000372975
0.000372352
0.000372788
0.000374358
0.000377285
0.000381507
0.000387098
0.000394171
0.000402866
0.000413356
0.00042586
0.000440641
0.000458055
0.000478561
0.000502724
0.000531251
0.000564998
0.000605055
0.000652694
0.000709283
0.000776198
0.00085464
0.000945412
0.00104879
0.00116446
0.00129233
0.00143271
0.00158914
0.00177191
0.00200358
0.0023205
0.00276469
0.00333664
0.00390949
0.00416017
0.00386319
0.00297914
0.00209705
0.00040558
0.000285404
0.00158366
0.00191336
0.00201103
0.0020172
0.00197082
0.00186017
0.00169987
0.00151194
0.00131998
0.00114652
0.0010058
0.000901518
0.000828573
0.000778306
0.000742477
0.000714908
0.000691277
0.000669406
0.000648341
0.00062768
0.000607345
0.000587404
0.000567965
0.000549127
0.000531016
0.000513705
0.000497244
0.000481681
0.000467056
0.000453408
0.000440769
0.000429166
0.00041862
0.000409148
0.00040076
0.000393462
0.000387256
0.000382143
0.000378124
0.000375206
0.000373403
0.000372738
0.000373105
0.000374543
0.000377348
0.000381438
0.000386897
0.00039383
0.000402372
0.000412693
0.000424994
0.000439487
0.00045655
0.000476628
0.000500275
0.000528181
0.000561287
0.00060071
0.000647761
0.000703869
0.000770528
0.000849052
0.000940325
0.00104469
0.00116188
0.00129101
0.00143184
0.0015877
0.00176677
0.00199108
0.00229817
0.00273648
0.00332022
0.00394066
0.00425607
0.00401206
0.00310419
0.00210709
0.000421541
0.000273042
0.00154222
0.00188384
0.00198336
0.00199161
0.00195151
0.0018522
0.00170366
0.00152614
0.0013405
0.00116831
0.0010248
0.000915713
0.000837924
0.000783818
0.00074532
0.000716092
0.000691772
0.000669694
0.000648586
0.000627952
0.000607672
0.000587793
0.000568419
0.000549663
0.000531642
0.000514421
0.000498055
0.000482587
0.000468058
0.000454508
0.00044196
0.000430437
0.000419956
0.000410534
0.000402181
0.000394901
0.000388699
0.000383576
0.000379536
0.000376589
0.000374751
0.000374053
0.000374371
0.000375699
0.000378398
0.000382368
0.000387685
0.000394454
0.000402801
0.000412894
0.000424944
0.000439226
0.000456067
0.000475892
0.000499211
0.00052668
0.000559275
0.000598138
0.000644589
0.000700201
0.000766614
0.00084529
0.000937225
0.00104264
0.00116092
0.00129089
0.00143253
0.00158768
0.00176444
0.0019813
0.00227794
0.00270829
0.00330135
0.00396357
0.0043478
0.00416244
0.00323734
0.00212563
0.000440477
0.000260635
0.00149821
0.00185569
0.00195873
0.00196917
0.00193468
0.00184606
0.00170916
0.00154213
0.0013634
0.00119316
0.00104722
0.000933195
0.000850057
0.000791486
0.000749836
0.00071858
0.000693088
0.000670572
0.000649357
0.00062876
0.000608587
0.000588836
0.000569594
0.000550983
0.000533105
0.000516026
0.000499802
0.000484474
0.000470077
0.000456636
0.00044418
0.000432734
0.000422315
0.000412939
0.000404616
0.00039735
0.000391147
0.000386008
0.000381941
0.000378954
0.000377071
0.00037633
0.000376604
0.000377842
0.00038044
0.000384315
0.000389521
0.00039616
0.000404358
0.000414276
0.000426116
0.000440134
0.000456658
0.000476112
0.000499069
0.000526246
0.000558542
0.000597089
0.000643138
0.000698432
0.000764694
0.00084349
0.000935916
0.001042
0.00116144
0.00129319
0.00143594
0.00159062
0.00176396
0.00197403
0.0022598
0.00268008
0.0032784
0.00397959
0.00443542
0.00431372
0.00337938
0.00215422
0.000463292
0.000247997
0.00145058
0.00182805
0.00193686
0.00194985
0.0019203
0.00184166
0.00171608
0.0015597
0.00138848
0.00122099
0.00107318
0.000954283
0.000865386
0.000801713
0.000756274
0.000722557
0.000695661
0.000672406
0.000650956
0.000630385
0.000610326
0.000590723
0.000571639
0.000553181
0.000535446
0.000518505
0.000502414
0.000487215
0.000472939
0.000459613
0.00044726
0.000435903
0.000425558
0.000416238
0.000407954
0.000400712
0.000394516
0.000389371
0.000385283
0.000382266
0.000380345
0.000379572
0.000379817
0.000380983
0.000383493
0.000387292
0.00039241
0.000398948
0.00040703
0.000416813
0.000428493
0.000442322
0.000458621
0.000477806
0.000500421
0.000527175
0.000558985
0.00059704
0.000642811
0.000697913
0.000764094
0.000842983
0.000935779
0.00104305
0.00116416
0.00129751
0.00144137
0.00159576
0.00176614
0.0019695
0.00224374
0.00265219
0.00325223
0.00398722
0.00451881
0.00446477
0.00352933
0.00219291
0.000489876
0.000235139
0.00139921
0.00180098
0.0019177
0.00193371
0.00190843
0.00183883
0.0017242
0.00157859
0.0014155
0.00125168
0.00110277
0.000979275
0.000884353
0.000814971
0.000765049
0.000728263
0.000699504
0.00067526
0.000653384
0.000632719
0.000612739
0.000593287
0.000574378
0.000556096
0.000538527
0.000521746
0.000505808
0.000490754
0.000476616
0.000463418
0.000451183
0.000439929
0.000429672
0.000420423
0.000412192
0.000404986
0.00039881
0.00039367
0.000389575
0.000386538
0.00038459
0.000383798
0.000384027
0.000385141
0.000387582
0.000391323
0.000396375
0.000402836
0.00041083
0.000420509
0.000432068
0.000445754
0.000461884
0.00048087
0.000503252
0.000529736
0.000561246
0.000598968
0.000644375
0.000699196
0.000765301
0.000844459
0.000937985
0.00104634
0.00116885
0.00130373
0.00144874
0.00160299
0.00177063
0.0019674
0.00222954
0.00262456
0.00322313
0.00398952
0.00459864
0.00461456
0.00368733
0.00224152
0.000520629
0.000221816
0.0013427
0.00177265
0.0019008
0.00192068
0.00189919
0.0018381
0.00173356
0.0015986
0.00144419
0.001285
0.00113596
0.00100842
0.000907408
0.000831795
0.000776673
0.000736119
0.000704931
0.000679293
0.000656734
0.000635826
0.000615851
0.000596527
0.000577796
0.000559704
0.000542324
0.000525723
0.000509957
0.000495068
0.000481086
0.000468034
0.000455933
0.0004448
0.000434647
0.000425486
0.000417326
0.000410173
0.000404034
0.000398917
0.000394829
0.000391788
0.000389828
0.000389034
0.000389258
0.000390341
0.000392736
0.000396439
0.000401445
0.000407853
0.000415784
0.00042539
0.000436863
0.000450446
0.000466454
0.000485298
0.000507515
0.000533813
0.000565122
0.000602639
0.000647867
0.000702585
0.000768735
0.000848174
0.000942304
0.00105165
0.00117549
0.00131183
0.00145796
0.00161209
0.00177703
0.00196682
0.00221695
0.00259712
0.00319074
0.00398442
0.00467289
0.0047626
0.0038531
0.00230157
0.000555829
0.000208271
0.00128209
0.0017445
0.00188613
0.00191098
0.00189279
0.00183887
0.00174403
0.00161954
0.00147424
0.00132066
0.00117264
0.00104186
0.000934975
0.000852762
0.000791746
0.000746658
0.000712365
0.000684814
0.000661209
0.000639829
0.00061973
0.00060047
0.000581896
0.000563996
0.000546817
0.000530415
0.000514841
0.000500135
0.000486328
0.000473443
0.000461496
0.000450502
0.000440475
0.000431422
0.000423353
0.000416275
0.000410195
0.00040512
0.000401062
0.000398038
0.000396083
0.000395307
0.00039554
0.000396614
0.000398989
0.000402674
0.000407658
0.000414037
0.000421933
0.000431495
0.000442914
0.000456432
0.000472365
0.00049112
0.000513237
0.000539427
0.000570623
0.000608038
0.000653195
0.000707912
0.00077419
0.000853962
0.000948706
0.00105899
0.00118408
0.00132179
0.00146894
0.00162295
0.00178523
0.001968
0.00220589
0.00256987
0.00315545
0.00397194
0.00473812
0.00490909
0.00402649
0.00237319
0.00059566
0.000194498
0.00121698
0.00171526
0.00187202
0.00190402
0.00188889
0.00184117
0.00175542
0.00164116
0.0015053
0.0013583
0.00121255
0.00107964
0.000967401
0.000878457
0.000810948
0.000760534
0.000722362
0.000692251
0.00066712
0.000644939
0.000624507
0.000605192
0.000586713
0.000568983
0.000552003
0.000535809
0.000520443
0.00050594
0.000492328
0.000479629
0.000467857
0.000457026
0.000447147
0.000438227
0.000430274
0.000423296
0.000417299
0.000412294
0.000408291
0.000405308
0.000403381
0.00040265
0.000402906
0.000403994
0.00040638
0.00041007
0.000415055
0.000421432
0.000429319
0.000438867
0.000450266
0.000463759
0.000479661
0.000498382
0.000520465
0.000546624
0.000577801
0.000615218
0.000660417
0.000715243
0.000781741
0.000861897
0.000957254
0.00106842
0.00119463
0.00133353
0.00148156
0.00163532
0.00179494
0.00197087
0.00219602
0.00254252
0.00311719
0.00395334
0.00479461
0.00505282
0.00420696
0.00245765
0.000640457
0.000181215
0.0011507
0.00168458
0.00185913
0.0018998
0.00188836
0.00184608
0.00176801
0.00166334
0.00153705
0.00139747
0.00125533
0.00112163
0.00100491
0.000909422
0.000835008
0.000778516
0.000735623
0.00070219
0.000674918
0.000651483
0.000630408
0.000610839
0.000592339
0.000574715
0.000557908
0.000541916
0.000526764
0.000512476
0.000499077
0.000486583
0.000475009
0.000464365
0.000454659
0.000445898
0.00043809
0.00043124
0.000425358
0.000420451
0.000416533
0.000413621
0.000411751
0.000411098
0.00041139
0.000412517
0.000414948
0.00041867
0.000423683
0.000430084
0.000437992
0.000447557
0.000458972
0.000472479
0.000488396
0.000507139
0.000529254
0.000555464
0.000586717
0.000624246
0.000669603
0.000724651
0.000791458
0.000872046
0.000967997
0.00107994
0.00120709
0.00134697
0.00149563
0.00164896
0.00180583
0.00197482
0.00218692
0.00251477
0.00307549
0.00392733
0.00484083
0.00519296
0.00439447
0.00255529
0.000690266
0.000168687
0.00108437
0.00165075
0.00184674
0.00189859
0.00188986
0.00185316
0.00178181
0.00168601
0.00156919
0.0014377
0.00130047
0.0011675
0.00104754
0.000946087
0.000864649
0.000801463
0.000753005
0.000715391
0.000685228
0.000659946
0.000637791
0.000617667
0.000598948
0.000581309
0.000564604
0.00054878
0.000533829
0.000519758
0.00050658
0.000494308
0.000482952
0.000472518
0.000463012
0.000454439
0.000446806
0.000440117
0.00043438
0.000429606
0.000425808
0.000423001
0.000421218
0.000420683
0.000421028
0.000422221
0.000424736
0.000428518
0.000433587
0.000440041
0.000448001
0.000457617
0.000469083
0.000482646
0.000498627
0.00051745
0.000539668
0.000566012
0.00059744
0.000635192
0.000680825
0.000736207
0.000803407
0.000884459
0.000980958
0.00109355
0.00122141
0.00136195
0.00151093
0.00166355
0.00181748
0.00197943
0.00217821
0.00248633
0.00303009
0.0038936
0.00487598
0.00532824
0.00458845
0.00266727
0.000745326
0.000156814
0.00101824
0.0016122
0.00183496
0.00189921
0.00189386
0.00186225
0.00179705
0.00170915
0.00160146
0.0014785
0.00134738
0.00121676
0.0010951
0.000988701
0.000900519
0.000830275
0.000775496
0.000732801
0.000698883
0.000671017
0.0006472
0.000626088
0.000606844
0.000588984
0.000572249
0.00055651
0.000541713
0.000527836
0.000514875
0.000502831
0.000491705
0.0004815
0.000472219
0.000463862
0.000456434
0.000449938
0.000444383
0.000439778
0.000436134
0.00043347
0.000431812
0.000431439
0.000431854
0.000433142
0.000435783
0.000439655
0.000444813
0.000451353
0.000459397
0.000469099
0.000480655
0.000494318
0.000510416
0.00052938
0.000551774
0.000578339
0.000610044
0.000648133
0.000694158
0.000749977
0.000817641
0.000899164
0.000996128
0.00110917
0.00123745
0.00137828
0.00152716
0.00167869
0.0018294
0.00198417
0.0021694
0.00245682
0.00298056
0.00385104
0.00489531
0.00545733
0.00478856
0.00279434
0.000805617
0.000145285
0.000951551
0.00156689
0.00182246
0.00190114
0.00190024
0.00187352
0.00181413
0.00173292
0.00163371
0.00151945
0.0013954
0.00126873
0.00114716
0.00103725
0.000943088
0.00086581
0.000804172
0.000755553
0.000716951
0.00068563
0.000659413
0.000636728
0.000616517
0.000598115
0.000581125
0.000565319
0.000550577
0.000536832
0.000524053
0.00051222
0.000501323
0.000491356
0.000482315
0.000474196
0.000467001
0.000460731
0.000455391
0.00045099
0.00044754
0.000445055
0.000443567
0.000443393
0.000443898
0.000445328
0.000448123
0.000452122
0.000457404
0.000464065
0.00047223
0.000482055
0.000493744
0.000507554
0.000523825
0.000542996
0.000565645
0.000592525
0.00062461
0.000663145
0.000709672
0.000766016
0.000834188
0.000916153
0.00101345
0.00112669
0.00125501
0.00139566
0.00154393
0.00169391
0.00184106
0.00198849
0.00215994
0.00242591
0.0029266
0.00379933
0.00490279
0.00557935
0.00499411
0.00293757
0.000871206
0.000133968
0.000884565
0.00151279
0.00180502
0.00190286
0.00190944
0.0018867
0.00183279
0.0017574
0.00166591
0.00156019
0.00144392
0.00132266
0.00120305
0.00109143
0.000992558
0.000908775
0.000840107
0.000784908
0.000740724
0.000705
0.000675506
0.000650499
0.000628718
0.000609308
0.000591713
0.000575586
0.000560718
0.00054698
0.000534297
0.000522622
0.000511924
0.000502181
0.00049338
0.00048551
0.000478565
0.000472544
0.000467449
0.000463285
0.000460064
0.000457791
0.00045654
0.000456559
0.000457188
0.000458827
0.0004618
0.000465966
0.000471407
0.000478226
0.000486549
0.00049654
0.000508408
0.00052242
0.000538926
0.000558377
0.000581365
0.000608653
0.000641221
0.000680307
0.000727428
0.000784361
0.000853046
0.00093537
0.0010328
0.00114591
0.0012738
0.00141371
0.00156075
0.00170862
0.00185176
0.00199119
0.00214916
0.00239324
0.0028678
0.00373676
0.00490112
0.00569146
0.00520378
0.0030978
0.000941943
0.000122564
0.000816815
0.00145072
0.00177891
0.0019022
0.00192019
0.00190146
0.00185298
0.00178265
0.00169803
0.00160049
0.00149238
0.00137774
0.00126191
0.00115063
0.00104878
0.000959594
0.000884246
0.00082217
0.000771678
0.000730622
0.000696886
0.000668662
0.000644539
0.000623485
0.000604781
0.000587942
0.000572651
0.0005587
0.000545953
0.000534321
0.00052374
0.000514169
0.000505576
0.00049794
0.000491244
0.000485481
0.000480646
0.000476741
0.000473778
0.00047174
0.000470802
0.000470962
0.000471786
0.000473695
0.000476874
0.00048124
0.000486878
0.000493893
0.000502417
0.000512621
0.00052472
0.000538995
0.000555804
0.000575616
0.000599031
0.000626823
0.000659972
0.000699698
0.000747478
0.000805019
0.000874167
0.000956695
0.00105398
0.00116652
0.00129342
0.0014319
0.00157702
0.00172213
0.00186087
0.00199211
0.00213653
0.00235852
0.00280402
0.00366133
0.00487396
0.00579083
0.005416
0.00327604
0.00101768
0.000111718
0.000751426
0.00138105
0.00174154
0.00189806
0.00193108
0.00191724
0.00187466
0.00180877
0.00173019
0.00164026
0.00154038
0.00143324
0.00132285
0.00121397
0.00111125
0.00101831
0.000937247
0.000868526
0.000811362
0.000764219
0.000725299
0.000692881
0.000665496
0.000641988
0.000621491
0.000603382
0.000587221
0.000572705
0.000559621
0.000547821
0.0005372
0.000527684
0.000519215
0.000511752
0.000505267
0.00049974
0.000495156
0.000491512
0.000488817
0.000487027
0.000486445
0.00048675
0.000487792
0.000490013
0.00049343
0.000498031
0.000503903
0.000511156
0.000519928
0.000530397
0.000542788
0.000557392
0.000574582
0.000594838
0.000618771
0.000647158
0.000680969
0.000721395
0.000769855
0.000827964
0.000897442
0.000979928
0.00107667
0.00118811
0.00131335
0.00144962
0.00159199
0.00173356
0.00186661
0.00199049
0.00212119
0.00232134
0.0027357
0.00357545
0.00483287
0.00587568
0.00562879
0.00347315
0.00109806
0.000101995
0.000691464
0.00130536
0.00169174
0.00188586
0.00194024
0.00193288
0.00189783
0.00183576
0.00176245
0.00167949
0.00158769
0.00148861
0.00138497
0.00128047
0.00117912
0.00108455
0.000999353
0.00092487
0.000861217
0.000807611
0.00076276
0.00072521
0.000693577
0.000666668
0.000643522
0.000623397
0.000605739
0.000590137
0.000576292
0.000563983
0.000553051
0.000543373
0.000534859
0.000527441
0.000521068
0.000515702
0.000511319
0.000507901
0.000505452
0.000503902
0.000503679
0.000504132
0.000505408
0.000507962
0.00051164
0.000516506
0.000522649
0.000530183
0.000539252
0.000550043
0.000562791
0.000577798
0.000595449
0.000616233
0.000640767
0.00066982
0.000704344
0.000745482
0.000794573
0.000853119
0.000922692
0.00100477
0.00110046
0.00121013
0.00133291
0.00146607
0.00160479
0.00174145
0.00186868
0.00198481
0.00210205
0.00228054
0.00266279
0.00347648
0.00476924
0.00594073
0.00583912
0.0036898
0.00118266
9.35505e-05
0.0006381
0.00122615
0.00162962
0.00185949
0.00194093
0.00194497
0.00192002
0.00186415
0.00179528
0.0017185
0.00163435
0.00154353
0.00144763
0.0013492
0.00125142
0.00115755
0.00107032
0.000991635
0.000922363
0.000862499
0.000811384
0.000768003
0.000731213
0.000699919
0.000673151
0.000650105
0.000630137
0.00061274
0.000597528
0.0005842
0.000572528
0.000562336
0.000553487
0.000545877
0.000539425
0.000534069
0.000529763
0.000526478
0.000524195
0.000522863
0.000522893
0.000523505
0.000525058
0.00052789
0.000531845
0.000536999
0.000543442
0.000551295
0.000560709
0.000571878
0.000585048
0.000600528
0.000618713
0.000640094
0.000665284
0.000695036
0.000730264
0.000772045
0.00082162
0.000880352
0.000949647
0.00103081
0.0011248
0.00123191
0.0013513
0.00148037
0.00161412
0.0017447
0.00186712
0.00197456
0.00207836
0.00223567
0.00258512
0.00336769
0.00468666
0.0059751
0.00604407
0.00392641
0.00127088
8.61798e-05
0.00059048
0.00114504
0.0015556
0.0018157
0.00193309
0.00195394
0.0019379
0.00189215
0.0018284
0.00175752
0.00168065
0.00159807
0.0015105
0.00141945
0.0013272
0.00123637
0.00114951
0.00106872
0.000995402
0.000930202
0.000873118
0.000823677
0.000781127
0.000744607
0.000713264
0.000686316
0.00066309
0.000643021
0.000625648
0.0006106
0.000597578
0.000586345
0.000576712
0.000568528
0.000561674
0.000556058
0.000551604
0.000548268
0.000545996
0.000544781
0.000544903
0.000545661
0.000547441
0.000550499
0.000554709
0.000560144
0.000566897
0.00057509
0.000584881
0.000596469
0.000610106
0.000626107
0.000644866
0.00066687
0.000692715
0.000723121
0.000758946
0.000801183
0.000850953
0.000909464
0.000977946
0.00105752
0.00114901
0.00125262
0.00136763
0.00149156
0.00161831
0.00174431
0.00185957
0.0019583
0.00204924
0.00218636
0.00250301
0.00324906
0.00458567
0.00598744
0.00624172
0.0041828
0.00136201
7.94784e-05
0.000546667
0.00106323
0.00147134
0.00175534
0.00190975
0.00195305
0.00194864
0.00191808
0.00186108
0.00179658
0.00172695
0.00165259
0.00157369
0.00149097
0.00140582
0.00132014
0.00123607
0.0011556
0.00108036
0.00101146
0.000949442
0.00089439
0.00084602
0.000803825
0.000767185
0.000735457
0.000708022
0.00068432
0.000663862
0.000646228
0.000631065
0.00061808
0.00060703
0.000597716
0.000589974
0.000583675
0.000578712
0.000575008
0.000572499
0.000571113
0.000571215
0.000571987
0.000573824
0.000577012
0.000581402
0.000587063
0.000594088
0.0006026
0.000612755
0.000624756
0.000638854
0.00065536
0.000674659
0.00069722
0.000723609
0.000754495
0.000790661
0.000832998
0.00088249
0.000940186
0.00100713
0.00108428
0.0011723
0.00127134
0.00138089
0.00149741
0.00161855
0.00173718
0.00184494
0.00193516
0.00201421
0.0021327
0.00241771
0.00312274
0.00446243
0.00597229
0.00642713
0.00445805
0.00145522
7.31363e-05
0.000505167
0.000981909
0.00137877
0.00167773
0.00186232
0.00194087
0.00194991
0.00193445
0.00189223
0.00183564
0.00177382
0.00170787
0.0016379
0.00156413
0.00148724
0.00140844
0.00132933
0.0012516
0.00117686
0.00110641
0.00104119
0.000981721
0.000928189
0.000880489
0.000838324
0.000801283
0.000768901
0.000740705
0.000716242
0.000695094
0.000676887
0.000661294
0.000648031
0.000636857
0.000627568
0.000619994
0.000613995
0.000609452
0.000606311
0.00060435
0.000604133
0.00060473
0.000606347
0.000609453
0.000613849
0.000619587
0.000626755
0.000635467
0.000645877
0.000658179
0.000672614
0.000689482
0.000709145
0.00073204
0.000758684
0.000789682
0.000825724
0.000867587
0.000916114
0.000972189
0.00103669
0.00111039
0.00119385
0.00128716
0.00138962
0.00149881
0.00161203
0.00172259
0.0018225
0.00190463
0.00197327
0.00207547
0.00233131
0.00299279
0.00431816
0.00591095
0.00659321
0.00474974
0.00154966
6.71805e-05
0.000466055
0.000902669
0.00128064
0.00158479
0.00179375
0.00190831
0.00194302
0.00194
0.00191772
0.00187298
0.00182111
0.00176465
0.00170423
0.00163998
0.00157221
0.0015016
0.00142922
0.00135639
0.00128451
0.00121488
0.00114863
0.00108657
0.00102925
0.000976948
0.000929703
0.0008874
0.000849798
0.00081659
0.000787431
0.000761968
0.000739859
0.00072078
0.000704437
0.000690568
0.000678938
0.000669347
0.000661624
0.000655616
0.00065124
0.000648296
0.000646972
0.000647199
0.000648314
0.000650835
0.00065491
0.000660413
0.000667426
0.000676047
0.000686417
0.000698714
0.000713161
0.000730031
0.000749653
0.000772417
0.00079878
0.000829265
0.000864466
0.000905035
0.000951677
0.00100512
0.00106608
0.00113519
0.00121291
0.00129931
0.00139311
0.00149427
0.0015984
0.00170012
0.00179197
0.00186685
0.00192737
0.00201684
0.00224712
0.00286563
0.00415947
0.00582033
0.00673564
0.00505258
0.00164448
6.19792e-05
0.000431414
0.000828502
0.00118091
0.00148027
0.00170528
0.00184869
0.00191976
0.00193699
0.00193162
0.00190825
0.00186908
0.00182399
0.00177429
0.00172039
0.0016625
0.00160105
0.00153674
0.00147053
0.00140355
0.001337
0.00127198
0.00120948
0.00115026
0.00109488
0.00104369
0.000996862
0.000954407
0.000916228
0.000882145
0.000851928
0.000825319
0.000802049
0.000781853
0.000764475
0.00074968
0.000737252
0.000727003
0.000718759
0.000712389
0.000707759
0.00070475
0.000703559
0.000703893
0.000705293
0.000708342
0.000713026
0.000719314
0.000727271
0.000737022
0.000748718
0.000762552
0.000778763
0.000797635
0.000819502
0.00084475
0.000873818
0.000907196
0.000945419
0.000989059
0.0010387
0.00109493
0.00115827
0.00122907
0.00130745
0.00139268
0.00148379
0.00157787
0.0016702
0.0017542
0.00182326
0.00187895
0.00196017
0.00217092
0.00274678
0.00399343
0.0056957
0.00684445
0.00536201
0.00173903
5.85369e-05
0.000405541
0.000764415
0.00108555
0.0013706
0.0016022
0.00176872
0.00187177
0.00192276
0.00193892
0.00193508
0.00191774
0.00188718
0.00185025
0.00180806
0.00176107
0.00170969
0.00165447
0.00159616
0.00153568
0.00147405
0.00141231
0.00135147
0.00129239
0.00123582
0.00118231
0.00113227
0.00108594
0.00104344
0.00100478
0.000969875
0.000938596
0.000910766
0.000886185
0.000864645
0.000845936
0.000829854
0.00081621
0.000804829
0.000795557
0.000788261
0.000782805
0.000779162
0.00077722
0.000777316
0.000778393
0.00078111
0.000785783
0.000792135
0.000800342
0.000810484
0.000822738
0.000837297
0.000854395
0.000874305
0.00089734
0.000923855
0.00095424
0.000988923
0.00102836
0.00107301
0.00112335
0.00117979
0.00124267
0.0013121
0.00138733
0.00146818
0.00155199
0.00163508
0.00171218
0.0017779
0.00183367
0.00191728
0.00212059
0.002652
0.00383349
0.00555863
0.00692543
0.00567144
0.00183277
5.76621e-05
0.000394306
0.000717238
0.00100276
0.00126522
0.00149388
0.00167588
0.00180673
0.00189129
0.00193792
0.00195993
0.00196326
0.00195503
0.00193541
0.00190708
0.00187249
0.00183232
0.0017872
0.00173783
0.00168505
0.00162976
0.00157292
0.0015155
0.00145841
0.00140246
0.00134834
0.00129661
0.00124769
0.00120189
0.00115936
0.00112021
0.00108442
0.00105193
0.00102265
0.000996427
0.000973112
0.000952543
0.000934555
0.000918992
0.000905704
0.000894563
0.000885442
0.000878259
0.000872914
0.000869445
0.000867747
0.000868013
0.000869434
0.00087279
0.000878284
0.000885612
0.000895069
0.000906759
0.00092087
0.000937612
0.00095723
0.000979998
0.00100622
0.00103622
0.00107037
0.00110903
0.00115258
0.00120139
0.00125577
0.00131582
0.00138231
0.00145261
0.00152649
0.00160214
0.00167624
0.00174529
0.00181104
0.00189959
0.00210098
0.00260685
0.00370824
0.00541125
0.00697961
0.00596646
0.00192556
6.1065e-05
0.000401192
0.000694768
0.000942713
0.00117665
0.00139426
0.00158378
0.00173686
0.0018522
0.00193456
0.00198632
0.00201704
0.00203201
0.00203175
0.00202347
0.00200447
0.00197709
0.00194327
0.00190385
0.00185969
0.00181167
0.00176075
0.00170786
0.00165391
0.00159977
0.00154619
0.00149383
0.00144323
0.00139484
0.00134896
0.00130582
0.00126554
0.00122819
0.00119377
0.00116223
0.0011335
0.00110748
0.00108406
0.00106311
0.00104453
0.00102821
0.00101405
0.00100195
0.000991848
0.000983697
0.000977441
0.000973186
0.000970519
0.000970521
0.000971631
0.000974616
0.000980218
0.00098789
0.000997924
0.00101045
0.00102566
0.00104376
0.00106497
0.00108957
0.00111784
0.00115009
0.00118664
0.00122786
0.00127408
0.0013256
0.0013826
0.00144589
0.00151462
0.00158732
0.00166148
0.00173447
0.00180812
0.00190751
0.00211487
0.00259807
0.00365403
0.00529767
0.00701141
0.00623674
0.00201852
7.07341e-05
0.000433943
0.000704377
0.000917143
0.00112018
0.001322
0.00151289
0.0016828
0.00182698
0.00194158
0.00202575
0.00208809
0.00213099
0.00215617
0.00216762
0.00216584
0.00215578
0.00213473
0.00210586
0.00207052
0.00202972
0.00198449
0.00193586
0.00188479
0.00183218
0.00177888
0.00172563
0.00167307
0.00162176
0.00157212
0.00152451
0.00147917
0.00143628
0.00139596
0.00135825
0.00132317
0.0012907
0.00126079
0.00123338
0.00120842
0.00118582
0.00116551
0.00114743
0.00113152
0.00111774
0.00110603
0.00109643
0.00108878
0.00108339
0.00107985
0.00107898
0.00107986
0.00108258
0.00108812
0.00109605
0.00110659
0.0011199
0.00113618
0.00115565
0.00117857
0.00120525
0.00123603
0.00127132
0.00131159
0.00135736
0.00140917
0.00146767
0.0015333
0.00160622
0.00168656
0.00177472
0.00187639
0.00201041
0.00224064
0.00270602
0.00365233
0.00525106
0.00702798
0.00645775
0.00211329
8.89196e-05
0.000497706
0.00074848
0.000931287
0.00111132
0.00129869
0.00148923
0.00167206
0.00183544
0.00197408
0.00209461
0.00219093
0.00226466
0.00231752
0.00235174
0.00236935
0.0023721
0.00236506
0.00234725
0.00231921
0.00228379
0.00224226
0.00219583
0.00214563
0.0020927
0.00203799
0.00198235
0.00192652
0.00187116
0.00181681
0.00176391
0.00171284
0.00166386
0.00161716
0.00157289
0.00153114
0.00149196
0.00145537
0.00142137
0.00138993
0.00136101
0.00133457
0.00131057
0.00128898
0.00126973
0.00125281
0.00123821
0.00122587
0.00121589
0.00120809
0.00120283
0.0011997
0.0011999
0.00120155
0.00120556
0.00121286
0.00122308
0.00123644
0.00125319
0.00127365
0.00129819
0.00132729
0.00136151
0.00140158
0.00144832
0.00150281
0.00156616
0.00164002
0.00172561
0.00182561
0.00194174
0.00208254
0.00226116
0.00252966
0.00298549
0.00385284
0.00527767
0.0070661
0.00657273
0.002215
0.00011837
0.00059605
0.000830729
0.000981969
0.00114001
0.0013191
0.00150921
0.00169866
0.00187892
0.00204829
0.00219901
0.0023249
0.00242632
0.0025038
0.0025588
0.00259347
0.00260968
0.00260946
0.00260039
0.00257879
0.00254633
0.00250628
0.00246012
0.00240917
0.00235465
0.00229763
0.00223908
0.00217984
0.00212065
0.00206212
0.00200477
0.00194905
0.00189526
0.00184368
0.00179449
0.00174786
0.00170387
0.0016626
0.00162405
0.00158826
0.00155517
0.0015248
0.00149718
0.00147226
0.00144997
0.00143036
0.00141337
0.00139905
0.00138727
0.00137822
0.00137209
0.00136832
0.0013686
0.00137065
0.00137558
0.00138452
0.00139708
0.00141359
0.00143443
0.00146006
0.00149101
0.00152802
0.00157182
0.00162353
0.00168413
0.00175545
0.0018386
0.00193666
0.00205043
0.0021854
0.00234122
0.00253058
0.00275567
0.00306534
0.00350914
0.00429254
0.0055436
0.00716363
0.00664081
0.0022673
0.000163109
0.000717093
0.000937567
0.00106688
0.0012106
0.00138452
0.00157697
0.00177497
0.00196972
0.00215372
0.00231984
0.002463
0.00258146
0.00267497
0.00274452
0.00279185
0.00281902
0.00282707
0.00282266
0.00280801
0.00278003
0.00274332
0.00269966
0.0026506
0.0025975
0.00254156
0.00248384
0.00242524
0.00236653
0.00230841
0.00225142
0.00219601
0.00214259
0.00209144
0.00204281
0.00199686
0.00195374
0.00191355
0.00187628
0.00184203
0.00181081
0.00178277
0.00175814
0.00173641
0.00171808
0.00170293
0.00169058
0.00168182
0.00167572
0.00167437
0.00167582
0.00168008
0.00168889
0.00170209
0.00171956
0.00174183
0.00176924
0.00180237
0.00184171
0.00188794
0.00194162
0.00200377
0.00207487
0.00215658
0.0022492
0.00235562
0.00247535
0.0026136
0.00276761
0.0029474
0.00314464
0.003381
0.00363849
0.00397878
0.00438972
0.00508417
0.00607187
0.00733972
0.00666242
0.00228652
0.000217774
0.000840732
0.00103925
0.00117113
0.00133594
0.00152766
0.00173466
0.0019463
0.00215407
0.0023474
0.00252115
0.00267184
0.00279795
0.00289932
0.00297707
0.003033
0.00306868
0.00308619
0.00308817
0.00308163
0.00306446
0.00303708
0.00300292
0.00296355
0.00292036
0.00287456
0.00282717
0.00277909
0.00273112
0.00268394
0.00263811
0.002594
0.00255216
0.00251275
0.00247626
0.00244254
0.0024123
0.00238535
0.00236164
0.00234139
0.00232498
0.00231168
0.0023027
0.00229638
0.00229641
0.00229865
0.00230436
0.00231572
0.00233147
0.0023523
0.00237818
0.00240939
0.00244602
0.0024887
0.00253743
0.00259282
0.00265492
0.00272446
0.00280133
0.00288639
0.00298007
0.00308322
0.00319578
0.00331948
0.00345366
0.00360195
0.00376121
0.0039391
0.00412706
0.00434167
0.00456197
0.00482478
0.00508285
0.00542848
0.00576675
0.00634684
0.00695743
0.00761645
0.00656054
0.00222387
0.000261954
0.000924315
0.00119387
0.00144069
0.00171689
0.00200854
0.00229894
0.00257604
0.0028312
0.00305669
0.00325102
0.00341463
0.00354924
0.00365688
0.00374057
0.00380382
0.00384573
0.00387245
0.00388566
0.00388729
0.00388338
0.00387275
0.00385495
0.00383338
0.00380924
0.00378367
0.00375755
0.00373165
0.00370679
0.0036836
0.00366247
0.0036436
0.00362789
0.00361521
0.00360649
0.00360002
0.00359978
0.0036018
0.00360712
0.00361763
0.00363256
0.00365173
0.00367554
0.00370362
0.0037366
0.00377443
0.00381696
0.0038653
0.00391885
0.00397825
0.00404279
0.00411329
0.0041889
0.00427059
0.0043575
0.00445066
0.00454928
0.0046543
0.00476532
0.00488274
0.00500705
0.00513761
0.00527658
0.00542274
0.00558079
0.0057467
0.00592408
0.006111
0.00630818
0.00652111
0.00673788
0.00698635
0.00721911
0.00752642
0.00774627
0.00812667
0.00812713
0.00780885
0.00613195
0.00202727
0.000292653
0.00115178
0.00183664
0.00259263
0.0033104
0.00399267
0.00461789
0.00516223
0.00561253
0.00596873
0.00623967
0.00643801
0.00657778
0.0066704
0.0067277
0.00676104
0.0067617
0.00675558
0.00674036
0.00671448
0.00668451
0.00665308
0.0066208
0.00658901
0.00655849
0.00653012
0.00650429
0.00648165
0.00646217
0.00644658
0.00643455
0.00642594
0.00642294
0.00642414
0.00642806
0.00643631
0.00644911
0.00646647
0.00648751
0.00651303
0.00654231
0.00657615
0.00661354
0.0066556
0.00670095
0.00675109
0.00680436
0.00686181
0.00692199
0.00698664
0.00705405
0.0071261
0.00720104
0.00728076
0.00736381
0.00745164
0.00754367
0.00764004
0.00774218
0.00784721
0.00796093
0.00807412
0.00820196
0.0083222
0.00846711
0.00858465
0.0087433
0.0088522
0.00902414
0.00911828
0.0092951
0.0093694
0.00952641
0.00954254
0.00950364
0.0092808
0.00870431
0.00744593
0.00479454
0.00174264
0.000180165
0.000347142
0.000529233
0.000714554
0.000893353
0.00106076
0.00121661
0.00136125
0.00149369
0.00161317
0.0017189
0.00181119
0.00188996
0.00195686
0.00201145
0.0020573
0.00209203
0.00211771
0.0021371
0.00214854
0.00215536
0.00215495
0.00215229
0.0021462
0.0021364
0.00212419
0.00211006
0.00209444
0.00207773
0.00206023
0.00204231
0.00202403
0.00200588
0.00198801
0.00197053
0.00195346
0.0019371
0.00192145
0.00190674
0.00189284
0.00188005
0.00186816
0.00185753
0.00184784
0.00183954
0.00183217
0.00182631
0.00182136
0.00181795
0.00181541
0.00181447
0.00181481
0.00181607
0.00181829
0.00182306
0.00182711
0.00183546
0.00184141
0.00185354
0.00186147
0.00187754
0.00188741
0.00190743
0.00191931
0.00194347
0.00195936
0.00199179
0.00201139
0.00205032
0.00207474
0.00211696
0.00214642
0.00218832
0.00222207
0.00225442
0.00227457
0.00226326
0.00220777
0.0020292
0.00149631
)
;

boundaryField
{
    movingWall
    {
        type            kqRWallFunction;
        value           nonuniform List<scalar> 
80
(
0.000180165
0.000347142
0.000529233
0.000714554
0.000893353
0.00106076
0.00121661
0.00136125
0.00149369
0.00161317
0.0017189
0.00181119
0.00188996
0.00195686
0.00201145
0.0020573
0.00209203
0.00211771
0.0021371
0.00214854
0.00215536
0.00215495
0.00215229
0.0021462
0.0021364
0.00212419
0.00211006
0.00209444
0.00207773
0.00206023
0.00204231
0.00202403
0.00200588
0.00198801
0.00197053
0.00195346
0.0019371
0.00192145
0.00190674
0.00189284
0.00188005
0.00186816
0.00185753
0.00184784
0.00183954
0.00183217
0.00182631
0.00182136
0.00181795
0.00181541
0.00181447
0.00181481
0.00181607
0.00181829
0.00182306
0.00182711
0.00183546
0.00184141
0.00185354
0.00186147
0.00187754
0.00188741
0.00190743
0.00191931
0.00194347
0.00195936
0.00199179
0.00201139
0.00205032
0.00207474
0.00211696
0.00214642
0.00218832
0.00222207
0.00225442
0.00227457
0.00226326
0.00220777
0.0020292
0.00149631
)
;
    }
    fixedWalls
    {
        type            kqRWallFunction;
        value           nonuniform List<scalar> 
240
(
5.70034e-07
2.75213e-06
6.00949e-06
1.04235e-05
1.67076e-05
2.56723e-05
3.81056e-05
5.4737e-05
7.6074e-05
0.00010231
0.000133912
0.00017236
0.000215041
0.000260732
0.000307947
0.000355323
0.000401897
0.00044667
0.000487924
0.000524206
0.000554712
0.000579001
0.000597007
0.000609016
0.0006151
0.00061481
0.00061165
0.000604568
0.000593468
0.000578957
0.000561864
0.000542858
0.000522601
0.000501052
0.000479719
0.000456222
0.000437948
0.000421972
0.000406823
0.000392111
0.000377589
0.000363322
0.000349313
0.000335852
0.000322821
0.000310137
0.000297698
0.000285404
0.000273042
0.000260635
0.000247997
0.000235139
0.000221816
0.000208271
0.000194498
0.000181215
0.000168687
0.000156814
0.000145285
0.000133968
0.000122564
0.000111718
0.000101995
9.35505e-05
8.61798e-05
7.94784e-05
7.31363e-05
6.71805e-05
6.19792e-05
5.85369e-05
5.76621e-05
6.1065e-05
7.07341e-05
8.89196e-05
0.00011837
0.000163109
0.000217774
0.000261954
0.000292653
0.000180165
9.24625e-07
4.89018e-06
1.30909e-05
2.18575e-05
2.79722e-05
3.02931e-05
2.94587e-05
2.74285e-05
2.50949e-05
2.31745e-05
2.24957e-05
2.32906e-05
2.66691e-05
3.48244e-05
4.79409e-05
6.48671e-05
8.45415e-05
0.000106026
0.000128657
0.000152259
0.000176718
0.000203361
0.000237302
0.000283194
0.000341052
0.000408538
0.000479025
0.000536553
0.000563289
0.00056799
0.000556544
0.000536848
0.000513559
0.000489359
0.000465536
0.000442779
0.000422552
0.000405245
0.000391529
0.00038162
0.000376362
0.000374153
0.000373838
0.000377594
0.00038397
0.000393338
0.00040558
0.000421541
0.000440477
0.000463292
0.000489876
0.000520629
0.000555829
0.00059566
0.000640457
0.000690266
0.000745326
0.000805617
0.000871206
0.000941943
0.00101768
0.00109806
0.00118266
0.00127088
0.00136201
0.00145522
0.00154966
0.00164448
0.00173903
0.00183277
0.00192556
0.00201852
0.00211329
0.002215
0.0022673
0.00228652
0.00222387
0.00202727
0.00174264
0.00149631
5.70034e-07
2.92748e-06
7.12051e-06
1.14635e-05
1.47219e-05
1.65338e-05
1.71703e-05
1.72028e-05
1.72784e-05
1.78723e-05
1.93601e-05
2.2332e-05
2.705e-05
3.36222e-05
4.16995e-05
5.0832e-05
6.05488e-05
7.06597e-05
8.06811e-05
9.03758e-05
0.000100155
0.000110858
0.000123609
0.000139015
0.00015635
0.000173725
0.000191012
0.000208176
0.000225781
0.000244279
0.000263394
0.000282511
0.000301318
0.0003199
0.00033869
0.000357815
0.000377643
0.000398301
0.000420026
0.00044288
0.000467031
0.000492659
0.000519914
0.000549068
0.000580425
0.00061507
0.000655139
0.000705118
0.000754134
0.000804462
0.000853429
0.000900961
0.00094539
0.000985552
0.00101993
0.00104654
0.00105974
0.00106492
0.00106139
0.00104005
0.00100308
0.00095081
0.00088365
0.000804815
0.000715135
0.00061969
0.000522979
0.000428562
0.00033992
0.000261284
0.000197091
0.000143243
9.97805e-05
6.66423e-05
4.28103e-05
2.65772e-05
1.59952e-05
9.18322e-06
4.34074e-06
9.24625e-07
)
;
    }
    frontAndBack
    {
        type            empty;
    }
}


// ************************************************************************* //
