/*--------------------------------*- C++ -*----------------------------------*\
  =========                 |
  \\      /  F ield         | OpenFOAM: The Open Source CFD Toolbox
   \\    /   O peration     | Website:  https://openfoam.org
    \\  /    A nd           | Version:  13
     \\/     M anipulation  |
\*---------------------------------------------------------------------------*/
FoamFile
{
    format      ascii;
    class       volScalarField;
    location    "8.9";
    object      k;
}
// * * * * * * * * * * * * * * * * * * * * * * * * * * * * * * * * * * * * * //

dimensions      [0 2 -2 0 0 0 0];

internalField   nonuniform List<scalar> 
6400
(
5.64003e-07
2.89701e-06
7.04528e-06
1.13463e-05
1.45819e-05
1.63946e-05
1.70525e-05
1.7121e-05
1.7236e-05
1.78875e-05
1.94552e-05
2.24957e-05
2.72759e-05
3.38824e-05
4.19591e-05
5.10535e-05
6.0697e-05
7.07091e-05
8.06104e-05
9.01831e-05
9.984e-05
0.000110419
0.000123031
0.000138296
0.000155522
0.000172838
0.000190057
0.000207151
0.000224662
0.000243053
0.000262063
0.000281067
0.00029976
0.000318215
0.000336884
0.000355885
0.000375598
0.000396144
0.000417769
0.000440532
0.000464598
0.000490155
0.000517342
0.000546471
0.000577812
0.00061247
0.000652529
0.00070244
0.000751756
0.000802282
0.000851547
0.000899382
0.000944161
0.000984689
0.00101945
0.00104657
0.00106011
0.00106544
0.00106247
0.00104148
0.00100485
0.000952823
0.000885944
0.000807195
0.000717512
0.000621933
0.000525008
0.000430373
0.000341477
0.000262618
0.000198265
0.000144253
0.000100619
6.72898e-05
4.32868e-05
2.69182e-05
1.62311e-05
9.33674e-06
4.42062e-06
9.42563e-07
2.72533e-06
2.28971e-05
5.55736e-05
8.68127e-05
0.000109856
0.00012357
0.000130114
0.000132819
0.000135321
0.000140769
0.000152706
0.000175085
0.000209013
0.000253767
0.00030718
0.000366525
0.000429377
0.000493299
0.000556512
0.000618453
0.000681381
0.000749786
0.000829212
0.000921944
0.00102372
0.00112541
0.00122433
0.00131844
0.00140875
0.00149625
0.00157919
0.00165661
0.00172706
0.00179155
0.00185239
0.00191048
0.0019678
0.0020252
0.00208401
0.00214477
0.00220818
0.00227494
0.00234509
0.00241879
0.00249539
0.00257485
0.00265526
0.00273374
0.00281821
0.00290456
0.00299336
0.00308102
0.00316596
0.00324442
0.00331303
0.00336768
0.00339606
0.00340481
0.00339218
0.00334543
0.0032608
0.003138
0.00297543
0.00277659
0.00254615
0.00229307
0.00202848
0.00176051
0.00149688
0.00124155
0.000998822
0.000778267
0.00058624
0.00042574
0.000297154
0.000198656
0.000127105
7.67528e-05
3.72908e-05
4.98564e-06
5.96127e-06
4.96622e-05
0.000115419
0.000170392
0.000207732
0.000229752
0.000241945
0.000250394
0.000261211
0.000280413
0.000313873
0.000366356
0.00043947
0.000531277
0.000637647
0.000754329
0.000878033
0.00100606
0.00113588
0.00126539
0.00139297
0.00151787
0.00163785
0.00174748
0.0018418
0.00191701
0.00197055
0.00200806
0.00203721
0.00206506
0.00209565
0.00212812
0.00216308
0.00219808
0.0022367
0.00227807
0.00232395
0.00237423
0.00242996
0.00249111
0.00255745
0.00262969
0.00270716
0.00279011
0.00287838
0.00297188
0.0030699
0.00317369
0.003283
0.00339611
0.00351206
0.00362854
0.0037433
0.00385295
0.00395368
0.00404065
0.00410867
0.00414494
0.0041554
0.00413527
0.00407002
0.00395929
0.00379883
0.00359081
0.00333773
0.00304763
0.00273676
0.00241395
0.00208957
0.00177393
0.00147586
0.00120199
0.000957203
0.000743959
0.000563047
0.000413746
0.000292793
0.000192626
9.80916e-05
1.33536e-05
1.036e-05
8.34849e-05
0.000181289
0.000254586
0.000302496
0.000332206
0.000352353
0.000371566
0.000398325
0.000440906
0.000506634
0.000599944
0.000720471
0.000863329
0.00102157
0.00118857
0.00135856
0.00152592
0.00168456
0.00182866
0.00195257
0.00205432
0.00213126
0.00217635
0.00219555
0.00220008
0.0021956
0.00219305
0.00219263
0.00219833
0.00220935
0.00222378
0.00224334
0.00226773
0.00229746
0.00233224
0.0023727
0.00241871
0.00247024
0.00252765
0.00259086
0.00266021
0.00273548
0.0028167
0.00290342
0.00299612
0.00309558
0.00320154
0.00331356
0.00343073
0.00355204
0.00367582
0.00379992
0.00392141
0.00403671
0.00414125
0.00422987
0.00429434
0.00432449
0.0043292
0.00429029
0.00420615
0.00407924
0.00390237
0.00367248
0.00339098
0.00307491
0.00273505
0.00238685
0.00204444
0.00171971
0.00142129
0.00115418
0.00092035
0.000719841
0.000550998
0.000409481
0.000285621
0.000155857
2.22754e-05
1.66345e-05
0.00012873
0.000259366
0.000350215
0.000408861
0.000447705
0.000478852
0.00051382
0.000563634
0.00063834
0.000745126
0.000885768
0.00105552
0.00124495
0.00144319
0.00163998
0.00182594
0.00199218
0.00212955
0.00223387
0.0022943
0.00231768
0.0023196
0.00228957
0.00225925
0.00223207
0.00220994
0.00219508
0.00218812
0.00218611
0.00218804
0.00219517
0.00220692
0.00222289
0.00224298
0.00226718
0.00229536
0.00232721
0.00236276
0.00240225
0.00244569
0.00249359
0.00254668
0.00260577
0.00267181
0.00274477
0.00282444
0.00291129
0.00300551
0.00310715
0.00321601
0.00333153
0.00345269
0.00357794
0.00370511
0.00383062
0.00394983
0.00405707
0.00414567
0.00419948
0.00421841
0.00419486
0.00411404
0.00397739
0.00379393
0.00355248
0.00325446
0.00291796
0.00256042
0.00220027
0.00185456
0.0015364
0.00125334
0.00100772
0.000798633
0.000622942
0.00047484
0.000342122
0.000195202
2.84748e-05
2.5595e-05
0.000188741
0.000354192
0.000463404
0.000534229
0.000584527
0.000630268
0.000686127
0.000765317
0.000878092
0.00102897
0.00121457
0.00142421
0.00164318
0.00185626
0.00204945
0.00221061
0.00233247
0.0023978
0.00241937
0.00240666
0.00236158
0.00231669
0.00227298
0.00223241
0.00219708
0.00216822
0.00214551
0.00212745
0.00211277
0.00210105
0.00209334
0.00208928
0.00208771
0.00208761
0.00209107
0.0020967
0.00210515
0.00211647
0.00213117
0.00214946
0.00217202
0.00219887
0.0022304
0.00226726
0.00230989
0.00235916
0.00241598
0.00248137
0.00255643
0.00264209
0.00273919
0.00284821
0.00296895
0.00310028
0.00324078
0.00338734
0.00353542
0.00367877
0.00380816
0.00391441
0.00396812
0.00398198
0.00393432
0.00382122
0.0036451
0.00339014
0.00307422
0.00271562
0.00233776
0.0019651
0.00161859
0.00131186
0.00104994
0.000831385
0.000650919
0.000500329
0.000365035
0.000212845
3.07944e-05
3.80292e-05
0.000265443
0.000468093
0.000596995
0.000681708
0.000745934
0.000809743
0.000890667
0.00100279
0.00115417
0.00134409
0.0015624
0.00179217
0.00201398
0.00220958
0.00236388
0.00245732
0.00249231
0.00249009
0.00244073
0.00238711
0.00232427
0.00226363
0.0022031
0.0021491
0.00210244
0.00206172
0.00202498
0.00199153
0.00196171
0.00193576
0.00191271
0.00189177
0.00187283
0.00185596
0.00184158
0.0018294
0.00181987
0.00181304
0.00180971
0.00180859
0.00181012
0.0018158
0.00182491
0.00183851
0.00185661
0.00188031
0.00191023
0.00194759
0.00199399
0.00205128
0.00212147
0.00220687
0.00230959
0.00243051
0.00257064
0.00273051
0.00290653
0.0030932
0.00328358
0.00346924
0.00363394
0.00375112
0.00379994
0.00379879
0.0037071
0.00353705
0.00326621
0.00292065
0.00252735
0.00211914
0.00172839
0.00138005
0.00108659
0.000848126
0.000657271
0.000501394
0.000363737
0.00021182
2.99274e-05
5.46639e-05
0.000359853
0.000601685
0.000751616
0.000851815
0.000932024
0.00101622
0.00112381
0.00126774
0.00145144
0.0016673
0.0018982
0.00212195
0.00231618
0.00246271
0.00253512
0.002554
0.00252294
0.00246733
0.00239164
0.00230833
0.00222086
0.00214306
0.00207262
0.00201252
0.00195713
0.0019064
0.001859
0.00181502
0.00177435
0.0017368
0.00170202
0.00167001
0.00164091
0.00161487
0.00159199
0.00157204
0.00155509
0.00154113
0.00153022
0.00152216
0.00151797
0.00151643
0.00151708
0.00152263
0.00153137
0.00154467
0.00156262
0.00158599
0.0016152
0.0016513
0.00169546
0.00174947
0.00181606
0.00189993
0.00200627
0.00213954
0.00230436
0.00249952
0.00271718
0.00295267
0.0031917
0.00341836
0.00360706
0.0037022
0.00372622
0.00366466
0.00349463
0.00319392
0.00280392
0.00236285
0.00191553
0.00150352
0.00115467
0.000877522
0.000663871
0.000496719
0.000355173
0.000205093
2.78373e-05
7.60029e-05
0.000471734
0.000754291
0.000926316
0.00104309
0.00114018
0.00124484
0.00137689
0.00154606
0.00174956
0.0019726
0.00219241
0.00238401
0.00252027
0.00258081
0.00258928
0.00254502
0.00247668
0.00238016
0.00226951
0.00216634
0.00207506
0.00199339
0.00191939
0.00185241
0.00178945
0.00173096
0.00167633
0.00162596
0.0015798
0.00153793
0.00150035
0.00146716
0.00143829
0.00141355
0.00139275
0.00137572
0.00136222
0.001352
0.00134483
0.00134127
0.00134
0.00134045
0.00134472
0.00135163
0.00136134
0.0013741
0.00138998
0.00140929
0.00143228
0.0014595
0.00149152
0.00152914
0.00157345
0.00162605
0.0016893
0.00176729
0.00186717
0.00200263
0.0021886
0.00242257
0.0026898
0.00297843
0.00326421
0.00351853
0.00366453
0.0037112
0.00367534
0.00349824
0.0031549
0.002708
0.00221013
0.00172045
0.00128957
0.000944871
0.000687123
0.000496804
0.000341977
0.000191416
2.54506e-05
0.000102235
0.000599299
0.000923861
0.00111876
0.00125225
0.0013653
0.00148753
0.00163768
0.00182079
0.00202736
0.00223656
0.0024224
0.00255189
0.00260572
0.00260932
0.00256262
0.00247678
0.00235637
0.00222908
0.00211342
0.00200916
0.00191622
0.00183164
0.00175392
0.00168216
0.00161542
0.00155439
0.00149901
0.0014497
0.00140643
0.00136918
0.00133772
0.00131174
0.00129078
0.00127437
0.00126198
0.00125308
0.00124748
0.00124485
0.00124403
0.00124527
0.00124888
0.00125426
0.00126183
0.00127118
0.00128253
0.00129594
0.00131159
0.00132968
0.00135045
0.00137408
0.0014009
0.00143126
0.00146562
0.0015045
0.00154868
0.00159987
0.00166098
0.00173735
0.00183832
0.00198079
0.00219766
0.00248472
0.00281051
0.00315534
0.003474
0.00367106
0.00373863
0.00371741
0.00352155
0.0031233
0.00260983
0.00205156
0.00152322
0.00108176
0.000748483
0.000511984
0.000336461
0.000178727
2.34621e-05
0.000133859
0.000738695
0.00110725
0.00132528
0.00147431
0.00160024
0.00173415
0.00189254
0.00207519
0.00226667
0.00244225
0.00256651
0.0026171
0.00261864
0.00257156
0.00247143
0.00233389
0.00219518
0.00206547
0.00195019
0.0018464
0.00175266
0.00166674
0.00158807
0.00151647
0.0014521
0.00139553
0.00134673
0.0013057
0.00127198
0.00124502
0.00122408
0.00120835
0.00119704
0.0011894
0.00118521
0.00118342
0.00118307
0.00118501
0.00118846
0.00119348
0.00119999
0.00120792
0.00121738
0.00122835
0.001241
0.00125543
0.00127177
0.00129016
0.00131071
0.00133355
0.0013588
0.00138662
0.00141721
0.00145092
0.00148803
0.00152862
0.00157352
0.00162445
0.00168525
0.0017642
0.00187647
0.00204784
0.00232557
0.00268436
0.00307855
0.003461
0.00370622
0.00379081
0.00377049
0.00353888
0.00307289
0.00248617
0.00187057
0.00131507
0.000875887
0.000561317
0.000345674
0.000174752
2.26975e-05
0.000172261
0.00088553
0.00130073
0.00154107
0.00170295
0.00183664
0.00197392
0.00212853
0.00229541
0.00245487
0.00257296
0.00262199
0.00262332
0.00257685
0.00246835
0.00231984
0.00216895
0.00202757
0.00190032
0.0017872
0.00168501
0.00159262
0.00150904
0.00143448
0.00136918
0.00131339
0.00126705
0.00122961
0.00120028
0.001178
0.0011617
0.00115026
0.0011427
0.0011385
0.00113663
0.00113615
0.00113722
0.00113973
0.00114349
0.00114833
0.00115436
0.0011616
0.00117017
0.00118019
0.0011918
0.00120518
0.00122049
0.00123788
0.0012575
0.00127947
0.00130385
0.00133065
0.00135983
0.00139123
0.00142469
0.00146007
0.00149745
0.00153726
0.00157962
0.00162502
0.0016764
0.00174046
0.00183173
0.00197586
0.00221706
0.0025946
0.00302923
0.00347493
0.00375797
0.00385221
0.00381541
0.00352523
0.00297773
0.00231574
0.00165538
0.00109092
0.000668474
0.000381372
0.000181568
2.34337e-05
0.000214861
0.00103987
0.00150011
0.00176061
0.0019313
0.00206606
0.00219697
0.00233519
0.00247201
0.00258017
0.00262721
0.0026291
0.00258332
0.00247239
0.00231714
0.00215444
0.00200108
0.00186272
0.00173976
0.00163026
0.00153207
0.00144483
0.00136841
0.00130316
0.00124899
0.00120543
0.00117154
0.00114602
0.00112746
0.00111443
0.00110567
0.0011001
0.0010971
0.00109576
0.00109537
0.00109587
0.00109758
0.00110013
0.00110359
0.00110802
0.00111359
0.00112041
0.00112868
0.00113855
0.00115022
0.00116389
0.00117973
0.00119795
0.00121873
0.00124222
0.00126853
0.00129773
0.00132975
0.00136441
0.00140137
0.0014401
0.00147997
0.00152042
0.00156129
0.00160319
0.0016461
0.00169158
0.00174597
0.00182199
0.00194481
0.00215923
0.00253637
0.00301127
0.00351258
0.00381653
0.00390785
0.00383337
0.00345436
0.00281178
0.00208437
0.00139941
0.000849859
0.000463216
0.000206642
2.66839e-05
0.000260444
0.001198
0.00170039
0.00197798
0.00215253
0.0022809
0.00239543
0.00250549
0.00259754
0.00263965
0.00264143
0.00259507
0.00248592
0.00232718
0.00215456
0.00198854
0.00183859
0.00170577
0.00158857
0.00148509
0.00139434
0.00131643
0.00125125
0.00119852
0.00115726
0.00112609
0.0011033
0.00108713
0.00107595
0.00106839
0.00106335
0.00106002
0.00105788
0.00105651
0.00105585
0.00105566
0.00105625
0.00105765
0.00106
0.00106342
0.00106808
0.00107417
0.00108186
0.00109135
0.0011028
0.00111643
0.00113244
0.00115104
0.00117244
0.00119686
0.00122449
0.00125551
0.00128998
0.00132786
0.0013689
0.0014126
0.00145812
0.00150436
0.00155006
0.00159421
0.00163684
0.00167892
0.00172086
0.00176817
0.00183377
0.00194371
0.00214636
0.00251445
0.00302647
0.00357377
0.00387117
0.0039433
0.00380551
0.00329449
0.00256073
0.00178311
0.00110497
0.000601169
0.000261826
3.4647e-05
0.000307518
0.00135572
0.00189642
0.00218744
0.00236047
0.00247506
0.00256405
0.00263471
0.0026672
0.00266612
0.00261645
0.00251109
0.00235158
0.00217107
0.00199249
0.0018296
0.00168603
0.00156046
0.00145105
0.00135657
0.00127661
0.00121099
0.0011589
0.00111905
0.00108954
0.00106832
0.00105335
0.00104285
0.00103538
0.00102986
0.00102555
0.001022
0.00101896
0.00101634
0.00101422
0.00101278
0.00101214
0.00101204
0.00101321
0.00101568
0.00101951
0.00102494
0.0010321
0.00104116
0.0010523
0.0010657
0.00108156
0.00110009
0.00112153
0.00114614
0.0011742
0.00120596
0.00124168
0.00128151
0.00132545
0.00137327
0.00142435
0.00147763
0.00153149
0.0015839
0.00163282
0.00167724
0.00171779
0.0017568
0.00180002
0.00185874
0.00196211
0.00215946
0.00253173
0.00308172
0.00364846
0.00391424
0.00394773
0.00370016
0.00303625
0.00221001
0.00141764
0.000787818
0.000346248
4.75894e-05
0.000354739
0.001509
0.0020835
0.00238399
0.00255
0.00264424
0.00269785
0.00271889
0.00270874
0.00265246
0.00255057
0.00239201
0.00220563
0.00201503
0.00183789
0.00168166
0.00154635
0.00142981
0.00133052
0.00124762
0.00118047
0.00112801
0.00108844
0.00105953
0.00103886
0.00102418
0.00101355
0.00100549
0.000998964
0.000993282
0.000988075
0.000983189
0.000978622
0.000974468
0.000970879
0.000968022
0.000966211
0.000965451
0.000965407
0.000967188
0.000970447
0.000975373
0.000982117
0.000990807
0.0010016
0.00101466
0.00103017
0.00104834
0.0010694
0.00109364
0.00112136
0.0011529
0.00118863
0.00122889
0.00127396
0.00132395
0.00137869
0.00143754
0.00149923
0.00156167
0.001622
0.00167698
0.00172419
0.001764
0.00179653
0.00183678
0.00189283
0.00199461
0.00219477
0.00258553
0.00317896
0.00372951
0.00395123
0.00390231
0.00346162
0.00264876
0.00176772
0.00101178
0.000452336
6.434e-05
0.000401048
0.00165352
0.00225789
0.0025644
0.00271649
0.00278024
0.00279543
0.00277297
0.00270797
0.00260782
0.00245042
0.0022599
0.00205819
0.00186578
0.0016945
0.00154706
0.00142156
0.00131584
0.00122856
0.00115857
0.00110444
0.00106403
0.00103471
0.00101376
0.000998669
0.000987389
0.00097838
0.000970604
0.000963433
0.000956556
0.000949879
0.000943454
0.000937411
0.000931919
0.000927158
0.0009233
0.000920534
0.000919172
0.000918745
0.000919834
0.000922742
0.000927297
0.00093371
0.000942069
0.000952518
0.000965199
0.000980277
0.000997945
0.00101843
0.00104199
0.00106896
0.00109968
0.00113459
0.00117414
0.0012188
0.00126899
0.00132497
0.00138667
0.0014535
0.001524
0.00159562
0.00166462
0.00172634
0.00177792
0.00181748
0.00184081
0.00187694
0.00193429
0.00203868
0.00225131
0.00267683
0.00331286
0.00380131
0.00394963
0.00376155
0.0030716
0.00214113
0.0012638
0.000573778
8.38468e-05
0.000445594
0.00178804
0.00241612
0.00272123
0.00285325
0.00288826
0.00286684
0.00279596
0.0026855
0.00252944
0.00233566
0.00212402
0.00191581
0.00172705
0.0015643
0.0014271
0.00131278
0.00121921
0.00114476
0.00108753
0.00104506
0.00101437
0.000992403
0.000976403
0.000964141
0.000954003
0.000944925
0.000936303
0.00092786
0.000919544
0.000911439
0.000903695
0.000896494
0.000890017
0.000884433
0.000879895
0.00087654
0.000874755
0.000874101
0.000874662
0.000877289
0.000881535
0.000887638
0.000895673
0.000905769
0.000918054
0.00093268
0.00094982
0.000969679
0.000992502
0.00101858
0.00104828
0.00108201
0.00112026
0.00116362
0.00121267
0.00126801
0.00133005
0.00139889
0.00147397
0.00155369
0.00163503
0.00171322
0.00178197
0.00183811
0.00187363
0.00189032
0.00192169
0.00198167
0.00209432
0.00233202
0.00281619
0.00349315
0.00384289
0.00388101
0.00345163
0.00252816
0.00153975
0.000706553
0.000105173
0.000486633
0.00190901
0.00255316
0.00285197
0.00296181
0.00297269
0.00290854
0.00278986
0.00263378
0.00243522
0.00221458
0.0019907
0.00178238
0.00160073
0.00144815
0.00132226
0.00122005
0.00113913
0.00107716
0.00103129
0.000998227
0.00097455
0.000957202
0.000943737
0.000932397
0.000922058
0.000912096
0.000902247
0.000892477
0.000882886
0.000873636
0.000864911
0.000856891
0.000849739
0.000843598
0.000838594
0.000834839
0.000832695
0.000831853
0.000831974
0.000834277
0.000838209
0.000843972
0.000851655
0.000861371
0.000873245
0.000887417
0.000904044
0.000923314
0.000945445
0.000970701
0.000999402
0.00103194
0.00106879
0.00111054
0.00115784
0.00121146
0.00127215
0.00134053
0.00141684
0.00150059
0.00159002
0.00168152
0.00176918
0.00184482
0.00190306
0.00193014
0.00194254
0.00197011
0.00203503
0.00216341
0.0024487
0.00301711
0.00364555
0.00388358
0.00370364
0.00290851
0.00183627
0.000848291
0.000127663
0.000522706
0.00201349
0.0026669
0.00295652
0.00304724
0.00303101
0.00292506
0.00276582
0.00256229
0.00233222
0.00209315
0.00186399
0.00165993
0.00148754
0.00134614
0.00123222
0.00114241
0.00107372
0.00102291
0.000986325
0.000960176
0.000941037
0.000926163
0.000913587
0.000902059
0.000890897
0.000879814
0.000868776
0.000857885
0.000847308
0.000837225
0.000827811
0.000819222
0.000811592
0.000805039
0.000799666
0.000795568
0.000793013
0.000791898
0.000791721
0.000793548
0.000797117
0.000802483
0.000809761
0.000819057
0.000830494
0.000844206
0.000860342
0.000879072
0.000900595
0.000925143
0.000952999
0.000984509
0.0010201
0.00106032
0.00110581
0.00115738
0.00121592
0.00128238
0.00135759
0.00144198
0.00153506
0.00163479
0.00173682
0.00183378
0.00191526
0.00196964
0.00198788
0.00199553
0.00202216
0.0020948
0.00225056
0.00261332
0.0032681
0.00372413
0.00379677
0.00326185
0.00214818
0.000994515
0.000151133
0.000553018
0.0021003
0.00275699
0.00303573
0.00311062
0.00306431
0.00291913
0.00271834
0.00248007
0.00222594
0.0019755
0.00174622
0.00154931
0.00138745
0.00125778
0.00115598
0.00107815
0.00102052
0.000979019
0.000949458
0.000927978
0.000911436
0.000897566
0.000884916
0.000872689
0.000860539
0.000848407
0.000836387
0.000824641
0.000813345
0.000802666
0.000792753
0.000783731
0.00077571
0.000768786
0.000763047
0.000758577
0.000755518
0.000754046
0.000753629
0.000754864
0.000757997
0.000762903
0.000769716
0.000778544
0.000789511
0.000802748
0.0008184
0.000836628
0.000857612
0.000881564
0.000908731
0.000939415
0.000973993
0.00101294
0.00105684
0.00110647
0.00116273
0.00122671
0.00129959
0.00138241
0.00147576
0.00157911
0.00168996
0.00180279
0.00190811
0.00199207
0.00203448
0.00204524
0.00204847
0.00207763
0.00216328
0.0023674
0.00285667
0.00351859
0.00378252
0.0035282
0.00246494
0.00114247
0.000175463
0.000577132
0.00216948
0.00282451
0.00309146
0.00315166
0.00307569
0.00289879
0.00265908
0.00239204
0.00212042
0.00186424
0.00163853
0.0014506
0.00129994
0.00118209
0.00109204
0.0010252
0.000977007
0.000942801
0.000918217
0.000899618
0.000884318
0.00087057
0.000857385
0.000844316
0.000831249
0.000818256
0.000805485
0.000793107
0.000781281
0.000770149
0.000759829
0.000750423
0.000742022
0.000734708
0.00072856
0.000723657
0.00072008
0.000718153
0.000717461
0.000718042
0.000720661
0.000725051
0.000731349
0.000739665
0.000750125
0.000762863
0.000778023
0.00079576
0.000816246
0.000839676
0.000866273
0.000896301
0.000930087
0.000968039
0.00101068
0.00105868
0.00111291
0.00117444
0.00124457
0.00132472
0.0014162
0.00151971
0.00163458
0.00175764
0.00188198
0.00199593
0.00207216
0.00209853
0.00210167
0.00209905
0.0021373
0.00224655
0.00254068
0.00316603
0.00361461
0.00364644
0.00278368
0.00130367
0.000201968
0.000594988
0.00222171
0.00287086
0.00312555
0.00317224
0.00306962
0.00286054
0.00259154
0.00230195
0.0020185
0.0017609
0.00154131
0.00136339
0.00122411
0.00111777
0.00103865
0.000981436
0.000940912
0.000912136
0.000890861
0.000873855
0.000858947
0.000844867
0.000830997
0.000817136
0.00080331
0.000789648
0.000776312
0.000763453
0.000751207
0.000739687
0.000728988
0.000719197
0.000710391
0.000702649
0.000696047
0.000690662
0.000686575
0.000684087
0.000683066
0.000683017
0.000685033
0.000688869
0.000694614
0.000702382
0.000712304
0.000724515
0.000739161
0.000756398
0.000776395
0.000799336
0.00082543
0.000854915
0.000888078
0.000925271
0.000966944
0.00101368
0.00106625
0.00112565
0.00119317
0.00127034
0.00135888
0.00146033
0.00157542
0.00170296
0.00183834
0.00197188
0.00208761
0.00214995
0.00216255
0.00215311
0.00214492
0.00220028
0.00236516
0.00282375
0.00345863
0.00366826
0.00309812
0.001503
0.000235734
0.000606878
0.00225803
0.00289708
0.00313827
0.00317195
0.00305042
0.00281265
0.00251934
0.00221268
0.00192205
0.00166623
0.00145438
0.00128694
0.00115885
0.00106336
0.000994048
0.000944932
0.000910397
0.000885484
0.000866267
0.000850003
0.000835011
0.000820419
0.000805879
0.000791347
0.000776921
0.000762745
0.000748966
0.000735714
0.000723096
0.000711204
0.000700122
0.000689925
0.000680688
0.000672488
0.000665404
0.000659518
0.00065492
0.000651761
0.00065024
0.000649837
0.000651139
0.000654398
0.000659568
0.000666766
0.000676123
0.00068778
0.000701885
0.000718598
0.000738089
0.000760539
0.00078615
0.000815145
0.000847785
0.000884379
0.000925316
0.000971097
0.00102239
0.00108007
0.00114534
0.00121972
0.00130508
0.00140348
0.00151674
0.00164553
0.00178794
0.00193756
0.00208158
0.00218415
0.00222181
0.00222324
0.00219826
0.00219218
0.00228043
0.00255243
0.00318611
0.00356124
0.00335147
0.00175681
0.000281441
0.000612848
0.00227874
0.00290427
0.00313512
0.0031609
0.00301634
0.00275753
0.00244522
0.00212631
0.00183219
0.00158045
0.00137727
0.00122036
0.00110295
0.0010174
0.000956602
0.000914091
0.000884078
0.0008618
0.000843767
0.000827726
0.000812423
0.000797289
0.000782162
0.000767087
0.000752186
0.000737599
0.000723449
0.000709841
0.000696866
0.000684601
0.000673121
0.0006625
0.000652814
0.00064414
0.000636562
0.000630165
0.000625038
0.000621274
0.000619208
0.000618474
0.000619076
0.000621745
0.000626334
0.000632951
0.000641727
0.000652806
0.000666342
0.000682498
0.000701448
0.000723379
0.000748491
0.000777002
0.000809156
0.000845238
0.000885588
0.00093064
0.000980963
0.00103733
0.00110078
0.00117274
0.00125506
0.00135
0.00145999
0.00158697
0.0017311
0.00188871
0.00204991
0.00219649
0.00227655
0.00229197
0.00226582
0.00223303
0.0022532
0.00240637
0.00289663
0.00341805
0.00347291
0.00206144
0.000339154
0.000612509
0.00228664
0.00289944
0.00312081
0.00313515
0.0029733
0.00269788
0.00237136
0.00204427
0.00174955
0.00150341
0.00130933
0.00116264
0.00105519
0.000978504
0.000924926
0.000887663
0.00086097
0.00084042
0.000822992
0.000806884
0.000791187
0.000775551
0.000759933
0.000744418
0.000729132
0.000714194
0.000699708
0.00068576
0.000672427
0.000659782
0.000647897
0.000636848
0.000626712
0.000617572
0.000609511
0.000602619
0.000596982
0.000592692
0.000590059
0.000588993
0.000588977
0.000591045
0.00059506
0.000601096
0.000609284
0.000619769
0.000632708
0.000648272
0.00066664
0.000688007
0.000712578
0.000740574
0.000772235
0.00080783
0.00084767
0.000892138
0.000941723
0.000997086
0.00105914
0.00112915
0.00120885
0.00130053
0.00140695
0.00153099
0.00167459
0.00183696
0.00201184
0.00218473
0.00231196
0.00235719
0.00235234
0.00228609
0.00225646
0.00233051
0.0026498
0.00327848
0.00350403
0.00240608
0.000406456
0.000609297
0.00228468
0.0028835
0.00309125
0.00309678
0.00292318
0.00263574
0.00229937
0.00196753
0.00167434
0.00143474
0.00124979
0.0011128
0.00101442
0.000945485
0.000897889
0.000864711
0.000840398
0.000820933
0.00080375
0.00078743
0.000771331
0.000755257
0.00073923
0.000723351
0.000707733
0.000692478
0.000677672
0.000663389
0.0006497
0.000636677
0.000624393
0.000612928
0.000602363
0.000592782
0.000584275
0.000576928
0.000570834
0.000566087
0.000562864
0.000561342
0.000560993
0.000562434
0.000565888
0.000571355
0.000578956
0.000588836
0.000601157
0.000616096
0.000633839
0.000654591
0.000678567
0.000705995
0.00073712
0.000772209
0.000811556
0.000855511
0.000904504
0.000959102
0.00102009
0.00108857
0.0011661
0.00125485
0.00135765
0.00147783
0.00161858
0.00178129
0.00196283
0.0021518
0.00232502
0.00241589
0.00243116
0.00237939
0.00230738
0.00230454
0.00248064
0.00305269
0.0034259
0.00275271
0.000476728
0.000602161
0.002276
0.00285368
0.00305115
0.0030497
0.00286802
0.0025728
0.00223041
0.00189663
0.00160654
0.00137395
0.00119785
0.00106986
0.000979605
0.000917322
0.000874606
0.000844555
0.000821914
0.000803094
0.000785939
0.000769348
0.000752874
0.000736422
0.000720049
0.000703854
0.000687938
0.000672384
0.000657268
0.000642657
0.000628622
0.000615235
0.000602575
0.000590723
0.000579765
0.000569788
0.00056088
0.000553132
0.000546631
0.00054147
0.000537742
0.000535778
0.000535148
0.000536017
0.000538935
0.000543851
0.000550873
0.000560147
0.000571836
0.000586122
0.000603201
0.000623287
0.000646607
0.000673403
0.000703932
0.000738464
0.000777294
0.000820752
0.000869228
0.000923218
0.000983393
0.0010507
0.00112653
0.00121284
0.00131239
0.00142872
0.00156585
0.00172709
0.00191263
0.00211575
0.00231836
0.00245991
0.00250295
0.00247837
0.00236272
0.00231028
0.0023968
0.0028372
0.00328807
0.0030297
0.000534051
0.000591042
0.00225767
0.00281495
0.00300357
0.00299582
0.00280955
0.00251035
0.0021653
0.00183186
0.00154594
0.00132046
0.00115274
0.00103295
0.000949849
0.000893188
0.000854396
0.00082671
0.000805222
0.000786752
0.000769504
0.000752625
0.000735811
0.000719031
0.000702356
0.000685879
0.000669685
0.000653847
0.000638433
0.00062351
0.000609148
0.000595425
0.000582423
0.000570227
0.000558925
0.000548605
0.000539355
0.000531262
0.000524411
0.000518886
0.00051477
0.00051238
0.000511489
0.000511864
0.000514276
0.000518664
0.000525124
0.000533796
0.000544847
0.00055846
0.000574843
0.000594217
0.000616825
0.000642924
0.000672786
0.000706697
0.000744957
0.000787894
0.000835874
0.000889343
0.000948883
0.00101531
0.00108981
0.00117414
0.00127086
0.00138346
0.00151636
0.00167404
0.00185911
0.00206842
0.0022881
0.00248053
0.00256742
0.0025723
0.0024685
0.00235704
0.00235694
0.00266094
0.00315958
0.00316188
0.000560692
0.000576541
0.0022325
0.0027693
0.00294989
0.00293712
0.00274921
0.00244938
0.00210456
0.00177329
0.00149222
0.00127371
0.00111372
0.00100128
0.000924383
0.000872415
0.000836749
0.000810831
0.000790119
0.000771809
0.000754403
0.000737241
0.000720122
0.000703052
0.000686107
0.000669369
0.000652915
0.000636808
0.000621115
0.000605902
0.000591245
0.000577224
0.000563925
0.000551437
0.000539847
0.000529245
0.000519716
0.000511342
0.000504204
0.000498381
0.000493948
0.000491166
0.000490025
0.000490002
0.000491941
0.000495829
0.000501747
0.00050983
0.000520243
0.000533175
0.000548838
0.000567465
0.000589312
0.000614653
0.00064378
0.000676996
0.00071462
0.000756986
0.000804453
0.000857436
0.000916451
0.000982199
0.0010557
0.00113849
0.00123288
0.00134222
0.00147104
0.00162472
0.00180795
0.00202127
0.00225545
0.00248489
0.00262435
0.00265499
0.00258151
0.00240676
0.00234647
0.00250273
0.0030525
0.0031993
0.000565403
0.000559477
0.00220267
0.00271845
0.00289159
0.0028752
0.0026882
0.00239064
0.0020485
0.00172085
0.00144501
0.00123311
0.00108014
0.000974163
0.000902572
0.000854477
0.000821276
0.000796669
0.000776464
0.00075819
0.000740594
0.000723163
0.000705768
0.000688437
0.000671245
0.000654267
0.00063757
0.000621215
0.000605268
0.000589798
0.000574885
0.000560612
0.000547069
0.000534344
0.000522528
0.000511706
0.00050196
0.000493369
0.000486008
0.00047995
0.000475267
0.000472123
0.000470677
0.00047042
0.000471914
0.000475332
0.000480733
0.000488244
0.00049803
0.000510279
0.00052521
0.000543066
0.000564115
0.000588647
0.000616976
0.000649429
0.000686345
0.000728076
0.000774989
0.000827484
0.000886032
0.000951245
0.00102399
0.00110561
0.00119812
0.00130462
0.00142956
0.00157869
0.00175812
0.00197146
0.00221443
0.00246805
0.00266458
0.00272989
0.00269531
0.00250642
0.0023733
0.00242571
0.00288392
0.00317138
0.000554097
0.000540521
0.00216996
0.00266402
0.00283009
0.00281142
0.00262746
0.00233463
0.00199724
0.00167435
0.0014039
0.00119811
0.00105137
0.000951002
0.000883889
0.000838955
0.000807683
0.000784037
0.00076415
0.000745835
0.000728036
0.000710353
0.000692706
0.000675138
0.000657719
0.00064052
0.000623601
0.000607023
0.000590854
0.000575166
0.000560041
0.000545567
0.000531833
0.000518931
0.000506947
0.000495964
0.000486061
0.000477311
0.000469783
0.000463544
0.000458661
0.00045521
0.000453485
0.000453032
0.000454135
0.000457117
0.000462029
0.000468992
0.000478166
0.000489741
0.00050394
0.000521012
0.000541238
0.000564925
0.000592406
0.000624033
0.000660173
0.000701203
0.000747506
0.000799486
0.000857587
0.000922355
0.000994541
0.00107528
0.00116634
0.00127052
0.00139203
0.00153678
0.00171183
0.00192317
0.00217042
0.00243877
0.0026838
0.00279598
0.00279599
0.00262392
0.00241724
0.00239393
0.00273353
0.0030976
0.000534529
0.000520319
0.0021351
0.00260724
0.00276664
0.00274686
0.00256773
0.00228171
0.00195079
0.00163354
0.00136849
0.00116824
0.00102691
0.000931297
0.000867904
0.000825521
0.000795742
0.000772791
0.000753089
0.000734685
0.000716682
0.000698764
0.000680887
0.000663101
0.000645476
0.000628076
0.000610961
0.000594192
0.000577836
0.000561972
0.000546683
0.000532059
0.000518189
0.000505164
0.000493068
0.00048198
0.000471974
0.000463116
0.000455468
0.00044909
0.00044404
0.000440379
0.000438383
0.000437749
0.000438511
0.000441094
0.000445548
0.000451989
0.000460573
0.000471492
0.000484968
0.000501256
0.000520648
0.000543466
0.000570062
0.000600815
0.00063612
0.000676383
0.000722017
0.000773439
0.000831087
0.000895462
0.000967219
0.00104732
0.00113729
0.0012396
0.00135815
0.00149873
0.00166899
0.0018769
0.00212623
0.00240779
0.00268847
0.00285902
0.00288999
0.00275381
0.00247935
0.00238467
0.00261492
0.00300404
0.00051144
0.000498865
0.0021
0.00254949
0.00270237
0.00268245
0.0025096
0.00223207
0.00190908
0.00159813
0.00133838
0.00114305
0.00100629
0.000914627
0.000854266
0.00081391
0.000785274
0.000762816
0.000743205
0.000724686
0.000706484
0.000688349
0.000670261
0.000652278
0.000634467
0.00061689
0.000599607
0.00058268
0.000566179
0.000550182
0.000534777
0.000520052
0.000506098
0.000493001
0.000480843
0.000469698
0.000459634
0.000450712
0.000442985
0.000436508
0.00043133
0.000427505
0.000425266
0.000424461
0.000424929
0.000427149
0.000431176
0.000437125
0.000445148
0.000455433
0.000468204
0.000483721
0.000502282
0.000524222
0.000549912
0.000579755
0.000614176
0.000653618
0.000698524
0.000749339
0.00080651
0.000870517
0.000941938
0.00102159
0.00111078
0.00121165
0.00132775
0.00146457
0.00162995
0.0018332
0.00208142
0.00237133
0.00267761
0.00290584
0.00297341
0.00287916
0.00257569
0.0023936
0.00251781
0.00289953
0.000487396
0.000477583
0.00206404
0.00249146
0.00263817
0.00261891
0.00245349
0.00218584
0.0018719
0.00156782
0.00131322
0.00112213
0.000989128
0.000900647
0.000842692
0.000803911
0.000776132
0.000754015
0.000734431
0.000715783
0.000697392
0.000679057
0.000660779
0.000642619
0.000624646
0.000606919
0.000589499
0.000572449
0.000555841
0.000539756
0.00052428
0.000509501
0.000495508
0.000482385
0.000470208
0.000459048
0.000448965
0.000440014
0.000432244
0.0004257
0.000420426
0.00041647
0.000414013
0.000413043
0.000413259
0.000415151
0.000418785
0.000424273
0.000431765
0.000441446
0.00045354
0.000468307
0.000486051
0.000507118
0.000531894
0.000560807
0.000594312
0.000632885
0.000677012
0.000727171
0.000783833
0.000847473
0.000918622
0.000997981
0.00108664
0.00118646
0.00130057
0.00143411
0.00159487
0.00179301
0.00203828
0.00233233
0.00265645
0.00293998
0.00304914
0.00299654
0.00269736
0.00242793
0.00244738
0.00279332
0.000463761
0.000454352
0.00203068
0.0024345
0.00257491
0.00255685
0.00239972
0.00214303
0.00183905
0.0015423
0.00129265
0.00110515
0.000975092
0.000889064
0.000832948
0.000795353
0.000768197
0.000746302
0.000726704
0.000707923
0.000689358
0.000670843
0.000652395
0.000634081
0.000615968
0.000598119
0.000580594
0.000563458
0.000546782
0.000530649
0.000515143
0.000500352
0.000486361
0.000473249
0.00046109
0.000449948
0.000439877
0.000430927
0.00042314
0.000416556
0.000411213
0.000407151
0.000404497
0.000403362
0.000403366
0.000404963
0.000408235
0.000413295
0.00042029
0.000429401
0.000440851
0.000454898
0.000471851
0.000492062
0.000515933
0.000543909
0.000576477
0.00061415
0.000657454
0.000706912
0.000763029
0.000826293
0.000897207
0.000976384
0.00106474
0.00116382
0.00127639
0.00140715
0.0015636
0.00175641
0.00199747
0.00229296
0.00262911
0.00295631
0.00311856
0.0031104
0.00283201
0.00246747
0.0024006
0.00268369
0.000441139
0.000436225
0.00199489
0.00237881
0.00251319
0.00249674
0.00234851
0.00210358
0.00181032
0.00152129
0.00127642
0.00109185
0.000963959
0.00087967
0.000824857
0.000788098
0.000761366
0.000739603
0.000719963
0.000701055
0.000682332
0.000663659
0.000645063
0.000626617
0.000608392
0.000590449
0.000572851
0.000555662
0.000538956
0.000522812
0.000507314
0.000492546
0.00047859
0.000465522
0.00045341
0.000442311
0.000432276
0.000423349
0.000415566
0.000408961
0.000403568
0.000399424
0.0003966
0.00039527
0.000395116
0.000396445
0.000399387
0.000404052
0.000410586
0.000419166
0.000430009
0.000443374
0.00045957
0.000478954
0.000501937
0.000528986
0.000560611
0.000597362
0.000639812
0.00068853
0.000744067
0.000806938
0.00087764
0.000956719
0.00104494
0.00114359
0.00125503
0.00138349
0.00153607
0.00172356
0.00195953
0.00225474
0.00260304
0.00296059
0.00318394
0.00321369
0.00297171
0.00253934
0.00237671
0.00257868
0.000421041
0.000420343
0.00195745
0.00232458
0.00245353
0.00243896
0.0023
0.00206739
0.00178547
0.00150449
0.00126413
0.0010819
0.000955429
0.000872245
0.000818263
0.00078203
0.000755555
0.000733851
0.000714151
0.000695127
0.000676268
0.00065746
0.00063874
0.000620187
0.000601875
0.000583867
0.000566226
0.000549017
0.000532313
0.000516192
0.000500733
0.000486019
0.000472127
0.000459127
0.000447083
0.000436047
0.000426066
0.000417176
0.00040941
0.000402798
0.000397369
0.000393155
0.000390196
0.000388677
0.000388373
0.000389463
0.000392105
0.00039641
0.000402519
0.000410607
0.000420886
0.000433612
0.000449092
0.000467686
0.000489813
0.000515953
0.000546643
0.000582467
0.000624041
0.000671989
0.000726913
0.000789371
0.00085987
0.000938917
0.00102715
0.00112561
0.0012363
0.00136294
0.00151211
0.00169444
0.00192451
0.00221663
0.0025719
0.00295656
0.00323869
0.00330983
0.00310588
0.00263419
0.00236731
0.00247871
0.00040382
0.00040526
0.00191925
0.0022721
0.00239622
0.00238382
0.00225431
0.00203437
0.00176429
0.00149168
0.00125582
0.00107533
0.000949582
0.000866758
0.000813076
0.000777064
0.00075069
0.000728984
0.000709217
0.000690091
0.00067112
0.000652201
0.000633384
0.000614749
0.000596376
0.00057833
0.000560675
0.000543476
0.000526804
0.000510733
0.000495341
0.000480705
0.000466897
0.000453985
0.000442025
0.000431067
0.00042115
0.000412308
0.000404569
0.000397958
0.000392501
0.000388226
0.000385166
0.000383468
0.000383016
0.000383892
0.000386264
0.000390242
0.000395964
0.0004036
0.000413359
0.000425493
0.000440304
0.000458152
0.000479462
0.000504726
0.0005345
0.000569402
0.000610093
0.000657249
0.000711534
0.000773557
0.000843857
0.000922919
0.00101128
0.00110978
0.00122004
0.0013453
0.00149157
0.00166911
0.00189312
0.00218077
0.00253947
0.00294398
0.00328356
0.00339865
0.00323678
0.00275309
0.00236692
0.00238771
0.00039018
0.000390604
0.00188081
0.00222192
0.00234118
0.00233145
0.00221147
0.00200437
0.00174652
0.00148248
0.00125058
0.00107155
0.000945736
0.000862922
0.000809201
0.000773133
0.000746711
0.000724947
0.000705107
0.000685899
0.000666842
0.000647841
0.000628952
0.000610262
0.000591853
0.000573796
0.000556154
0.000538991
0.000522375
0.000506378
0.000491074
0.000476536
0.00046283
0.000450019
0.000438155
0.000427283
0.000417438
0.00040865
0.000400944
0.00039434
0.000388863
0.000384538
0.000381394
0.000379535
0.000378935
0.000379619
0.000381749
0.000385432
0.000390804
0.00039803
0.000407315
0.000418906
0.000433099
0.000450251
0.000470792
0.000495219
0.000524107
0.000558105
0.000597914
0.000644269
0.000697895
0.000759466
0.000829564
0.000908676
0.000997264
0.00109598
0.00120612
0.0013304
0.00147424
0.00164737
0.00186522
0.00214727
0.00250684
0.00292724
0.00331865
0.00348151
0.00336778
0.00288533
0.00239235
0.00230722
0.000380314
0.000376136
0.00184232
0.0021744
0.00228875
0.00228151
0.00217188
0.00197735
0.00173195
0.00147679
0.00125016
0.00107188
0.00094537
0.00086106
0.000806568
0.000770178
0.000743567
0.000721692
0.000701775
0.000682504
0.00066339
0.000644337
0.000625405
0.000606685
0.000588267
0.000570222
0.000552616
0.000535512
0.000518974
0.000503072
0.000487874
0.000473448
0.000459857
0.000447157
0.000435397
0.000424616
0.000414848
0.000406117
0.000398446
0.000391854
0.000386362
0.000381993
0.000378778
0.000376782
0.000376034
0.000376545
0.000378458
0.000381879
0.000386937
0.000393794
0.00040265
0.000413749
0.000427378
0.000443889
0.000463712
0.000487351
0.000515393
0.000548514
0.000587456
0.000633009
0.000685965
0.000747068
0.000816959
0.000896146
0.000985041
0.00108413
0.0011944
0.00131809
0.00145995
0.00162912
0.00184089
0.00211651
0.00247462
0.00290693
0.00334289
0.0035584
0.00349368
0.00301894
0.00243268
0.00224273
0.000375083
0.000361924
0.00180403
0.00212922
0.00223919
0.00223431
0.0021353
0.00195322
0.00172039
0.00147466
0.00125177
0.00107394
0.000946499
0.000861287
0.000805442
0.000768192
0.000741224
0.000719171
0.000699172
0.00067986
0.000660718
0.000641645
0.000622698
0.000603977
0.000585574
0.000567565
0.000550017
0.000532992
0.000516551
0.00050076
0.000485683
0.000471382
0.000457916
0.000445337
0.000433687
0.000423002
0.000413311
0.000404638
0.000397002
0.000390421
0.000384916
0.000380509
0.000377232
0.00037513
0.000374247
0.000374611
0.000376322
0.000379501
0.000384277
0.000390804
0.000399274
0.000409934
0.000423058
0.000438979
0.000458142
0.000481048
0.000508289
0.000540572
0.000578671
0.000623431
0.000675714
0.000736341
0.00080602
0.000885299
0.000974564
0.00107417
0.0011848
0.00130823
0.00144855
0.00161418
0.00182008
0.00208868
0.00244358
0.00288605
0.00335484
0.00363144
0.00361598
0.00315564
0.00249217
0.00219039
0.000372887
0.000347971
0.00176594
0.00208643
0.0021926
0.00219
0.00210153
0.00193183
0.00171167
0.00147539
0.00125609
0.00107871
0.000949544
0.000862607
0.00080569
0.000767333
0.000739669
0.000717364
0.000697268
0.00067793
0.000658791
0.000639729
0.000620799
0.000602103
0.000583738
0.000565786
0.000548315
0.000531389
0.000515064
0.000499402
0.000484462
0.0004703
0.000456977
0.00044453
0.000432994
0.000422403
0.000412784
0.000404161
0.000396553
0.000389979
0.000384458
0.000380015
0.00037668
0.000374497
0.000373521
0.000373787
0.000375342
0.000378335
0.000382875
0.00038911
0.000397221
0.000407448
0.000420069
0.000435447
0.000454009
0.000476246
0.000502734
0.000534226
0.000571516
0.000615501
0.000667119
0.000727265
0.000796729
0.000876114
0.000965799
0.00106603
0.00117723
0.0013007
0.00143988
0.00160243
0.0018027
0.00206381
0.00241346
0.00286221
0.00335961
0.00370189
0.00373278
0.00329001
0.00256792
0.00215033
0.000372576
0.000334567
0.00172868
0.00204619
0.00214924
0.00214871
0.0020705
0.00191301
0.00170543
0.00147809
0.00126405
0.00108689
0.000955571
0.000865734
0.000806835
0.000767524
0.000739044
0.00071622
0.000695986
0.00067664
0.000657532
0.000638512
0.000619629
0.000600988
0.000582697
0.000564861
0.00054752
0.000530734
0.00051456
0.000499052
0.000484263
0.000470244
0.000457029
0.000444661
0.000433194
0.000422665
0.0004131
0.00040452
0.000396944
0.000390387
0.000384868
0.000380409
0.000377039
0.000374794
0.000373726
0.000373882
0.000375269
0.00037811
0.000382482
0.000388525
0.00039641
0.000406311
0.000418532
0.00043341
0.000451357
0.000472893
0.000498667
0.000529431
0.000565956
0.000609191
0.000660161
0.000719831
0.000789078
0.00086858
0.000958722
0.00105968
0.00117162
0.00129547
0.00143391
0.0015937
0.00178869
0.00204211
0.00238509
0.0028372
0.00336031
0.00376519
0.00384611
0.00342901
0.00265531
0.00212089
0.000376323
0.000321584
0.00169172
0.00200826
0.00210893
0.00211052
0.00204184
0.00189672
0.00170149
0.0014838
0.00127486
0.00109798
0.000964168
0.000871184
0.000809451
0.000768417
0.000739229
0.000715985
0.000695476
0.000676081
0.000657044
0.000638136
0.000619371
0.000600847
0.000582668
0.000564906
0.00054763
0.000530915
0.000514819
0.000499397
0.0004847
0.000470777
0.000457673
0.000445428
0.000434075
0.000423648
0.000414174
0.000405668
0.000398146
0.000391624
0.000386121
0.000381659
0.000378267
0.000375982
0.000374847
0.000374922
0.000376152
0.000378824
0.000383006
0.000388821
0.000396444
0.000406108
0.000418074
0.000432653
0.000450174
0.00047117
0.000496268
0.000526235
0.000561962
0.000604476
0.000654828
0.000714035
0.000783068
0.000862698
0.000953323
0.00105509
0.00116818
0.00129288
0.001431
0.00158816
0.00177789
0.0020235
0.00235852
0.0028108
0.00335466
0.00382071
0.00395517
0.00357035
0.00275231
0.00210308
0.000382679
0.00030898
0.00165473
0.00197273
0.00207178
0.0020755
0.00201551
0.0018828
0.00170007
0.00149221
0.00128843
0.00111201
0.000975475
0.000878825
0.000813894
0.000770467
0.000739993
0.000716256
0.000695602
0.000676186
0.000657186
0.000638336
0.000619637
0.00060118
0.000583071
0.000565403
0.00054824
0.000531649
0.000515687
0.000500418
0.000485883
0.000472122
0.000459177
0.000447085
0.000435871
0.000425558
0.000416169
0.000407727
0.000400249
0.000393754
0.000388259
0.000383789
0.000380371
0.000378044
0.000376856
0.000376872
0.000377977
0.000380506
0.000384539
0.000390171
0.000397575
0.000406962
0.000418592
0.000432788
0.000449972
0.000470635
0.000495349
0.000524728
0.000559786
0.00060155
0.000651192
0.000709884
0.000778706
0.000858485
0.00094975
0.00105258
0.00116669
0.00129203
0.00143007
0.00158564
0.0017701
0.00200799
0.00233413
0.00278427
0.00334553
0.00386881
0.00406013
0.00371497
0.00285937
0.00209486
0.00039202
0.000296609
0.00161704
0.0019395
0.00203792
0.00204359
0.00199151
0.00187107
0.00170064
0.00150294
0.00130469
0.00112901
0.000989654
0.00088888
0.000820173
0.000773999
0.000741712
0.000717078
0.000696119
0.00067665
0.000657712
0.00063897
0.000620397
0.000602077
0.00058411
0.000566594
0.000549605
0.000533199
0.000517427
0.000502329
0.000487953
0.000474343
0.000461536
0.000449569
0.000438466
0.000428253
0.000418949
0.000410574
0.000403147
0.000396685
0.000391208
0.000386739
0.000383309
0.000380956
0.000379732
0.000379708
0.000380723
0.000383138
0.000387056
0.000392546
0.000399775
0.000408949
0.000420319
0.0004342
0.000450986
0.000471165
0.000495354
0.000524357
0.000559026
0.000600313
0.000649444
0.000707742
0.000776387
0.000856321
0.000948095
0.00105169
0.00116645
0.00129248
0.00143067
0.00158509
0.00176583
0.00199548
0.00231186
0.00275752
0.0033329
0.00390911
0.00416076
0.00386171
0.00297524
0.00209264
0.000404236
0.000284372
0.00157803
0.00190837
0.00200719
0.00201481
0.00196977
0.00186116
0.00170253
0.00151562
0.00132353
0.00114898
0.00100687
0.000901605
0.000828547
0.000779061
0.000744641
0.000718788
0.000697272
0.000677681
0.00065883
0.00064026
0.000621874
0.000603726
0.000585922
0.000568565
0.000551734
0.00053549
0.000519884
0.000504956
0.000490748
0.000477296
0.000464637
0.000452802
0.000441818
0.000431708
0.000422493
0.000414191
0.000406821
0.000400401
0.000394952
0.000390498
0.00038707
0.000384707
0.000383466
0.000383425
0.000384379
0.00038671
0.000390544
0.000395929
0.000403027
0.000412038
0.000423206
0.000436838
0.000453318
0.000473126
0.000496869
0.000525305
0.00055936
0.000600163
0.000648965
0.000707026
0.000775573
0.000855603
0.000947709
0.00105201
0.00116815
0.0012954
0.00143397
0.00158699
0.00176427
0.00198572
0.00229177
0.00273091
0.0033176
0.00394125
0.00425752
0.00401118
0.00310051
0.00210276
0.00042017
0.000272085
0.00153674
0.00187884
0.00197951
0.00198922
0.00195038
0.0018531
0.00170642
0.00153013
0.00134478
0.00117191
0.00102728
0.000917284
0.000839329
0.00078592
0.000748852
0.00072146
0.000699198
0.000679356
0.000660525
0.0006421
0.000623903
0.000605953
0.000588342
0.000571167
0.000554514
0.000538448
0.000523019
0.00050827
0.000494235
0.000480951
0.000468448
0.000456755
0.000445899
0.000435901
0.000426783
0.000418564
0.000411261
0.000404895
0.000399487
0.000395061
0.000391651
0.000389297
0.000388059
0.000388024
0.000388944
0.000391221
0.000395004
0.00040032
0.000407326
0.000416217
0.000427233
0.000440674
0.000456914
0.000476428
0.000499816
0.000527833
0.000561416
0.00060169
0.000649951
0.00070759
0.000775966
0.000856216
0.000949032
0.00105446
0.00117187
0.00130029
0.00143937
0.00159129
0.0017643
0.00197854
0.00227381
0.00270437
0.00329991
0.0039651
0.00435009
0.00416219
0.00323389
0.00212127
0.000439073
0.000259754
0.00149292
0.00185066
0.00195484
0.00196674
0.00193345
0.00184681
0.00171185
0.00154632
0.00136827
0.00119778
0.00105102
0.000936218
0.000852883
0.000794915
0.000754608
0.000725225
0.000701919
0.000681653
0.00066276
0.000644454
0.000626453
0.000608722
0.000591327
0.00057436
0.000557907
0.000542036
0.000526799
0.000512238
0.000498388
0.000485281
0.000472945
0.000461406
0.000450689
0.000440816
0.000431807
0.000423683
0.000416462
0.000410164
0.000404812
0.000400433
0.000397059
0.000394733
0.000393518
0.000393515
0.000394425
0.000396682
0.000400445
0.000405725
0.000412678
0.000421492
0.000432402
0.000445702
0.000461761
0.000481046
0.000504154
0.000531838
0.000565044
0.000604922
0.000652813
0.000710182
0.000778483
0.000858949
0.000952346
0.00105874
0.00117742
0.00130712
0.00144688
0.00159801
0.00176766
0.00197458
0.00225798
0.00267779
0.00327812
0.00398235
0.00443854
0.00431412
0.00337617
0.00214993
0.000461877
0.000247197
0.00144553
0.00182301
0.0019329
0.00194736
0.00191894
0.00184221
0.00171862
0.00156394
0.00139378
0.00122648
0.00107821
0.000958705
0.000869612
0.000806451
0.000762247
0.00073033
0.000705591
0.000684658
0.000665568
0.000647322
0.000629503
0.000612
0.000594842
0.000578106
0.000561875
0.000546218
0.00053119
0.000516832
0.00050318
0.000490262
0.000478106
0.000466735
0.000456172
0.000446439
0.000437557
0.000429545
0.000422422
0.000416212
0.000410936
0.000406623
0.000403306
0.00040103
0.000399859
0.000399907
0.00040084
0.000403113
0.000406886
0.000412165
0.0004191
0.000427877
0.000438726
0.000451935
0.000467868
0.000486987
0.000509884
0.000537312
0.000570223
0.000609788
0.000657388
0.000714552
0.000782819
0.000863518
0.000957498
0.00106486
0.0011848
0.00131579
0.00145632
0.00160679
0.0017731
0.00197298
0.00224407
0.00265146
0.003253
0.00399081
0.00452267
0.00446584
0.00352636
0.00218859
0.000488438
0.00023442
0.00139444
0.0017959
0.00191364
0.00193113
0.00190692
0.00183919
0.00172653
0.00158278
0.00142106
0.00125785
0.00110887
0.000985014
0.000889947
0.000821002
0.000772198
0.000737109
0.000710448
0.000688515
0.000669026
0.000650733
0.000633051
0.000615767
0.000598856
0.000582371
0.000566384
0.000550962
0.00053616
0.000522023
0.000508585
0.000495873
0.000483913
0.000472727
0.000462337
0.000452764
0.000444027
0.000436147
0.000429146
0.000423044
0.000417867
0.000413644
0.000410409
0.000408209
0.000407114
0.000407221
0.000408211
0.000410539
0.000414354
0.000419664
0.000426617
0.000435396
0.000446226
0.000459392
0.000475253
0.000494266
0.000517021
0.00054427
0.00057697
0.000616309
0.000663701
0.000720732
0.000789018
0.00086998
0.000964545
0.00107285
0.00119402
0.00132628
0.00146762
0.00161752
0.00178056
0.00197284
0.00223189
0.00262538
0.00322493
0.00399369
0.00460322
0.00461634
0.00368464
0.00223727
0.0005192
0.000221191
0.00133831
0.00176758
0.0018966
0.00191795
0.00189749
0.0018381
0.00173558
0.00160261
0.00144984
0.00129166
0.00114297
0.00101536
0.000914317
0.000839098
0.000784977
0.000745998
0.000716818
0.000693448
0.000673271
0.00065476
0.000637125
0.000620023
0.000603353
0.000587128
0.000571402
0.000556235
0.000541681
0.000527785
0.000514579
0.000502092
0.000490348
0.000479368
0.000469173
0.000459782
0.000451215
0.000443493
0.000436638
0.000430671
0.000425621
0.000421515
0.00041839
0.000416294
0.000415309
0.00041549
0.000416565
0.00041899
0.000422879
0.000428253
0.00043526
0.000444078
0.000454932
0.000468101
0.000483942
0.000502909
0.00052559
0.000552736
0.00058531
0.000624513
0.000671786
0.000728763
0.000797127
0.00087838
0.000973525
0.00108273
0.00120507
0.00133855
0.00148067
0.00163008
0.00179003
0.00197497
0.00222142
0.00259943
0.00319356
0.00398978
0.00467837
0.00476501
0.00385069
0.00229732
0.000554401
0.000207742
0.00127814
0.0017394
0.00188177
0.00190808
0.00189087
0.0018387
0.00174573
0.00162326
0.00147981
0.00132761
0.00118035
0.00104985
0.000943111
0.000861304
0.000801191
0.000757546
0.000725145
0.000699784
0.000678527
0.000659542
0.000641802
0.000624803
0.00060834
0.000592368
0.000576911
0.000562015
0.000547728
0.000534092
0.00052114
0.000508901
0.000497396
0.000486646
0.000476671
0.000467489
0.00045912
0.000451585
0.000444905
0.000439104
0.00043421
0.000430252
0.000427268
0.00042531
0.000424474
0.000424744
0.000425932
0.000428497
0.000432492
0.000437965
0.000445061
0.000453957
0.000464875
0.000478093
0.000493965
0.000512946
0.000535619
0.000562741
0.000595275
0.000634434
0.000681682
0.000738687
0.00080719
0.000888761
0.000984469
0.00109452
0.00121793
0.00135252
0.00149534
0.00164419
0.00180107
0.00197873
0.00221229
0.00257355
0.00315906
0.00397773
0.00474433
0.00491215
0.0040244
0.00236902
0.000594268
0.000194069
0.00121356
0.00171008
0.00186751
0.00190091
0.00188676
0.00184072
0.00175677
0.00164451
0.00151065
0.00136532
0.00122074
0.00108848
0.00097664
0.000888179
0.000821513
0.000772417
0.000736003
0.000707978
0.000685127
0.000665308
0.000647231
0.000630194
0.000613862
0.000598109
0.000582911
0.00056829
0.000554284
0.000540927
0.000528252
0.000516283
0.000505043
0.00049455
0.000484823
0.00047588
0.000467741
0.000460425
0.000453954
0.000448354
0.00044365
0.000439875
0.000437067
0.00043528
0.000434637
0.000435014
0.000436346
0.000439093
0.000443228
0.000448834
0.000456054
0.000465065
0.000476088
0.0004894
0.000505355
0.000524407
0.000547142
0.000574315
0.000606898
0.000646108
0.000693424
0.000750543
0.000819245
0.000901155
0.000997395
0.0011082
0.00123255
0.00136808
0.00151144
0.00165966
0.00181344
0.00198379
0.00220419
0.00254749
0.0031216
0.00395973
0.00480159
0.00505649
0.00420519
0.00245353
0.000639105
0.000180861
0.00114774
0.00167939
0.00185441
0.00189646
0.00188585
0.00184515
0.00176891
0.00166625
0.00154204
0.00140436
0.00126374
0.00113109
0.00101508
0.000920226
0.000846656
0.000791384
0.000750115
0.000718639
0.000693549
0.000672413
0.00065366
0.000636363
0.000620026
0.000604413
0.000589435
0.000575077
0.000561353
0.000548287
0.000535905
0.000524229
0.000513279
0.000503072
0.000493624
0.000484954
0.000477078
0.000470017
0.000463792
0.000458429
0.000453954
0.0004504
0.000447804
0.000446226
0.000445825
0.000446327
0.000447841
0.000450803
0.000455113
0.000460888
0.00046827
0.000477435
0.000488604
0.000502055
0.000518143
0.000537324
0.000560187
0.000587491
0.000620209
0.000659565
0.000707045
0.00076436
0.000833317
0.000915575
0.0010123
0.00112373
0.00124884
0.00138509
0.00152877
0.00167619
0.0018268
0.00198979
0.00219673
0.00252091
0.00308053
0.00393407
0.00484842
0.00519722
0.00439307
0.00255129
0.000688986
0.000168399
0.00108189
0.00164557
0.00184178
0.00189482
0.00188711
0.00185193
0.00178226
0.00168841
0.00157369
0.00144427
0.00130886
0.00117731
0.00105841
0.000957828
0.000877311
0.000815295
0.000768343
0.000732551
0.00070445
0.000681375
0.000661481
0.000643595
0.000627031
0.000611418
0.000596576
0.000582434
0.000568971
0.000556193
0.000544113
0.000532746
0.000522108
0.000512212
0.000503075
0.000494709
0.000487133
0.000480365
0.000474426
0.000469339
0.000465133
0.00046184
0.000459497
0.000458169
0.000458049
0.000458701
0.000460457
0.000463647
0.000468173
0.000474155
0.000481735
0.000491092
0.000502448
0.000516083
0.000532356
0.000551725
0.000574783
0.000602296
0.000635237
0.000674832
0.000722567
0.000780156
0.000849412
0.000932008
0.00102913
0.00114104
0.00126666
0.00140335
0.00154705
0.00169341
0.00184068
0.00199623
0.00218948
0.00249352
0.00303567
0.0039006
0.00488413
0.00533305
0.00458743
0.00266338
0.00074413
0.000156594
0.00101628
0.00160714
0.00182973
0.00189524
0.00189072
0.00186049
0.0017971
0.00171102
0.00160539
0.00148459
0.0013555
0.00122665
0.00110641
0.00100117
0.000914071
0.00084502
0.000791672
0.000750678
0.000718692
0.000692918
0.000671273
0.000652338
0.000635216
0.000619373
0.000604515
0.000590491
0.000577232
0.00056471
0.000552921
0.000541865
0.000531552
0.000521989
0.000513187
0.000505158
0.000497916
0.000491478
0.000485863
0.000481094
0.000477199
0.000474208
0.000472159
0.00047114
0.000471272
0.000472151
0.000474218
0.000477661
0.000482435
0.000488657
0.000496472
0.00050606
0.000517644
0.000531508
0.000548016
0.000567632
0.000590954
0.000618752
0.000652002
0.000691926
0.000740002
0.00079793
0.00086751
0.00095041
0.00104781
0.00115999
0.00128583
0.00142259
0.00156594
0.0017109
0.00185459
0.00200259
0.00218196
0.00246492
0.00298652
0.00385814
0.00490392
0.00546262
0.00478796
0.00279064
0.000804538
0.000145145
0.000950174
0.00156215
0.00181698
0.0018968
0.00189667
0.00187126
0.00181371
0.00173424
0.00163703
0.00152492
0.00140305
0.00127842
0.00115861
0.00105019
0.000957345
0.000881369
0.000821152
0.000774149
0.00073736
0.000708009
0.000683856
0.000663263
0.000645114
0.000628695
0.000613573
0.000599495
0.000586323
0.000573984
0.000562439
0.000551673
0.000541678
0.000532453
0.000524002
0.000516332
0.000509452
0.000503377
0.000498122
0.00049371
0.000490164
0.000487517
0.000485804
0.000485182
0.000485516
0.000486685
0.00048913
0.000492858
0.000497913
0.00050441
0.000512495
0.000522351
0.000534204
0.000548345
0.00056514
0.000585063
0.000608717
0.000636876
0.000670516
0.000710851
0.000759339
0.000817652
0.000887555
0.000970686
0.00106821
0.00118037
0.00130607
0.00144246
0.00158498
0.00172813
0.00186796
0.00200827
0.00217359
0.00243479
0.00293281
0.00380641
0.00491164
0.00558505
0.00499394
0.00293407
0.000870259
0.000133906
0.000883765
0.00150857
0.0017994
0.00189786
0.00190557
0.00188386
0.00183176
0.00175812
0.00166855
0.00156496
0.00145093
0.00133188
0.00121433
0.00110453
0.00100726
0.000924975
0.000857806
0.000804201
0.000761747
0.000727882
0.000700339
0.000677323
0.000657523
0.000640039
0.000624279
0.000609871
0.000596585
0.000584283
0.000572885
0.000562342
0.000552625
0.000543717
0.000535612
0.000528306
0.000521803
0.000516112
0.000511245
0.00050722
0.000504059
0.00050179
0.000500454
0.000500274
0.000500824
0.000502338
0.00050518
0.000509236
0.000514609
0.000521417
0.000529811
0.000539974
0.00055214
0.000566603
0.000583741
0.000604031
0.000628085
0.000656678
0.000690783
0.000731596
0.000780548
0.000839262
0.000909447
0.000992684
0.0010901
0.00120191
0.00132701
0.0014625
0.00160364
0.00174448
0.00188006
0.00201218
0.0021637
0.00240279
0.00287407
0.00374362
0.00491025
0.00569753
0.00520408
0.00309457
0.000941159
0.000122579
0.000816569
0.00144718
0.00177343
0.00189696
0.00191598
0.00189811
0.0018513
0.00178271
0.00169996
0.00160448
0.00149861
0.00138628
0.00127273
0.00116355
0.00106362
0.000976186
0.0009025
0.000842081
0.000793301
0.000754032
0.00072215
0.000695817
0.000673582
0.000654379
0.000637455
0.000622303
0.000608584
0.00059608
0.000584648
0.000574195
0.00056466
0.000556004
0.000548201
0.000541235
0.000535099
0.000529793
0.000525324
0.000521702
0.000518948
0.000517079
0.000516193
0.000516365
0.000517227
0.000519185
0.000522397
0.000526815
0.00053254
0.000539695
0.000548433
0.000558944
0.000571466
0.000586303
0.000603836
0.000624554
0.000649072
0.000678165
0.000712795
0.000754135
0.000803569
0.000862657
0.000933027
0.00101618
0.00111318
0.00122423
0.00134818
0.00148215
0.00162127
0.00175922
0.0018902
0.00201377
0.00215171
0.00236866
0.00281015
0.00366771
0.00488295
0.00579714
0.00541679
0.00327312
0.00101707
0.000111775
0.000751555
0.00137829
0.00173647
0.00189257
0.00192649
0.00191339
0.00187232
0.00180813
0.00173137
0.00164344
0.00154575
0.00144094
0.00133293
0.00122639
0.00112587
0.00103497
0.000955804
0.000888892
0.000833504
0.000788144
0.000751025
0.00072042
0.00069484
0.000673103
0.000654319
0.000637845
0.000623226
0.000610145
0.000598384
0.000587792
0.000578262
0.000569722
0.000562119
0.000555418
0.000549596
0.000544641
0.000540548
0.00053732
0.000534971
0.000533505
0.000533143
0.000533566
0.000534801
0.000537264
0.000540857
0.000545655
0.000551759
0.000559291
0.000568408
0.000579306
0.000592228
0.000607486
0.000625469
0.000646671
0.000671709
0.000701353
0.000736546
0.000778425
0.000828313
0.000887686
0.000958074
0.00104087
0.00113706
0.00124681
0.00136898
0.00150071
0.00163705
0.00177143
0.00189672
0.00201302
0.00213685
0.0023317
0.00274187
0.0035812
0.00484166
0.00588226
0.00563009
0.00347059
0.00109766
0.000102055
0.000691744
0.00130335
0.00168723
0.00188024
0.00193522
0.00192851
0.00189484
0.0018344
0.00176286
0.00168182
0.00159213
0.00149534
0.00139414
0.0012921
0.00119318
0.00110091
0.00101788
0.000945424
0.0008837
0.000831956
0.000788925
0.000753163
0.000723282
0.000698081
0.000676586
0.000658041
0.000641881
0.000627686
0.000615152
0.000604057
0.000594238
0.000585577
0.000577984
0.000571398
0.000565771
0.000561073
0.000557285
0.000554399
0.000552415
0.000551347
0.000551433
0.000552132
0.000553805
0.00055669
0.000560691
0.00056589
0.000572393
0.000580328
0.000589854
0.000601172
0.000614535
0.000630257
0.000648736
0.000670467
0.000696063
0.000726281
0.000762035
0.000804412
0.000854658
0.000914148
0.000984289
0.00106636
0.00116123
0.00126905
0.0013887
0.00151736
0.0016501
0.00177956
0.00189915
0.00200765
0.00211786
0.00229088
0.00266859
0.0034816
0.00477748
0.0059475
0.00584092
0.00368764
0.00118249
9.35867e-05
0.000638356
0.00122473
0.00162576
0.0018539
0.00193532
0.00194027
0.00191625
0.00186205
0.0017949
0.00171996
0.00163784
0.00154924
0.00145573
0.00135981
0.0012646
0.00117323
0.00108842
0.00101202
0.000944892
0.000887053
0.000837862
0.000796318
0.00076129
0.000731685
0.000706533
0.000685026
0.000666515
0.000650494
0.00063657
0.000624445
0.00061389
0.000604732
0.000596837
0.000590104
0.000584457
0.000579839
0.000576209
0.000573547
0.000571818
0.000571159
0.00057146
0.000572475
0.000574598
0.000577855
0.000582239
0.000587831
0.000594734
0.00060308
0.00061303
0.000624792
0.00063862
0.000654835
0.000673835
0.000696112
0.000722268
0.000753035
0.000789286
0.000832041
0.000882456
0.000941784
0.0010113
0.00109213
0.00118507
0.00129021
0.00140648
0.00153119
0.00165877
0.00178281
0.00189776
0.0019975
0.00209415
0.00224585
0.00259049
0.00337203
0.00469408
0.00598213
0.00604633
0.00392472
0.00127095
8.6181e-05
0.000590621
0.00114404
0.0015524
0.00181054
0.0019274
0.00194873
0.00193343
0.00188922
0.00182717
0.0017581
0.00168317
0.00160272
0.00151746
0.0014289
0.00133925
0.00125105
0.0011668
0.00108852
0.00101758
0.000954626
0.000899644
0.000852172
0.000811471
0.000776689
0.00074698
0.00072157
0.000699788
0.000681075
0.000664973
0.000651113
0.000639202
0.000629006
0.000620339
0.000613055
0.000607039
0.000602203
0.000598479
0.000595825
0.000594165
0.000593746
0.000594172
0.000595397
0.000597854
0.000601416
0.000606129
0.000612071
0.000619344
0.000628079
0.000638441
0.000650637
0.000664925
0.000681624
0.000701126
0.000723912
0.000750563
0.000781775
0.000818363
0.000861267
0.000911534
0.000970286
0.00103864
0.00111761
0.00120785
0.00130944
0.00142139
0.00154064
0.00166223
0.00178187
0.00188988
0.00198099
0.00206475
0.00219619
0.00250783
0.00325255
0.00459194
0.00599462
0.0062443
0.0041816
0.00136233
7.94398e-05
0.000546642
0.00106247
0.00146876
0.00175078
0.00190412
0.00194765
0.00194372
0.00191436
0.00185899
0.00179625
0.00172849
0.00165617
0.00157949
0.00149918
0.00141658
0.00133357
0.0012522
0.0011744
0.00110175
0.00103531
0.000975614
0.000922723
0.00087636
0.000836025
0.000801109
0.000770978
0.000745023
0.000722696
0.000703516
0.000687071
0.000673017
0.000661068
0.000650985
0.000642577
0.000635685
0.000630184
0.000625972
0.000622983
0.000621103
0.00062058
0.000621011
0.000622277
0.000624832
0.000628555
0.000633474
0.000639662
0.000647214
0.000656259
0.00066696
0.000679521
0.000694195
0.000711294
0.000731196
0.000754361
0.000781335
0.000812764
0.000849392
0.000892064
0.000941708
0.000999305
0.00106582
0.00114212
0.00122877
0.00132585
0.00143235
0.00154457
0.00166104
0.00177369
0.00187453
0.00195732
0.00202921
0.00214202
0.0024219
0.00312543
0.00446787
0.00597921
0.00643009
0.0044574
0.00145582
7.30566e-05
0.000504946
0.000981219
0.00137666
0.0016738
0.00185699
0.00193528
0.0019447
0.00192998
0.00188927
0.00183437
0.00177437
0.00171038
0.00164254
0.00157106
0.00149664
0.00142046
0.00134406
0.00126907
0.00119704
0.00112923
0.00106652
0.00100941
0.000958083
0.000912418
0.000872125
0.000836802
0.000805996
0.000779246
0.000756111
0.000736186
0.000719109
0.000704563
0.000692273
0.000682006
0.000673565
0.000666786
0.000661533
0.000657704
0.000655184
0.000654028
0.000654254
0.000655281
0.000657552
0.000661182
0.000666079
0.000672299
0.000679933
0.000689101
0.000699959
0.0007127
0.000727566
0.000744851
0.000764912
0.000788174
0.000815136
0.000846379
0.000882567
0.000924439
0.000972797
0.00102848
0.0010923
0.001165
0.00124702
0.00133858
0.00143755
0.00154384
0.00165253
0.00175752
0.00185093
0.00192593
0.00198754
0.00208412
0.00233479
0.00299464
0.00432241
0.00591753
0.00659648
0.00474974
0.00155054
6.7057e-05
0.000465604
0.000901889
0.00127883
0.00158145
0.00178894
0.00190267
0.00193767
0.00193508
0.00191387
0.00187084
0.0018207
0.00176611
0.00170771
0.00164566
0.00158024
0.00151215
0.00144241
0.00137229
0.00130315
0.00123625
0.00117263
0.00111309
0.00105814
0.00100805
0.00096285
0.000922422
0.000886534
0.000854887
0.00082715
0.000802982
0.000782054
0.000764057
0.000748706
0.000735748
0.000724959
0.000716147
0.000709143
0.00070381
0.000700038
0.000697695
0.000697032
0.000697524
0.000699046
0.000702123
0.000706585
0.000712447
0.000719792
0.000728717
0.000739365
0.000751914
0.000766584
0.000783643
0.000803414
0.000826276
0.000852672
0.000883109
0.000918159
0.000958451
0.00100466
0.00105749
0.00111762
0.00118564
0.00126195
0.00134647
0.00143826
0.0015361
0.00163616
0.00173288
0.00181879
0.00188697
0.0019407
0.00202471
0.00224983
0.0028665
0.00416269
0.00582628
0.00673917
0.00505325
0.00164564
6.18021e-05
0.000430654
0.000827451
0.00117919
0.00147739
0.00170105
0.00184344
0.00191433
0.00193197
0.00192723
0.00190523
0.00186771
0.00182442
0.00177666
0.00172484
0.00166919
0.00161013
0.00154834
0.00148476
0.00142046
0.0013566
0.00129425
0.00123433
0.00117758
0.00112454
0.00107553
0.00103072
0.000990113
0.000953619
0.000921067
0.000892235
0.000866876
0.000844735
0.000825555
0.000809094
0.000795124
0.000783441
0.000773859
0.000766216
0.00076038
0.000756222
0.000753667
0.000752885
0.000753377
0.000755024
0.000758394
0.00076325
0.00076968
0.000777736
0.000787551
0.000799272
0.000813093
0.000829249
0.000848018
0.000869727
0.000894752
0.000923523
0.000956515
0.00099425
0.00103728
0.00108619
0.00114152
0.00120377
0.00127327
0.00134948
0.00143294
0.00152151
0.00161222
0.00170027
0.00177899
0.00184192
0.00189116
0.00196719
0.00217291
0.00274682
0.0039956
0.00570084
0.00684846
0.00536335
0.00174048
5.82589e-05
0.000404287
0.000762871
0.00108365
0.00136795
0.00159846
0.00176397
0.00186646
0.00191761
0.00193428
0.00193127
0.00191545
0.00188659
0.00185152
0.00181132
0.00176646
0.00171734
0.00166451
0.00160869
0.00155077
0.00149174
0.0014326
0.0013743
0.00131769
0.00126348
0.0012122
0.00116424
0.00111984
0.0010791
0.00104203
0.00100857
0.00097858
0.000951897
0.000928332
0.000907685
0.000889754
0.000874346
0.00086128
0.000850389
0.000841523
0.000834558
0.000829363
0.000825946
0.000824107
0.000824224
0.00082532
0.000828043
0.000832663
0.0008389
0.000846958
0.000856915
0.000868945
0.000883241
0.000900035
0.000919593
0.000942224
0.000968276
0.000998133
0.00103221
0.00107097
0.00111485
0.00116431
0.00121976
0.00128149
0.00134934
0.00142301
0.00150164
0.00158258
0.00166204
0.00173458
0.00179483
0.00184461
0.00192341
0.00212211
0.00265156
0.00383478
0.00556296
0.0069293
0.00567347
0.0018345
5.72812e-05
0.000392425
0.000714953
0.00100038
0.00126249
0.00149042
0.00167156
0.00180176
0.0018861
0.00193313
0.0019558
0.00196049
0.00195336
0.00193561
0.00190918
0.00187662
0.00183859
0.00179573
0.0017487
0.00169833
0.00164548
0.00159109
0.00153609
0.00148135
0.00142766
0.0013757
0.00132599
0.00127895
0.00123486
0.0011939
0.00115614
0.00112159
0.00109019
0.00106184
0.00103642
0.00101378
0.000993761
0.000976217
0.000960997
0.00094796
0.000936987
0.000927954
0.000920807
0.000915412
0.000911876
0.000909909
0.000910051
0.000911277
0.000914304
0.000919517
0.000926524
0.000935627
0.000946936
0.000960632
0.000976925
0.000996055
0.0010183
0.00104395
0.00107334
0.00110682
0.00114476
0.00118753
0.00123548
0.00128887
0.00134799
0.00141236
0.00148073
0.0015524
0.00162523
0.00169567
0.00176016
0.00182073
0.00190525
0.00210237
0.00260624
0.00370909
0.0054152
0.00698386
0.00596922
0.00192757
6.05074e-05
0.000398456
0.000691464
0.000939494
0.00117343
0.0013907
0.00157962
0.00173212
0.00184713
0.00192955
0.00198184
0.00201362
0.00202975
0.00203114
0.00202423
0.00200736
0.00198198
0.00195029
0.00191304
0.00187109
0.00182531
0.0017766
0.00172589
0.00167407
0.00162196
0.00157031
0.00151975
0.00147083
0.00142396
0.00137946
0.00133754
0.00129833
0.0012619
0.00122826
0.00119737
0.00116916
0.00114354
0.00112041
0.00109967
0.00108121
0.00106493
0.00105073
0.00103855
0.0010283
0.00101998
0.00101348
0.00100895
0.00100604
0.00100552
0.00100643
0.00100904
0.00101425
0.00102154
0.00103114
0.00104321
0.00105795
0.00107554
0.00109623
0.00112028
0.00114796
0.00117959
0.00121549
0.001256
0.00130145
0.00135206
0.00140841
0.00147058
0.00153768
0.0016081
0.0016792
0.00174823
0.00181723
0.00191263
0.00211614
0.00259751
0.00365483
0.0053014
0.00701577
0.00624024
0.00202081
6.99224e-05
0.000430199
0.000699966
0.000912746
0.00111605
0.00131785
0.00150845
0.00167794
0.00182176
0.00193643
0.00202097
0.00208409
0.002128
0.00215456
0.0021676
0.00216702
0.00215876
0.00214002
0.00211302
0.00207958
0.00204069
0.00199735
0.00195055
0.00190124
0.00185031
0.00179859
0.00174682
0.00169561
0.00164553
0.00159699
0.00155035
0.00150586
0.0014637
0.00142398
0.00138677
0.00135208
0.00131991
0.00129021
0.00126294
0.00123805
0.00121545
0.0011951
0.00117693
0.00116089
0.00114694
0.00113504
0.00112521
0.00111733
0.00111163
0.00110787
0.0011065
0.00110718
0.0011096
0.0011147
0.00112225
0.0011324
0.0011453
0.00116115
0.00118017
0.00120262
0.0012288
0.00125906
0.00129379
0.00133345
0.00137853
0.00142958
0.00148714
0.00155154
0.00162278
0.00170086
0.00178606
0.00188416
0.0020144
0.00224234
0.00270632
0.00365334
0.00525479
0.00703281
0.00646217
0.00211585
8.7739e-05
0.000492733
0.000742657
0.0009258
0.00110597
0.00129347
0.00148394
0.00166659
0.00182992
0.00196857
0.0020893
0.00218612
0.00226061
0.00231451
0.00234995
0.00236872
0.00237311
0.00236721
0.00235119
0.00232473
0.00229083
0.00225079
0.0022058
0.00215697
0.00210534
0.00205184
0.00199734
0.00194256
0.00188816
0.00183467
0.00178256
0.00173218
0.00168379
0.00163761
0.00159378
0.00155239
0.00151351
0.00147716
0.00144334
0.00141203
0.00138319
0.00135679
0.0013328
0.00131119
0.00129188
0.00127489
0.00126018
0.00124772
0.00123758
0.00122961
0.0012242
0.00122066
0.0012207
0.00122213
0.0012258
0.00123282
0.00124274
0.00125577
0.00127218
0.00129227
0.00131644
0.00134513
0.00137893
0.00141853
0.00146476
0.00151866
0.00158132
0.00165431
0.00173878
0.00183728
0.00195146
0.00208985
0.00226589
0.00253214
0.0029871
0.00385541
0.00528216
0.00707151
0.00657807
0.00221782
0.000116688
0.000589932
0.00082365
0.000975116
0.00113376
0.00131311
0.00150325
0.00169259
0.00187269
0.00204195
0.0021927
0.00231882
0.00242064
0.00249874
0.00255452
0.00259001
0.0026073
0.00260808
0.0025999
0.00257964
0.00254831
0.00250939
0.00246431
0.00241442
0.0023609
0.00230485
0.00224722
0.00218884
0.00213046
0.0020727
0.00201606
0.00196098
0.00190779
0.00185674
0.00180805
0.00176185
0.00171825
0.00167731
0.00163906
0.00160351
0.00157065
0.00154049
0.00151304
0.00148825
0.00146607
0.00144653
0.00142958
0.00141526
0.00140348
0.00139434
0.00138822
0.00138416
0.00138435
0.00138627
0.001391
0.00139977
0.00141211
0.0014284
0.001449
0.00147437
0.00150505
0.00154178
0.00158528
0.00163669
0.00169697
0.00176794
0.00185071
0.00194831
0.00206151
0.00219572
0.00235053
0.00253855
0.00276209
0.00307024
0.00351322
0.00429673
0.00554916
0.00716997
0.00664687
0.0022704
0.000160935
0.000710051
0.000929548
0.00105905
0.00120314
0.00137735
0.00156983
0.00176769
0.00196223
0.00214605
0.00231207
0.00245521
0.00257379
0.00266755
0.00273748
0.00278528
0.00281307
0.00282189
0.00281795
0.00280417
0.00277705
0.0027412
0.0026984
0.00265019
0.00259794
0.00254284
0.00248593
0.00242812
0.0023702
0.00231283
0.00225657
0.00220185
0.00214911
0.00209859
0.00205055
0.00200515
0.00196255
0.00192282
0.00188601
0.00185208
0.00182142
0.00179384
0.00176957
0.00174815
0.00173006
0.00171508
0.00170291
0.00169425
0.0016883
0.00168694
0.00168841
0.00169267
0.00170149
0.00171467
0.00173208
0.00175429
0.00178159
0.00181463
0.00185381
0.0018999
0.00195344
0.00201546
0.00208646
0.00216809
0.00226063
0.002367
0.00248668
0.00262488
0.00277879
0.0029584
0.00315531
0.00339107
0.00364772
0.00398693
0.00439701
0.00509093
0.00607927
0.00734723
0.00666889
0.00228974
0.000215209
0.000833142
0.00103063
0.00116244
0.00132718
0.00151869
0.00172543
0.00193678
0.00214426
0.00233735
0.00251089
0.00266145
0.00278754
0.00288903
0.00296698
0.00302324
0.00305941
0.0030775
0.00308008
0.00307403
0.00305766
0.00303106
0.0029977
0.00295917
0.00291681
0.00287186
0.00282532
0.00277806
0.00273098
0.00268462
0.00263962
0.00259631
0.00255526
0.00251664
0.00248084
0.00244792
0.00241836
0.00239202
0.0023689
0.00234934
0.00233326
0.00232043
0.00231181
0.00230608
0.00230631
0.00230887
0.00231507
0.00232678
0.00234285
0.00236397
0.00239012
0.00242157
0.0024584
0.00250128
0.00255016
0.00260571
0.00266788
0.00273763
0.00281456
0.00289968
0.00299337
0.00309659
0.00320923
0.003333
0.00346724
0.00361561
0.00377495
0.00395293
0.00414093
0.00435554
0.00457569
0.00483814
0.00509567
0.0054403
0.00577761
0.00635644
0.00696694
0.00762525
0.00656823
0.00222739
0.000259277
0.000916664
0.00118446
0.00143003
0.00170501
0.00199537
0.00228463
0.0025609
0.00281546
0.00304059
0.00323473
0.00339836
0.00353314
0.00364118
0.00372521
0.00378905
0.00383191
0.00385935
0.00387336
0.00387612
0.0038728
0.00386329
0.00384657
0.0038261
0.00380309
0.00377866
0.00375371
0.00372886
0.00370542
0.00368321
0.00366334
0.00364553
0.00363105
0.00361962
0.00361166
0.00360673
0.00360717
0.00360996
0.00361648
0.00362799
0.00364379
0.0036638
0.00368835
0.0037172
0.00375086
0.00378933
0.00383243
0.00388133
0.00393542
0.00399532
0.0040603
0.00413122
0.00420717
0.00428919
0.00437633
0.00446971
0.00456846
0.00467359
0.00478466
0.00490211
0.00502637
0.00515684
0.00529575
0.00544152
0.00559924
0.00576492
0.0059421
0.00612885
0.00632577
0.00653845
0.00675482
0.00700273
0.00723499
0.00754099
0.00775977
0.00813831
0.00813749
0.00781805
0.0061392
0.00203042
0.000290351
0.00114417
0.00182516
0.00257743
0.00329194
0.00397131
0.00459402
0.00513659
0.00558592
0.00594184
0.00621309
0.00641227
0.00655323
0.00664755
0.00670608
0.00674136
0.00674515
0.00674013
0.00672699
0.00670334
0.00667532
0.00664589
0.00661555
0.0065857
0.00655717
0.00653054
0.00650688
0.00648559
0.00646852
0.00645397
0.00644424
0.00643675
0.00643645
0.0064384
0.00644344
0.00645351
0.0064677
0.00648629
0.00650852
0.00653518
0.0065655
0.00660031
0.00663859
0.00668144
0.00672751
0.00677826
0.00683206
0.00688999
0.0069505
0.00701544
0.00708295
0.0071551
0.00722991
0.00730955
0.00739225
0.00747986
0.00757134
0.00766737
0.00776877
0.0078734
0.00798623
0.00809894
0.00822579
0.00834538
0.0084897
0.0086068
0.00876459
0.00887309
0.00904405
0.0091377
0.00931329
0.00938693
0.00954307
0.0095567
0.00951691
0.00929257
0.00871435
0.00745434
0.00480096
0.00174593
0.000178737
0.000344643
0.000525525
0.000709805
0.000887617
0.00105417
0.0012093
0.00135329
0.00148521
0.0016043
0.00170975
0.00180188
0.00188056
0.00194748
0.00200217
0.00204796
0.00208317
0.00210898
0.00212879
0.0021404
0.00214788
0.00214769
0.00214538
0.00213982
0.00213063
0.00211879
0.00210536
0.00209008
0.00207411
0.00205698
0.00203975
0.00202193
0.00200444
0.00198716
0.00197019
0.00195367
0.00193788
0.00192277
0.0019086
0.00189521
0.00188296
0.00187155
0.00186145
0.00185219
0.0018444
0.00183741
0.00183207
0.00182741
0.00182453
0.00182219
0.00182181
0.0018223
0.0018239
0.00182629
0.00183139
0.00183557
0.00184416
0.00185021
0.00186249
0.00187047
0.00188662
0.0018965
0.00191651
0.00192834
0.00195228
0.00196802
0.00200018
0.00201956
0.00205833
0.00208247
0.0021246
0.00215366
0.00219559
0.00222882
0.00226114
0.00228059
0.00226905
0.00221314
0.00203383
0.00149939
)
;

boundaryField
{
    movingWall
    {
        type            kqRWallFunction;
        value           nonuniform List<scalar> 
80
(
0.000178737
0.000344643
0.000525525
0.000709805
0.000887617
0.00105417
0.0012093
0.00135329
0.00148521
0.0016043
0.00170975
0.00180188
0.00188056
0.00194748
0.00200217
0.00204796
0.00208317
0.00210898
0.00212879
0.0021404
0.00214788
0.00214769
0.00214538
0.00213982
0.00213063
0.00211879
0.00210536
0.00209008
0.00207411
0.00205698
0.00203975
0.00202193
0.00200444
0.00198716
0.00197019
0.00195367
0.00193788
0.00192277
0.0019086
0.00189521
0.00188296
0.00187155
0.00186145
0.00185219
0.0018444
0.00183741
0.00183207
0.00182741
0.00182453
0.00182219
0.00182181
0.0018223
0.0018239
0.00182629
0.00183139
0.00183557
0.00184416
0.00185021
0.00186249
0.00187047
0.00188662
0.0018965
0.00191651
0.00192834
0.00195228
0.00196802
0.00200018
0.00201956
0.00205833
0.00208247
0.0021246
0.00215366
0.00219559
0.00222882
0.00226114
0.00228059
0.00226905
0.00221314
0.00203383
0.00149939
)
;
    }
    fixedWalls
    {
        type            kqRWallFunction;
        value           nonuniform List<scalar> 
240
(
5.64003e-07
2.72533e-06
5.96127e-06
1.036e-05
1.66345e-05
2.5595e-05
3.80292e-05
5.46639e-05
7.60029e-05
0.000102235
0.000133859
0.000172261
0.000214861
0.000260444
0.000307518
0.000354739
0.000401048
0.000445594
0.000486633
0.000522706
0.000553018
0.000577132
0.000594988
0.000606878
0.000612848
0.000612509
0.000609297
0.000602161
0.000591042
0.000576541
0.000559477
0.000540521
0.000520319
0.000498865
0.000477583
0.000454352
0.000436225
0.000420343
0.00040526
0.000390604
0.000376136
0.000361924
0.000347971
0.000334567
0.000321584
0.00030898
0.000296609
0.000284372
0.000272085
0.000259754
0.000247197
0.00023442
0.000221191
0.000207742
0.000194069
0.000180861
0.000168399
0.000156594
0.000145145
0.000133906
0.000122579
0.000111775
0.000102055
9.35867e-05
8.6181e-05
7.94398e-05
7.30566e-05
6.7057e-05
6.18021e-05
5.82589e-05
5.72812e-05
6.05074e-05
6.99224e-05
8.7739e-05
0.000116688
0.000160935
0.000215209
0.000259277
0.000290351
0.000178737
9.42563e-07
4.98564e-06
1.33536e-05
2.22754e-05
2.84748e-05
3.07944e-05
2.99274e-05
2.78373e-05
2.54506e-05
2.34621e-05
2.26975e-05
2.34337e-05
2.66839e-05
3.4647e-05
4.75894e-05
6.434e-05
8.38468e-05
0.000105173
0.000127663
0.000151133
0.000175463
0.000201968
0.000235734
0.000281441
0.000339154
0.000406456
0.000476728
0.000534051
0.000560692
0.000565403
0.000554097
0.000534529
0.00051144
0.000487396
0.000463761
0.000441139
0.000421041
0.00040382
0.00039018
0.000380314
0.000375083
0.000372887
0.000372576
0.000376323
0.000382679
0.00039202
0.000404236
0.00042017
0.000439073
0.000461877
0.000488438
0.0005192
0.000554401
0.000594268
0.000639105
0.000688986
0.00074413
0.000804538
0.000870259
0.000941159
0.00101707
0.00109766
0.00118249
0.00127095
0.00136233
0.00145582
0.00155054
0.00164564
0.00174048
0.0018345
0.00192757
0.00202081
0.00211585
0.00221782
0.0022704
0.00228974
0.00222739
0.00203042
0.00174593
0.00149939
5.64003e-07
2.89701e-06
7.04528e-06
1.13463e-05
1.45819e-05
1.63946e-05
1.70525e-05
1.7121e-05
1.7236e-05
1.78875e-05
1.94552e-05
2.24957e-05
2.72759e-05
3.38824e-05
4.19591e-05
5.10535e-05
6.0697e-05
7.07091e-05
8.06104e-05
9.01831e-05
9.984e-05
0.000110419
0.000123031
0.000138296
0.000155522
0.000172838
0.000190057
0.000207151
0.000224662
0.000243053
0.000262063
0.000281067
0.00029976
0.000318215
0.000336884
0.000355885
0.000375598
0.000396144
0.000417769
0.000440532
0.000464598
0.000490155
0.000517342
0.000546471
0.000577812
0.00061247
0.000652529
0.00070244
0.000751756
0.000802282
0.000851547
0.000899382
0.000944161
0.000984689
0.00101945
0.00104657
0.00106011
0.00106544
0.00106247
0.00104148
0.00100485
0.000952823
0.000885944
0.000807195
0.000717512
0.000621933
0.000525008
0.000430373
0.000341477
0.000262618
0.000198265
0.000144253
0.000100619
6.72898e-05
4.32868e-05
2.69182e-05
1.62311e-05
9.33674e-06
4.42062e-06
9.42563e-07
)
;
    }
    frontAndBack
    {
        type            empty;
    }
}


// ************************************************************************* //
