/*--------------------------------*- C++ -*----------------------------------*\
  =========                 |
  \\      /  F ield         | OpenFOAM: The Open Source CFD Toolbox
   \\    /   O peration     | Website:  https://openfoam.org
    \\  /    A nd           | Version:  13
     \\/     M anipulation  |
\*---------------------------------------------------------------------------*/
FoamFile
{
    format      ascii;
    class       volScalarField;
    location    "2.8";
    object      nut;
}
// * * * * * * * * * * * * * * * * * * * * * * * * * * * * * * * * * * * * * //

dimensions      [0 2 -1 0 0 0 0];

internalField   nonuniform List<scalar> 
6400
(
7.38673e-10
3.74705e-09
8.67414e-09
1.39327e-08
1.85567e-08
2.22959e-08
2.53488e-08
2.80895e-08
3.08732e-08
3.39755e-08
3.76028e-08
4.18869e-08
4.69299e-08
5.27573e-08
5.94007e-08
6.68685e-08
7.51245e-08
8.40558e-08
9.34895e-08
1.03257e-07
1.13349e-07
1.24145e-07
1.36518e-07
1.5113e-07
1.68193e-07
1.8705e-07
2.06433e-07
2.25951e-07
2.45998e-07
2.67025e-07
2.89232e-07
3.12401e-07
3.35324e-07
3.57901e-07
3.80028e-07
4.01957e-07
4.24001e-07
4.464e-07
4.69476e-07
4.93452e-07
5.18588e-07
5.45029e-07
5.73034e-07
6.02844e-07
6.34291e-07
6.67463e-07
7.02543e-07
7.40719e-07
7.84198e-07
8.386e-07
8.94414e-07
9.51038e-07
1.00674e-06
1.06048e-06
1.11046e-06
1.15472e-06
1.19097e-06
1.21464e-06
1.22613e-06
1.22971e-06
1.21349e-06
1.1766e-06
1.11978e-06
1.04445e-06
9.51857e-07
8.45527e-07
7.30836e-07
6.14023e-07
4.99977e-07
3.91858e-07
2.94253e-07
2.16925e-07
1.53626e-07
1.03975e-07
6.73369e-08
4.17092e-08
2.45934e-08
1.34622e-08
5.98424e-09
1.24092e-09
3.64143e-09
2.85978e-07
1.01691e-06
1.74381e-06
2.32698e-06
2.7523e-06
3.06017e-06
3.29968e-06
3.51133e-06
3.72218e-06
3.9479e-06
4.19574e-06
4.4627e-06
4.7444e-06
5.03064e-06
5.30949e-06
5.56823e-06
5.7917e-06
5.96624e-06
6.08417e-06
6.15229e-06
6.20619e-06
6.31177e-06
6.48067e-06
6.71607e-06
6.98288e-06
7.21021e-06
7.41081e-06
7.63762e-06
7.9194e-06
8.27878e-06
8.73078e-06
9.21764e-06
9.7383e-06
1.02815e-05
1.08459e-05
1.14353e-05
1.20476e-05
1.26856e-05
1.33486e-05
1.40398e-05
1.4754e-05
1.54901e-05
1.62768e-05
1.71075e-05
1.79747e-05
1.88389e-05
1.96899e-05
2.0497e-05
2.12278e-05
2.19717e-05
2.2727e-05
2.34828e-05
2.42259e-05
2.49405e-05
2.56071e-05
2.62474e-05
2.671e-05
2.69657e-05
2.72254e-05
2.7258e-05
2.70087e-05
2.6451e-05
2.56145e-05
2.44629e-05
2.29829e-05
2.12544e-05
1.93451e-05
1.72286e-05
1.49891e-05
1.27027e-05
1.01299e-05
7.66498e-06
5.5313e-06
3.82764e-06
2.53972e-06
1.61692e-06
9.60575e-07
3.88063e-07
6.44562e-09
8.16347e-09
8.3089e-07
3.49031e-06
6.29826e-06
8.45223e-06
9.90547e-06
1.08282e-05
1.14119e-05
1.18104e-05
1.21214e-05
1.2421e-05
1.27367e-05
1.30713e-05
1.34169e-05
1.37557e-05
1.40722e-05
1.43583e-05
1.46018e-05
1.47923e-05
1.49234e-05
1.49944e-05
1.50097e-05
1.49847e-05
1.49864e-05
1.50344e-05
1.51443e-05
1.53779e-05
1.57259e-05
1.60766e-05
1.647e-05
1.68604e-05
1.72903e-05
1.7881e-05
1.86381e-05
1.95247e-05
2.04812e-05
2.15283e-05
2.26451e-05
2.38289e-05
2.50496e-05
2.63482e-05
2.76982e-05
2.90718e-05
3.043e-05
3.17442e-05
3.30139e-05
3.42801e-05
3.55236e-05
3.67336e-05
3.79309e-05
3.9117e-05
4.02818e-05
4.14117e-05
4.24934e-05
4.35079e-05
4.44355e-05
4.52532e-05
4.59171e-05
4.63991e-05
4.66134e-05
4.67466e-05
4.6553e-05
4.60202e-05
4.51561e-05
4.38392e-05
4.19433e-05
3.96042e-05
3.68875e-05
3.3787e-05
3.0378e-05
2.67295e-05
2.28566e-05
1.89053e-05
1.50846e-05
1.15902e-05
8.57326e-06
6.07879e-06
3.91203e-06
1.45544e-06
1.62517e-08
1.41553e-08
1.42565e-06
5.77739e-06
1.02839e-05
1.36735e-05
1.59311e-05
1.73125e-05
1.8108e-05
1.85649e-05
1.88661e-05
1.91074e-05
1.9339e-05
1.95781e-05
1.98222e-05
2.00632e-05
2.02851e-05
2.04666e-05
2.05935e-05
2.06598e-05
2.06697e-05
2.06424e-05
2.06048e-05
2.05881e-05
2.0653e-05
2.08404e-05
2.10392e-05
2.12275e-05
2.13928e-05
2.17439e-05
2.24638e-05
2.33601e-05
2.45462e-05
2.57132e-05
2.68556e-05
2.81052e-05
2.93896e-05
3.0708e-05
3.2032e-05
3.34208e-05
3.4786e-05
3.61345e-05
3.74612e-05
3.87503e-05
3.99975e-05
4.12016e-05
4.23656e-05
4.34863e-05
4.45689e-05
4.56295e-05
4.66649e-05
4.76703e-05
4.8637e-05
4.95546e-05
5.04105e-05
5.11889e-05
5.18711e-05
5.24351e-05
5.28567e-05
5.31142e-05
5.3143e-05
5.30895e-05
5.27903e-05
5.22756e-05
5.14403e-05
5.04335e-05
4.88751e-05
4.66899e-05
4.40873e-05
4.10819e-05
3.77167e-05
3.40348e-05
3.00765e-05
2.59163e-05
2.16588e-05
1.74753e-05
1.35513e-05
1.00033e-05
6.60425e-06
2.41002e-06
2.58377e-08
2.20285e-08
2.12978e-06
8.01073e-06
1.37754e-05
1.79081e-05
2.05875e-05
2.21751e-05
2.30463e-05
2.3511e-05
2.37883e-05
2.40056e-05
2.42214e-05
2.44486e-05
2.46757e-05
2.4881e-05
2.50409e-05
2.51366e-05
2.51613e-05
2.51243e-05
2.50441e-05
2.4972e-05
2.49601e-05
2.4952e-05
2.49107e-05
2.48407e-05
2.49214e-05
2.5483e-05
2.64246e-05
2.74606e-05
2.85366e-05
2.97581e-05
3.10646e-05
3.23445e-05
3.36514e-05
3.49854e-05
3.62438e-05
3.7504e-05
3.88071e-05
3.99816e-05
4.11254e-05
4.22001e-05
4.3219e-05
4.41761e-05
4.50786e-05
4.5931e-05
4.67416e-05
4.75219e-05
4.82738e-05
4.89986e-05
4.96951e-05
5.03621e-05
5.09964e-05
5.15936e-05
5.21479e-05
5.2652e-05
5.30958e-05
5.34655e-05
5.37451e-05
5.39159e-05
5.39534e-05
5.37473e-05
5.35531e-05
5.28484e-05
5.20096e-05
5.06225e-05
4.9683e-05
4.80614e-05
4.58926e-05
4.32976e-05
4.03241e-05
3.70041e-05
3.33752e-05
2.94806e-05
2.53731e-05
2.1144e-05
1.6928e-05
1.28236e-05
8.53728e-06
3.05311e-06
3.21941e-08
3.2346e-08
2.99345e-06
1.04223e-05
1.71542e-05
2.1749e-05
2.46045e-05
2.62253e-05
2.70757e-05
2.75149e-05
2.77812e-05
2.80036e-05
2.82298e-05
2.84574e-05
2.86609e-05
2.88098e-05
2.88796e-05
2.88587e-05
2.87553e-05
2.86199e-05
2.84188e-05
2.82597e-05
2.8109e-05
2.76484e-05
2.7703e-05
2.84105e-05
2.93475e-05
3.04541e-05
3.16657e-05
3.29407e-05
3.42257e-05
3.55107e-05
3.6799e-05
3.80344e-05
3.92328e-05
4.03222e-05
4.13361e-05
4.23434e-05
4.32473e-05
4.40403e-05
4.47772e-05
4.54352e-05
4.60353e-05
4.65786e-05
4.70761e-05
4.7534e-05
4.79598e-05
4.83567e-05
4.87163e-05
4.90444e-05
4.93429e-05
4.96149e-05
4.98628e-05
5.00888e-05
5.02943e-05
5.04792e-05
5.06433e-05
5.07841e-05
5.08949e-05
5.09682e-05
5.09906e-05
5.09447e-05
5.0746e-05
5.0389e-05
5.00918e-05
4.92884e-05
4.79453e-05
4.71014e-05
4.54354e-05
4.33085e-05
4.07622e-05
3.78217e-05
3.45414e-05
3.09761e-05
2.71655e-05
2.31423e-05
1.89467e-05
1.45891e-05
9.68274e-06
3.37592e-06
3.49136e-08
4.56498e-08
4.03946e-06
1.30381e-05
2.0544e-05
2.54283e-05
2.83148e-05
2.98676e-05
3.06388e-05
3.1025e-05
3.12682e-05
3.14827e-05
3.1695e-05
3.18842e-05
3.20138e-05
3.20525e-05
3.19863e-05
3.18185e-05
3.14883e-05
3.11993e-05
3.09415e-05
3.02761e-05
3.02192e-05
3.08642e-05
3.18157e-05
3.28524e-05
3.39882e-05
3.51334e-05
3.63359e-05
3.75421e-05
3.87504e-05
3.98792e-05
4.09017e-05
4.18814e-05
4.27654e-05
4.35388e-05
4.42403e-05
4.49303e-05
4.55198e-05
4.601e-05
4.64488e-05
4.6818e-05
4.71343e-05
4.73974e-05
4.76134e-05
4.7784e-05
4.79114e-05
4.7996e-05
4.80386e-05
4.8043e-05
4.80128e-05
4.79519e-05
4.7865e-05
4.77595e-05
4.7644e-05
4.75276e-05
4.74209e-05
4.73338e-05
4.72691e-05
4.72224e-05
4.71933e-05
4.71917e-05
4.719e-05
4.71608e-05
4.69351e-05
4.67072e-05
4.62324e-05
4.51554e-05
4.43729e-05
4.27401e-05
4.06135e-05
3.79883e-05
3.49405e-05
3.15636e-05
2.79364e-05
2.4096e-05
2.00087e-05
1.55293e-05
1.0221e-05
3.47766e-06
3.50925e-08
6.23727e-08
5.26415e-06
1.58117e-05
2.3952e-05
2.90093e-05
3.18381e-05
3.32639e-05
3.39184e-05
3.42236e-05
3.44136e-05
3.45796e-05
3.47245e-05
3.48123e-05
3.48023e-05
3.46701e-05
3.44402e-05
3.39848e-05
3.36017e-05
3.29447e-05
3.25592e-05
3.29726e-05
3.37568e-05
3.45349e-05
3.55032e-05
3.65294e-05
3.76327e-05
3.87762e-05
3.98968e-05
4.09631e-05
4.19587e-05
4.28687e-05
4.37068e-05
4.44357e-05
4.50708e-05
4.5648e-05
4.61314e-05
4.65649e-05
4.69815e-05
4.72766e-05
4.75349e-05
4.773e-05
4.78775e-05
4.79736e-05
4.80223e-05
4.80237e-05
4.79791e-05
4.78887e-05
4.77528e-05
4.75706e-05
4.73467e-05
4.70829e-05
4.67815e-05
4.64463e-05
4.60839e-05
4.57048e-05
4.5326e-05
4.49709e-05
4.46653e-05
4.44134e-05
4.41887e-05
4.40637e-05
4.40233e-05
4.40324e-05
4.41073e-05
4.41564e-05
4.39325e-05
4.36592e-05
4.28143e-05
4.21565e-05
4.05229e-05
3.82453e-05
3.53958e-05
3.20911e-05
2.84628e-05
2.46208e-05
2.05704e-05
1.60606e-05
1.04639e-05
3.49025e-06
3.46326e-08
8.28338e-08
6.63515e-06
1.86585e-05
2.73547e-05
3.24964e-05
3.5211e-05
3.64723e-05
3.69801e-05
3.71715e-05
3.72654e-05
3.73281e-05
3.73431e-05
3.72668e-05
3.70653e-05
3.66324e-05
3.61147e-05
3.56727e-05
3.48377e-05
3.49361e-05
3.54042e-05
3.58922e-05
3.66275e-05
3.74885e-05
3.85283e-05
3.95774e-05
4.06477e-05
4.16817e-05
4.26526e-05
4.35447e-05
4.4355e-05
4.50822e-05
4.57317e-05
4.63277e-05
4.68438e-05
4.72646e-05
4.76456e-05
4.79668e-05
4.82814e-05
4.85041e-05
4.86826e-05
4.88067e-05
4.88844e-05
4.89131e-05
4.88958e-05
4.88334e-05
4.87282e-05
4.8582e-05
4.83978e-05
4.81802e-05
4.79248e-05
4.76293e-05
4.7289e-05
4.68964e-05
4.64447e-05
4.59271e-05
4.53369e-05
4.4678e-05
4.39669e-05
4.32628e-05
4.26884e-05
4.22282e-05
4.19435e-05
4.17117e-05
4.16901e-05
4.17908e-05
4.19623e-05
4.18453e-05
4.16229e-05
4.09549e-05
4.04402e-05
3.86535e-05
3.61215e-05
3.29426e-05
2.92583e-05
2.52504e-05
2.10295e-05
1.64588e-05
1.0699e-05
3.52691e-06
3.50308e-08
1.07625e-07
8.06554e-06
2.15044e-05
3.06964e-05
3.58711e-05
3.84364e-05
3.95059e-05
3.9838e-05
3.98775e-05
3.98261e-05
3.97295e-05
3.95613e-05
3.92833e-05
3.86706e-05
3.80721e-05
3.75187e-05
3.68803e-05
3.69564e-05
3.72536e-05
3.76149e-05
3.82828e-05
3.91375e-05
4.00884e-05
4.11108e-05
4.2106e-05
4.30745e-05
4.39766e-05
4.4808e-05
4.55648e-05
4.62523e-05
4.68747e-05
4.74524e-05
4.79832e-05
4.84259e-05
4.87941e-05
4.91391e-05
4.9469e-05
4.97473e-05
4.99482e-05
5.0109e-05
5.02153e-05
5.02739e-05
5.02832e-05
5.02463e-05
5.01652e-05
5.00432e-05
4.9884e-05
4.96906e-05
4.94642e-05
4.92049e-05
4.89122e-05
4.85824e-05
4.82071e-05
4.77766e-05
4.72807e-05
4.67014e-05
4.60237e-05
4.52582e-05
4.43994e-05
4.34121e-05
4.23294e-05
4.12506e-05
4.05252e-05
4.01052e-05
3.99059e-05
3.99915e-05
4.02218e-05
4.01757e-05
3.99479e-05
3.94801e-05
3.89117e-05
3.68948e-05
3.40407e-05
3.04363e-05
2.62833e-05
2.17804e-05
1.69505e-05
1.10727e-05
3.67305e-06
3.72065e-08
1.37554e-07
9.46542e-06
2.42935e-05
3.39364e-05
3.91109e-05
4.15036e-05
4.23585e-05
4.24846e-05
4.23314e-05
4.20859e-05
4.17807e-05
4.13886e-05
4.06389e-05
3.99987e-05
3.92651e-05
3.88238e-05
3.87859e-05
3.87773e-05
3.91008e-05
3.96647e-05
4.0458e-05
4.13631e-05
4.23154e-05
4.32739e-05
4.41872e-05
4.50542e-05
4.58567e-05
4.66004e-05
4.72872e-05
4.79223e-05
4.85468e-05
4.91172e-05
4.95841e-05
5.00017e-05
5.03939e-05
5.08082e-05
5.11276e-05
5.13997e-05
5.1612e-05
5.1776e-05
5.18847e-05
5.19417e-05
5.19467e-05
5.1902e-05
5.18092e-05
5.16709e-05
5.14899e-05
5.12684e-05
5.10091e-05
5.07146e-05
5.03874e-05
5.00303e-05
4.96462e-05
4.92296e-05
4.87648e-05
4.82336e-05
4.76085e-05
4.6876e-05
4.60205e-05
4.50203e-05
4.39076e-05
4.26859e-05
4.13219e-05
3.98579e-05
3.89046e-05
3.85216e-05
3.84497e-05
3.87104e-05
3.87241e-05
3.85353e-05
3.80867e-05
3.73498e-05
3.50533e-05
3.17676e-05
2.76649e-05
2.29633e-05
1.78116e-05
1.17064e-05
4.03679e-06
4.26463e-08
1.71615e-07
1.08778e-05
2.70014e-05
3.70434e-05
4.21931e-05
4.43964e-05
4.50162e-05
4.49063e-05
4.45215e-05
4.40399e-05
4.34894e-05
4.25993e-05
4.18809e-05
4.10125e-05
4.05693e-05
4.03465e-05
4.01688e-05
4.03643e-05
4.08522e-05
4.15474e-05
4.23946e-05
4.32975e-05
4.42107e-05
4.51015e-05
4.59476e-05
4.675e-05
4.75042e-05
4.82168e-05
4.89077e-05
4.95922e-05
5.01995e-05
5.07244e-05
5.12076e-05
5.16872e-05
5.21698e-05
5.25694e-05
5.29113e-05
5.32008e-05
5.34333e-05
5.36112e-05
5.37315e-05
5.37958e-05
5.38042e-05
5.37582e-05
5.36594e-05
5.35098e-05
5.33122e-05
5.30692e-05
5.27838e-05
5.24589e-05
5.2097e-05
5.16998e-05
5.12674e-05
5.07986e-05
5.02918e-05
4.97472e-05
4.91559e-05
4.84683e-05
4.76447e-05
4.66904e-05
4.55769e-05
4.43247e-05
4.2972e-05
4.14759e-05
3.97902e-05
3.80797e-05
3.73345e-05
3.71206e-05
3.73402e-05
3.73583e-05
3.71819e-05
3.65829e-05
3.56375e-05
3.28984e-05
2.90982e-05
2.44183e-05
1.90475e-05
1.27006e-05
4.64302e-06
5.32657e-08
2.09143e-07
1.22782e-05
2.9589e-05
3.99859e-05
4.50948e-05
4.70979e-05
4.74649e-05
4.70916e-05
4.64419e-05
4.56932e-05
4.46322e-05
4.37895e-05
4.28186e-05
4.22382e-05
4.18201e-05
4.14894e-05
4.15114e-05
4.18747e-05
4.24806e-05
4.3245e-05
4.41012e-05
4.49801e-05
4.58524e-05
4.66986e-05
4.75115e-05
4.82936e-05
4.90447e-05
4.98145e-05
5.05594e-05
5.12063e-05
5.18167e-05
5.23759e-05
5.29338e-05
5.35068e-05
5.39905e-05
5.44199e-05
5.47941e-05
5.51125e-05
5.53724e-05
5.55733e-05
5.57138e-05
5.57938e-05
5.58134e-05
5.57732e-05
5.56744e-05
5.55189e-05
5.53091e-05
5.50482e-05
5.47395e-05
5.43866e-05
5.39929e-05
5.35609e-05
5.30916e-05
5.25838e-05
5.20335e-05
5.14336e-05
5.0774e-05
5.00448e-05
4.92106e-05
4.81868e-05
4.70472e-05
4.57945e-05
4.44869e-05
4.31016e-05
4.14812e-05
3.96734e-05
3.7632e-05
3.62871e-05
3.59182e-05
3.60684e-05
3.59941e-05
3.57052e-05
3.50394e-05
3.35443e-05
3.02584e-05
2.58389e-05
2.0448e-05
1.39459e-05
5.4098e-06
6.93884e-08
2.4922e-07
1.36371e-05
3.20176e-05
4.27348e-05
4.77955e-05
4.9593e-05
4.96936e-05
4.90344e-05
4.80942e-05
4.68328e-05
4.58116e-05
4.47514e-05
4.39151e-05
4.32967e-05
4.27796e-05
4.26126e-05
4.28059e-05
4.3293e-05
4.39721e-05
4.47657e-05
4.56142e-05
4.64723e-05
4.7323e-05
4.81564e-05
4.8971e-05
4.97682e-05
5.06127e-05
5.14237e-05
5.21236e-05
5.28224e-05
5.34833e-05
5.41171e-05
5.4749e-05
5.53557e-05
5.58749e-05
5.63478e-05
5.67637e-05
5.71215e-05
5.74189e-05
5.76538e-05
5.78248e-05
5.79304e-05
5.79699e-05
5.79431e-05
5.78502e-05
5.76924e-05
5.74719e-05
5.71918e-05
5.6856e-05
5.64695e-05
5.60372e-05
5.55644e-05
5.50548e-05
5.45104e-05
5.39297e-05
5.33066e-05
5.26292e-05
5.18797e-05
5.10693e-05
5.02312e-05
4.90732e-05
4.76261e-05
4.60122e-05
4.43814e-05
4.28958e-05
4.13037e-05
3.93477e-05
3.71165e-05
3.52623e-05
3.47172e-05
3.47807e-05
3.45546e-05
3.41379e-05
3.34002e-05
3.09362e-05
2.69637e-05
2.17557e-05
1.52499e-05
6.24195e-06
9.05672e-08
2.90619e-07
1.49269e-05
3.42561e-05
4.52666e-05
5.02793e-05
5.18722e-05
5.16986e-05
5.07374e-05
4.92863e-05
4.80408e-05
4.68876e-05
4.56888e-05
4.48543e-05
4.41122e-05
4.3721e-05
4.37113e-05
4.40385e-05
4.46098e-05
4.53312e-05
4.61371e-05
4.6981e-05
4.7835e-05
4.8689e-05
4.9538e-05
5.03812e-05
5.1289e-05
5.21692e-05
5.29421e-05
5.37101e-05
5.44759e-05
5.52148e-05
5.59318e-05
5.66051e-05
5.72421e-05
5.78288e-05
5.83531e-05
5.88244e-05
5.9235e-05
5.95829e-05
5.98649e-05
6.00788e-05
6.02219e-05
6.02919e-05
6.02872e-05
6.02068e-05
6.00507e-05
5.98202e-05
5.9518e-05
5.91482e-05
5.87166e-05
5.82303e-05
5.76971e-05
5.71251e-05
5.65212e-05
5.58897e-05
5.52304e-05
5.45366e-05
5.37932e-05
5.29751e-05
5.20638e-05
5.11589e-05
4.9998e-05
4.8339e-05
4.64073e-05
4.43527e-05
4.25142e-05
4.08919e-05
3.88369e-05
3.63894e-05
3.4184e-05
3.3512e-05
3.32625e-05
3.31213e-05
3.24742e-05
3.11019e-05
2.76593e-05
2.28026e-05
1.64109e-05
7.02717e-06
1.15565e-07
3.32225e-07
1.61246e-05
3.62803e-05
4.75651e-05
5.25387e-05
5.39367e-05
5.3492e-05
5.20393e-05
5.0579e-05
4.93005e-05
4.76545e-05
4.65754e-05
4.55635e-05
4.49047e-05
4.46486e-05
4.47738e-05
4.51995e-05
4.58269e-05
4.65758e-05
4.73934e-05
4.82457e-05
4.91151e-05
4.9995e-05
5.08813e-05
5.18367e-05
5.27872e-05
5.36508e-05
5.44848e-05
5.53369e-05
5.61747e-05
5.69874e-05
5.77706e-05
5.85134e-05
5.92141e-05
5.98594e-05
6.04375e-05
6.09836e-05
6.14658e-05
6.18811e-05
6.22238e-05
6.2494e-05
6.2687e-05
6.2799e-05
6.28266e-05
6.27671e-05
6.2619e-05
6.23821e-05
6.20578e-05
6.16498e-05
6.1164e-05
6.06085e-05
5.99934e-05
5.93307e-05
5.86326e-05
5.79104e-05
5.71723e-05
5.64206e-05
5.56495e-05
5.48419e-05
5.39671e-05
5.29795e-05
5.19827e-05
5.07952e-05
4.89621e-05
4.67058e-05
4.43326e-05
4.21305e-05
4.02507e-05
3.81177e-05
3.53707e-05
3.28999e-05
3.20543e-05
3.17263e-05
3.15998e-05
3.03254e-05
2.78888e-05
2.34958e-05
1.73426e-05
7.68854e-06
1.42878e-07
3.72859e-07
1.72126e-05
3.80751e-05
4.96237e-05
5.45778e-05
5.58009e-05
5.48896e-05
5.33225e-05
5.18833e-05
4.9973e-05
4.8551e-05
4.72173e-05
4.62402e-05
4.56852e-05
4.5556e-05
4.57893e-05
4.62863e-05
4.69547e-05
4.77283e-05
4.85654e-05
4.94415e-05
5.03442e-05
5.12678e-05
5.22529e-05
5.32705e-05
5.42373e-05
5.51329e-05
5.60646e-05
5.69963e-05
5.79109e-05
5.88003e-05
5.96583e-05
6.04774e-05
6.12533e-05
6.19795e-05
6.2655e-05
6.32557e-05
6.38018e-05
6.43189e-05
6.47357e-05
6.50731e-05
6.53271e-05
6.54917e-05
6.55618e-05
6.55331e-05
6.54019e-05
6.51663e-05
6.4826e-05
6.43831e-05
6.38422e-05
6.32115e-05
6.25019e-05
6.17278e-05
6.09058e-05
6.00536e-05
5.9188e-05
5.83222e-05
5.74619e-05
5.66025e-05
5.57247e-05
5.47922e-05
5.37491e-05
5.26662e-05
5.14372e-05
4.93271e-05
4.68779e-05
4.43262e-05
4.17131e-05
3.9475e-05
3.71455e-05
3.40855e-05
3.15959e-05
3.06457e-05
2.99924e-05
2.95117e-05
2.77943e-05
2.38392e-05
1.79961e-05
8.16808e-06
1.71089e-07
4.11396e-07
1.81777e-05
3.96337e-05
5.14468e-05
5.64255e-05
5.72968e-05
5.6109e-05
5.4811e-05
5.28375e-05
5.08097e-05
4.91637e-05
4.78139e-05
4.68995e-05
4.64528e-05
4.64341e-05
4.67516e-05
4.73033e-05
4.80075e-05
4.88103e-05
4.9679e-05
5.05947e-05
5.15483e-05
5.25416e-05
5.36112e-05
5.46667e-05
5.56641e-05
5.66506e-05
5.76725e-05
5.86872e-05
5.9685e-05
6.06589e-05
6.16021e-05
6.25086e-05
6.3373e-05
6.419e-05
6.4955e-05
6.56608e-05
6.62735e-05
6.68586e-05
6.7382e-05
6.77914e-05
6.81136e-05
6.83383e-05
6.84595e-05
6.8471e-05
6.83675e-05
6.81448e-05
6.78005e-05
6.73341e-05
6.67483e-05
6.60492e-05
6.52471e-05
6.43565e-05
6.33965e-05
6.23894e-05
6.13595e-05
6.03303e-05
5.93207e-05
5.83406e-05
5.7386e-05
5.64348e-05
5.54436e-05
5.43454e-05
5.31921e-05
5.17326e-05
4.93082e-05
4.67353e-05
4.41049e-05
4.11316e-05
3.85011e-05
3.58409e-05
3.23719e-05
3.00974e-05
2.89563e-05
2.85864e-05
2.6978e-05
2.38567e-05
1.83435e-05
8.46462e-06
2.00257e-07
4.46855e-07
1.90108e-05
4.09515e-05
5.30334e-05
5.79386e-05
5.84869e-05
5.75481e-05
5.58306e-05
5.34418e-05
5.15092e-05
4.9722e-05
4.83827e-05
4.75454e-05
4.72014e-05
4.7275e-05
4.76596e-05
4.82577e-05
4.89991e-05
4.9839e-05
5.07507e-05
5.1719e-05
5.27354e-05
5.38149e-05
5.49356e-05
5.60387e-05
5.71103e-05
5.81946e-05
5.93066e-05
6.04108e-05
6.14998e-05
6.25665e-05
6.36045e-05
6.46077e-05
6.55689e-05
6.64815e-05
6.73413e-05
6.81414e-05
6.88404e-05
6.9479e-05
7.01117e-05
7.05962e-05
7.09875e-05
7.12753e-05
7.14525e-05
7.15119e-05
7.14464e-05
7.12499e-05
7.09175e-05
7.04459e-05
6.98346e-05
6.90866e-05
6.82093e-05
6.72152e-05
6.61229e-05
6.49565e-05
6.37453e-05
6.25212e-05
6.13156e-05
6.0154e-05
5.90501e-05
5.8e-05
5.69764e-05
5.59257e-05
5.47676e-05
5.3553e-05
5.17738e-05
4.90007e-05
4.64427e-05
4.35106e-05
4.02751e-05
3.72554e-05
3.41625e-05
3.03975e-05
2.83547e-05
2.69307e-05
2.62531e-05
2.37369e-05
1.84698e-05
8.63377e-06
2.29866e-07
4.78565e-07
1.97041e-05
4.20252e-05
5.43697e-05
5.91269e-05
5.9625e-05
5.87937e-05
5.66989e-05
5.4275e-05
5.20637e-05
5.02382e-05
4.89317e-05
4.8176e-05
4.79239e-05
4.80743e-05
4.85155e-05
4.9158e-05
4.99413e-05
5.08273e-05
5.17933e-05
5.28263e-05
5.39181e-05
5.50629e-05
5.62347e-05
5.74032e-05
5.85738e-05
5.97607e-05
6.09667e-05
6.21668e-05
6.33533e-05
6.45184e-05
6.56543e-05
6.67606e-05
6.78242e-05
6.88244e-05
6.97719e-05
7.06561e-05
7.14402e-05
7.21417e-05
7.28492e-05
7.34138e-05
7.38691e-05
7.42176e-05
7.44515e-05
7.45627e-05
7.45434e-05
7.43856e-05
7.40821e-05
7.36267e-05
7.30154e-05
7.22468e-05
7.1324e-05
7.02553e-05
6.90557e-05
6.77479e-05
6.63621e-05
6.49353e-05
6.35086e-05
6.21221e-05
6.08087e-05
5.95856e-05
5.84463e-05
5.7354e-05
5.62366e-05
5.49865e-05
5.36961e-05
5.14165e-05
4.85635e-05
4.58629e-05
4.25114e-05
3.89837e-05
3.56871e-05
3.19534e-05
2.84735e-05
2.63192e-05
2.54484e-05
2.33976e-05
1.84534e-05
8.79127e-06
2.62335e-07
5.06463e-07
2.02339e-05
4.28397e-05
5.54072e-05
6.00591e-05
6.07879e-05
5.97207e-05
5.7298e-05
5.48882e-05
5.25679e-05
5.0724e-05
4.9463e-05
4.87865e-05
4.86149e-05
4.88306e-05
4.93232e-05
5.00117e-05
5.08427e-05
5.17825e-05
5.28104e-05
5.39126e-05
5.50771e-05
5.62896e-05
5.7529e-05
5.87821e-05
6.00534e-05
6.13453e-05
6.26499e-05
6.39504e-05
6.52375e-05
6.65025e-05
6.77367e-05
6.89318e-05
7.00924e-05
7.1185e-05
7.21999e-05
7.31546e-05
7.4014e-05
7.47711e-05
7.55256e-05
7.61614e-05
7.66713e-05
7.7073e-05
7.73593e-05
7.75224e-05
7.75537e-05
7.74443e-05
7.71851e-05
7.67672e-05
7.61828e-05
7.54262e-05
7.4495e-05
7.33915e-05
7.2125e-05
7.07127e-05
6.91821e-05
6.75703e-05
6.59237e-05
6.42939e-05
6.27313e-05
6.12766e-05
5.99497e-05
5.87402e-05
5.76001e-05
5.64395e-05
5.5124e-05
5.35737e-05
5.07191e-05
4.79585e-05
4.49286e-05
4.11197e-05
3.72614e-05
3.36587e-05
2.91921e-05
2.62441e-05
2.3945e-05
2.27921e-05
1.84151e-05
9.08659e-06
3.02529e-07
5.29555e-07
2.06235e-05
4.34343e-05
5.6144e-05
6.08549e-05
6.1716e-05
6.04686e-05
5.80556e-05
5.54139e-05
5.30296e-05
5.11852e-05
4.99754e-05
4.93724e-05
4.92709e-05
4.95444e-05
5.00869e-05
5.08244e-05
5.17085e-05
5.27081e-05
5.38026e-05
5.49765e-05
5.6215e-05
5.75025e-05
5.88238e-05
6.01719e-05
6.15466e-05
6.29426e-05
6.43483e-05
6.57496e-05
6.71355e-05
6.84954e-05
6.98191e-05
7.10968e-05
7.23287e-05
7.35075e-05
7.45755e-05
7.55799e-05
7.64962e-05
7.72903e-05
7.80704e-05
7.87608e-05
7.9312e-05
7.97553e-05
8.00856e-05
8.02959e-05
8.0378e-05
8.03225e-05
8.01191e-05
7.97568e-05
7.92245e-05
7.85122e-05
7.76116e-05
7.65184e-05
7.5234e-05
7.3768e-05
7.21406e-05
7.03843e-05
6.85452e-05
6.66805e-05
6.48543e-05
6.31282e-05
6.15495e-05
6.01377e-05
5.88731e-05
5.76904e-05
5.64795e-05
5.50905e-05
5.29821e-05
4.98858e-05
4.70541e-05
4.34653e-05
3.9205e-05
3.49645e-05
3.08136e-05
2.65337e-05
2.36181e-05
2.22721e-05
1.84598e-05
9.58423e-06
3.5461e-07
5.47643e-07
2.08825e-05
4.37993e-05
5.66334e-05
6.15152e-05
6.24594e-05
6.10063e-05
5.86252e-05
5.58846e-05
5.34572e-05
5.16242e-05
5.04665e-05
4.993e-05
4.98904e-05
5.02175e-05
5.08103e-05
5.16002e-05
5.2542e-05
5.36057e-05
5.47702e-05
5.60187e-05
5.73355e-05
5.87059e-05
6.01183e-05
6.15663e-05
6.30446e-05
6.45433e-05
6.60489e-05
6.75468e-05
6.90243e-05
7.04691e-05
7.18697e-05
7.32155e-05
7.44975e-05
7.57234e-05
7.68528e-05
7.78785e-05
7.8828e-05
7.96391e-05
8.04202e-05
8.11464e-05
8.17227e-05
8.21929e-05
8.25552e-05
8.28043e-05
8.29329e-05
8.2932e-05
8.27909e-05
8.24973e-05
8.20377e-05
8.1398e-05
8.05647e-05
7.95265e-05
7.82762e-05
7.68137e-05
7.51491e-05
7.33059e-05
7.13238e-05
6.92596e-05
6.71842e-05
6.5176e-05
6.33086e-05
6.16337e-05
6.01648e-05
5.88635e-05
5.76346e-05
5.63303e-05
5.47942e-05
5.18706e-05
4.89693e-05
4.58004e-05
4.14254e-05
3.68523e-05
3.23116e-05
2.73706e-05
2.36487e-05
2.14404e-05
1.855e-05
1.01529e-05
4.17283e-07
5.60669e-07
2.10155e-05
4.39916e-05
5.69109e-05
6.19627e-05
6.28997e-05
6.16276e-05
5.90974e-05
5.63056e-05
5.38554e-05
5.20419e-05
5.09343e-05
5.04572e-05
5.04735e-05
5.08521e-05
5.14966e-05
5.23421e-05
5.33452e-05
5.44763e-05
5.57139e-05
5.70403e-05
5.84399e-05
5.98992e-05
6.14074e-05
6.29563e-05
6.45362e-05
6.61338e-05
6.77335e-05
6.93195e-05
7.0877e-05
7.23922e-05
7.38522e-05
7.52459e-05
7.65638e-05
7.78039e-05
7.89732e-05
8.00117e-05
8.09607e-05
8.17719e-05
8.25271e-05
8.32691e-05
8.38535e-05
8.43339e-05
8.47135e-05
8.49894e-05
8.51561e-05
8.52057e-05
8.51281e-05
8.49104e-05
8.45377e-05
8.39929e-05
8.3258e-05
8.2315e-05
8.11482e-05
7.9747e-05
7.81094e-05
7.62465e-05
7.41867e-05
7.19793e-05
6.96947e-05
6.74213e-05
6.52538e-05
6.32769e-05
6.15431e-05
6.00527e-05
5.87406e-05
5.74744e-05
5.60611e-05
5.38949e-05
5.06717e-05
4.78034e-05
4.39419e-05
3.8671e-05
3.38252e-05
2.88816e-05
2.41126e-05
2.03925e-05
1.84182e-05
1.05618e-05
4.85059e-07
5.68803e-07
2.10347e-05
4.39948e-05
5.69616e-05
6.20957e-05
6.32959e-05
6.20575e-05
5.95026e-05
5.66849e-05
5.4228e-05
5.24385e-05
5.13774e-05
5.09534e-05
5.10212e-05
5.14505e-05
5.21483e-05
5.30519e-05
5.4119e-05
5.53202e-05
5.66335e-05
5.80408e-05
5.95268e-05
6.10781e-05
6.26832e-05
6.43308e-05
6.60074e-05
6.76969e-05
6.93814e-05
7.10434e-05
7.26661e-05
7.42344e-05
7.57349e-05
7.71563e-05
7.84899e-05
7.97293e-05
8.08837e-05
8.19457e-05
8.28684e-05
8.3661e-05
8.43625e-05
8.50969e-05
8.56736e-05
8.61466e-05
8.6527e-05
8.68152e-05
8.70082e-05
8.71e-05
8.70817e-05
8.69412e-05
8.6663e-05
8.62282e-05
8.56152e-05
8.48005e-05
8.37603e-05
8.24738e-05
8.0926e-05
7.91134e-05
7.70492e-05
7.47693e-05
7.23362e-05
6.9839e-05
6.73864e-05
6.50911e-05
6.30456e-05
6.12947e-05
5.98134e-05
5.84987e-05
5.71784e-05
5.55607e-05
5.23731e-05
4.94801e-05
4.61266e-05
4.0985e-05
3.54534e-05
3.02927e-05
2.48425e-05
2.04348e-05
1.81312e-05
1.10443e-05
5.59665e-07
5.71799e-07
2.09484e-05
4.3789e-05
5.68942e-05
6.21748e-05
6.3633e-05
6.23865e-05
5.98474e-05
5.70283e-05
5.45775e-05
5.28142e-05
5.17952e-05
5.1419e-05
5.15352e-05
5.20149e-05
5.27671e-05
5.37308e-05
5.4864e-05
5.61371e-05
5.75279e-05
5.9018e-05
6.05918e-05
6.22353e-05
6.3935e-05
6.56762e-05
6.74422e-05
6.92139e-05
7.09711e-05
7.26946e-05
7.43661e-05
7.59697e-05
7.74917e-05
7.89214e-05
8.0251e-05
8.14757e-05
8.25935e-05
8.36202e-05
8.45375e-05
8.52994e-05
8.59467e-05
8.66101e-05
8.71701e-05
8.7619e-05
8.79829e-05
8.82672e-05
8.8472e-05
8.8594e-05
8.86264e-05
8.85588e-05
8.83761e-05
8.80588e-05
8.75831e-05
8.6921e-05
8.60421e-05
8.49158e-05
8.35145e-05
8.18192e-05
7.98255e-05
7.75514e-05
7.50443e-05
7.23852e-05
6.96873e-05
6.70837e-05
6.47038e-05
6.26403e-05
6.09166e-05
5.94644e-05
5.81215e-05
5.66474e-05
5.41296e-05
5.09044e-05
4.8119e-05
4.34634e-05
3.71172e-05
3.16426e-05
2.58045e-05
2.08234e-05
1.78557e-05
1.15824e-05
6.35676e-07
5.70685e-07
2.07862e-05
4.34734e-05
5.66923e-05
6.21634e-05
6.37848e-05
6.26295e-05
6.01381e-05
5.734e-05
5.49061e-05
5.31698e-05
5.21884e-05
5.1855e-05
5.20172e-05
5.25469e-05
5.33544e-05
5.43792e-05
5.55796e-05
5.69255e-05
5.83944e-05
5.99675e-05
6.16284e-05
6.33615e-05
6.51507e-05
6.69781e-05
6.88237e-05
7.06657e-05
7.24821e-05
7.42517e-05
7.59556e-05
7.75772e-05
7.91032e-05
8.05236e-05
8.18317e-05
8.30241e-05
8.41001e-05
8.50611e-05
8.59335e-05
8.66844e-05
8.72604e-05
8.78221e-05
8.83473e-05
8.87556e-05
8.9086e-05
8.93495e-05
8.95502e-05
8.9688e-05
8.9759e-05
8.97551e-05
8.96629e-05
8.94635e-05
8.91321e-05
8.86378e-05
8.7945e-05
8.70147e-05
8.58077e-05
8.42896e-05
8.24373e-05
8.02478e-05
7.77481e-05
7.50032e-05
7.212e-05
6.9242e-05
6.65285e-05
6.41204e-05
6.20983e-05
6.04469e-05
5.90428e-05
5.7672e-05
5.58034e-05
5.22342e-05
4.96788e-05
4.56343e-05
3.93072e-05
3.30917e-05
2.72475e-05
2.11961e-05
1.71961e-05
1.21296e-05
7.04624e-07
5.66561e-07
2.05468e-05
4.30649e-05
5.63126e-05
6.19983e-05
6.38179e-05
6.27932e-05
6.038e-05
5.76235e-05
5.52157e-05
5.35064e-05
5.2558e-05
5.22632e-05
5.2469e-05
5.30479e-05
5.39107e-05
5.49969e-05
5.62643e-05
5.76828e-05
5.92289e-05
6.08833e-05
6.26282e-05
6.44458e-05
6.63172e-05
6.82215e-05
7.01354e-05
7.20349e-05
7.38963e-05
7.56972e-05
7.7418e-05
7.90422e-05
8.05571e-05
8.19535e-05
8.32258e-05
8.43721e-05
8.53932e-05
8.62929e-05
8.70773e-05
8.77875e-05
8.83166e-05
8.87543e-05
8.92224e-05
8.95751e-05
8.9856e-05
9.00824e-05
9.02625e-05
9.04002e-05
9.04951e-05
9.05422e-05
9.05306e-05
9.04431e-05
9.02553e-05
8.99352e-05
8.94432e-05
8.8734e-05
8.77581e-05
8.64669e-05
8.48187e-05
8.27884e-05
8.03784e-05
7.76308e-05
7.46371e-05
7.15389e-05
6.85151e-05
6.57489e-05
6.33793e-05
6.14507e-05
5.98797e-05
5.84563e-05
5.68878e-05
5.37654e-05
5.09038e-05
4.76306e-05
4.16449e-05
3.44661e-05
2.83718e-05
2.2155e-05
1.67958e-05
1.26339e-05
7.59499e-07
5.59062e-07
2.02795e-05
4.24078e-05
5.58009e-05
6.17315e-05
6.37502e-05
6.2885e-05
6.05774e-05
5.78815e-05
5.55082e-05
5.38254e-05
5.29057e-05
5.26451e-05
5.28919e-05
5.35186e-05
5.44359e-05
5.55825e-05
5.69159e-05
5.84051e-05
6.00261e-05
6.17582e-05
6.35818e-05
6.54769e-05
6.74216e-05
6.93919e-05
7.13622e-05
7.33062e-05
7.5199e-05
7.70174e-05
7.87417e-05
8.03556e-05
8.18471e-05
8.32079e-05
8.44336e-05
8.55234e-05
8.64793e-05
8.73065e-05
8.80118e-05
8.86159e-05
8.91228e-05
8.94467e-05
8.98186e-05
9.01063e-05
9.03242e-05
9.04982e-05
9.0642e-05
9.07635e-05
9.08664e-05
9.09491e-05
9.10044e-05
9.10176e-05
9.09661e-05
9.0818e-05
9.05321e-05
9.00582e-05
8.93387e-05
8.83124e-05
8.69204e-05
8.51151e-05
8.28725e-05
8.0207e-05
7.71857e-05
7.39375e-05
7.06481e-05
6.75343e-05
6.47935e-05
6.25413e-05
6.07582e-05
5.92674e-05
5.77433e-05
5.52509e-05
5.19976e-05
4.92312e-05
4.38238e-05
3.6102e-05
2.95985e-05
2.28958e-05
1.69397e-05
1.29986e-05
7.93712e-07
5.48949e-07
1.99394e-05
4.16759e-05
5.51732e-05
6.13648e-05
6.35937e-05
6.29121e-05
6.07344e-05
5.81166e-05
5.57854e-05
5.41287e-05
5.32333e-05
5.30025e-05
5.32871e-05
5.39594e-05
5.49291e-05
5.61342e-05
5.75311e-05
5.9088e-05
6.07797e-05
6.25841e-05
6.44795e-05
6.64435e-05
6.84514e-05
7.04764e-05
7.24909e-05
7.44672e-05
7.6379e-05
7.82031e-05
7.99197e-05
8.15132e-05
8.29721e-05
8.42892e-05
8.54608e-05
8.64871e-05
8.73714e-05
8.81195e-05
8.87398e-05
8.92427e-05
8.96637e-05
8.99417e-05
9.01734e-05
9.03865e-05
9.05295e-05
9.06383e-05
9.07316e-05
9.08217e-05
9.09164e-05
9.10183e-05
9.11242e-05
9.1223e-05
9.12948e-05
9.13097e-05
9.12262e-05
9.09915e-05
9.05422e-05
8.98066e-05
8.87103e-05
8.71846e-05
8.51787e-05
8.26759e-05
7.97128e-05
7.63945e-05
7.29004e-05
6.94675e-05
6.63443e-05
6.37197e-05
6.16525e-05
6.00322e-05
5.859e-05
5.66689e-05
5.30723e-05
5.05243e-05
4.57468e-05
3.8218e-05
3.0691e-05
2.37573e-05
1.72188e-05
1.31976e-05
8.09234e-07
5.36304e-07
1.95443e-05
4.08661e-05
5.44457e-05
6.09053e-05
6.33579e-05
6.28806e-05
6.08546e-05
5.83309e-05
5.60493e-05
5.44181e-05
5.35427e-05
5.3337e-05
5.36553e-05
5.437e-05
5.53892e-05
5.66494e-05
5.8106e-05
5.97261e-05
6.14829e-05
6.33527e-05
6.53117e-05
6.7335e-05
6.93954e-05
7.14639e-05
7.35112e-05
7.55082e-05
7.74284e-05
7.92485e-05
8.09489e-05
8.25146e-05
8.39348e-05
8.5203e-05
8.63164e-05
8.72759e-05
8.80854e-05
8.8752e-05
8.92853e-05
8.96979e-05
9.00054e-05
9.02123e-05
9.03348e-05
9.04575e-05
9.0516e-05
9.05493e-05
9.05803e-05
9.06255e-05
9.0697e-05
9.08017e-05
9.09407e-05
9.11073e-05
9.12856e-05
9.14483e-05
9.1556e-05
9.15552e-05
9.13788e-05
9.09475e-05
9.01738e-05
8.89697e-05
8.72584e-05
8.49912e-05
8.21693e-05
7.88656e-05
7.52403e-05
7.1536e-05
6.80408e-05
6.50139e-05
6.25954e-05
6.07393e-05
5.92081e-05
5.76405e-05
5.42829e-05
5.15031e-05
4.74306e-05
4.03507e-05
3.18458e-05
2.46699e-05
1.76377e-05
1.33072e-05
8.14594e-07
5.21741e-07
1.91232e-05
3.99827e-05
5.36285e-05
6.03608e-05
6.30503e-05
6.27959e-05
6.0941e-05
5.85265e-05
5.63016e-05
5.46956e-05
5.38358e-05
5.36499e-05
5.39971e-05
5.47498e-05
5.58141e-05
5.71251e-05
5.86364e-05
6.03137e-05
6.21288e-05
6.4056e-05
6.60696e-05
6.8142e-05
7.02442e-05
7.23454e-05
7.44147e-05
7.64227e-05
7.83425e-05
8.01509e-05
8.1829e-05
8.33621e-05
8.47403e-05
8.59574e-05
8.70114e-05
8.79035e-05
8.86384e-05
8.92235e-05
8.96694e-05
8.99894e-05
9.01987e-05
9.0299e-05
9.03347e-05
9.03603e-05
9.03286e-05
9.02796e-05
9.02397e-05
9.02292e-05
9.02644e-05
9.03566e-05
9.05114e-05
9.07268e-05
9.09916e-05
9.1283e-05
9.15645e-05
9.17844e-05
9.18741e-05
9.17493e-05
9.13123e-05
9.04584e-05
8.90868e-05
8.71172e-05
8.4513e-05
8.13081e-05
7.76319e-05
7.37181e-05
6.98802e-05
6.64424e-05
6.3634e-05
6.14911e-05
5.98149e-05
5.82163e-05
5.54696e-05
5.23505e-05
4.882e-05
4.24211e-05
3.31568e-05
2.56287e-05
1.79401e-05
1.34319e-05
8.15389e-07
5.05767e-07
1.86864e-05
3.90417e-05
5.27323e-05
5.97392e-05
6.26779e-05
6.26625e-05
6.09962e-05
5.87051e-05
5.6544e-05
5.49633e-05
5.41145e-05
5.39424e-05
5.43128e-05
5.50979e-05
5.6202e-05
5.7558e-05
5.91179e-05
6.08455e-05
6.2711e-05
6.46868e-05
6.67451e-05
6.88565e-05
7.09901e-05
7.31138e-05
7.51959e-05
7.72065e-05
7.91189e-05
8.09102e-05
8.2562e-05
8.40602e-05
8.53953e-05
8.65616e-05
8.75575e-05
8.83844e-05
8.90471e-05
8.95537e-05
8.99151e-05
9.01451e-05
9.0261e-05
9.02616e-05
9.01937e-05
9.01352e-05
9.00114e-05
8.98769e-05
8.97608e-05
8.9687e-05
8.96755e-05
8.97418e-05
8.98961e-05
9.01414e-05
9.04717e-05
9.08696e-05
9.13032e-05
9.1724e-05
9.20648e-05
9.22388e-05
9.21409e-05
9.16531e-05
9.0653e-05
8.90305e-05
8.67105e-05
8.36838e-05
8.00394e-05
7.59871e-05
7.18499e-05
6.80055e-05
6.47747e-05
6.22943e-05
6.04361e-05
5.88118e-05
5.6539e-05
5.31398e-05
5.00778e-05
4.39777e-05
3.4906e-05
2.65453e-05
1.84557e-05
1.35924e-05
8.0937e-07
4.89109e-07
1.82198e-05
3.80483e-05
5.17645e-05
5.90477e-05
6.22462e-05
6.24843e-05
6.10224e-05
5.8868e-05
5.67778e-05
5.52229e-05
5.43808e-05
5.42158e-05
5.46024e-05
5.54133e-05
5.65507e-05
5.7945e-05
5.95463e-05
6.13164e-05
6.32236e-05
6.52387e-05
6.73319e-05
6.94722e-05
7.16274e-05
7.37644e-05
7.5851e-05
7.78575e-05
7.97572e-05
8.15278e-05
8.31512e-05
8.4614e-05
8.5907e-05
8.70249e-05
8.7966e-05
8.87319e-05
8.93275e-05
8.9761e-05
9.00434e-05
9.01888e-05
9.02139e-05
9.01363e-05
8.99577e-05
8.98166e-05
8.96047e-05
8.93853e-05
8.91914e-05
8.90499e-05
8.89843e-05
8.90139e-05
8.91533e-05
8.94106e-05
8.97856e-05
9.02666e-05
9.08277e-05
9.14255e-05
9.1996e-05
9.24525e-05
9.2686e-05
9.2568e-05
9.19581e-05
9.07189e-05
8.8738e-05
8.59609e-05
8.2429e-05
7.83153e-05
7.39346e-05
6.97022e-05
6.60249e-05
6.31507e-05
6.10488e-05
5.93854e-05
5.74863e-05
5.38912e-05
5.11055e-05
4.54562e-05
3.67592e-05
2.74089e-05
1.89877e-05
1.36448e-05
7.95422e-07
4.70627e-07
1.77714e-05
3.70228e-05
5.07349e-05
5.82931e-05
6.17603e-05
6.22644e-05
6.10214e-05
5.90163e-05
5.70044e-05
5.54762e-05
5.46364e-05
5.44714e-05
5.48663e-05
5.56953e-05
5.68583e-05
5.82833e-05
5.99178e-05
6.17217e-05
6.36616e-05
6.57064e-05
6.78247e-05
6.99844e-05
7.2152e-05
7.42942e-05
7.63785e-05
7.83754e-05
8.02586e-05
8.20063e-05
8.36009e-05
8.50294e-05
8.62829e-05
8.7356e-05
8.82473e-05
8.89582e-05
8.94936e-05
8.98615e-05
9.00733e-05
9.01436e-05
9.00905e-05
8.99354e-05
8.96602e-05
8.94285e-05
8.91449e-05
8.88438e-05
8.85734e-05
8.83632e-05
8.82391e-05
8.8224e-05
8.83367e-05
8.85902e-05
8.89901e-05
8.95311e-05
9.01941e-05
9.09422e-05
9.17165e-05
9.24332e-05
9.29819e-05
9.3227e-05
9.30139e-05
9.21811e-05
9.05816e-05
8.81152e-05
8.47712e-05
8.0675e-05
7.61162e-05
7.15297e-05
6.73972e-05
6.40807e-05
6.16601e-05
5.98699e-05
5.81561e-05
5.47472e-05
5.18858e-05
4.66493e-05
3.86202e-05
2.83398e-05
1.96089e-05
1.37e-05
7.79386e-07
4.55906e-07
1.7257e-05
3.59596e-05
4.96481e-05
5.74816e-05
6.1224e-05
6.20052e-05
6.09942e-05
5.91506e-05
5.72251e-05
5.57253e-05
5.48837e-05
5.47109e-05
5.51052e-05
5.59434e-05
5.71234e-05
5.85703e-05
6.02293e-05
6.2058e-05
6.40212e-05
6.6086e-05
6.822e-05
7.03899e-05
7.25617e-05
7.47018e-05
7.67781e-05
7.87611e-05
8.06252e-05
8.2349e-05
8.39156e-05
8.5312e-05
8.65295e-05
8.75629e-05
8.84104e-05
8.90735e-05
8.95569e-05
8.98684e-05
9.00195e-05
9.00252e-05
8.99042e-05
8.96788e-05
8.93337e-05
8.89944e-05
8.86616e-05
8.82839e-05
8.79415e-05
8.76641e-05
8.74802e-05
8.74154e-05
8.74923e-05
8.77288e-05
8.81359e-05
8.87152e-05
8.94551e-05
9.0326e-05
9.12761e-05
9.22263e-05
9.30676e-05
9.36608e-05
9.38405e-05
9.3425e-05
9.22361e-05
9.01296e-05
8.70407e-05
8.3039e-05
7.83737e-05
7.34795e-05
6.88979e-05
6.51042e-05
6.23031e-05
6.03187e-05
5.86551e-05
5.56133e-05
5.25041e-05
4.77736e-05
4.02587e-05
2.93473e-05
2.02442e-05
1.36851e-05
7.59826e-07
4.42511e-07
1.66873e-05
3.48647e-05
4.8509e-05
5.66202e-05
6.06396e-05
6.17085e-05
6.09417e-05
5.92713e-05
5.74408e-05
5.59712e-05
5.51233e-05
5.49345e-05
5.5319e-05
5.61569e-05
5.73447e-05
5.88044e-05
6.04785e-05
6.23226e-05
6.42995e-05
6.63749e-05
6.85155e-05
7.06871e-05
7.28556e-05
7.49874e-05
7.70507e-05
7.90166e-05
8.086e-05
8.25599e-05
8.40997e-05
8.54669e-05
8.66528e-05
8.7652e-05
8.84627e-05
8.90859e-05
8.95261e-05
8.97911e-05
8.98924e-05
8.9845e-05
8.96676e-05
8.93826e-05
8.8986e-05
8.85528e-05
8.81718e-05
8.77283e-05
8.73211e-05
8.69811e-05
8.67384e-05
8.66215e-05
8.66565e-05
8.68655e-05
8.72652e-05
8.78637e-05
8.86572e-05
8.96245e-05
9.07218e-05
9.18768e-05
9.29841e-05
9.39039e-05
9.44635e-05
9.44655e-05
9.37043e-05
9.19947e-05
8.9218e-05
8.53828e-05
8.06847e-05
7.55388e-05
7.0528e-05
6.62344e-05
6.29963e-05
6.07302e-05
5.89452e-05
5.63953e-05
5.30654e-05
4.88308e-05
4.1547e-05
3.05891e-05
2.08133e-05
1.36443e-05
7.40611e-07
4.29051e-07
1.60731e-05
3.3727e-05
4.73203e-05
5.57068e-05
6.00108e-05
6.13758e-05
6.08643e-05
5.9379e-05
5.76534e-05
5.62193e-05
5.53644e-05
5.5152e-05
5.55141e-05
5.6339e-05
5.7523e-05
5.89849e-05
6.06642e-05
6.2514e-05
6.4495e-05
6.6572e-05
6.87103e-05
7.08758e-05
7.30342e-05
7.51522e-05
7.71984e-05
7.91446e-05
8.09662e-05
8.26427e-05
8.41578e-05
8.54991e-05
8.66579e-05
8.76287e-05
8.84094e-05
8.90008e-05
8.94072e-05
8.96362e-05
8.96989e-05
8.96104e-05
8.93894e-05
8.90582e-05
8.86239e-05
8.81192e-05
8.76883e-05
8.71921e-05
8.67291e-05
8.63325e-05
8.60343e-05
8.58655e-05
8.58551e-05
8.60293e-05
8.641e-05
8.70118e-05
8.78386e-05
8.88781e-05
9.00955e-05
9.14265e-05
9.27714e-05
9.39922e-05
9.49123e-05
9.53228e-05
9.49952e-05
9.37077e-05
9.12886e-05
8.76848e-05
8.30267e-05
7.76919e-05
7.2283e-05
6.748e-05
6.37685e-05
6.11909e-05
5.9291e-05
5.70821e-05
5.35469e-05
4.97181e-05
4.26816e-05
3.20026e-05
2.1335e-05
1.3561e-05
7.21964e-07
4.15184e-07
1.54377e-05
3.25608e-05
4.60831e-05
5.47355e-05
5.93391e-05
6.10073e-05
6.07617e-05
5.94729e-05
5.78605e-05
5.64593e-05
5.55799e-05
5.53344e-05
5.56752e-05
5.64849e-05
5.76574e-05
5.91118e-05
6.07862e-05
6.26317e-05
6.46076e-05
6.6677e-05
6.8805e-05
7.0957e-05
7.30991e-05
7.51983e-05
7.7224e-05
7.91484e-05
8.09475e-05
8.26013e-05
8.40937e-05
8.54124e-05
8.65486e-05
8.74967e-05
8.82542e-05
8.88217e-05
8.92033e-05
8.94063e-05
8.94419e-05
8.93247e-05
8.90732e-05
8.87093e-05
8.82492e-05
8.77015e-05
8.72137e-05
8.66833e-05
8.61734e-05
8.57271e-05
8.53784e-05
8.51601e-05
8.51034e-05
8.52384e-05
8.55921e-05
8.6185e-05
8.70284e-05
8.81194e-05
8.94325e-05
9.09124e-05
9.24665e-05
9.39607e-05
9.52174e-05
9.60201e-05
9.61229e-05
9.52714e-05
9.32433e-05
8.9927e-05
8.53779e-05
7.99213e-05
7.41543e-05
6.88389e-05
6.46108e-05
6.1664e-05
5.96191e-05
5.76459e-05
5.40102e-05
5.0487e-05
4.3646e-05
3.3363e-05
2.19141e-05
1.3504e-05
7.06406e-07
4.01095e-07
1.48129e-05
3.1387e-05
4.48146e-05
5.37012e-05
5.86151e-05
6.0607e-05
6.0634e-05
5.95532e-05
5.80671e-05
5.6722e-05
5.5889e-05
5.56044e-05
5.58524e-05
5.6607e-05
5.77503e-05
5.91859e-05
6.08452e-05
6.26767e-05
6.4638e-05
6.66913e-05
6.88011e-05
7.09328e-05
7.30528e-05
7.51288e-05
7.71307e-05
7.90315e-05
8.08077e-05
8.24395e-05
8.39111e-05
8.52102e-05
8.63278e-05
8.7258e-05
8.79983e-05
8.8549e-05
8.8914e-05
8.91009e-05
8.91203e-05
8.89867e-05
8.87177e-05
8.83343e-05
8.78586e-05
8.72961e-05
8.67566e-05
8.61995e-05
8.56531e-05
8.51652e-05
8.47722e-05
8.45089e-05
8.44072e-05
8.45015e-05
8.48238e-05
8.53992e-05
8.62468e-05
8.73726e-05
8.87607e-05
9.03653e-05
9.2102e-05
9.38422e-05
9.54089e-05
9.65822e-05
9.71041e-05
9.66929e-05
9.50937e-05
9.20997e-05
8.77173e-05
8.2209e-05
7.61331e-05
7.03144e-05
6.55357e-05
6.21619e-05
5.99253e-05
5.80172e-05
5.449e-05
5.11297e-05
4.4449e-05
3.47589e-05
2.25853e-05
1.34333e-05
6.92649e-07
3.86826e-07
1.41899e-05
3.02135e-05
4.35172e-05
5.26115e-05
5.78339e-05
6.01727e-05
6.04853e-05
5.96224e-05
5.82807e-05
5.70176e-05
5.60645e-05
5.57255e-05
5.59987e-05
5.67165e-05
5.78121e-05
5.92122e-05
6.08441e-05
6.26511e-05
6.45885e-05
6.66172e-05
6.87012e-05
7.08061e-05
7.28987e-05
7.49473e-05
7.69225e-05
7.87979e-05
8.05505e-05
8.21608e-05
8.3613e-05
8.48945e-05
8.59963e-05
8.69125e-05
8.76404e-05
8.81801e-05
8.85352e-05
8.87148e-05
8.8729e-05
8.85912e-05
8.83181e-05
8.79292e-05
8.74469e-05
8.68829e-05
8.63052e-05
8.5722e-05
8.51501e-05
8.46346e-05
8.42099e-05
8.39084e-05
8.37646e-05
8.38194e-05
8.41096e-05
8.46628e-05
8.5506e-05
8.66544e-05
8.81012e-05
8.98098e-05
9.17051e-05
9.36659e-05
9.55149e-05
9.70329e-05
9.7974e-05
9.80308e-05
9.68714e-05
9.42444e-05
9.00578e-05
8.45367e-05
7.82068e-05
7.1905e-05
6.65501e-05
6.26904e-05
6.0192e-05
5.82836e-05
5.49973e-05
5.16774e-05
4.51926e-05
3.59441e-05
2.31818e-05
1.33784e-05
6.82543e-07
3.72465e-07
1.35764e-05
2.905e-05
4.21959e-05
5.14719e-05
5.70016e-05
5.96928e-05
6.03139e-05
5.96764e-05
5.84746e-05
5.7206e-05
5.62593e-05
5.58725e-05
5.60637e-05
5.67633e-05
5.78411e-05
5.9197e-05
6.07875e-05
6.25588e-05
6.44626e-05
6.64583e-05
6.85092e-05
7.0581e-05
7.26409e-05
7.4658e-05
7.66036e-05
7.84517e-05
8.01797e-05
8.1768e-05
8.32007e-05
8.4465e-05
8.55511e-05
8.64549e-05
8.71737e-05
8.77073e-05
8.80555e-05
8.82369e-05
8.82578e-05
8.81292e-05
8.78658e-05
8.74852e-05
8.70078e-05
8.64533e-05
8.58541e-05
8.52444e-05
8.46467e-05
8.41025e-05
8.36508e-05
8.33232e-05
8.31551e-05
8.31866e-05
8.34485e-05
8.39773e-05
8.48117e-05
8.59755e-05
8.74692e-05
8.92646e-05
9.1297e-05
9.34569e-05
9.55609e-05
9.74236e-05
9.87664e-05
9.92107e-05
9.84528e-05
9.62358e-05
9.23715e-05
8.68826e-05
8.03603e-05
7.36068e-05
6.76613e-05
6.32659e-05
6.04447e-05
5.84787e-05
5.54667e-05
5.21391e-05
4.59549e-05
3.69267e-05
2.38881e-05
1.33321e-05
6.76503e-07
3.58082e-07
1.29786e-05
2.78977e-05
4.08563e-05
5.02872e-05
5.61208e-05
5.91612e-05
6.01153e-05
5.97127e-05
5.86597e-05
5.74272e-05
5.65449e-05
5.61098e-05
5.61834e-05
5.67858e-05
5.77836e-05
5.91284e-05
6.06797e-05
6.24044e-05
6.42647e-05
6.6219e-05
6.82297e-05
7.02622e-05
7.22844e-05
7.42659e-05
7.61786e-05
7.79968e-05
7.96975e-05
8.12608e-05
8.26711e-05
8.39145e-05
8.49742e-05
8.58641e-05
8.65783e-05
8.71173e-05
8.74877e-05
8.7696e-05
8.77416e-05
8.7634e-05
8.73866e-05
8.7017e-05
8.65463e-05
8.59988e-05
8.5404e-05
8.48032e-05
8.42087e-05
8.36315e-05
8.31358e-05
8.27605e-05
8.25561e-05
8.25601e-05
8.28016e-05
8.33196e-05
8.41594e-05
8.53429e-05
8.68767e-05
8.87405e-05
9.08705e-05
9.31884e-05
9.55478e-05
9.77033e-05
9.93218e-05
0.000100169
9.98872e-05
9.80759e-05
9.45404e-05
8.92618e-05
8.25766e-05
7.5412e-05
6.88718e-05
6.38968e-05
6.06939e-05
5.86089e-05
5.59012e-05
5.24796e-05
4.66778e-05
3.7718e-05
2.46098e-05
1.3295e-05
6.74129e-07
3.43905e-07
1.24202e-05
2.67637e-05
3.95061e-05
4.90625e-05
5.51926e-05
5.85747e-05
5.98851e-05
5.97347e-05
5.88691e-05
5.77377e-05
5.68247e-05
5.63304e-05
5.63455e-05
5.68332e-05
5.77548e-05
5.89625e-05
6.04909e-05
6.2191e-05
6.40028e-05
6.59063e-05
6.78685e-05
6.98554e-05
7.18347e-05
7.37762e-05
7.56515e-05
7.74341e-05
7.90994e-05
8.06171e-05
8.19956e-05
8.32216e-05
8.42976e-05
8.52119e-05
8.59528e-05
8.65188e-05
8.69114e-05
8.71342e-05
8.71914e-05
8.70951e-05
8.68589e-05
8.65002e-05
8.60395e-05
8.55008e-05
8.49137e-05
8.43296e-05
8.37604e-05
8.3184e-05
8.26833e-05
8.22969e-05
8.20545e-05
8.20026e-05
8.21935e-05
8.26864e-05
8.35172e-05
8.47104e-05
8.62809e-05
8.82199e-05
9.04877e-05
9.29838e-05
9.55461e-05
9.79031e-05
9.98446e-05
0.000101052
0.000101202
9.98498e-05
9.66538e-05
9.15709e-05
8.48284e-05
7.73102e-05
7.01817e-05
6.45906e-05
6.095e-05
5.86754e-05
5.62853e-05
5.27405e-05
4.73408e-05
3.8479e-05
2.53244e-05
1.32728e-05
6.74005e-07
3.30033e-07
1.19e-05
2.56358e-05
3.81487e-05
4.78015e-05
5.42174e-05
5.79309e-05
5.9616e-05
5.97277e-05
5.90153e-05
5.80312e-05
5.71218e-05
5.6572e-05
5.6498e-05
5.69016e-05
5.77217e-05
5.88803e-05
6.02423e-05
6.18811e-05
6.36709e-05
6.55287e-05
6.74382e-05
6.93723e-05
7.13006e-05
7.31909e-05
7.50021e-05
7.67318e-05
7.83578e-05
7.98776e-05
8.12671e-05
8.25088e-05
8.35928e-05
8.451e-05
8.52514e-05
8.58197e-05
8.62175e-05
8.645e-05
8.65236e-05
8.64437e-05
8.62269e-05
8.58918e-05
8.54569e-05
8.49422e-05
8.43691e-05
8.37995e-05
8.32529e-05
8.26809e-05
8.21863e-05
8.18153e-05
8.15842e-05
8.1539e-05
8.17333e-05
8.2212e-05
8.30316e-05
8.42352e-05
8.58495e-05
8.78735e-05
9.02603e-05
9.2868e-05
9.55751e-05
9.81965e-05
0.00010045
0.000101987
0.000102433
0.000101498
9.86937e-05
9.38424e-05
8.71443e-05
7.92915e-05
7.15881e-05
6.53542e-05
6.12375e-05
5.87842e-05
5.65884e-05
5.29725e-05
4.79355e-05
3.91347e-05
2.6038e-05
1.3267e-05
6.80483e-07
3.165e-07
1.14128e-05
2.45309e-05
3.67822e-05
4.65073e-05
5.31956e-05
5.72288e-05
5.93015e-05
5.9689e-05
5.91636e-05
5.83096e-05
5.74357e-05
5.68405e-05
5.66751e-05
5.69704e-05
5.76815e-05
5.87614e-05
6.00742e-05
6.15551e-05
6.32273e-05
6.50287e-05
6.68874e-05
6.87656e-05
7.06344e-05
7.24686e-05
7.42553e-05
7.59729e-05
7.7594e-05
7.9102e-05
8.04772e-05
8.17026e-05
8.27696e-05
8.36753e-05
8.44199e-05
8.49995e-05
8.54151e-05
8.56606e-05
8.57484e-05
8.56956e-05
8.5512e-05
8.52101e-05
8.48063e-05
8.43185e-05
8.37656e-05
8.32135e-05
8.26965e-05
8.21363e-05
8.16381e-05
8.12685e-05
8.10459e-05
8.10173e-05
8.12316e-05
8.17386e-05
8.25871e-05
8.38178e-05
8.54565e-05
8.75044e-05
8.99289e-05
9.26634e-05
9.55605e-05
9.84131e-05
0.00010095
0.000102835
0.000103675
0.000103031
0.000100654
9.6064e-05
8.94263e-05
8.13263e-05
7.3082e-05
6.61824e-05
6.15332e-05
5.88437e-05
5.67857e-05
5.31747e-05
4.84759e-05
3.97241e-05
2.67567e-05
1.32927e-05
6.9117e-07
3.03261e-07
1.09568e-05
2.34647e-05
3.54326e-05
4.51845e-05
5.21264e-05
5.64658e-05
5.8937e-05
5.96205e-05
5.93394e-05
5.85997e-05
5.77701e-05
5.714e-05
5.68852e-05
5.70659e-05
5.76597e-05
5.86021e-05
5.98729e-05
6.12811e-05
6.2827e-05
6.45175e-05
6.62928e-05
6.81084e-05
6.99304e-05
7.17296e-05
7.34826e-05
7.51667e-05
7.67518e-05
7.82216e-05
7.95664e-05
8.07758e-05
8.18368e-05
8.27434e-05
8.34936e-05
8.40854e-05
8.45068e-05
8.47736e-05
8.48934e-05
8.48718e-05
8.47197e-05
8.44506e-05
8.40798e-05
8.36229e-05
8.30955e-05
8.25641e-05
8.20821e-05
8.15475e-05
8.10562e-05
8.06984e-05
8.04825e-05
8.0457e-05
8.06734e-05
8.11856e-05
8.20464e-05
8.33025e-05
8.49868e-05
8.71082e-05
8.96389e-05
9.25027e-05
9.55625e-05
9.86179e-05
0.000101404
0.000103592
0.00010479
0.000104558
0.000102474
9.82058e-05
9.16722e-05
8.34035e-05
7.46576e-05
6.70783e-05
6.18467e-05
5.88809e-05
5.68933e-05
5.337e-05
4.89605e-05
4.0225e-05
2.74829e-05
1.33126e-05
7.07416e-07
2.90245e-07
1.05203e-05
2.24802e-05
3.41196e-05
4.38535e-05
5.10163e-05
5.56448e-05
5.84966e-05
5.9529e-05
5.9492e-05
5.88966e-05
5.81268e-05
5.74752e-05
5.71365e-05
5.71992e-05
5.76648e-05
5.84841e-05
5.95974e-05
6.09813e-05
6.24545e-05
6.40306e-05
6.57107e-05
6.74481e-05
6.92045e-05
7.09438e-05
7.2636e-05
7.42616e-05
7.58056e-05
7.72458e-05
7.85681e-05
7.9761e-05
8.08135e-05
8.17191e-05
8.24742e-05
8.30687e-05
8.35109e-05
8.3803e-05
8.39493e-05
8.39578e-05
8.3839e-05
8.36055e-05
8.32711e-05
8.28499e-05
8.23536e-05
8.1847e-05
8.14048e-05
8.09068e-05
8.04335e-05
8.00987e-05
7.99038e-05
7.98981e-05
8.0135e-05
8.06707e-05
8.15608e-05
8.28558e-05
8.45925e-05
8.67838e-05
8.94056e-05
9.23846e-05
9.5589e-05
9.88239e-05
0.000101831
0.000104287
0.000105803
0.000105931
0.000104185
0.000100269
9.38976e-05
8.5506e-05
7.63054e-05
6.80426e-05
6.21792e-05
5.88706e-05
5.69067e-05
5.35771e-05
4.93963e-05
4.07534e-05
2.81777e-05
1.33655e-05
7.29999e-07
2.77352e-07
1.0101e-05
2.15963e-05
3.28395e-05
4.2485e-05
4.985e-05
5.4787e-05
5.79719e-05
5.93946e-05
5.96127e-05
5.9191e-05
5.85038e-05
5.78486e-05
5.74365e-05
5.73818e-05
5.77115e-05
5.83937e-05
5.93694e-05
6.06032e-05
6.20406e-05
6.35396e-05
6.51121e-05
6.67526e-05
6.84202e-05
7.00836e-05
7.17149e-05
7.32899e-05
7.47897e-05
7.6195e-05
7.74908e-05
7.86645e-05
7.9706e-05
8.06081e-05
8.13649e-05
8.19698e-05
8.24287e-05
8.27421e-05
8.29148e-05
8.29542e-05
8.28699e-05
8.26737e-05
8.23787e-05
8.19973e-05
8.15375e-05
8.10609e-05
8.06643e-05
8.02093e-05
7.97653e-05
7.94647e-05
7.93036e-05
7.93316e-05
7.96035e-05
8.01768e-05
8.11095e-05
8.2454e-05
8.42499e-05
8.6513e-05
8.92224e-05
9.23082e-05
9.5643e-05
9.9037e-05
0.000102238
0.00010493
0.000106732
0.0001072
0.000105847
0.00010223
9.60584e-05
8.76282e-05
7.80118e-05
6.90734e-05
6.25396e-05
5.88252e-05
5.67737e-05
5.37768e-05
4.97716e-05
4.13132e-05
2.88249e-05
1.34312e-05
7.59725e-07
2.64499e-07
9.69878e-06
2.07668e-05
3.16175e-05
4.11634e-05
4.86576e-05
5.38872e-05
5.73717e-05
5.91725e-05
5.96911e-05
5.94738e-05
5.88963e-05
5.82607e-05
5.77912e-05
5.76251e-05
5.78153e-05
5.83508e-05
5.91849e-05
6.02591e-05
6.15598e-05
6.3011e-05
6.45042e-05
6.60316e-05
6.76055e-05
6.91881e-05
7.07498e-05
7.22659e-05
7.37158e-05
7.50807e-05
7.6345e-05
7.7496e-05
7.85234e-05
7.94197e-05
8.01728e-05
8.07882e-05
8.12618e-05
8.15956e-05
8.17942e-05
8.18643e-05
8.1815e-05
8.16574e-05
8.14041e-05
8.10661e-05
8.0648e-05
8.02076e-05
7.98625e-05
7.94542e-05
7.90508e-05
7.87955e-05
7.86801e-05
7.87549e-05
7.9075e-05
7.96991e-05
8.06864e-05
8.20909e-05
8.39536e-05
8.62923e-05
8.90882e-05
9.22743e-05
9.57265e-05
9.92599e-05
0.000102628
0.000105525
0.000107575
0.00010834
0.000107319
0.000104008
9.81138e-05
8.97122e-05
7.97522e-05
7.01654e-05
6.29365e-05
5.87794e-05
5.66119e-05
5.39311e-05
5.00945e-05
4.19166e-05
2.94331e-05
1.35142e-05
7.96653e-07
2.51633e-07
9.31392e-06
2.00036e-05
3.04604e-05
3.98545e-05
4.74215e-05
5.29332e-05
5.67027e-05
5.89121e-05
5.97258e-05
5.97361e-05
5.92974e-05
5.87091e-05
5.82041e-05
5.7939e-05
5.79918e-05
5.83742e-05
5.90554e-05
5.9985e-05
6.11113e-05
6.24311e-05
6.38653e-05
6.53374e-05
6.68042e-05
6.82847e-05
6.97632e-05
7.12098e-05
7.26014e-05
7.39187e-05
7.5146e-05
7.62696e-05
7.72786e-05
7.81646e-05
7.89149e-05
7.95336e-05
8.00186e-05
8.03708e-05
8.0594e-05
8.06943e-05
8.06801e-05
8.0562e-05
8.03521e-05
8.00609e-05
7.96889e-05
7.9293e-05
7.90041e-05
7.86441e-05
7.82935e-05
7.80943e-05
7.80364e-05
7.81701e-05
7.85512e-05
7.92389e-05
8.02928e-05
8.17674e-05
8.37046e-05
8.61227e-05
8.90041e-05
9.22837e-05
9.58402e-05
9.94932e-05
0.000103003
0.000106071
0.000108335
0.000109364
0.000108656
0.000105675
0.000100055
9.17176e-05
8.15046e-05
7.13086e-05
6.33649e-05
5.8729e-05
5.65e-05
5.40263e-05
5.03383e-05
4.24971e-05
3.00565e-05
1.36249e-05
8.4227e-07
2.38811e-07
8.95225e-06
1.93368e-05
2.9381e-05
3.85625e-05
4.6206e-05
5.19217e-05
5.59433e-05
5.85877e-05
5.97086e-05
5.99688e-05
5.96985e-05
5.91884e-05
5.86754e-05
5.83307e-05
5.82547e-05
5.8483e-05
5.90032e-05
5.97765e-05
6.07557e-05
6.1895e-05
6.31926e-05
6.45823e-05
6.60014e-05
6.74109e-05
6.87961e-05
7.01556e-05
7.14739e-05
7.27336e-05
7.39164e-05
7.50076e-05
7.59931e-05
7.68523e-05
7.75963e-05
7.82159e-05
7.87096e-05
7.9078e-05
7.93241e-05
7.94535e-05
7.94742e-05
7.93962e-05
7.92313e-05
7.89896e-05
7.8668e-05
7.8327e-05
7.80928e-05
7.77859e-05
7.7502e-05
7.73691e-05
7.73794e-05
7.75838e-05
7.80382e-05
7.88016e-05
7.99334e-05
8.14878e-05
8.35063e-05
8.60067e-05
8.89715e-05
9.23367e-05
9.59833e-05
9.97352e-05
0.000103359
0.000106566
0.000109006
0.000110262
0.000109841
0.000107201
0.000101855
9.36497e-05
8.325e-05
7.24917e-05
6.38192e-05
5.86362e-05
5.61954e-05
5.40458e-05
5.05e-05
4.30628e-05
3.06917e-05
1.37621e-05
8.96573e-07
2.26066e-07
8.61272e-06
1.87359e-05
2.83941e-05
3.73259e-05
4.49736e-05
5.0912e-05
5.51577e-05
5.81483e-05
5.96469e-05
6.01694e-05
6.00923e-05
5.96919e-05
5.92023e-05
5.88038e-05
5.86153e-05
5.86949e-05
5.90509e-05
5.96589e-05
6.04794e-05
6.14696e-05
6.25888e-05
6.38267e-05
6.51457e-05
6.64852e-05
6.78141e-05
6.91138e-05
7.03693e-05
7.15645e-05
7.2689e-05
7.37253e-05
7.46635e-05
7.55014e-05
7.62327e-05
7.68492e-05
7.73484e-05
7.77303e-05
7.79974e-05
7.81548e-05
7.82099e-05
7.81724e-05
7.80539e-05
7.78643e-05
7.7596e-05
7.73235e-05
7.71343e-05
7.68912e-05
7.66893e-05
7.66311e-05
7.67199e-05
7.70061e-05
7.75452e-05
7.83957e-05
7.96159e-05
8.12586e-05
8.33636e-05
8.59474e-05
8.89916e-05
9.24324e-05
9.61532e-05
9.99818e-05
0.000103692
0.000107004
0.000109581
0.000111022
0.000110848
0.000108509
0.000103472
9.5458e-05
8.49543e-05
7.36997e-05
6.43089e-05
5.85639e-05
5.59394e-05
5.4033e-05
5.05682e-05
4.36073e-05
3.13428e-05
1.39302e-05
9.60922e-07
2.13537e-07
8.30213e-06
1.82524e-05
2.74724e-05
3.61522e-05
4.37484e-05
4.98545e-05
5.43355e-05
5.7619e-05
5.95181e-05
6.03249e-05
6.0468e-05
6.02097e-05
5.97782e-05
5.93576e-05
5.90805e-05
5.9025e-05
5.922e-05
5.96582e-05
6.03108e-05
6.11405e-05
6.21093e-05
6.3181e-05
6.4334e-05
6.55573e-05
6.67974e-05
6.80212e-05
6.9209e-05
7.03448e-05
7.1414e-05
7.24053e-05
7.33094e-05
7.41257e-05
7.4841e-05
7.54507e-05
7.5952e-05
7.63447e-05
7.66308e-05
7.68149e-05
7.69038e-05
7.69071e-05
7.68364e-05
7.67014e-05
7.64884e-05
7.6297e-05
7.61498e-05
7.59742e-05
7.58695e-05
7.58949e-05
7.60718e-05
7.64504e-05
7.7085e-05
7.80329e-05
7.93504e-05
8.10879e-05
8.32825e-05
8.59481e-05
8.90648e-05
9.25686e-05
9.6345e-05
0.000100226
0.000103992
0.000107374
0.00011005
0.000111634
0.000111666
0.000109603
0.00010488
9.71056e-05
8.65813e-05
7.49081e-05
6.4815e-05
5.84701e-05
5.56244e-05
5.39443e-05
5.05614e-05
4.4123e-05
3.20111e-05
1.41292e-05
1.03565e-06
2.01408e-07
8.02635e-06
1.78838e-05
2.66183e-05
3.50457e-05
4.25515e-05
4.87604e-05
5.34749e-05
5.70045e-05
5.93016e-05
6.04181e-05
6.08101e-05
6.0728e-05
6.03921e-05
5.99864e-05
5.96522e-05
5.94836e-05
5.9529e-05
5.97993e-05
6.02791e-05
6.09398e-05
6.17475e-05
6.26691e-05
6.36775e-05
6.47385e-05
6.58395e-05
6.69576e-05
6.80619e-05
6.91286e-05
7.01404e-05
7.1086e-05
7.19588e-05
7.27471e-05
7.3443e-05
7.40423e-05
7.45426e-05
7.49432e-05
7.52461e-05
7.54553e-05
7.55775e-05
7.56218e-05
7.56001e-05
7.55223e-05
7.53668e-05
7.52628e-05
7.5159e-05
7.50598e-05
7.50619e-05
7.51787e-05
7.54531e-05
7.59337e-05
7.66734e-05
7.77272e-05
7.91488e-05
8.09851e-05
8.32692e-05
8.60117e-05
8.91903e-05
9.27409e-05
9.65512e-05
0.000100458
0.000104249
0.000107665
0.000110398
0.000112083
0.00011228
0.000110458
0.000106023
9.85289e-05
8.80904e-05
7.60922e-05
6.53319e-05
5.83634e-05
5.52723e-05
5.36942e-05
5.0524e-05
4.45869e-05
3.26699e-05
1.43845e-05
1.12183e-06
1.89829e-07
7.78971e-06
1.75509e-05
2.5848e-05
3.39981e-05
4.13824e-05
4.76528e-05
5.25805e-05
5.63198e-05
5.89946e-05
6.04368e-05
6.11047e-05
6.12321e-05
6.10302e-05
6.06798e-05
6.03262e-05
6.00752e-05
5.99917e-05
6.01042e-05
6.0413e-05
6.09001e-05
6.15388e-05
6.22998e-05
6.31554e-05
6.40771e-05
6.50449e-05
6.60322e-05
6.70211e-05
6.79945e-05
6.89338e-05
6.9824e-05
7.06499e-05
7.14012e-05
7.2071e-05
7.26547e-05
7.31494e-05
7.35544e-05
7.38713e-05
7.41037e-05
7.42581e-05
7.43435e-05
7.43719e-05
7.43541e-05
7.42645e-05
7.42226e-05
7.41897e-05
7.41884e-05
7.42871e-05
7.4505e-05
7.48857e-05
7.54767e-05
7.63291e-05
7.74952e-05
7.90247e-05
8.096e-05
8.33296e-05
8.61397e-05
8.93654e-05
9.29425e-05
9.67612e-05
0.000100664
0.000104446
0.000107858
0.000110608
0.000112351
0.000112671
0.000111059
0.000106919
9.97386e-05
8.94473e-05
7.72207e-05
6.58449e-05
5.82348e-05
5.48744e-05
5.34929e-05
5.04643e-05
4.49957e-05
3.33044e-05
1.47007e-05
1.21966e-06
1.78887e-07
7.59098e-06
1.72201e-05
2.52137e-05
3.30828e-05
4.02837e-05
4.65582e-05
5.16594e-05
5.55678e-05
5.85697e-05
6.04006e-05
6.13487e-05
6.171e-05
6.16776e-05
6.14238e-05
6.1093e-05
6.07976e-05
6.06151e-05
6.05898e-05
6.07375e-05
6.10533e-05
6.15195e-05
6.21126e-05
6.28075e-05
6.35789e-05
6.44053e-05
6.52643e-05
6.61367e-05
6.70051e-05
6.78529e-05
6.86654e-05
6.94287e-05
7.01319e-05
7.07666e-05
7.13273e-05
7.18105e-05
7.22151e-05
7.25422e-05
7.27952e-05
7.29801e-05
7.31057e-05
7.31855e-05
7.32274e-05
7.32056e-05
7.32188e-05
7.32724e-05
7.33807e-05
7.35781e-05
7.39027e-05
7.4396e-05
7.51037e-05
7.60739e-05
7.73551e-05
7.89923e-05
8.10224e-05
8.34683e-05
8.63315e-05
8.95844e-05
9.31628e-05
9.69603e-05
0.000100825
0.000104562
0.000107932
0.000110658
0.000112414
0.000112812
0.000111375
0.000107529
0.00010066
9.05946e-05
7.82523e-05
6.63352e-05
5.80733e-05
5.43798e-05
5.3178e-05
5.03691e-05
4.53324e-05
3.39207e-05
1.50842e-05
1.3299e-06
1.68415e-07
7.40739e-06
1.69337e-05
2.47551e-05
3.2265e-05
3.92636e-05
4.54933e-05
5.07129e-05
5.48108e-05
5.80454e-05
6.02696e-05
6.15224e-05
6.21449e-05
6.23169e-05
6.22009e-05
6.19376e-05
6.16415e-05
6.13983e-05
6.1265e-05
6.12717e-05
6.1427e-05
6.17241e-05
6.21473e-05
6.26763e-05
6.32896e-05
6.39665e-05
6.46871e-05
6.54326e-05
6.61861e-05
6.6932e-05
6.76562e-05
6.83457e-05
6.89896e-05
6.95792e-05
7.01081e-05
7.05725e-05
7.09705e-05
7.13029e-05
7.15726e-05
7.17852e-05
7.19497e-05
7.20825e-05
7.21747e-05
7.22133e-05
7.23005e-05
7.24579e-05
7.26642e-05
7.29672e-05
7.34038e-05
7.40143e-05
7.48419e-05
7.59313e-05
7.7326e-05
7.90655e-05
8.11803e-05
8.36872e-05
8.65828e-05
8.98372e-05
9.33868e-05
9.71291e-05
0.00010092
0.000104572
0.00010786
0.000110519
0.000112243
0.000112673
0.000111364
0.000107727
0.000101231
9.1478e-05
7.91389e-05
6.67812e-05
5.78876e-05
5.37918e-05
5.25992e-05
5.02641e-05
4.55887e-05
3.45153e-05
1.55401e-05
1.45254e-06
1.58386e-07
7.22713e-06
1.67233e-05
2.44541e-05
3.15042e-05
3.83182e-05
4.44742e-05
4.97641e-05
5.40494e-05
5.74516e-05
6.00359e-05
6.16182e-05
6.25252e-05
6.29324e-05
6.29931e-05
6.28417e-05
6.25916e-05
6.23325e-05
6.21301e-05
6.20261e-05
6.20419e-05
6.21823e-05
6.24409e-05
6.28044e-05
6.32559e-05
6.37777e-05
6.43522e-05
6.49621e-05
6.55916e-05
6.6226e-05
6.68519e-05
6.74571e-05
6.80311e-05
6.85653e-05
6.90531e-05
6.94901e-05
6.98742e-05
7.02057e-05
7.04871e-05
7.07236e-05
7.09244e-05
7.11141e-05
7.12585e-05
7.13475e-05
7.15193e-05
7.17808e-05
7.20847e-05
7.24948e-05
7.30454e-05
7.37742e-05
7.47209e-05
7.59256e-05
7.74264e-05
7.9256e-05
8.14383e-05
8.39837e-05
8.68845e-05
9.01084e-05
9.35935e-05
9.72422e-05
0.000100918
0.000104445
0.000107608
0.000110158
0.000111807
0.000112223
0.000110964
0.000107564
0.00010143
9.2047e-05
7.9823e-05
6.71453e-05
5.76885e-05
5.31729e-05
5.19976e-05
5.01002e-05
4.57755e-05
3.509e-05
1.60716e-05
1.58777e-06
1.49019e-07
7.07449e-06
1.65697e-05
2.42179e-05
3.08728e-05
3.75322e-05
4.3538e-05
4.88408e-05
5.32792e-05
5.68239e-05
5.96837e-05
6.16524e-05
6.28462e-05
6.35109e-05
6.37823e-05
6.37852e-05
6.36282e-05
6.34016e-05
6.31757e-05
6.30008e-05
6.29087e-05
6.29153e-05
6.30241e-05
6.323e-05
6.35225e-05
6.38882e-05
6.43127e-05
6.47812e-05
6.52795e-05
6.57942e-05
6.63128e-05
6.68243e-05
6.73186e-05
6.77876e-05
6.82247e-05
6.86255e-05
6.89877e-05
6.93112e-05
6.95983e-05
6.98538e-05
7.00875e-05
7.03477e-05
7.04964e-05
7.06638e-05
7.09451e-05
7.12824e-05
7.16868e-05
7.22045e-05
7.28678e-05
7.37112e-05
7.47703e-05
7.60798e-05
7.76713e-05
7.95708e-05
8.17951e-05
8.43488e-05
8.72199e-05
9.03751e-05
9.37546e-05
9.72669e-05
0.000100785
0.000104142
0.000107138
0.000109538
0.000111063
0.000111367
0.000110161
0.000106992
0.000101204
9.22441e-05
8.02643e-05
6.73959e-05
5.74381e-05
5.24841e-05
5.12686e-05
4.97943e-05
4.58813e-05
3.56411e-05
1.66743e-05
1.73525e-06
1.40389e-07
6.95531e-06
1.64619e-05
2.39996e-05
3.04738e-05
3.67889e-05
4.26938e-05
4.79695e-05
5.25071e-05
5.62295e-05
5.925e-05
6.15885e-05
6.30952e-05
6.40413e-05
6.45536e-05
6.47489e-05
6.473e-05
6.45848e-05
6.43849e-05
6.41857e-05
6.40267e-05
6.39329e-05
6.39173e-05
6.39833e-05
6.41279e-05
6.43433e-05
6.46196e-05
6.49453e-05
6.53086e-05
6.56981e-05
6.61029e-05
6.65129e-05
6.69192e-05
6.73142e-05
6.76918e-05
6.80478e-05
6.838e-05
6.86881e-05
6.89743e-05
6.92431e-05
6.95047e-05
6.98312e-05
6.99785e-05
7.02227e-05
7.06125e-05
7.10233e-05
7.15243e-05
7.21445e-05
7.29129e-05
7.38603e-05
7.50169e-05
7.64116e-05
7.80693e-05
8.00088e-05
8.22405e-05
8.47637e-05
8.7563e-05
9.06049e-05
9.38327e-05
9.71617e-05
0.000100474
0.000103617
0.000106402
0.00010859
0.000109894
0.000110146
0.000108987
0.000105954
0.000100493
9.20009e-05
8.03968e-05
6.7491e-05
5.7113e-05
5.17533e-05
5.05177e-05
4.95802e-05
4.59089e-05
3.6169e-05
1.73477e-05
1.89478e-06
1.32458e-07
6.86155e-06
1.63895e-05
2.38253e-05
3.02342e-05
3.6141e-05
4.19738e-05
4.71709e-05
5.17631e-05
5.56463e-05
5.88107e-05
6.14027e-05
6.32943e-05
6.45229e-05
6.52968e-05
6.57167e-05
6.58766e-05
6.58594e-05
6.57356e-05
6.55624e-05
6.53839e-05
6.52322e-05
6.51279e-05
6.50825e-05
6.51005e-05
6.51806e-05
6.53181e-05
6.55061e-05
6.57362e-05
6.59995e-05
6.62872e-05
6.65911e-05
6.69034e-05
6.72176e-05
6.75284e-05
6.78322e-05
6.81269e-05
6.84125e-05
6.86911e-05
6.89669e-05
6.92503e-05
6.9618e-05
6.97904e-05
7.01007e-05
7.0573e-05
7.10629e-05
7.1651e-05
7.23612e-05
7.3219e-05
7.42499e-05
7.54789e-05
7.69285e-05
7.86168e-05
8.05562e-05
8.27512e-05
8.51967e-05
8.7875e-05
9.07532e-05
9.37786e-05
9.6874e-05
9.99327e-05
0.000102813
0.000105331
0.000107221
0.000108399
0.000108536
0.000107325
0.000104391
9.92399e-05
9.12437e-05
8.01439e-05
6.73742e-05
5.66517e-05
5.09485e-05
4.96397e-05
4.91225e-05
4.58059e-05
3.66739e-05
1.81007e-05
2.0656e-06
1.25162e-07
6.78679e-06
1.63469e-05
2.37118e-05
3.00597e-05
3.56887e-05
4.12978e-05
4.64993e-05
5.10888e-05
5.50812e-05
5.84309e-05
6.11536e-05
6.33902e-05
6.49666e-05
6.60122e-05
6.66803e-05
6.70527e-05
6.72052e-05
6.72047e-05
6.71077e-05
6.69605e-05
6.67992e-05
6.66502e-05
6.65317e-05
6.64549e-05
6.64249e-05
6.64431e-05
6.65073e-05
6.66134e-05
6.6756e-05
6.69292e-05
6.71269e-05
6.73433e-05
6.75733e-05
6.78128e-05
6.80589e-05
6.83101e-05
6.85669e-05
6.88311e-05
6.91071e-05
6.94007e-05
6.98176e-05
7.00264e-05
7.03723e-05
7.08999e-05
7.14566e-05
7.21138e-05
7.28919e-05
7.38118e-05
7.48942e-05
7.61582e-05
7.76202e-05
7.92922e-05
8.11808e-05
8.32859e-05
8.55987e-05
8.81006e-05
9.076e-05
9.35288e-05
9.63382e-05
9.90936e-05
0.000101667
0.00010382
0.000105513
0.000106456
0.000106415
0.000105121
0.000102245
9.73537e-05
8.98935e-05
7.94208e-05
6.69926e-05
5.60421e-05
5.0059e-05
4.87046e-05
4.85518e-05
4.55944e-05
3.71594e-05
1.89238e-05
2.24661e-06
1.18444e-07
6.7264e-06
1.63304e-05
2.36629e-05
2.99117e-05
3.5454e-05
4.07377e-05
4.58833e-05
5.05014e-05
5.45595e-05
5.80733e-05
6.10015e-05
6.33901e-05
6.53387e-05
6.67067e-05
6.76406e-05
6.82517e-05
6.86087e-05
6.87733e-05
6.87995e-05
6.87334e-05
6.86129e-05
6.84682e-05
6.83221e-05
6.81912e-05
6.80866e-05
6.80149e-05
6.79794e-05
6.79803e-05
6.80166e-05
6.80854e-05
6.81836e-05
6.83079e-05
6.8455e-05
6.86223e-05
6.8808e-05
6.90114e-05
6.92334e-05
6.94759e-05
6.97431e-05
7.00383e-05
7.04554e-05
7.07453e-05
7.10852e-05
7.1633e-05
7.2246e-05
7.2941e-05
7.37514e-05
7.46932e-05
7.57817e-05
7.70304e-05
7.84503e-05
8.00481e-05
8.18259e-05
8.37797e-05
8.58988e-05
8.8164e-05
9.05461e-05
9.30021e-05
9.5472e-05
9.78747e-05
0.000100039
0.000101915
0.000103292
0.000103968
0.000103724
0.000102318
9.94681e-05
9.48065e-05
8.78841e-05
7.81288e-05
6.62365e-05
5.52499e-05
4.90364e-05
4.76657e-05
4.79412e-05
4.52148e-05
3.7613e-05
1.98143e-05
2.43652e-06
1.12271e-07
6.67791e-06
1.63364e-05
2.36655e-05
2.98208e-05
3.53374e-05
4.0371e-05
4.53437e-05
5.00311e-05
5.41421e-05
5.77783e-05
6.08971e-05
6.34996e-05
6.56173e-05
6.73647e-05
6.86097e-05
6.94784e-05
7.00669e-05
7.04314e-05
7.06221e-05
7.06831e-05
7.06523e-05
7.05615e-05
7.04367e-05
7.02983e-05
7.01619e-05
7.00389e-05
6.9937e-05
6.98614e-05
6.98146e-05
6.97978e-05
6.9811e-05
6.98534e-05
6.99241e-05
7.00221e-05
7.01471e-05
7.02993e-05
7.04798e-05
7.06909e-05
7.09361e-05
7.12184e-05
7.15881e-05
7.19846e-05
7.22804e-05
7.27831e-05
7.34278e-05
7.4119e-05
7.49145e-05
7.58254e-05
7.6862e-05
7.80334e-05
7.93461e-05
8.08028e-05
8.24022e-05
8.41378e-05
8.59977e-05
8.79634e-05
9.00084e-05
9.20954e-05
9.4173e-05
9.61558e-05
9.79432e-05
9.94399e-05
0.000100472
0.000100855
0.000100388
9.88514e-05
9.60033e-05
9.1548e-05
8.50999e-05
7.61643e-05
6.49944e-05
5.42222e-05
4.78277e-05
4.64745e-05
4.71609e-05
4.49217e-05
3.8014e-05
2.07592e-05
2.63355e-06
1.06637e-07
6.6413e-06
1.63645e-05
2.37167e-05
2.98124e-05
3.52474e-05
4.02342e-05
4.49858e-05
4.96028e-05
5.38567e-05
5.7588e-05
6.08697e-05
6.36846e-05
6.60415e-05
6.79592e-05
6.95682e-05
7.07525e-05
7.15916e-05
7.21835e-05
7.25731e-05
7.28014e-05
7.29046e-05
7.29149e-05
7.28595e-05
7.27614e-05
7.26393e-05
7.25082e-05
7.23796e-05
7.22624e-05
7.2163e-05
7.20859e-05
7.20341e-05
7.20096e-05
7.20136e-05
7.20473e-05
7.21114e-05
7.22071e-05
7.23361e-05
7.25005e-05
7.27035e-05
7.29482e-05
7.32496e-05
7.36458e-05
7.39978e-05
7.43502e-05
7.49202e-05
7.55813e-05
7.63009e-05
7.71159e-05
7.80321e-05
7.9055e-05
8.01878e-05
8.14305e-05
8.27795e-05
8.42271e-05
8.57612e-05
8.73647e-05
8.90144e-05
9.06789e-05
9.23221e-05
9.38315e-05
9.52025e-05
9.62875e-05
9.69495e-05
9.70232e-05
9.63219e-05
9.46455e-05
9.17821e-05
8.74897e-05
8.14431e-05
7.34317e-05
6.31463e-05
5.28483e-05
4.64138e-05
4.51528e-05
4.61698e-05
4.47412e-05
3.83469e-05
2.17452e-05
2.83588e-06
1.0158e-07
6.61944e-06
1.64182e-05
2.38167e-05
2.9879e-05
3.52405e-05
4.02e-05
4.486e-05
4.93463e-05
5.36625e-05
5.75133e-05
6.09572e-05
6.39759e-05
6.65687e-05
6.87498e-05
7.05478e-05
7.20405e-05
7.32134e-05
7.40534e-05
7.46702e-05
7.50993e-05
7.53744e-05
7.55267e-05
7.5584e-05
7.55704e-05
7.55063e-05
7.5409e-05
7.52929e-05
7.51696e-05
7.50484e-05
7.49365e-05
7.48398e-05
7.47624e-05
7.47077e-05
7.46784e-05
7.46767e-05
7.47047e-05
7.47643e-05
7.48579e-05
7.49882e-05
7.5158e-05
7.5373e-05
7.56479e-05
7.59875e-05
7.63113e-05
7.6636e-05
7.7159e-05
7.77549e-05
7.84014e-05
7.91217e-05
7.99197e-05
8.07965e-05
8.17505e-05
8.27768e-05
8.38677e-05
8.50118e-05
8.61943e-05
8.73955e-05
8.85882e-05
8.9729e-05
9.07854e-05
9.16848e-05
9.23325e-05
9.26083e-05
9.23642e-05
9.14291e-05
8.96185e-05
8.67442e-05
8.26143e-05
7.7009e-05
6.96525e-05
6.0571e-05
5.10463e-05
4.47879e-05
4.37005e-05
4.48914e-05
4.42181e-05
3.85869e-05
2.2752e-05
3.04137e-06
9.72135e-08
6.62176e-06
1.6508e-05
2.39731e-05
3.00263e-05
3.53457e-05
4.02621e-05
4.49244e-05
4.93834e-05
5.36203e-05
5.76346e-05
6.12331e-05
6.44463e-05
6.72672e-05
6.97017e-05
7.17675e-05
7.34906e-05
7.48958e-05
7.609e-05
7.69567e-05
7.76132e-05
7.8088e-05
7.8413e-05
7.86157e-05
7.87204e-05
7.87479e-05
7.87167e-05
7.86426e-05
7.85391e-05
7.84175e-05
7.82871e-05
7.81558e-05
7.80296e-05
7.79137e-05
7.78122e-05
7.77285e-05
7.76654e-05
7.76257e-05
7.76117e-05
7.76261e-05
7.76712e-05
7.77502e-05
7.78691e-05
7.80331e-05
7.82305e-05
7.84766e-05
7.8659e-05
7.89995e-05
7.94339e-05
7.98788e-05
8.03751e-05
8.09211e-05
8.15144e-05
8.21505e-05
8.2822e-05
8.35195e-05
8.4231e-05
8.49413e-05
8.5629e-05
8.62576e-05
8.68131e-05
8.72279e-05
8.7429e-05
8.73159e-05
8.67595e-05
8.56055e-05
8.36841e-05
8.08238e-05
7.68675e-05
7.16762e-05
6.51111e-05
5.69845e-05
4.87178e-05
4.29436e-05
4.21764e-05
4.36549e-05
4.37747e-05
3.8814e-05
2.37661e-05
3.248e-06
9.38599e-08
6.63048e-06
1.66446e-05
2.42032e-05
3.02732e-05
3.55831e-05
4.04924e-05
4.51627e-05
4.96504e-05
5.39394e-05
5.80462e-05
6.17816e-05
6.51882e-05
6.82349e-05
7.09189e-05
7.32477e-05
7.52381e-05
7.69095e-05
7.82821e-05
7.94703e-05
8.03965e-05
8.108e-05
8.15901e-05
8.19521e-05
8.21887e-05
8.23206e-05
8.23662e-05
8.2342e-05
8.22627e-05
8.21409e-05
8.19875e-05
8.18117e-05
8.16213e-05
8.14228e-05
8.12215e-05
8.10222e-05
8.08285e-05
8.06439e-05
8.04713e-05
8.03132e-05
8.01723e-05
8.00508e-05
7.99518e-05
7.98783e-05
7.98302e-05
7.98143e-05
7.97809e-05
7.97847e-05
7.9837e-05
7.99512e-05
8.00756e-05
8.02234e-05
8.03933e-05
8.05826e-05
8.07849e-05
8.09936e-05
8.12004e-05
8.13947e-05
8.15618e-05
8.16781e-05
8.17205e-05
8.16537e-05
8.1419e-05
8.09338e-05
8.00893e-05
7.87505e-05
7.67636e-05
7.39713e-05
7.02383e-05
6.54836e-05
5.96993e-05
5.27582e-05
4.5459e-05
4.08465e-05
4.05071e-05
4.2355e-05
4.30409e-05
3.88728e-05
2.48043e-05
3.45384e-06
9.16682e-08
6.64523e-06
1.6857e-05
2.45442e-05
3.06617e-05
3.60005e-05
4.0948e-05
4.56752e-05
5.02421e-05
5.46506e-05
5.88099e-05
6.27307e-05
6.63354e-05
6.96062e-05
7.25502e-05
7.51118e-05
7.73489e-05
7.9281e-05
8.09075e-05
8.22587e-05
8.33963e-05
8.43385e-05
8.50163e-05
8.5519e-05
8.58677e-05
8.60822e-05
8.61809e-05
8.61808e-05
8.60973e-05
8.59441e-05
8.57331e-05
8.54749e-05
8.51785e-05
8.48517e-05
8.45012e-05
8.41327e-05
8.37512e-05
8.33609e-05
8.29652e-05
8.25674e-05
8.21703e-05
8.17761e-05
8.13872e-05
8.10056e-05
8.06326e-05
8.02711e-05
7.99163e-05
7.95039e-05
7.917e-05
7.8914e-05
7.85696e-05
7.82663e-05
7.79665e-05
7.76739e-05
7.73798e-05
7.7082e-05
7.67768e-05
7.64581e-05
7.61169e-05
7.57328e-05
7.52901e-05
7.47814e-05
7.41532e-05
7.33408e-05
7.22583e-05
7.0794e-05
6.88151e-05
6.618e-05
6.27682e-05
5.85359e-05
5.36499e-05
4.82165e-05
4.23996e-05
3.82659e-05
3.86227e-05
4.10757e-05
4.22518e-05
3.88523e-05
2.58314e-05
3.65721e-06
9.08492e-08
6.70327e-06
1.72056e-05
2.50685e-05
3.12755e-05
3.66929e-05
4.17372e-05
4.6585e-05
5.12962e-05
5.5875e-05
6.01544e-05
6.42269e-05
6.80197e-05
7.1495e-05
7.46395e-05
7.74341e-05
7.99045e-05
8.20259e-05
8.38177e-05
8.53437e-05
8.65784e-05
8.76131e-05
8.84664e-05
8.90439e-05
8.9437e-05
8.96665e-05
8.97511e-05
8.97083e-05
8.95539e-05
8.93025e-05
8.8967e-05
8.85588e-05
8.80882e-05
8.75642e-05
8.69946e-05
8.63865e-05
8.57457e-05
8.50775e-05
8.43862e-05
8.3676e-05
8.29502e-05
8.22118e-05
8.14633e-05
8.07063e-05
7.99428e-05
7.91753e-05
7.84072e-05
7.75752e-05
7.67669e-05
7.60483e-05
7.53267e-05
7.45415e-05
7.3724e-05
7.2956e-05
7.21741e-05
7.13927e-05
7.06105e-05
6.98252e-05
6.90327e-05
6.82347e-05
6.74171e-05
6.65332e-05
6.55733e-05
6.45037e-05
6.32701e-05
6.1796e-05
5.99853e-05
5.77293e-05
5.49303e-05
5.15218e-05
4.74919e-05
4.33425e-05
3.92208e-05
3.66684e-05
3.6811e-05
3.95535e-05
4.13333e-05
3.86694e-05
2.67873e-05
3.85709e-06
9.21635e-08
6.87112e-06
1.77863e-05
2.59002e-05
3.22561e-05
3.78143e-05
4.30223e-05
4.80544e-05
5.29815e-05
5.7545e-05
6.19425e-05
6.62476e-05
7.02156e-05
7.38399e-05
7.71122e-05
8.00257e-05
8.2588e-05
8.48056e-05
8.67145e-05
8.82324e-05
8.94773e-05
9.04364e-05
9.12789e-05
9.18634e-05
9.21781e-05
9.2307e-05
9.22676e-05
9.20768e-05
9.1751e-05
9.13048e-05
9.07517e-05
9.01037e-05
8.93718e-05
8.85663e-05
8.76963e-05
8.67698e-05
8.57943e-05
8.47755e-05
8.37192e-05
8.26312e-05
8.15159e-05
8.03769e-05
7.92185e-05
7.80403e-05
7.68486e-05
7.56477e-05
7.44329e-05
7.31568e-05
7.19518e-05
7.07827e-05
6.95714e-05
6.83598e-05
6.7195e-05
6.59653e-05
6.47499e-05
6.35754e-05
6.24182e-05
6.12784e-05
6.01554e-05
5.90496e-05
5.79598e-05
5.68801e-05
5.5792e-05
5.46698e-05
5.34756e-05
5.21533e-05
5.06283e-05
4.88049e-05
4.65911e-05
4.39291e-05
4.09207e-05
3.79101e-05
3.53573e-05
3.41409e-05
3.57691e-05
3.84393e-05
4.04404e-05
3.83788e-05
2.76383e-05
4.05509e-06
9.63973e-08
7.17699e-06
1.87583e-05
2.72057e-05
3.37556e-05
3.94798e-05
4.48728e-05
5.00407e-05
5.47806e-05
5.93866e-05
6.407e-05
6.84326e-05
7.24363e-05
7.60504e-05
7.92747e-05
8.21111e-05
8.45697e-05
8.66652e-05
8.84208e-05
8.98553e-05
9.09073e-05
9.16379e-05
9.22404e-05
9.26399e-05
9.27287e-05
9.26136e-05
9.23145e-05
9.18492e-05
9.12339e-05
9.04838e-05
8.9612e-05
8.86295e-05
8.75485e-05
8.63811e-05
8.51378e-05
8.38282e-05
8.24616e-05
8.10435e-05
7.9583e-05
7.80891e-05
7.65666e-05
7.50203e-05
7.34566e-05
7.18679e-05
7.02802e-05
6.86885e-05
6.70567e-05
6.5499e-05
6.39462e-05
6.2385e-05
6.08454e-05
5.93298e-05
5.78458e-05
5.64337e-05
5.49817e-05
5.35589e-05
5.22255e-05
5.09368e-05
4.96962e-05
4.85063e-05
4.73691e-05
4.62838e-05
4.52466e-05
4.42451e-05
4.32638e-05
4.2273e-05
4.12339e-05
4.00835e-05
3.87662e-05
3.72291e-05
3.55243e-05
3.38337e-05
3.26382e-05
3.25527e-05
3.43291e-05
3.78095e-05
3.99923e-05
3.79016e-05
2.82353e-05
4.2534e-06
1.0492e-07
7.66153e-06
2.00364e-05
2.89889e-05
3.55753e-05
4.11855e-05
4.62803e-05
5.11127e-05
5.60191e-05
6.0834e-05
6.5314e-05
6.93679e-05
7.30935e-05
7.6422e-05
7.93138e-05
8.17801e-05
8.38498e-05
8.5547e-05
8.68957e-05
8.7918e-05
8.86275e-05
8.89777e-05
8.9116e-05
8.91264e-05
8.88273e-05
8.83225e-05
8.76361e-05
8.67844e-05
8.57832e-05
8.46478e-05
8.33915e-05
8.20175e-05
8.05437e-05
7.89864e-05
7.73585e-05
7.56709e-05
7.39368e-05
7.21549e-05
7.03489e-05
6.85319e-05
6.67004e-05
6.48632e-05
6.30257e-05
6.11598e-05
5.9371e-05
5.76091e-05
5.58331e-05
5.40989e-05
5.24094e-05
5.07589e-05
4.91681e-05
4.76301e-05
4.61509e-05
4.47672e-05
4.33912e-05
4.2088e-05
4.08837e-05
3.9758e-05
3.87147e-05
3.77574e-05
3.68903e-05
3.61137e-05
3.5432e-05
3.48419e-05
3.43448e-05
3.39272e-05
3.35775e-05
3.32525e-05
3.29309e-05
3.25538e-05
3.21472e-05
3.17511e-05
3.16611e-05
3.22371e-05
3.40086e-05
3.66977e-05
3.90137e-05
3.72088e-05
2.82848e-05
4.46139e-06
1.19886e-07
8.43654e-06
2.10905e-05
2.97307e-05
3.59336e-05
4.11695e-05
4.60096e-05
5.06682e-05
5.50706e-05
5.91544e-05
6.28188e-05
6.60563e-05
6.89353e-05
7.1437e-05
7.35587e-05
7.53012e-05
7.66758e-05
7.77041e-05
7.84101e-05
7.88167e-05
7.89414e-05
7.87701e-05
7.83914e-05
7.79079e-05
7.71317e-05
7.61844e-05
7.50969e-05
7.38685e-05
7.25167e-05
7.10572e-05
6.95047e-05
6.78779e-05
6.61875e-05
6.4445e-05
6.26625e-05
6.08506e-05
5.90266e-05
5.71661e-05
5.53453e-05
5.35588e-05
5.1772e-05
5.0014e-05
4.82942e-05
4.66056e-05
4.49734e-05
4.34036e-05
4.1882e-05
4.0419e-05
3.90278e-05
3.76982e-05
3.64882e-05
3.53075e-05
3.4191e-05
3.32007e-05
3.22919e-05
3.147e-05
3.07452e-05
3.01203e-05
2.95985e-05
2.91819e-05
2.88748e-05
2.86766e-05
2.85927e-05
2.86211e-05
2.87704e-05
2.90277e-05
2.93921e-05
2.98248e-05
3.03301e-05
3.08391e-05
3.13717e-05
3.18627e-05
3.24694e-05
3.32741e-05
3.47482e-05
3.67995e-05
3.87549e-05
3.64661e-05
2.77151e-05
4.59237e-06
1.4419e-07
9.44614e-06
2.19345e-05
2.91154e-05
3.37979e-05
3.76948e-05
4.12428e-05
4.45124e-05
4.74943e-05
5.01743e-05
5.25175e-05
5.45288e-05
5.62332e-05
5.76378e-05
5.87504e-05
5.958e-05
6.01372e-05
6.0439e-05
6.05044e-05
6.03526e-05
6.00007e-05
5.9458e-05
5.87413e-05
5.79345e-05
5.70144e-05
5.59368e-05
5.47721e-05
5.35291e-05
5.22207e-05
5.086e-05
4.94599e-05
4.80341e-05
4.65933e-05
4.51477e-05
4.37072e-05
4.228e-05
4.08777e-05
3.95009e-05
3.81585e-05
3.68619e-05
3.56128e-05
3.44169e-05
3.32815e-05
3.22052e-05
3.12072e-05
3.02843e-05
2.94023e-05
2.86031e-05
2.78942e-05
2.72582e-05
2.67085e-05
2.62371e-05
2.58399e-05
2.55281e-05
2.52992e-05
2.51556e-05
2.50988e-05
2.51301e-05
2.52497e-05
2.54575e-05
2.57541e-05
2.61379e-05
2.66102e-05
2.71705e-05
2.78267e-05
2.85568e-05
2.93779e-05
3.02376e-05
3.11598e-05
3.2072e-05
3.30051e-05
3.38437e-05
3.4675e-05
3.5406e-05
3.63489e-05
3.74064e-05
3.83676e-05
3.54041e-05
2.67129e-05
4.64279e-06
1.79198e-07
9.98775e-06
1.97943e-05
2.3469e-05
2.54766e-05
2.71537e-05
2.87373e-05
3.02262e-05
3.16055e-05
3.28525e-05
3.39437e-05
3.48686e-05
3.56265e-05
3.62204e-05
3.6656e-05
3.69411e-05
3.70849e-05
3.70981e-05
3.69926e-05
3.67804e-05
3.6473e-05
3.6081e-05
3.56103e-05
3.50849e-05
3.45255e-05
3.39164e-05
3.32737e-05
3.26077e-05
3.19269e-05
3.12392e-05
3.05518e-05
2.98724e-05
2.92051e-05
2.85572e-05
2.79338e-05
2.73382e-05
2.67752e-05
2.62483e-05
2.57587e-05
2.53089e-05
2.49032e-05
2.45405e-05
2.42269e-05
2.39647e-05
2.37566e-05
2.36063e-05
2.3507e-05
2.34605e-05
2.34695e-05
2.35328e-05
2.36493e-05
2.38198e-05
2.40411e-05
2.43153e-05
2.46347e-05
2.50153e-05
2.54531e-05
2.59444e-05
2.64845e-05
2.70718e-05
2.77035e-05
2.83762e-05
2.90917e-05
2.98402e-05
3.06275e-05
3.14401e-05
3.22947e-05
3.31614e-05
3.40756e-05
3.49543e-05
3.58408e-05
3.66066e-05
3.73003e-05
3.77575e-05
3.81165e-05
3.81964e-05
3.77137e-05
3.39824e-05
2.50754e-05
4.57998e-06
2.23923e-07
9.32455e-06
1.36421e-05
1.38966e-05
1.43848e-05
1.50458e-05
1.57941e-05
1.65707e-05
1.73413e-05
1.80812e-05
1.87729e-05
1.94061e-05
1.99763e-05
2.04824e-05
2.0926e-05
2.131e-05
2.16382e-05
2.19151e-05
2.21455e-05
2.23344e-05
2.24865e-05
2.26069e-05
2.26993e-05
2.27672e-05
2.28191e-05
2.28575e-05
2.28856e-05
2.29067e-05
2.29241e-05
2.29409e-05
2.29601e-05
2.29843e-05
2.30159e-05
2.30572e-05
2.31103e-05
2.31769e-05
2.32587e-05
2.33569e-05
2.34734e-05
2.36071e-05
2.37637e-05
2.39329e-05
2.41401e-05
2.43808e-05
2.465e-05
2.49452e-05
2.5264e-05
2.56045e-05
2.5965e-05
2.6345e-05
2.67432e-05
2.71592e-05
2.75926e-05
2.80416e-05
2.85088e-05
2.89865e-05
2.9474e-05
2.99749e-05
3.04887e-05
3.10194e-05
3.15638e-05
3.21227e-05
3.27004e-05
3.32917e-05
3.39083e-05
3.45304e-05
3.51901e-05
3.58343e-05
3.65213e-05
3.71257e-05
3.77475e-05
3.82219e-05
3.86011e-05
3.86984e-05
3.8539e-05
3.77323e-05
3.51277e-05
3.08427e-05
2.12977e-05
4.20159e-06
3.00983e-07
8.22205e-06
9.70864e-06
1.06399e-05
1.19852e-05
1.33286e-05
1.46265e-05
1.58373e-05
1.69401e-05
1.79326e-05
1.88214e-05
1.96164e-05
2.0327e-05
2.09623e-05
2.15308e-05
2.20401e-05
2.24976e-05
2.29098e-05
2.32824e-05
2.36207e-05
2.39292e-05
2.42119e-05
2.44728e-05
2.47146e-05
2.494e-05
2.51517e-05
2.53524e-05
2.5544e-05
2.57285e-05
2.59074e-05
2.60822e-05
2.62541e-05
2.64242e-05
2.65935e-05
2.67628e-05
2.6933e-05
2.71046e-05
2.72786e-05
2.74547e-05
2.76354e-05
2.78174e-05
2.80079e-05
2.81946e-05
2.83789e-05
2.85628e-05
2.87478e-05
2.89357e-05
2.91276e-05
2.93249e-05
2.95284e-05
2.9739e-05
2.99575e-05
3.01849e-05
3.04214e-05
3.0668e-05
3.09246e-05
3.11912e-05
3.14676e-05
3.17546e-05
3.20504e-05
3.23588e-05
3.26758e-05
3.30085e-05
3.33436e-05
3.37043e-05
3.40497e-05
3.44524e-05
3.47895e-05
3.52026e-05
3.54489e-05
3.57967e-05
3.59246e-05
3.59825e-05
3.57817e-05
3.52715e-05
3.38991e-05
3.11204e-05
2.55868e-05
1.35592e-05
3.73078e-06
1.84795e-07
3.80163e-07
6.17602e-07
8.38061e-07
1.04999e-06
1.24996e-06
1.44201e-06
1.62862e-06
1.80955e-06
1.98332e-06
2.14849e-06
2.30414e-06
2.44987e-06
2.58562e-06
2.71153e-06
2.82786e-06
2.93498e-06
3.03329e-06
3.12333e-06
3.20558e-06
3.28064e-06
3.349e-06
3.41126e-06
3.46789e-06
3.51946e-06
3.56641e-06
3.60922e-06
3.64836e-06
3.68424e-06
3.71726e-06
3.74778e-06
3.77616e-06
3.80267e-06
3.82769e-06
3.85138e-06
3.87412e-06
3.89597e-06
3.91736e-06
3.93824e-06
3.95905e-06
3.97971e-06
4.00058e-06
4.02177e-06
4.04311e-06
4.0648e-06
4.08662e-06
4.10895e-06
4.13145e-06
4.15474e-06
4.1783e-06
4.20305e-06
4.2281e-06
4.25487e-06
4.28186e-06
4.31129e-06
4.34063e-06
4.37336e-06
4.40525e-06
4.44187e-06
4.47624e-06
4.51719e-06
4.55359e-06
4.59909e-06
4.63639e-06
4.68568e-06
4.72187e-06
4.77218e-06
4.80698e-06
4.86085e-06
4.90482e-06
4.96319e-06
5.01194e-06
5.06643e-06
5.10582e-06
5.14006e-06
5.12971e-06
5.07397e-06
4.9106e-06
4.47555e-06
3.26275e-06
)
;

boundaryField
{
    movingWall
    {
        type            nutkWallFunction;
        Cmu             0.09;
        kappa           0.41;
        E               9.8;
        value           uniform 0;
    }
    fixedWalls
    {
        type            nutkWallFunction;
        Cmu             0.09;
        kappa           0.41;
        E               9.8;
        value           uniform 0;
    }
    frontAndBack
    {
        type            empty;
    }
}


// ************************************************************************* //
