/*--------------------------------*- C++ -*----------------------------------*\
  =========                 |
  \\      /  F ield         | OpenFOAM: The Open Source CFD Toolbox
   \\    /   O peration     | Website:  https://openfoam.org
    \\  /    A nd           | Version:  13
     \\/     M anipulation  |
\*---------------------------------------------------------------------------*/
FoamFile
{
    format      ascii;
    class       volScalarField;
    location    "7.3";
    object      p;
}
// * * * * * * * * * * * * * * * * * * * * * * * * * * * * * * * * * * * * * //

dimensions      [0 2 -2 0 0 0 0];

internalField   nonuniform List<scalar> 
6400
(
7.14839e-09
1.97829e-05
2.87707e-05
1.38033e-05
-3.03716e-05
-9.86945e-05
-0.000181518
-0.000269743
-0.000357103
-0.000440505
-0.000520644
-0.000601712
-0.000688388
-0.000785842
-0.000899222
-0.00103261
-0.00118894
-0.00136992
-0.00157679
-0.00181025
-0.00207071
-0.0023595
-0.00267948
-0.00303513
-0.00343282
-0.00387723
-0.00436365
-0.00488319
-0.00541395
-0.00592098
-0.00639897
-0.00685568
-0.00728907
-0.00769642
-0.00807249
-0.00840879
-0.00869414
-0.00891553
-0.00905922
-0.00911154
-0.00905945
-0.00889174
-0.00860007
-0.00817986
-0.00762834
-0.00693834
-0.00610267
-0.00513697
-0.00405779
-0.00287229
-0.00160065
-0.000263869
0.00110931
0.0024867
0.00382836
0.00508915
0.00622464
0.00719327
0.00795517
0.00847856
0.00874442
0.0087498
0.0085075
0.00803902
0.0074022
0.00664975
0.00584675
0.00505663
0.00433646
0.0037167
0.00323239
0.00289563
0.00267642
0.00254832
0.00249291
0.00248617
0.0025087
0.00254525
0.00258511
0.00261238
-1.49672e-05
5.21764e-06
9.59308e-06
-1.03407e-05
-5.73637e-05
-0.000125634
-0.000204551
-0.000285597
-0.000363831
-0.000437922
-0.000509926
-0.000583894
-0.000664648
-0.000756905
-0.000864526
-0.000991035
-0.00113972
-0.00131307
-0.00151174
-0.00173595
-0.00198473
-0.00225859
-0.00256063
-0.00289344
-0.00326011
-0.00366771
-0.00412373
-0.00462699
-0.00516399
-0.00571086
-0.00623947
-0.00674012
-0.00721474
-0.00766024
-0.00807095
-0.00843831
-0.00875131
-0.00899756
-0.00916405
-0.00923832
-0.00920845
-0.00906434
-0.00879817
-0.00840393
-0.00787651
-0.00721196
-0.00641782
-0.00550071
-0.00446201
-0.00331854
-0.00208826
-0.000793973
0.000536705
0.00187076
0.00317063
0.0043963
0.0055053
0.00645566
0.00721102
0.00774088
0.00802577
0.00806182
0.00786084
0.0074493
0.00687207
0.00618363
0.00544588
0.0047186
0.00405485
0.00349663
0.00306341
0.00276267
0.00258166
0.00249627
0.0024816
0.0025114
0.0025545
0.00259323
0.00262574
0.00265157
-3.10577e-05
-8.63267e-06
-9.8644e-06
-3.88917e-05
-9.38894e-05
-0.000164743
-0.000239826
-0.000310982
-0.000375542
-0.000435175
-0.00049361
-0.000555778
-0.000626696
-0.000710131
-0.000808567
-0.000923808
-0.0010574
-0.00121158
-0.00138858
-0.00159112
-0.00182275
-0.00208668
-0.00238717
-0.00272915
-0.00311689
-0.00355288
-0.00403759
-0.00456729
-0.00513141
-0.00571262
-0.00629102
-0.00685062
-0.00738201
-0.00787865
-0.00833364
-0.00873802
-0.0090817
-0.0093538
-0.00954282
-0.00963746
-0.00962757
-0.00950428
-0.0092604
-0.00889064
-0.00839242
-0.00776516
-0.00700301
-0.00611974
-0.00512168
-0.00402088
-0.00283372
-0.00158147
-0.00029029
0.00100891
0.00228096
0.00348785
0.00458796
0.00554003
0.00630837
0.00686353
0.00718543
0.00726795
0.00712209
0.00677358
0.00626423
0.00564685
0.00497287
0.00431179
0.00370754
0.00319836
0.00280902
0.00255396
0.00242118
0.00238266
0.00240531
0.00246602
0.00253515
0.00259316
0.00264061
0.00267782
-3.97116e-05
-1.81825e-05
-2.68599e-05
-6.70241e-05
-0.000132125
-0.00020619
-0.000277675
-0.000340057
-0.000391967
-0.000435647
-0.000477252
-0.000523496
-0.000579885
-0.000650143
-0.000736003
-0.00083824
-0.000958203
-0.00109868
-0.00126354
-0.00145827
-0.00168989
-0.00196618
-0.00229457
-0.0026777
-0.00311793
-0.00361653
-0.00416964
-0.00476702
-0.00539312
-0.00603133
-0.00666515
-0.00727944
-0.00786182
-0.00840319
-0.00889522
-0.00932874
-0.00969496
-0.00998427
-0.0101867
-0.0102925
-0.0102931
-0.0101807
-0.00994888
-0.00959329
-0.00911221
-0.00850453
-0.00777015
-0.0069144
-0.00594438
-0.00487143
-0.00371101
-0.00248293
-0.00121127
7.57359e-05
0.00134519
0.00255938
0.00367752
0.00465951
0.00546782
0.00607185
0.00645013
0.00659256
0.00650737
0.00621995
0.00576929
0.00520427
0.00458089
0.00395979
0.00339104
0.00291347
0.0025515
0.00231642
0.00220085
0.00218883
0.00225143
0.00234748
0.00244857
0.00253697
0.00260846
0.00265813
-3.41951e-05
-1.99963e-05
-3.87387e-05
-9.0398e-05
-0.000165066
-0.000242063
-0.000309959
-0.0003637
-0.000403295
-0.000433039
-0.000460116
-0.000492124
-0.000535019
-0.000592473
-0.000666611
-0.000759221
-0.000873368
-0.00101474
-0.00119037
-0.00140831
-0.00167838
-0.00200617
-0.00239646
-0.00285367
-0.00337725
-0.0039614
-0.00459615
-0.00526713
-0.00595692
-0.00664935
-0.00732899
-0.00798337
-0.00860191
-0.00917415
-0.00969104
-0.0101439
-0.0105244
-0.0108239
-0.011034
-0.0111466
-0.0111541
-0.0110504
-0.0108294
-0.0104873
-0.010023
-0.00943607
-0.008727
-0.00789828
-0.00695527
-0.00590829
-0.00477225
-0.00356532
-0.00230853
-0.00102617
0.000251298
0.00148552
0.00263609
0.0036656
0.00453578
0.00521297
0.00567355
0.00590305
0.00590335
0.00569466
0.0053167
0.00481593
0.00424656
0.00366629
0.00312803
0.00267285
0.00232792
0.00210414
0.00199829
0.00199421
0.00206714
0.00218358
0.00231029
0.00242635
0.00252053
0.00257951
-5.8123e-06
-5.44409e-06
-3.6549e-05
-0.000101983
-0.00018488
-0.000263044
-0.000326986
-0.000373118
-0.000402673
-0.000421664
-0.00043842
-0.000460972
-0.000495443
-0.000546167
-0.000616916
-0.00071205
-0.000838041
-0.00100362
-0.00121968
-0.00149337
-0.00183228
-0.00224372
-0.00272934
-0.00328623
-0.00390571
-0.00457594
-0.00528477
-0.00601839
-0.00676147
-0.00749889
-0.00821658
-0.0089029
-0.00954771
-0.0101415
-0.0106758
-0.0111421
-0.0115321
-0.0118386
-0.0120548
-0.0121736
-0.0121889
-0.0120966
-0.0118912
-0.0115687
-0.0111302
-0.0105736
-0.00989896
-0.00910791
-0.00820428
-0.00719579
-0.00609574
-0.0049192
-0.00368275
-0.00240696
-0.00112188
0.000133066
0.0013215
0.00241084
0.00336046
0.00413249
0.00470266
0.00505111
0.00517449
0.00508284
0.00481037
0.00440387
0.00391515
0.0033981
0.00290576
0.00248203
0.00215675
0.00194375
0.00184192
0.00183787
0.00190883
0.00202641
0.00216014
0.00228664
0.00239055
0.00245267
5.571e-05
3.86451e-05
-8.61473e-06
-9.08851e-05
-0.000179113
-0.00025766
-0.000318419
-0.000359122
-0.00038295
-0.000397135
-0.000410588
-0.00043161
-0.000466968
-0.000522725
-0.000605622
-0.000723126
-0.000885498
-0.00110463
-0.00138877
-0.00174665
-0.00218482
-0.00270469
-0.00329768
-0.0039532
-0.00466125
-0.00540995
-0.00618564
-0.00697455
-0.00776304
-0.00853786
-0.00928655
-0.00999835
-0.0106636
-0.0112736
-0.0118204
-0.0122954
-0.0126905
-0.0130012
-0.0132219
-0.0133479
-0.0133758
-0.0133004
-0.013117
-0.0128226
-0.012417
-0.0118973
-0.0112638
-0.0105194
-0.00966927
-0.00871951
-0.00767564
-0.00654741
-0.0053496
-0.00410368
-0.00283523
-0.00157159
-0.000342596
0.000816557
0.00185666
0.00274333
0.0034507
0.00395117
0.00423682
0.00430811
0.00418837
0.00391797
0.00354692
0.00312666
0.00270769
0.00233516
0.00204176
0.00184473
0.00174623
0.00173778
0.00179825
0.00190401
0.00202796
0.00214685
0.00224521
0.00230209
0.000160478
0.000122952
5.40399e-05
-4.21078e-05
-0.000135851
-0.000215743
-0.000275432
-0.000314988
-0.000339319
-0.000356728
-0.000376569
-0.000407578
-0.000457866
-0.0005363
-0.000652577
-0.000818022
-0.00104466
-0.00134417
-0.00172482
-0.00219304
-0.00274568
-0.00337455
-0.0040693
-0.00481829
-0.00560871
-0.00642764
-0.00726193
-0.00809881
-0.00892593
-0.00973147
-0.0105045
-0.0112353
-0.0119144
-0.0125331
-0.0130839
-0.0135596
-0.013957
-0.0142725
-0.014501
-0.0146388
-0.0146817
-0.0146239
-0.0144617
-0.0141913
-0.0138207
-0.013341
-0.012754
-0.0120635
-0.0112744
-0.0103911
-0.00941558
-0.00835433
-0.00722049
-0.00603169
-0.00480575
-0.00356016
-0.00231965
-0.00112361
-3.04189e-06
0.00101367
0.00187732
0.00255799
0.0030422
0.00331874
0.00340088
0.00331537
0.00310583
0.0028215
0.00250943
0.00221467
0.00197223
0.00180292
0.00171318
0.00169766
0.00174213
0.00182757
0.00192931
0.00202795
0.00210623
0.00214841
0.000313829
0.000255676
0.000162096
5.23265e-05
-4.80422e-05
-0.000130863
-0.00019324
-0.000237504
-0.000270393
-0.000301196
-0.000339761
-0.000395704
-0.00047919
-0.000602094
-0.000777466
-0.00101739
-0.00133481
-0.00174096
-0.00223876
-0.00282414
-0.00349007
-0.00422505
-0.00501607
-0.00584976
-0.00671306
-0.00759309
-0.0084776
-0.00935469
-0.010213
-0.0110419
-0.0118315
-0.0125727
-0.0132563
-0.013875
-0.0144241
-0.0149019
-0.0153061
-0.0156296
-0.0158671
-0.0160138
-0.0160655
-0.0160211
-0.01588
-0.015643
-0.0153002
-0.0148597
-0.0143212
-0.0136858
-0.0129554
-0.0121332
-0.0112247
-0.0102364
-0.00917795
-0.0080618
-0.00690103
-0.00570594
-0.0044928
-0.0032886
-0.00211488
-0.00100938
-8.47997e-06
0.0008676
0.00156949
0.00208267
0.00240788
0.00255647
0.00255573
0.00244967
0.00228147
0.00209401
0.00192525
0.00179983
0.00172856
0.00171072
0.00173745
0.00179525
0.00186657
0.00193599
0.0019836
0.00200682
0.000523112
0.000442087
0.000321161
0.000196294
8.67624e-05
-1.97133e-06
-7.19401e-05
-0.00012827
-0.000179529
-0.000235951
-0.000308067
-0.000406761
-0.000544728
-0.000736648
-0.000996222
-0.00133573
-0.00176713
-0.00229461
-0.00291412
-0.00361737
-0.00439293
-0.00522635
-0.00610418
-0.00701279
-0.00793943
-0.00887161
-0.00979773
-0.0107066
-0.0115879
-0.0124319
-0.0132295
-0.0139732
-0.0146569
-0.0152764
-0.015827
-0.0163046
-0.0167037
-0.0170201
-0.0172518
-0.0173972
-0.0174542
-0.0174212
-0.0172983
-0.0170855
-0.0167787
-0.0163798
-0.0158905
-0.015312
-0.0146458
-0.0138942
-0.0130607
-0.0121503
-0.0111689
-0.0101234
-0.00902197
-0.00787728
-0.00670849
-0.0055308
-0.00435591
-0.00320402
-0.0021002
-0.00107831
-0.000176096
0.000590039
0.00118257
0.00160319
0.00185756
0.001974
0.00198989
0.00194323
0.00187248
0.00180868
0.00176829
0.00175593
0.00176766
0.00179648
0.00183311
0.00186591
0.00187995
0.00188435
0.000790946
0.000681063
0.000531748
0.000386647
0.000266181
0.000166784
8.28536e-05
5.67089e-06
-7.53064e-05
-0.000171264
-0.000293515
-0.000454787
-0.000669907
-0.000954075
-0.00132035
-0.0017793
-0.00233657
-0.00299033
-0.00373153
-0.00454749
-0.0054242
-0.00634686
-0.00730178
-0.00827553
-0.00925567
-0.0102302
-0.0111882
-0.0121192
-0.0130139
-0.0138639
-0.0146617
-0.0154012
-0.0160777
-0.0166868
-0.0172251
-0.0176895
-0.0180765
-0.0183836
-0.0186095
-0.0187531
-0.0188135
-0.0187898
-0.018682
-0.0184899
-0.0182126
-0.0178508
-0.0174058
-0.0168791
-0.0162722
-0.0155872
-0.0148269
-0.0139948
-0.0130947
-0.0121307
-0.0111073
-0.0100315
-0.00891271
-0.00776156
-0.00659503
-0.00543372
-0.00428796
-0.00317309
-0.0021091
-0.00113413
-0.000277017
0.000428614
0.000970726
0.00135253
0.00159509
0.00172831
0.00178547
0.00180196
0.00180495
0.00180645
0.00180949
0.00181191
0.00181326
0.001807
0.00178933
0.0017773
0.00110546
0.000966245
0.000782123
0.000613858
0.000478796
0.000364789
0.000259812
0.000151936
2.88636e-05
-0.00012138
-0.000311307
-0.000554946
-0.000867772
-0.00126382
-0.00175351
-0.00234273
-0.00303103
-0.00381023
-0.00466715
-0.0055874
-0.00655575
-0.00755755
-0.00857904
-0.00960705
-0.0106294
-0.0116348
-0.012613
-0.0135546
-0.0144517
-0.0152973
-0.0160856
-0.0168118
-0.0174722
-0.0180638
-0.0185843
-0.0190318
-0.0194041
-0.0196999
-0.0199184
-0.0200588
-0.0201206
-0.0201037
-0.0200081
-0.019834
-0.0195816
-0.0192516
-0.0188454
-0.0183641
-0.0178097
-0.0171838
-0.016489
-0.0157276
-0.0149026
-0.0140166
-0.0130726
-0.0120743
-0.0110256
-0.00993078
-0.00879709
-0.00763459
-0.00645831
-0.00529121
-0.00413546
-0.00300817
-0.0019376
-0.00096756
-0.000133077
0.000542103
0.00105191
0.0014074
0.0016317
0.00175507
0.00181482
0.00183794
0.00183729
0.0018184
0.00178768
0.00174597
0.00170193
0.00167584
0.00145264
0.00128251
0.00105904
0.000864748
0.000711477
0.000576939
0.000442813
0.000293789
0.000116036
-0.000103356
-0.000377362
-0.000720921
-0.00114823
-0.00167023
-0.00229307
-0.00301684
-0.00383447
-0.00473298
-0.00569723
-0.00671179
-0.00776113
-0.0088307
-0.0099068
-0.0109766
-0.0120286
-0.0130523
-0.0140385
-0.0149795
-0.0158687
-0.0167009
-0.0174717
-0.0181781
-0.0188175
-0.019388
-0.0198883
-0.0203171
-0.0206734
-0.0209566
-0.0211664
-0.0213023
-0.0213641
-0.0213522
-0.0212667
-0.0211081
-0.020877
-0.0205744
-0.0202015
-0.0197598
-0.0192508
-0.0186765
-0.0180388
-0.0173397
-0.0165812
-0.0157653
-0.0148936
-0.013968
-0.01299
-0.0119611
-0.0108829
-0.0097573
-0.00858847
-0.00738566
-0.00616475
-0.00494308
-0.00372888
-0.00255251
-0.00145566
-0.000486777
0.000316252
0.000933638
0.00136827
0.00163861
0.0017785
0.00183308
0.0018329
0.0017968
0.00173957
0.00166948
0.00160635
0.00157149
0.00181467
0.00161075
0.00134561
0.00112109
0.000945264
0.000783907
0.000612249
0.000411782
0.000167336
-0.000134195
-0.000506794
-0.000964381
-0.00151804
-0.00217438
-0.0029335
-0.00378924
-0.00472939
-0.00573816
-0.0067993
-0.00789674
-0.00901494
-0.0101395
-0.011257
-0.0123554
-0.013424
-0.0144537
-0.0154369
-0.0163676
-0.0172409
-0.0180532
-0.0188017
-0.0194846
-0.0201005
-0.0206484
-0.0211276
-0.0215376
-0.021878
-0.0221486
-0.0223495
-0.0224806
-0.0225419
-0.0225338
-0.0224569
-0.0223116
-0.0220989
-0.0218198
-0.0214756
-0.0210677
-0.0205977
-0.0200674
-0.0194787
-0.0188331
-0.0181324
-0.0173778
-0.0165702
-0.0157102
-0.0147977
-0.0138323
-0.012813
-0.0117385
-0.0106074
-0.00941906
-0.00817613
-0.00688921
-0.005581
-0.0042636
-0.00296314
-0.00173628
-0.000641907
0.000264278
0.000949487
0.00141258
0.00167307
0.00177893
0.0017876
0.00173732
0.0016579
0.0015662
0.00149092
0.00145088
0.00216706
0.00192797
0.00161777
0.00136111
0.00115859
0.000964174
0.000746881
0.000485788
0.000164713
-0.000230437
-0.000713262
-0.00129454
-0.00198127
-0.00277349
-0.0036655
-0.00464582
-0.00569857
-0.00680634
-0.00795212
-0.00911953
-0.0102932
-0.011459
-0.0126043
-0.0137182
-0.0147915
-0.0158167
-0.0167881
-0.0177013
-0.0185533
-0.0193418
-0.0200655
-0.0207235
-0.0213154
-0.0218408
-0.0222996
-0.0226918
-0.0230173
-0.0232763
-0.0234691
-0.0235958
-0.0236566
-0.0236519
-0.0235826
-0.023449
-0.0232522
-0.0229934
-0.0226737
-0.0222946
-0.0218577
-0.0213647
-0.0208173
-0.020217
-0.0195652
-0.0188629
-0.0181106
-0.0173081
-0.0164544
-0.0155478
-0.0145854
-0.0135638
-0.0124789
-0.0113262
-0.0101025
-0.00880755
-0.00744702
-0.00603491
-0.00459967
-0.00317359
-0.00182508
-0.000629834
0.000337434
0.00103597
0.00146709
0.00166352
0.00169648
0.00163864
0.00153921
0.0014291
0.00134626
0.00130205
0.00248301
0.00220896
0.00185331
0.00156247
0.00132906
0.00109527
0.000825309
0.000496174
9.01799e-05
-0.000407746
-0.00100804
-0.00171761
-0.00253712
-0.00346086
-0.00447781
-0.00557204
-0.00672522
-0.00791893
-0.00913569
-0.0103591
-0.0115741
-0.0127675
-0.0139277
-0.0150456
-0.0161135
-0.0171261
-0.0180793
-0.0189705
-0.0197982
-0.0205614
-0.0212597
-0.0218931
-0.0224618
-0.0229661
-0.0234061
-0.0237822
-0.0240946
-0.0243435
-0.0245293
-0.0246525
-0.0247131
-0.0247119
-0.0246494
-0.0245262
-0.0243434
-0.0241021
-0.0238035
-0.0234489
-0.02304
-0.0225784
-0.0220656
-0.0215032
-0.0208923
-0.0202338
-0.0195281
-0.0187747
-0.0179721
-0.0171179
-0.0162085
-0.0152388
-0.0142028
-0.0130936
-0.0119045
-0.0106299
-0.00926719
-0.00781891
-0.00630024
-0.00474423
-0.00320081
-0.00175209
-0.000496608
0.000476834
0.00112593
0.00146459
0.00155629
0.0015026
0.00138567
0.00125818
0.00116747
0.00111613
0.00274119
0.0024296
0.00202936
0.00170279
0.00143424
0.00115581
0.000828212
0.000425671
-7.23696e-05
-0.000678139
-0.00139808
-0.00223417
-0.00318099
-0.00422769
-0.00535823
-0.00655335
-0.0077931
-0.00905845
-0.0103317
-0.0115967
-0.0128394
-0.0140475
-0.0152114
-0.0163236
-0.0173786
-0.0183728
-0.019304
-0.0201709
-0.0209733
-0.0217112
-0.022385
-0.0229953
-0.0235428
-0.024028
-0.0244513
-0.0248134
-0.0251145
-0.0253551
-0.0255354
-0.0256559
-0.025717
-0.0257192
-0.025663
-0.0255494
-0.025379
-0.025153
-0.0248726
-0.0245391
-0.0241539
-0.0237186
-0.0232348
-0.0227038
-0.0221268
-0.0215046
-0.0208376
-0.0201251
-0.0193658
-0.018557
-0.0176947
-0.0167734
-0.015786
-0.0147242
-0.0135786
-0.0123401
-0.0110005
-0.00955616
-0.00801074
-0.00638241
-0.00471235
-0.0030701
-0.0015584
-0.00029702
0.00061715
0.00115309
0.00135377
0.0013282
0.00120165
0.00105587
0.000950449
0.000886129
0.00290894
0.00256622
0.00212452
0.00176173
0.00145478
0.00112862
0.000739821
0.000258684
-0.000333808
-0.00104704
-0.00188428
-0.00284064
-0.00390578
-0.00506362
-0.00629404
-0.00757544
-0.00888686
-0.0102089
-0.011524
-0.0128169
-0.0140744
-0.0152863
-0.0164446
-0.017544
-0.0185808
-0.0195531
-0.0204603
-0.0213023
-0.0220798
-0.0227937
-0.0234448
-0.0240341
-0.0245627
-0.0250311
-0.0254401
-0.0257903
-0.0260821
-0.0263159
-0.026492
-0.0266109
-0.0266731
-0.0266789
-0.0266289
-0.0265239
-0.0263646
-0.0261522
-0.0258876
-0.0255722
-0.0252073
-0.0247943
-0.0243347
-0.0238298
-0.0232808
-0.0226885
-0.0220533
-0.0213746
-0.0206513
-0.0198809
-0.0190593
-0.018181
-0.0172389
-0.016224
-0.0151256
-0.0139324
-0.0126325
-0.0112169
-0.00968147
-0.00803233
-0.00629535
-0.0045269
-0.00281841
-0.00129296
-9.00958e-05
0.000694708
0.0010647
0.00111042
0.000986351
0.000821657
0.000690493
0.000608714
0.00297192
0.00260132
0.00212164
0.00172289
0.00137612
0.00100047
0.00054765
-1.31879e-05
-0.000698741
-0.00151621
-0.00246354
-0.00353083
-0.00470227
-0.00595717
-0.00727231
-0.00862454
-0.00999229
-0.0113562
-0.0126992
-0.0140071
-0.0152686
-0.0164751
-0.0176209
-0.0187024
-0.0197177
-0.0206666
-0.0215494
-0.0223672
-0.0231212
-0.0238128
-0.0244434
-0.0250142
-0.0255262
-0.0259803
-0.0263772
-0.0267175
-0.0270018
-0.0272303
-0.0274035
-0.0275216
-0.0275853
-0.0275948
-0.0275507
-0.0274538
-0.0273047
-0.0271043
-0.0268537
-0.026554
-0.0262065
-0.0258126
-0.0253734
-0.0248904
-0.0243646
-0.0237969
-0.0231878
-0.0225369
-0.0218432
-0.0211046
-0.0203176
-0.0194768
-0.0185755
-0.0176045
-0.016553
-0.0154085
-0.0141573
-0.0127865
-0.011286
-0.00965247
-0.00789721
-0.00606002
-0.00422099
-0.0024881
-0.00100701
6.65179e-05
0.000659201
0.000828027
0.000734396
0.000551874
0.000383206
0.00028293
0.00291526
0.00252143
0.0020086
0.00157554
0.00118884
0.000762092
0.000244502
-0.0003931
-0.00116724
-0.00208208
-0.00312999
-0.00429613
-0.0055597
-0.00689622
-0.00828026
-0.00968768
-0.0110967
-0.0124883
-0.0138465
-0.0151585
-0.0164149
-0.0176091
-0.0187373
-0.0197977
-0.0207901
-0.0217151
-0.0225742
-0.023369
-0.0241014
-0.0247731
-0.0253855
-0.0259401
-0.0264379
-0.0268798
-0.0272666
-0.0275989
-0.0278772
-0.0281017
-0.0282729
-0.0283911
-0.0284566
-0.02847
-0.0284317
-0.0283422
-0.0282023
-0.0280128
-0.0277746
-0.0274888
-0.0271565
-0.0267789
-0.0263573
-0.0258927
-0.0253864
-0.0248392
-0.0242515
-0.0236234
-0.0229541
-0.0222418
-0.0214835
-0.0206747
-0.0198091
-0.0188781
-0.0178711
-0.0167753
-0.0155762
-0.0142585
-0.0128084
-0.0112159
-0.00947974
-0.00762065
-0.00570547
-0.00383131
-0.00212201
-0.000758797
0.000106643
0.000460112
0.000434217
0.000237439
2.48304e-05
-9.2632e-05
0.0027302
0.0023187
0.00177857
0.00131389
0.000887379
0.000410066
-0.000169042
-0.000879053
-0.00173553
-0.00273809
-0.0038748
-0.00512587
-0.0064662
-0.00786842
-0.00930557
-0.010753
-0.0121891
-0.0135956
-0.0149578
-0.0162648
-0.017509
-0.0186859
-0.0197933
-0.020831
-0.0217999
-0.0227016
-0.0235383
-0.024312
-0.0250249
-0.0256788
-0.0262753
-0.0268158
-0.0273015
-0.0277333
-0.0281118
-0.0284376
-0.0287111
-0.0289327
-0.0291027
-0.0292214
-0.0292892
-0.0293064
-0.0292736
-0.0291911
-0.0290597
-0.0288801
-0.0286531
-0.0283796
-0.0280607
-0.0276974
-0.0272909
-0.0268422
-0.0263525
-0.0258224
-0.0252527
-0.0246434
-0.0239942
-0.0233036
-0.0225693
-0.0217874
-0.0209525
-0.0200569
-0.0190906
-0.0180414
-0.0168944
-0.0156334
-0.0142421
-0.0127066
-0.0110171
-0.00917481
-0.00722069
-0.00526629
-0.00339642
-0.00177586
-0.000614534
-2.49338e-05
6.27829e-05
-0.000129319
-0.000384389
-0.000517746
0.00241428
0.00199112
0.00143017
0.000937135
0.000472441
-5.29769e-05
-0.000689083
-0.00146513
-0.00239507
-0.00347442
-0.00468678
-0.00600796
-0.0074094
-0.0088616
-0.0103367
-0.0118099
-0.0132603
-0.0146705
-0.0160275
-0.0173223
-0.0185491
-0.0197052
-0.02079
-0.0218044
-0.0227502
-0.0236298
-0.0244456
-0.0252001
-0.0258955
-0.0265337
-0.0271164
-0.0276449
-0.0281203
-0.0285435
-0.0289151
-0.0292356
-0.0295055
-0.029725
-0.0298944
-0.0300141
-0.0300843
-0.0301054
-0.0300778
-0.0300019
-0.0298783
-0.0297077
-0.0294908
-0.0292284
-0.0289214
-0.0285708
-0.0281776
-0.0277428
-0.0272673
-0.026752
-0.0261976
-0.0256042
-0.0249717
-0.0242992
-0.0235849
-0.0228257
-0.0220169
-0.0211521
-0.0202224
-0.0192162
-0.0181193
-0.0169151
-0.0155858
-0.0141149
-0.0124885
-0.0106955
-0.00874428
-0.00673761
-0.00477577
-0.00296288
-0.00152331
-0.0006579
-0.000397569
-0.000557943
-0.000842766
-0.000992432
0.00197075
0.00154221
0.00096701
0.000449341
-5.06735e-05
-0.000619665
-0.00130706
-0.00214194
-0.00313519
-0.00427913
-0.00555325
-0.00692957
-0.00837683
-0.0098641
-0.0113631
-0.0128494
-0.0143027
-0.0157073
-0.0170518
-0.0183289
-0.0195347
-0.020668
-0.0217293
-0.0227206
-0.0236442
-0.024503
-0.0252997
-0.0260368
-0.0267167
-0.0273411
-0.0279118
-0.0284299
-0.0288966
-0.0293125
-0.0296784
-0.0299947
-0.0302616
-0.0304797
-0.030649
-0.0307699
-0.0308426
-0.0308675
-0.0308448
-0.0307751
-0.0306588
-0.0304965
-0.0302888
-0.0300364
-0.0297402
-0.029401
-0.0290197
-0.0285971
-0.0281343
-0.0276319
-0.0270906
-0.0265109
-0.0258928
-0.0252356
-0.0245382
-0.0237981
-0.0230118
-0.0221736
-0.021276
-0.0203088
-0.0192586
-0.0181093
-0.0168424
-0.0154393
-0.0138835
-0.0121591
-0.0102571
-0.00821749
-0.00620847
-0.00427498
-0.00260133
-0.00145055
-0.000971922
-0.00106425
-0.00134927
-0.00152155
0.00140782
0.0009802
0.000396899
-0.000140822
-0.000672061
-0.00127963
-0.00201187
-0.00289681
-0.00394275
-0.00513874
-0.00646075
-0.00787771
-0.00935641
-0.0108651
-0.0123754
-0.0138636
-0.0153105
-0.016702
-0.0180283
-0.0192839
-0.0204664
-0.0215758
-0.0226137
-0.0235824
-0.0244851
-0.0253246
-0.0261038
-0.0268253
-0.0274913
-0.0281036
-0.0286637
-0.0291729
-0.029632
-0.0300418
-0.0304029
-0.0307157
-0.0309804
-0.0311974
-0.031367
-0.0314892
-0.0315644
-0.0315929
-0.031575
-0.0315111
-0.0314015
-0.0312468
-0.0310475
-0.0308044
-0.030518
-0.0301891
-0.0298185
-0.029407
-0.0289555
-0.0284647
-0.0279352
-0.0273675
-0.0267618
-0.026118
-0.0254351
-0.0247116
-0.0239445
-0.0231294
-0.0222601
-0.0213276
-0.02032
-0.0192224
-0.0180163
-0.0166816
-0.0151998
-0.0135537
-0.0117226
-0.00970319
-0.00765331
-0.00566258
-0.00382248
-0.00241108
-0.00168187
-0.00164602
-0.00190905
-0.00211605
0.000737745
0.000317351
-0.000267844
-0.000820816
-0.0013784
-0.00201915
-0.00278957
-0.00371561
-0.00480334
-0.006039
-0.00739559
-0.00883967
-0.0103367
-0.0118546
-0.0133654
-0.0148462
-0.0162792
-0.0176517
-0.0189558
-0.0201873
-0.0213453
-0.0224305
-0.0234453
-0.0243926
-0.0252755
-0.0260972
-0.0268605
-0.0275679
-0.0282215
-0.028823
-0.0293739
-0.0298752
-0.0303278
-0.0307324
-0.0310894
-0.0313992
-0.0316622
-0.0318785
-0.0320484
-0.0321721
-0.0322498
-0.0322817
-0.0322683
-0.0322097
-0.0321063
-0.0319587
-0.0317672
-0.0315325
-0.0312552
-0.0309358
-0.030575
-0.0301737
-0.0297325
-0.0292522
-0.0287333
-0.0281766
-0.0275821
-0.0269502
-0.0262802
-0.0255711
-0.0248208
-0.0240259
-0.0231815
-0.0222798
-0.0213108
-0.0202607
-0.0191121
-0.0178445
-0.0164374
-0.0148721
-0.0131265
-0.0111815
-0.0090953
-0.00708223
-0.00515151
-0.00353153
-0.00254493
-0.00232095
-0.00253972
-0.00279291
-2.25688e-05
-0.000431633
-0.00101231
-0.00157575
-0.00215523
-0.00282368
-0.00362483
-0.00458297
-0.00570193
-0.0069655
-0.00834436
-0.00980338
-0.0113073
-0.012824
-0.0143262
-0.0157921
-0.0172052
-0.0185546
-0.0198337
-0.0210397
-0.0221725
-0.0232339
-0.0242264
-0.0251533
-0.0260179
-0.0268232
-0.0275719
-0.0282665
-0.028909
-0.0295009
-0.0300435
-0.0305379
-0.0309848
-0.0313848
-0.0317382
-0.0320456
-0.0323071
-0.0325229
-0.0326933
-0.0328184
-0.0328984
-0.0329337
-0.0329243
-0.0328707
-0.0327732
-0.0326321
-0.0324478
-0.0322209
-0.0319519
-0.0316413
-0.0312897
-0.0308978
-0.0304662
-0.0299956
-0.0294866
-0.0289399
-0.0283558
-0.0277347
-0.0270763
-0.0263802
-0.0256449
-0.024868
-0.0240455
-0.0231714
-0.022237
-0.0212303
-0.0201353
-0.0189322
-0.0175991
-0.0161161
-0.0144632
-0.0126094
-0.0105389
-0.00850367
-0.0065455
-0.00478431
-0.00356346
-0.00312288
-0.0032583
-0.0035733
-0.000854316
-0.00124961
-0.00182083
-0.00239043
-0.00298687
-0.00367714
-0.00450171
-0.00548326
-0.00662348
-0.0079042
-0.00929434
-0.0107577
-0.0122586
-0.0137654
-0.0152517
-0.0166969
-0.018086
-0.0194094
-0.0206619
-0.0218417
-0.0229496
-0.0239876
-0.0249588
-0.0258666
-0.026714
-0.0275041
-0.0282396
-0.0289226
-0.029555
-0.0301382
-0.0306735
-0.0311616
-0.0316034
-0.0319992
-0.0323496
-0.0326548
-0.032915
-0.0331304
-0.0333013
-0.0334278
-0.0335101
-0.0335484
-0.0335429
-0.0334939
-0.0334017
-0.0332667
-0.0330891
-0.0328695
-0.0326082
-0.0323058
-0.0319627
-0.0315796
-0.031157
-0.0306955
-0.0301959
-0.0296586
-0.0290842
-0.0284732
-0.0278256
-0.0271414
-0.0264198
-0.0256591
-0.0248564
-0.0240069
-0.0231037
-0.0221362
-0.0210905
-0.0199479
-0.0186865
-0.0172843
-0.0157209
-0.0139657
-0.0119885
-0.00992092
-0.00796825
-0.00614046
-0.00473233
-0.00406969
-0.00408181
-0.00448514
-0.00173941
-0.00211868
-0.00267654
-0.00324794
-0.0038564
-0.00456269
-0.00540397
-0.00640096
-0.00755346
-0.00884179
-0.0102337
-0.0116923
-0.0131822
-0.0146723
-0.0161371
-0.0175574
-0.0189195
-0.0202152
-0.0214403
-0.022594
-0.0236774
-0.0246931
-0.0256441
-0.0265338
-0.0273653
-0.0281415
-0.0288647
-0.0295371
-0.0301603
-0.0307356
-0.0312641
-0.0317467
-0.0321838
-0.0325759
-0.0329235
-0.0332267
-0.0334858
-0.0337009
-0.0338723
-0.0340001
-0.0340844
-0.0341255
-0.0341236
-0.0340789
-0.0339916
-0.0338622
-0.0336908
-0.0334779
-0.0332238
-0.032929
-0.032594
-0.0322191
-0.0318051
-0.0313523
-0.0308615
-0.0303333
-0.0297681
-0.0291667
-0.0285294
-0.0278564
-0.0271474
-0.0264015
-0.0256168
-0.0247896
-0.0239145
-0.0229828
-0.0219822
-0.020896
-0.0197031
-0.0183798
-0.0169048
-0.0152531
-0.0133905
-0.011328
-0.00939495
-0.00756597
-0.00603399
-0.00516119
-0.00503646
-0.00554148
-0.00265954
-0.00302086
-0.00356195
-0.0041309
-0.00474681
-0.0054639
-0.00631585
-0.0073212
-0.00847814
-0.00976594
-0.0111517
-0.0125983
-0.0140708
-0.0155388
-0.0169782
-0.0183708
-0.0197043
-0.0209715
-0.0221692
-0.0232972
-0.024357
-0.0253513
-0.0262833
-0.0271561
-0.0279728
-0.028736
-0.029448
-0.0301106
-0.0307254
-0.0312935
-0.0318158
-0.0322932
-0.032726
-0.0331148
-0.0334598
-0.0337612
-0.0340193
-0.0342341
-0.034406
-0.0345349
-0.0346211
-0.0346647
-0.0346661
-0.0346252
-0.0345426
-0.0344182
-0.0342526
-0.0340459
-0.0337986
-0.033511
-0.0331834
-0.0328164
-0.0324104
-0.031966
-0.0314837
-0.0309641
-0.0304079
-0.0298158
-0.0291883
-0.028526
-0.0278289
-0.0270968
-0.0263286
-0.0255218
-0.0246722
-0.0237729
-0.0228135
-0.0217792
-0.0206503
-0.0194037
-0.0180177
-0.0164712
-0.0147228
-0.0127303
-0.0107953
-0.00900848
-0.00742173
-0.00638002
-0.00614338
-0.00672643
-0.00359696
-0.00393821
-0.00445962
-0.00502278
-0.00564208
-0.00636525
-0.00722252
-0.00823015
-0.00938495
-0.0106655
-0.0120387
-0.0134676
-0.014918
-0.0163604
-0.0177716
-0.0191349
-0.020439
-0.0216777
-0.0228485
-0.0239517
-0.024989
-0.0259631
-0.0268772
-0.0277343
-0.0285372
-0.0292884
-0.02999
-0.0306435
-0.0312505
-0.0318119
-0.0323286
-0.0328012
-0.0332301
-0.0336157
-0.0339583
-0.0342581
-0.0345151
-0.0347297
-0.0349019
-0.0350319
-0.0351197
-0.0351657
-0.03517
-0.0351327
-0.0350542
-0.0349346
-0.0347742
-0.0345733
-0.0343323
-0.0340513
-0.0337308
-0.0333712
-0.0329729
-0.0325364
-0.0320623
-0.0315511
-0.0310036
-0.0304205
-0.0298025
-0.0291504
-0.0284647
-0.0277457
-0.0269928
-0.0262048
-0.0253785
-0.0245087
-0.0235868
-0.0226001
-0.0215308
-0.0203567
-0.0190547
-0.0176041
-0.01597
-0.0141124
-0.0121702
-0.0104343
-0.00884545
-0.00769302
-0.00739012
-0.00800893
-0.00453428
-0.00485373
-0.00535317
-0.00590785
-0.00652711
-0.00725232
-0.00811037
-0.00911525
-0.0102626
-0.0115306
-0.0128863
-0.0142935
-0.0157184
-0.0171327
-0.0185144
-0.0198477
-0.0211225
-0.0223334
-0.0234782
-0.0245577
-0.0255737
-0.0265289
-0.0274263
-0.0282687
-0.0290589
-0.0297989
-0.0304908
-0.0311361
-0.0317358
-0.0322911
-0.0328025
-0.0332706
-0.0336959
-0.0340786
-0.0344189
-0.0347171
-0.0349732
-0.0351874
-0.0353599
-0.0354908
-0.0355801
-0.0356282
-0.0356351
-0.0356011
-0.0355263
-0.035411
-0.0352554
-0.0350599
-0.0348246
-0.0345498
-0.0342359
-0.0338833
-0.0334922
-0.0330633
-0.032597
-0.032094
-0.0315549
-0.0309806
-0.0303719
-0.0297298
-0.029055
-0.0283483
-0.0276099
-0.0268393
-0.0260345
-0.0251916
-0.0243039
-0.0233608
-0.0223464
-0.0212403
-0.0200186
-0.0186601
-0.0171391
-0.0154205
-0.013509
-0.0118176
-0.0102645
-0.00905803
-0.00871495
-0.00931207
-0.00545542
-0.00575187
-0.0062278
-0.00677173
-0.0073881
-0.00811203
-0.00896715
-0.00996532
-0.0111012
-0.0123524
-0.0136872
-0.0150698
-0.0164673
-0.0178525
-0.0192042
-0.0205078
-0.021754
-0.022938
-0.0240582
-0.0251153
-0.0261113
-0.0270489
-0.0279307
-0.0287596
-0.0295379
-0.0302677
-0.0309507
-0.0315882
-0.0321812
-0.0327307
-0.0332373
-0.0337013
-0.0341232
-0.0345031
-0.0348413
-0.035138
-0.0353932
-0.0356071
-0.0357798
-0.0359114
-0.036002
-0.0360519
-0.0360612
-0.03603
-0.0359586
-0.0358472
-0.0356961
-0.0355053
-0.0352753
-0.0350063
-0.0346985
-0.0343523
-0.0339682
-0.0335465
-0.0330877
-0.0325925
-0.0320615
-0.0314957
-0.0308961
-0.0302636
-0.0295994
-0.0289045
-0.0281798
-0.0274253
-0.0266403
-0.0258221
-0.0249656
-0.024062
-0.0230979
-0.0220543
-0.0209085
-0.0196401
-0.0182282
-0.0166313
-0.0148138
-0.0131414
-0.0116352
-0.0104188
-0.0100267
-0.0105231
-0.00634502
-0.00661859
-0.00707008
-0.00760153
-0.00821274
-0.00893274
-0.00978203
-0.0107704
-0.0118922
-0.013124
-0.0144352
-0.0157917
-0.017161
-0.0185167
-0.0198389
-0.0211137
-0.0223325
-0.0234911
-0.0245881
-0.0256244
-0.0266019
-0.0275231
-0.0283906
-0.029207
-0.0299744
-0.0306947
-0.0313694
-0.0319997
-0.0325867
-0.0331309
-0.0336329
-0.0340931
-0.0345118
-0.0348892
-0.0352254
-0.0355206
-0.0357749
-0.0359884
-0.0361612
-0.0362935
-0.0363852
-0.0364367
-0.0364481
-0.0364195
-0.0363511
-0.0362432
-0.0360959
-0.0359096
-0.0356843
-0.0354205
-0.0351184
-0.0347783
-0.0344005
-0.0339855
-0.0335339
-0.0330461
-0.032523
-0.0319654
-0.0313745
-0.0307513
-0.0300973
-0.0294138
-0.0287019
-0.0279626
-0.0271959
-0.0264003
-0.0255722
-0.0247046
-0.0237862
-0.0228001
-0.0217249
-0.0205391
-0.0192242
-0.0177427
-0.0160538
-0.0143926
-0.012937
-0.0117275
-0.0112601
-0.0116006
-0.00719135
-0.00744135
-0.00786816
-0.00838596
-0.00899028
-0.00970438
-0.0105459
-0.0115226
-0.0126275
-0.0138387
-0.0151252
-0.0164551
-0.0177962
-0.0191231
-0.0204168
-0.0216642
-0.0228572
-0.0239921
-0.0250676
-0.0260847
-0.0270451
-0.0279513
-0.0288057
-0.0296106
-0.030368
-0.0310796
-0.0317468
-0.0323706
-0.0329519
-0.0334912
-0.033989
-0.0344457
-0.0348615
-0.0352366
-0.035571
-0.0358648
-0.0361183
-0.0363314
-0.0365043
-0.036637
-0.0367297
-0.0367826
-0.0367957
-0.0367693
-0.0367036
-0.0365987
-0.0364549
-0.0362725
-0.0360515
-0.0357924
-0.0354954
-0.0351608
-0.0347889
-0.0343802
-0.0339352
-0.0334545
-0.0329388
-0.0323891
-0.0318065
-0.0311923
-0.030548
-0.0298753
-0.0291756
-0.0284505
-0.0277007
-0.0269258
-0.0261235
-0.0252886
-0.0244116
-0.023478
-0.0224678
-0.0213582
-0.0201303
-0.0187552
-0.0172048
-0.0155655
-0.0141566
-0.0129585
-0.0124007
-0.0125948
-0.00798226
-0.00820992
-0.00861198
-0.00911546
-0.00971164
-0.0104184
-0.0112505
-0.012215
-0.0133016
-0.0144911
-0.015753
-0.0170566
-0.0183703
-0.0196696
-0.0209364
-0.0221581
-0.0233273
-0.0244403
-0.0254962
-0.0264957
-0.0274407
-0.0283333
-0.0291757
-0.0299702
-0.0307186
-0.0314223
-0.0320826
-0.0327005
-0.0332766
-0.0338115
-0.0343056
-0.0347591
-0.0351722
-0.0355451
-0.0358778
-0.0361705
-0.0364231
-0.0366358
-0.0368087
-0.0369418
-0.0370353
-0.0370894
-0.037104
-0.0370796
-0.0370161
-0.0369139
-0.0367731
-0.0365941
-0.0363769
-0.036122
-0.0358295
-0.0354998
-0.0351332
-0.0347303
-0.0342914
-0.0338172
-0.0333084
-0.0327661
-0.0321914
-0.0315857
-0.0309507
-0.0302881
-0.0296
-0.0288881
-0.0281538
-0.0273979
-0.026619
-0.0258136
-0.0249741
-0.0240879
-0.0231367
-0.0220983
-0.0209531
-0.0196798
-0.0182504
-0.0166607
-0.0152888
-0.0141059
-0.0134734
-0.013553
-0.00871353
-0.00891304
-0.00929284
-0.00978191
-0.0103692
-0.0110677
-0.0118896
-0.012841
-0.0139097
-0.0150772
-0.0163152
-0.0175934
-0.0188811
-0.0201545
-0.0213963
-0.0225945
-0.023742
-0.0248353
-0.0258734
-0.0268572
-0.0277882
-0.0286686
-0.0295004
-0.0302856
-0.0310258
-0.0317224
-0.0323766
-0.0329891
-0.0335606
-0.0340916
-0.0345822
-0.0350329
-0.0354437
-0.0358146
-0.0361459
-0.0364374
-0.0366893
-0.0369017
-0.0370745
-0.037208
-0.0373021
-0.0373571
-0.0373731
-0.0373502
-0.0372887
-0.0371887
-0.0370505
-0.0368743
-0.0366604
-0.0364091
-0.0361205
-0.0357952
-0.0354333
-0.0350355
-0.0346021
-0.0341338
-0.0336314
-0.0330959
-0.0325286
-0.0319308
-0.0313044
-0.0306514
-0.0299739
-0.0292743
-0.0285544
-0.0278157
-0.027058
-0.0262792
-0.0254733
-0.0246297
-0.0237319
-0.0227592
-0.0216919
-0.0205112
-0.0191837
-0.0176865
-0.0163427
-0.0151746
-0.0144979
-0.0144869
-0.00937382
-0.00954778
-0.0099058
-0.0103793
-0.0109571
-0.011647
-0.0124582
-0.013396
-0.0144476
-0.0155938
-0.0168092
-0.0180634
-0.0193267
-0.0205764
-0.0217955
-0.0229725
-0.0241005
-0.0251762
-0.0261986
-0.0271684
-0.0280872
-0.0289568
-0.0297792
-0.0305561
-0.0312892
-0.0319796
-0.0326283
-0.0332362
-0.0338036
-0.0343311
-0.0348188
-0.035267
-0.0356757
-0.036045
-0.036375
-0.0366656
-0.0369169
-0.0371289
-0.0373017
-0.0374354
-0.0375301
-0.0375859
-0.0376029
-0.0375813
-0.0375214
-0.0374232
-0.0372872
-0.0371134
-0.0369021
-0.0366538
-0.0363686
-0.0360469
-0.035689
-0.0352956
-0.034867
-0.0344039
-0.0339073
-0.0333779
-0.0328172
-0.0322267
-0.0316083
-0.030964
-0.0302964
-0.029608
-0.0289012
-0.0281781
-0.0274396
-0.0266845
-0.0259088
-0.0251035
-0.0242542
-0.0233415
-0.0223454
-0.0212483
-0.0200154
-0.0186173
-0.0173138
-0.0161773
-0.0154806
-0.015398
-0.00994796
-0.0101053
-0.0104422
-0.0109019
-0.0114708
-0.0121522
-0.0129529
-0.0138769
-0.0149121
-0.0160385
-0.0172327
-0.0184647
-0.0197059
-0.0209341
-0.022133
-0.0232912
-0.0244022
-0.0254625
-0.0264712
-0.0274289
-0.0283371
-0.0291974
-0.0300116
-0.0307815
-0.0315083
-0.0321934
-0.0328375
-0.0334413
-0.0340053
-0.0345298
-0.0350151
-0.0354612
-0.0358682
-0.0362361
-0.036565
-0.0368549
-0.0371057
-0.0373174
-0.0374903
-0.0376242
-0.0377193
-0.0377757
-0.0377936
-0.037773
-0.0377143
-0.0376176
-0.0374832
-0.0373113
-0.0371022
-0.0368562
-0.0365736
-0.0362549
-0.0359003
-0.0355105
-0.035086
-0.0346274
-0.0341356
-0.0336116
-0.0330568
-0.0324727
-0.0318614
-0.0312251
-0.0305663
-0.0298881
-0.0291931
-0.028484
-0.0277625
-0.0270287
-0.0262798
-0.0255089
-0.0247033
-0.0238449
-0.0229132
-0.0218912
-0.0207477
-0.0194593
-0.0181976
-0.0171091
-0.0164159
-0.0162771
-0.01044
-0.0105824
-0.0108976
-0.0113462
-0.0119069
-0.0125803
-0.0133709
-0.0142812
-0.0153013
-0.0164094
-0.0175843
-0.0187962
-0.0200175
-0.0212268
-0.0224079
-0.02355
-0.0246462
-0.0256935
-0.0266906
-0.0276381
-0.0285373
-0.0293898
-0.0301972
-0.0309611
-0.0316828
-0.0323634
-0.0330037
-0.0336042
-0.0341654
-0.0346875
-0.0351708
-0.0356153
-0.0360209
-0.0363878
-0.036716
-0.0370052
-0.0372557
-0.0374674
-0.0376402
-0.0377744
-0.0378698
-0.0379267
-0.0379452
-0.0379255
-0.0378676
-0.037772
-0.0376387
-0.0374682
-0.0372606
-0.0370163
-0.0367358
-0.0364192
-0.0360672
-0.0356802
-0.0352589
-0.0348038
-0.034316
-0.0337964
-0.0332466
-0.032668
-0.0320628
-0.0314334
-0.0307825
-0.0301132
-0.0294287
-0.0287321
-0.0280257
-0.0273106
-0.0265855
-0.025845
-0.0250785
-0.0242693
-0.0233968
-0.022444
-0.0213855
-0.0202068
-0.018988
-0.017963
-0.0172917
-0.0171105
-0.0108535
-0.0109789
-0.0112743
-0.0117109
-0.0122639
-0.0129298
-0.013711
-0.0146083
-0.0156137
-0.0167051
-0.0178631
-0.0190569
-0.0202608
-0.0214536
-0.0226197
-0.0237481
-0.0248321
-0.0258685
-0.0268561
-0.0277953
-0.0286873
-0.0295334
-0.0303354
-0.0310946
-0.0318122
-0.0324893
-0.0331265
-0.0337245
-0.0342836
-0.034804
-0.0352858
-0.0357291
-0.0361338
-0.0365001
-0.0368277
-0.0371167
-0.037367
-0.0375787
-0.0377517
-0.037886
-0.0379818
-0.038039
-0.038058
-0.0380388
-0.0379815
-0.0378865
-0.037754
-0.0375843
-0.0373777
-0.0371345
-0.0368551
-0.0365401
-0.0361897
-0.0358047
-0.0353855
-0.0349331
-0.0344482
-0.0339321
-0.0333861
-0.032812
-0.0322119
-0.0315882
-0.030944
-0.0302824
-0.0296069
-0.0289211
-0.0282278
-0.0275291
-0.0268247
-0.026111
-0.0253792
-0.0246144
-0.0237969
-0.0229096
-0.0219339
-0.020854
-0.0196834
-0.0187287
-0.0180936
-0.017883
-0.0111867
-0.0112944
-0.0115714
-0.0119962
-0.0125414
-0.0132
-0.0139725
-0.0148581
-0.0158489
-0.0169251
-0.0180687
-0.0192465
-0.0204351
-0.0216142
-0.0227677
-0.023885
-0.0249592
-0.025987
-0.0269673
-0.0279
-0.0287864
-0.0296278
-0.0304257
-0.0311813
-0.031896
-0.0325705
-0.0332057
-0.0338019
-0.0343596
-0.0348788
-0.0353598
-0.0358024
-0.0362068
-0.0365727
-0.0369002
-0.0371892
-0.0374396
-0.0376514
-0.0378246
-0.0379592
-0.0380553
-0.0381129
-0.0381321
-0.0381131
-0.0380562
-0.0379615
-0.0378293
-0.0376598
-0.0374536
-0.0372108
-0.0369319
-0.0366175
-0.0362679
-0.0358839
-0.035466
-0.035015
-0.034532
-0.0340182
-0.0334749
-0.032904
-0.0323077
-0.0316886
-0.0310497
-0.0303944
-0.0297265
-0.0290497
-0.0283677
-0.027683
-0.0269965
-0.026306
-0.0256047
-0.0248795
-0.0241124
-0.0232861
-0.0223869
-0.0213944
-0.0202931
-0.0194008
-0.0188069
-0.0185808
-0.0114388
-0.0115291
-0.0117885
-0.0122022
-0.0127398
-0.0133912
-0.0141555
-0.0150306
-0.0160078
-0.0170699
-0.0182004
-0.0193646
-0.0205405
-0.021708
-0.0228515
-0.0239601
-0.0250269
-0.0260485
-0.0270233
-0.0279516
-0.0288342
-0.0296723
-0.0304675
-0.0312209
-0.0319337
-0.0326067
-0.0332407
-0.033836
-0.034393
-0.0349119
-0.0353926
-0.0358351
-0.0362395
-0.0366057
-0.0369335
-0.0372228
-0.0374735
-0.0376857
-0.0378593
-0.0379942
-0.0380905
-0.0381483
-0.0381677
-0.0381488
-0.0380919
-0.0379971
-0.0378647
-0.037695
-0.0374885
-0.0372454
-0.0369663
-0.0366516
-0.0363019
-0.0359179
-0.0355001
-0.0350496
-0.0345673
-0.0340545
-0.0335126
-0.0329437
-0.0323498
-0.0317338
-0.0310987
-0.0304483
-0.0297863
-0.0291169
-0.028444
-0.027771
-0.0270997
-0.0264291
-0.0257541
-0.0250638
-0.0243418
-0.0235712
-0.02274
-0.0218265
-0.0208116
-0.019977
-0.0194221
-0.0191911
-0.0116117
-0.011685
-0.0119269
-0.0123298
-0.0128599
-0.0135045
-0.014261
-0.0151265
-0.0160919
-0.0171407
-0.0182581
-0.0194114
-0.0205768
-0.0217352
-0.022871
-0.0239732
-0.0250349
-0.0260523
-0.0270238
-0.0279494
-0.0288299
-0.0296664
-0.0304602
-0.0312127
-0.0319248
-0.0325974
-0.0332312
-0.0338265
-0.0343837
-0.0349028
-0.035384
-0.0358271
-0.0362321
-0.0365989
-0.0369274
-0.0372174
-0.0374688
-0.0376816
-0.0378557
-0.037991
-0.0380876
-0.0381456
-0.038165
-0.038146
-0.0380888
-0.0379936
-0.0378606
-0.0376902
-0.0374828
-0.0372387
-0.0369586
-0.0366428
-0.036292
-0.0359068
-0.0354881
-0.0350368
-0.0345539
-0.0340407
-0.0334989
-0.0329304
-0.0323375
-0.0317231
-0.0310903
-0.030443
-0.0297852
-0.0291213
-0.0284556
-0.027792
-0.027133
-0.026479
-0.0258265
-0.0251665
-0.0244845
-0.0237638
-0.0229939
-0.0221529
-0.0212227
-0.0204488
-0.0199341
-0.0197037
-0.0117089
-0.0117652
-0.01199
-0.0123818
-0.0129042
-0.0135419
-0.0142908
-0.0151473
-0.0161023
-0.0171384
-0.0182428
-0.0193874
-0.0205443
-0.0216956
-0.0228259
-0.023924
-0.0249827
-0.025998
-0.0269682
-0.0278929
-0.028773
-0.0296094
-0.0304034
-0.0311562
-0.0318689
-0.0325422
-0.0331768
-0.033773
-0.0343312
-0.0348515
-0.0353338
-0.0357781
-0.0361843
-0.0365523
-0.0368819
-0.037173
-0.0374255
-0.0376391
-0.0378139
-0.0379498
-0.0380468
-0.038105
-0.0381243
-0.038105
-0.0380473
-0.0379512
-0.0378172
-0.0376456
-0.0374367
-0.037191
-0.036909
-0.0365912
-0.0362383
-0.035851
-0.0354301
-0.0349767
-0.0344918
-0.0339769
-0.0334336
-0.032864
-0.0322704
-0.0316558
-0.0310236
-0.0303776
-0.0297222
-0.0290619
-0.0284013
-0.0277447
-0.0270955
-0.0264548
-0.0258209
-0.0251868
-0.0245395
-0.0238631
-0.0231475
-0.0223726
-0.0215255
-0.0208101
-0.020336
-0.0201109
-0.0117346
-0.0117745
-0.0119819
-0.0123617
-0.0128757
-0.0135062
-0.0142474
-0.0150952
-0.0160405
-0.017065
-0.0181564
-0.0192933
-0.0204436
-0.0215896
-0.0227163
-0.0238122
-0.0248699
-0.0258851
-0.0268558
-0.0277815
-0.0286628
-0.0295007
-0.0302964
-0.0310509
-0.0317654
-0.0324405
-0.033077
-0.0336752
-0.0342353
-0.0347575
-0.0352418
-0.035688
-0.0360961
-0.0364659
-0.0367972
-0.0370898
-0.0373436
-0.0375584
-0.0377342
-0.0378708
-0.0379683
-0.0380266
-0.0380458
-0.0380261
-0.0379675
-0.0378704
-0.0377349
-0.0375615
-0.0373505
-0.0371024
-0.0368177
-0.036497
-0.036141
-0.0357505
-0.0353262
-0.0348694
-0.0343811
-0.0338629
-0.0333165
-0.0327441
-0.0321481
-0.0315316
-0.0308981
-0.0302516
-0.0295965
-0.0289377
-0.0282801
-0.0276282
-0.026986
-0.0263556
-0.0257364
-0.0251236
-0.024506
-0.0238684
-0.0232004
-0.0224841
-0.0217168
-0.0210574
-0.0206234
-0.020407
-0.0116943
-0.011718
-0.0119074
-0.0122736
-0.0127781
-0.0134008
-0.0141339
-0.0149727
-0.0159083
-0.0169225
-0.0180015
-0.0191306
-0.0202753
-0.0214175
-0.0225422
-0.0236377
-0.0246963
-0.0257131
-0.0266861
-0.0276146
-0.0284988
-0.0293398
-0.0301385
-0.0308962
-0.0316137
-0.032292
-0.0329314
-0.0335326
-0.0340957
-0.0346207
-0.0351077
-0.0355567
-0.0359673
-0.0363395
-0.036673
-0.0369677
-0.0372233
-0.0374397
-0.0376167
-0.0377543
-0.0378523
-0.0379109
-0.0379299
-0.0379096
-0.03785
-0.0377514
-0.0376141
-0.0374384
-0.0372246
-0.0369734
-0.0366851
-0.0363606
-0.0360004
-0.0356054
-0.0351766
-0.034715
-0.0342219
-0.0336989
-0.0331477
-0.0325706
-0.0319704
-0.03135
-0.0307132
-0.0300642
-0.0294075
-0.028748
-0.028091
-0.0274415
-0.0268037
-0.0261804
-0.0255724
-0.0249764
-0.0243834
-0.0237795
-0.0231528
-0.0224882
-0.021796
-0.0211883
-0.0207936
-0.020587
-0.0115942
-0.0116015
-0.0117717
-0.0121226
-0.012616
-0.0132297
-0.0139539
-0.0147828
-0.0157081
-0.0167129
-0.0177808
-0.0189008
-0.0200405
-0.02118
-0.022304
-0.0234006
-0.0244615
-0.0254817
-0.0264587
-0.0273915
-0.0282803
-0.0291259
-0.0299292
-0.0306914
-0.0314134
-0.0320959
-0.0327396
-0.0333448
-0.0339119
-0.0344407
-0.0349315
-0.0353839
-0.0357979
-0.0361732
-0.0365095
-0.0368068
-0.0370647
-0.037283
-0.0374616
-0.0376004
-0.0376992
-0.037758
-0.0377769
-0.0377558
-0.0376951
-0.0375948
-0.0374552
-0.0372766
-0.0370595
-0.0368044
-0.0365118
-0.0361824
-0.0358169
-0.0354163
-0.0349814
-0.0345136
-0.0340141
-0.0334846
-0.032927
-0.0323436
-0.0317371
-0.0311109
-0.0304688
-0.029815
-0.0291544
-0.0284922
-0.0278335
-0.0271837
-0.0265477
-0.0259287
-0.0253283
-0.0247451
-0.0241721
-0.0235968
-0.0230066
-0.0223889
-0.0217603
-0.0212009
-0.0208454
-0.020648
-0.0114408
-0.0114311
-0.0115805
-0.0119139
-0.0123943
-0.0129972
-0.0137112
-0.0145291
-0.0154429
-0.016438
-0.0174968
-0.0186064
-0.0197409
-0.0208781
-0.0220022
-0.0231009
-0.0241655
-0.0251905
-0.0261729
-0.0271116
-0.0280066
-0.0288583
-0.0296678
-0.0304359
-0.0311637
-0.0318519
-0.032501
-0.0331115
-0.0336836
-0.0342173
-0.0347127
-0.0351695
-0.0355876
-0.0359668
-0.0363067
-0.0366072
-0.0368679
-0.0370886
-0.0372692
-0.0374094
-0.0375092
-0.0375684
-0.0375871
-0.0375653
-0.0375031
-0.0374008
-0.0372586
-0.0370767
-0.0368557
-0.036596
-0.0362982
-0.035963
-0.0355912
-0.0351836
-0.0347414
-0.0342657
-0.0337581
-0.0332204
-0.0326544
-0.0320627
-0.0314481
-0.030814
-0.0301644
-0.0295038
-0.0288371
-0.0281697
-0.027507
-0.0268545
-0.0262174
-0.0255998
-0.0250039
-0.0244295
-0.0238721
-0.0233209
-0.0227626
-0.0221876
-0.0216118
-0.0210941
-0.0207775
-0.0205895
-0.0112407
-0.0112131
-0.0113398
-0.0116533
-0.0121184
-0.0127086
-0.0134105
-0.0142163
-0.0151173
-0.0161007
-0.0171502
-0.01825
-0.0193782
-0.0205129
-0.0216373
-0.0227388
-0.023808
-0.0248389
-0.0258282
-0.0267743
-0.0276769
-0.0285363
-0.0293533
-0.0301289
-0.030864
-0.0315591
-0.032215
-0.0328321
-0.0334104
-0.0339501
-0.0344512
-0.0349134
-0.0353365
-0.0357204
-0.0360646
-0.0363689
-0.036633
-0.0368567
-0.0370396
-0.0371816
-0.0372825
-0.0373423
-0.0373609
-0.0373383
-0.0372746
-0.03717
-0.0370248
-0.0368391
-0.0366136
-0.0363486
-0.0360448
-0.0357028
-0.0353235
-0.0349078
-0.0344569
-0.0339719
-0.0334546
-0.0329067
-0.0323304
-0.0317282
-0.0311033
-0.0304591
-0.0297998
-0.0291301
-0.028455
-0.02778
-0.027111
-0.0264535
-0.0258129
-0.0251937
-0.024599
-0.0240298
-0.0234838
-0.0229521
-0.0224213
-0.0218846
-0.0213547
-0.0208682
-0.02059
-0.020412
-0.0110001
-0.0109539
-0.011056
-0.0113465
-0.0117937
-0.012369
-0.0130571
-0.013849
-0.0147357
-0.0157055
-0.0167435
-0.0178333
-0.0189543
-0.0200856
-0.0212102
-0.0223146
-0.0233889
-0.0244267
-0.025424
-0.0263788
-0.0272904
-0.028159
-0.0289852
-0.0297697
-0.0305135
-0.0312171
-0.0318811
-0.032506
-0.0330919
-0.0336388
-0.0341466
-0.0346153
-0.0350444
-0.0354339
-0.0357832
-0.0360921
-0.0363603
-0.0365874
-0.0367731
-0.0369173
-0.0370197
-0.0370802
-0.0370988
-0.0370753
-0.03701
-0.0369029
-0.0367543
-0.0365645
-0.0363338
-0.0360628
-0.0357521
-0.0354023
-0.0350144
-0.0345894
-0.0341283
-0.0336326
-0.0331039
-0.0325441
-0.0319555
-0.0313408
-0.0307033
-0.0300467
-0.0293753
-0.0286939
-0.0280079
-0.0273229
-0.026645
-0.0259801
-0.0253336
-0.0247101
-0.0241135
-0.023546
-0.0230074
-0.0224907
-0.0219837
-0.0214816
-0.0209912
-0.0205258
-0.020285
-0.0201165
-0.0107247
-0.0106596
-0.0107352
-0.0109996
-0.011426
-0.011984
-0.0126561
-0.0134322
-0.0143028
-0.0152568
-0.0162807
-0.0173586
-0.018471
-0.0195978
-0.0207217
-0.0218287
-0.0229085
-0.0239537
-0.0249598
-0.0259244
-0.0268463
-0.0277255
-0.0285623
-0.0293573
-0.0301113
-0.0308249
-0.0314986
-0.0321327
-0.0327275
-0.0332828
-0.0337987
-0.0342749
-0.0347112
-0.0351072
-0.0354625
-0.0357768
-0.0360498
-0.0362809
-0.0364701
-0.0366169
-0.0367211
-0.0367826
-0.0368012
-0.036777
-0.0367099
-0.0366002
-0.0364478
-0.0362533
-0.0360169
-0.0357392
-0.0354207
-0.0350623
-0.0346647
-0.0342289
-0.0337563
-0.0332482
-0.0327064
-0.0321329
-0.0315301
-0.0309009
-0.0302486
-0.0295773
-0.0288913
-0.0281958
-0.0274963
-0.0267988
-0.0261095
-0.0254344
-0.0247794
-0.0241491
-0.0235477
-0.0229786
-0.0224432
-0.0219375
-0.0214501
-0.0209774
-0.0205202
-0.0200752
-0.0198663
-0.0197048
-0.0104199
-0.0103359
-0.0103835
-0.010619
-0.0110216
-0.0115595
-0.0122131
-0.0129708
-0.013823
-0.0147589
-0.015766
-0.0168294
-0.0179309
-0.0190513
-0.0201731
-0.021282
-0.0223667
-0.0234195
-0.0244351
-0.0254103
-0.0263438
-0.0272349
-0.0280837
-0.0288908
-0.0296567
-0.0303818
-0.0310667
-0.0317116
-0.0323166
-0.0328819
-0.0334071
-0.0338922
-0.0343367
-0.0347403
-0.0351026
-0.0354232
-0.0357017
-0.0359377
-0.0361308
-0.0362807
-0.0363871
-0.0364498
-0.0364688
-0.0364438
-0.0363749
-0.0362623
-0.036106
-0.0359064
-0.0356637
-0.0353786
-0.0350516
-0.0346834
-0.034275
-0.0338273
-0.0333417
-0.0328196
-0.032263
-0.0316738
-0.0310547
-0.0304088
-0.0297395
-0.0290511
-0.0283482
-0.0276362
-0.0269208
-0.0262082
-0.0255047
-0.0248169
-0.0241506
-0.0235109
-0.0229021
-0.0223281
-0.0217924
-0.0212938
-0.0208214
-0.0203713
-0.0199403
-0.0195239
-0.019338
-0.0191794
-0.0100906
-0.00998866
-0.0100069
-0.0102109
-0.0105871
-0.0111019
-0.0117339
-0.0124706
-0.0133015
-0.0142164
-0.0152036
-0.0162494
-0.0173371
-0.0184484
-0.019566
-0.0206751
-0.021764
-0.022824
-0.0238492
-0.0248358
-0.0257818
-0.0266861
-0.0275484
-0.0283691
-0.0291484
-0.0298868
-0.0305845
-0.0312418
-0.0318588
-0.0324354
-0.0329714
-0.0334666
-0.0339206
-0.0343331
-0.0347034
-0.0350313
-0.0353163
-0.0355578
-0.0357555
-0.0359091
-0.0360182
-0.0360825
-0.036102
-0.0360764
-0.0360057
-0.0358901
-0.0357296
-0.0355244
-0.0352751
-0.0349819
-0.0346455
-0.0342666
-0.0338462
-0.0333853
-0.0328853
-0.0323477
-0.0317744
-0.0311677
-0.0305303
-0.0298654
-0.0291768
-0.028469
-0.0277467
-0.0270157
-0.0262818
-0.0255516
-0.0248315
-0.0241283
-0.0234481
-0.0227964
-0.0221774
-0.0215955
-0.021056
-0.0205606
-0.0200996
-0.0196675
-0.0192579
-0.0188691
-0.0187026
-0.0185444
-0.00974172
-0.00962279
-0.00961107
-0.00978204
-0.0101298
-0.0106182
-0.0112252
-0.0119374
-0.0127439
-0.0136344
-0.0145981
-0.0156228
-0.0166931
-0.0177919
-0.0189023
-0.0200094
-0.0211009
-0.0221673
-0.0232019
-0.0242002
-0.0251594
-0.026078
-0.0269553
-0.0277911
-0.0285855
-0.0293388
-0.0300511
-0.0307226
-0.0313531
-0.0319428
-0.0324912
-0.032998
-0.0334629
-0.0338855
-0.0342651
-0.0346013
-0.0348937
-0.0351416
-0.0353448
-0.0355026
-0.0356149
-0.0356813
-0.0357015
-0.0356754
-0.035603
-0.0354843
-0.0353194
-0.0351084
-0.0348517
-0.0345498
-0.0342033
-0.0338129
-0.0333794
-0.0329041
-0.0323882
-0.0318335
-0.0312418
-0.0306157
-0.0299579
-0.029272
-0.0285618
-0.0278321
-0.027088
-0.0263354
-0.0255805
-0.02483
-0.0240908
-0.0233696
-0.022673
-0.0220067
-0.021375
-0.0207823
-0.0202356
-0.0197395
-0.0192869
-0.0188689
-0.0184768
-0.0181131
-0.0179639
-0.0178037
-0.00937799
-0.0092428
-0.00920321
-0.00934026
-0.00965651
-0.0101151
-0.0106935
-0.0113778
-0.0121561
-0.0130183
-0.0139546
-0.0149539
-0.0160025
-0.0170847
-0.0181843
-0.0192864
-0.0203783
-0.0214496
-0.0224929
-0.0235028
-0.0244758
-0.0254096
-0.026303
-0.0271555
-0.0279668
-0.0287368
-0.0294655
-0.030153
-0.030799
-0.0314034
-0.0319659
-0.032486
-0.0329633
-0.0333974
-0.0337875
-0.0341333
-0.0344342
-0.0346895
-0.0348988
-0.0350618
-0.0351778
-0.0352467
-0.035268
-0.0352417
-0.0351677
-0.0350459
-0.0348763
-0.0346592
-0.0343948
-0.0340836
-0.0337262
-0.0333233
-0.0328757
-0.0323847
-0.0318517
-0.0312782
-0.0306666
-0.0300192
-0.029339
-0.0286298
-0.0278958
-0.0271419
-0.0263735
-0.0255969
-0.0248185
-0.0240452
-0.0232841
-0.0225424
-0.0218269
-0.0211435
-0.0204965
-0.0198904
-0.0193335
-0.0188333
-0.0183859
-0.0179785
-0.0175999
-0.0172583
-0.0171249
-0.0169615
-0.00900472
-0.00885288
-0.00879092
-0.00889414
-0.009175
-0.00959999
-0.0101462
-0.0107983
-0.0115443
-0.0123739
-0.0132782
-0.0142474
-0.0152695
-0.0163303
-0.0174147
-0.0185081
-0.0195973
-0.0206715
-0.0217222
-0.0227432
-0.0237301
-0.0246798
-0.0255906
-0.0264612
-0.027291
-0.0280796
-0.0288268
-0.0295322
-0.0301956
-0.0308167
-0.031395
-0.0319302
-0.0324216
-0.0328687
-0.0332708
-0.0336275
-0.033938
-0.0342017
-0.0344183
-0.034587
-0.0347075
-0.0347794
-0.0348024
-0.0347761
-0.0347006
-0.0345757
-0.0344014
-0.0341779
-0.0339054
-0.0335844
-0.0332154
-0.0327991
-0.0323365
-0.0318287
-0.0312771
-0.0306835
-0.0300502
-0.0293797
-0.0286753
-0.0279408
-0.0271807
-0.0264002
-0.0256053
-0.0248021
-0.0239976
-0.023199
-0.0224136
-0.0216489
-0.0209119
-0.0202087
-0.0195441
-0.0189224
-0.0183524
-0.0178451
-0.0173989
-0.0169987
-0.0166299
-0.0163089
-0.0161895
-0.0160213
-0.00862403
-0.00846071
-0.00838311
-0.00845227
-0.00869381
-0.00908146
-0.00959103
-0.0102062
-0.010915
-0.0117071
-0.0125745
-0.0135084
-0.0144986
-0.0155327
-0.0165968
-0.0176768
-0.0187596
-0.0198338
-0.0208901
-0.0219212
-0.0229217
-0.0238879
-0.0248169
-0.025707
-0.0265571
-0.0273662
-0.0281337
-0.0288591
-0.029542
-0.0301818
-0.0307781
-0.0313301
-0.0318374
-0.0322992
-0.0327149
-0.0330839
-0.0334054
-0.0336788
-0.0339035
-0.034079
-0.0342047
-0.0342803
-0.0343053
-0.0342795
-0.0342027
-0.0340748
-0.0338958
-0.0336657
-0.0333848
-0.0330535
-0.0326723
-0.032242
-0.0317633
-0.0312376
-0.0306663
-0.0300512
-0.0293946
-0.0286993
-0.0279688
-0.027207
-0.0264188
-0.0256096
-0.0247856
-0.0239536
-0.0231207
-0.0222942
-0.021482
-0.0206916
-0.0199305
-0.0192053
-0.0185208
-0.0178811
-0.0172956
-0.0167781
-0.0163295
-0.0159329
-0.0155702
-0.0152683
-0.015161
-0.0149867
-0.0082407
-0.00807838
-0.00798865
-0.00802281
-0.00822179
-0.00856825
-0.00903607
-0.00960886
-0.0102749
-0.0110242
-0.011849
-0.0127419
-0.0136944
-0.0146959
-0.015734
-0.0167955
-0.0178675
-0.0189381
-0.0199974
-0.021037
-0.0220505
-0.0230331
-0.0239811
-0.024892
-0.0257639
-0.0265953
-0.0273853
-0.0281329
-0.0288375
-0.0294983
-0.0301145
-0.0306856
-0.0312106
-0.031689
-0.03212
-0.0325028
-0.0328367
-0.033121
-0.033355
-0.0335383
-0.0336701
-0.0337501
-0.0337778
-0.0337529
-0.0336752
-0.0335445
-0.0333607
-0.033124
-0.0328344
-0.0324925
-0.0320986
-0.0316534
-0.031158
-0.0306134
-0.0300212
-0.0293833
-0.0287021
-0.0279805
-0.0272221
-0.0264312
-0.0256129
-0.0247729
-0.0239178
-0.0230547
-0.0221909
-0.0213343
-0.0204927
-0.0196742
-0.0188866
-0.0181368
-0.01743
-0.0167701
-0.0161669
-0.0156361
-0.0151816
-0.0147865
-0.0144277
-0.0141386
-0.014042
-0.0138606
-0.00786665
-0.00771491
-0.00761394
-0.00761375
-0.00776811
-0.00806873
-0.00848903
-0.00901346
-0.00963075
-0.0103311
-0.0111073
-0.0119533
-0.0128619
-0.0138245
-0.0148304
-0.0158675
-0.0169235
-0.0179864
-0.0190454
-0.0200913
-0.0211166
-0.0221154
-0.0230828
-0.0240155
-0.0249107
-0.0257663
-0.0265808
-0.0273529
-0.0280814
-0.0287654
-0.0294039
-0.0299961
-0.0305411
-0.0310381
-0.0314861
-0.0318845
-0.0322323
-0.0325289
-0.0327736
-0.0329657
-0.0331047
-0.0331899
-0.033221
-0.0331975
-0.0331193
-0.032986
-0.0327977
-0.0325543
-0.032256
-0.0319031
-0.0314961
-0.0310356
-0.0305227
-0.0299584
-0.0293444
-0.0286826
-0.0279755
-0.0272262
-0.0264385
-0.0256169
-0.0247667
-0.0238941
-0.0230058
-0.0221094
-0.0212126
-0.0203234
-0.0194501
-0.0186011
-0.0177844
-0.0170075
-0.016276
-0.0155939
-0.0149709
-0.0144245
-0.013961
-0.0135651
-0.0132074
-0.0129224
-0.0128353
-0.012646
-0.00751092
-0.00737491
-0.00726355
-0.00723146
-0.00734017
-0.00758988
-0.00795719
-0.00842718
-0.00898921
-0.00963407
-0.0103552
-0.0111476
-0.0120059
-0.0129231
-0.0138903
-0.0148969
-0.0159312
-0.0169815
-0.0180363
-0.0190857
-0.0201211
-0.0211351
-0.022122
-0.0230772
-0.0239971
-0.0248786
-0.0257197
-0.0265185
-0.0272733
-0.0279829
-0.0286461
-0.0292618
-0.0298289
-0.0303465
-0.0308136
-0.0312293
-0.0315928
-0.0319033
-0.03216
-0.0323622
-0.0325094
-0.0326008
-0.032636
-0.0326147
-0.0325364
-0.032401
-0.0322084
-0.0319584
-0.0316513
-0.0312874
-0.030867
-0.0303908
-0.0298599
-0.0292753
-0.0286387
-0.0279521
-0.0272182
-0.0264401
-0.0256219
-0.0247682
-0.0238846
-0.0229777
-0.0220545
-0.0211229
-0.0201909
-0.0192669
-0.0183596
-0.0174775
-0.0166291
-0.0158225
-0.0150641
-0.0143576
-0.0137128
-0.0131489
-0.0126748
-0.0122719
-0.011912
-0.0116248
-0.011544
-0.0113453
-0.00717766
-0.00705971
-0.00694011
-0.00688
-0.00694375
-0.00713842
-0.00744778
-0.00785687
-0.0083566
-0.00893889
-0.00959797
-0.01033
-0.0111311
-0.0119963
-0.0129182
-0.0138879
-0.0148946
-0.0159269
-0.0169732
-0.0180227
-0.0190657
-0.0200938
-0.0210998
-0.0220779
-0.0230234
-0.0239325
-0.024802
-0.0256296
-0.0264131
-0.0271508
-0.0278411
-0.0284826
-0.0290742
-0.0296147
-0.0301029
-0.030538
-0.030919
-0.031245
-0.0315152
-0.0317289
-0.0318854
-0.031984
-0.0320243
-0.0320059
-0.0319283
-0.0317913
-0.0315947
-0.0313385
-0.0310228
-0.0306478
-0.0302139
-0.0297219
-0.0291727
-0.0285674
-0.0279077
-0.0271958
-0.0264344
-0.0256267
-0.024777
-0.0238901
-0.0229721
-0.0220295
-0.0210699
-0.0201013
-0.0191322
-0.0181714
-0.0172277
-0.01631
-0.0154273
-0.0145883
-0.0138001
-0.013067
-0.0123982
-0.0118142
-0.0113257
-0.0109128
-0.0105464
-0.0102503
-0.0101704
-0.00995963
-0.00686893
-0.00676838
-0.00664393
-0.00656095
-0.00658292
-0.00672061
-0.00696724
-0.00730892
-0.00773893
-0.0082511
-0.00884071
-0.00950523
-0.0102424
-0.0110487
-0.0119189
-0.0128453
-0.0138184
-0.0148272
-0.0158602
-0.0169059
-0.0179537
-0.0189939
-0.0200181
-0.0210191
-0.0219909
-0.0229288
-0.0238286
-0.0246871
-0.0255015
-0.0262697
-0.0269895
-0.0276594
-0.0282778
-0.0288434
-0.029355
-0.0298115
-0.0302119
-0.0305551
-0.0308405
-0.0310671
-0.0312342
-0.0313413
-0.0313877
-0.0313731
-0.0312969
-0.0311589
-0.0309589
-0.0306969
-0.0303729
-0.0299871
-0.02954
-0.0290322
-0.0284646
-0.0278386
-0.0271557
-0.0264182
-0.0256289
-0.0247913
-0.0239096
-0.022989
-0.0220357
-0.0210565
-0.0200592
-0.0190522
-0.0180444
-0.0170447
-0.0160623
-0.0151066
-0.0141867
-0.0133124
-0.0124915
-0.011729
-0.0110338
-0.0104266
-0.00991964
-0.00949247
-0.00911388
-0.00879994
-0.00871376
-0.00848754
-0.0065849
-0.00649872
-0.00637399
-0.00627411
-0.00625936
-0.00634078
-0.00652027
-0.00678879
-0.00714168
-0.00757578
-0.00808812
-0.00867773
-0.00934395
-0.010085
-0.0108971
-0.0117741
-0.0127077
-0.0136876
-0.0147024
-0.0157403
-0.0167896
-0.0178396
-0.0188805
-0.0199039
-0.0209024
-0.0218699
-0.0228014
-0.0236926
-0.0245401
-0.025341
-0.0260927
-0.0267933
-0.027441
-0.0280341
-0.0285713
-0.0290513
-0.029473
-0.0298354
-0.0301375
-0.0303786
-0.0305579
-0.0306746
-0.0307284
-0.0307186
-0.0306447
-0.0305066
-0.030304
-0.0300368
-0.029705
-0.0293089
-0.028849
-0.0283257
-0.0277402
-0.0270936
-0.0263877
-0.0256249
-0.0248078
-0.0239403
-0.0230266
-0.0220722
-0.0210832
-0.0200669
-0.0190312
-0.0179847
-0.0169366
-0.0158961
-0.0148729
-0.0138763
-0.0129165
-0.0120037
-0.0111468
-0.0103516
-0.00962684
-0.00899286
-0.00846288
-0.00801565
-0.00761705
-0.00727328
-0.00716903
-0.00692295
-0.00632333
-0.00624863
-0.0061286
-0.00601862
-0.00597232
-0.00600033
-0.00611007
-0.00630087
-0.00656959
-0.00691749
-0.00734451
-0.00785163
-0.00843994
-0.00910929
-0.00985742
-0.0106796
-0.0115684
-0.0125144
-0.0135064
-0.0145322
-0.0155796
-0.0166368
-0.0176926
-0.0187373
-0.0197621
-0.0207598
-0.0217239
-0.0226494
-0.0235317
-0.0243674
-0.0251533
-0.0258869
-0.0265661
-0.027189
-0.0277539
-0.0282596
-0.0287046
-0.029088
-0.0294088
-0.029666
-0.0298589
-0.0299867
-0.030049
-0.0300452
-0.0299748
-0.0298375
-0.0296332
-0.0293616
-0.029023
-0.0286174
-0.0281453
-0.0276073
-0.0270045
-0.0263381
-0.02561
-0.0248224
-0.0239783
-0.0230815
-0.0221364
-0.0211485
-0.0201242
-0.0190707
-0.0179962
-0.0169094
-0.0158198
-0.0147369
-0.0136704
-0.0126304
-0.0116275
-0.0106725
-0.00977554
-0.00894343
-0.00818512
-0.00751983
-0.00696109
-0.00648657
-0.00605911
-0.00566891
-0.00552728
-0.00525329
-0.00608135
-0.00601673
-0.00590559
-0.00579213
-0.00571943
-0.0056989
-0.00573887
-0.0058475
-0.00602583
-0.00627966
-0.00661337
-0.00703045
-0.00753407
-0.00812577
-0.00880466
-0.0095671
-0.0104067
-0.0113144
-0.0122795
-0.0132895
-0.0143316
-0.0153931
-0.0164618
-0.0175263
-0.0185768
-0.0196045
-0.0206018
-0.0215624
-0.022481
-0.0233532
-0.0241751
-0.0249438
-0.0256567
-0.0263114
-0.0269063
-0.0274396
-0.02791
-0.0283163
-0.0286574
-0.0289324
-0.0291405
-0.029281
-0.0293532
-0.0293566
-0.0292909
-0.0291557
-0.0289507
-0.028676
-0.0283315
-0.0279174
-0.0274343
-0.0268828
-0.0262638
-0.0255788
-0.0248296
-0.0240186
-0.0231487
-0.0222238
-0.0212485
-0.0202282
-0.0191693
-0.0180793
-0.0169661
-0.0158388
-0.0147068
-0.0135798
-0.0124679
-0.0113816
-0.0103321
-0.00933085
-0.00838876
-0.00751458
-0.0067174
-0.00601487
-0.00542013
-0.00490854
-0.00444151
-0.00398498
-0.00378169
-0.0034579
-0.00585691
-0.00580194
-0.00570271
-0.00559117
-0.00549771
-0.00543348
-0.00540611
-0.00542922
-0.00551228
-0.0056649
-0.00589754
-0.0062173
-0.00662983
-0.00713843
-0.00774351
-0.00844232
-0.00922912
-0.0100954
-0.0110303
-0.0120214
-0.0130553
-0.0141185
-0.0151977
-0.0162805
-0.0173554
-0.0184125
-0.019443
-0.0204392
-0.0213949
-0.0223048
-0.0231643
-0.0239697
-0.0247179
-0.0254065
-0.0260331
-0.026596
-0.0270936
-0.0275245
-0.0278877
-0.0281822
-0.0284071
-0.0285617
-0.0286453
-0.0286574
-0.0285978
-0.028466
-0.0282619
-0.0279852
-0.0276363
-0.0272152
-0.0267226
-0.026159
-0.0255255
-0.0248236
-0.0240552
-0.0232225
-0.0223288
-0.0213778
-0.0203741
-0.0193231
-0.0182312
-0.0171057
-0.0159547
-0.014787
-0.013612
-0.0124396
-0.0112802
-0.0101447
-0.00904462
-0.00799202
-0.006999
-0.00607611
-0.00523287
-0.00448461
-0.00384323
-0.00328098
-0.00275926
-0.00221555
-0.00193563
-0.00150745
-0.00564834
-0.00560308
-0.00551745
-0.00541169
-0.00530311
-0.00519932
-0.00510833
-0.00504487
-0.00502815
-0.00507386
-0.00519861
-0.00541462
-0.00573043
-0.00615132
-0.00667894
-0.00731128
-0.00804293
-0.00886553
-0.00976821
-0.0107383
-0.0117619
-0.0128247
-0.0139124
-0.0150116
-0.0161096
-0.0171951
-0.0182581
-0.0192898
-0.0202829
-0.021231
-0.0221289
-0.0229722
-0.0237573
-0.024481
-0.025141
-0.025735
-0.0262614
-0.0267187
-0.0271056
-0.0274211
-0.0276644
-0.0278347
-0.0279312
-0.0279535
-0.0279015
-0.0277747
-0.0275729
-0.027296
-0.0269443
-0.0265181
-0.0260178
-0.0254441
-0.0247983
-0.0240818
-0.0232965
-0.0224448
-0.0215298
-0.0205552
-0.0195257
-0.0184465
-0.0173238
-0.0161648
-0.0149772
-0.0137698
-0.0125518
-0.0113331
-0.0101241
-0.00893615
-0.00778106
-0.00667133
-0.00562016
-0.00463981
-0.0037407
-0.00293494
-0.00223062
-0.00159694
-0.00100031
-0.000331905
2.65578e-05
0.000630882
-0.00545363
-0.00541836
-0.0053477
-0.00525026
-0.00513076
-0.00499079
-0.00483865
-0.00469009
-0.00457075
-0.0045056
-0.00451731
-0.00462436
-0.004839
-0.00516875
-0.00561647
-0.00618068
-0.0068561
-0.00763419
-0.00850382
-0.00945187
-0.0104639
-0.0115248
-0.0126196
-0.0137337
-0.0148533
-0.0159659
-0.0170604
-0.018127
-0.0191571
-0.0201435
-0.0210801
-0.0219618
-0.0227844
-0.0235443
-0.0242387
-0.0248651
-0.0254215
-0.0259064
-0.0263184
-0.0266564
-0.0269195
-0.0271069
-0.027218
-0.0272521
-0.0272092
-0.0270891
-0.0268915
-0.0266162
-0.0262638
-0.0258344
-0.0253288
-0.0247476
-0.0240921
-0.0233638
-0.0225646
-0.0216969
-0.0207639
-0.0197691
-0.0187171
-0.0176128
-0.0164623
-0.0152723
-0.0140504
-0.0128047
-0.0115442
-0.0102786
-0.00901829
-0.00777457
-0.00655939
-0.00538565
-0.00426724
-0.00321797
-0.00224876
-0.00136855
-0.000579438
0.00015142
0.000852926
0.00173249
0.00219599
0.00299757
-0.00526978
-0.00524596
-0.00519153
-0.0051034
-0.00497483
-0.00480098
-0.00458896
-0.00435726
-0.00413529
-0.00395721
-0.00385326
-0.00384826
-0.00395912
-0.00419585
-0.00456264
-0.00505843
-0.00567781
-0.00641183
-0.00724882
-0.00817502
-0.00917533
-0.0102339
-0.0113349
-0.0124627
-0.0136026
-0.0147411
-0.0158659
-0.0169662
-0.0180324
-0.0190565
-0.0200314
-0.0209514
-0.0218116
-0.022608
-0.0233373
-0.0239968
-0.0245841
-0.0250976
-0.0255357
-0.0258973
-0.0261814
-0.0263873
-0.0265143
-0.0265619
-0.0265297
-0.0264179
-0.0262263
-0.025955
-0.0256041
-0.0251741
-0.0246658
-0.02408
-0.0234179
-0.0226811
-0.0218715
-0.0209917
-0.0200445
-0.0190335
-0.0179629
-0.0168375
-0.0156628
-0.0144452
-0.0131917
-0.0119099
-0.0106082
-0.00929574
-0.00798264
-0.00667979
-0.005399
-0.00415311
-0.002956
-0.001822
-0.000761735
0.0002184
0.00112236
0.00198654
0.00283888
0.00406179
0.00468204
0.00569064
-0.0050925
-0.00508263
-0.00504659
-0.00496751
-0.00482926
-0.0046217
-0.00435002
-0.00403612
-0.00371389
-0.00342399
-0.00320482
-0.00308767
-0.00309467
-0.00323894
-0.00352565
-0.00395426
-0.00451913
-0.00521072
-0.00601657
-0.00692217
-0.00791158
-0.00896816
-0.0100751
-0.0112161
-0.0123754
-0.0135385
-0.0146924
-0.015825
-0.0169261
-0.0179866
-0.0189989
-0.0199564
-0.0208537
-0.0216863
-0.0224503
-0.0231429
-0.0237614
-0.0243039
-0.0247688
-0.0251548
-0.0254609
-0.0256862
-0.0258304
-0.0258929
-0.0258733
-0.0257716
-0.0255881
-0.0253229
-0.024976
-0.024548
-0.02404
-0.0234528
-0.0227876
-0.0220461
-0.0212303
-0.0203424
-0.0193855
-0.0183627
-0.0172781
-0.016136
-0.0149416
-0.0137004
-0.0124189
-0.0111038
-0.00976282
-0.00840421
-0.00703727
-0.005672
-0.00431942
-0.00299149
-0.0017012
-0.00046207
0.000716666
0.00183492
0.00290161
0.00396274
0.00507863
0.00671363
0.00751909
0.0089145
-0.00491491
-0.00492398
-0.0049093
-0.0048382
-0.0046876
-0.00444428
-0.0041126
-0.00371748
-0.00329811
-0.00290069
-0.00257052
-0.00234501
-0.00225135
-0.00230601
-0.00251585
-0.00288051
-0.00339384
-0.00404574
-0.0048229
-0.00570991
-0.00668995
-0.00774547
-0.00885881
-0.0100127
-0.0111907
-0.0123774
-0.0135589
-0.0147223
-0.0158566
-0.016952
-0.0180001
-0.0189938
-0.019927
-0.0207947
-0.0215927
-0.0223179
-0.0229672
-0.0235387
-0.0240304
-0.0244412
-0.0247698
-0.0250156
-0.0251779
-0.0252564
-0.0252509
-0.0251613
-0.0249878
-0.0247308
-0.0243908
-0.0239679
-0.0234633
-0.0228782
-0.0222137
-0.0214716
-0.0206538
-0.0197625
-0.0188005
-0.0177709
-0.0166772
-0.0155234
-0.0143141
-0.013054
-0.0117486
-0.0104038
-0.00902619
-0.00762267
-0.00620107
-0.00476983
-0.00333847
-0.00191712
-0.000516653
0.000853032
0.00218708
0.00349441
0.00479463
0.00615022
0.0076627
0.00983588
0.0108276
0.0129654
-0.00473121
-0.00476448
-0.00477344
-0.00470971
-0.00454315
-0.00426059
-0.00386795
-0.00339397
-0.00288263
-0.00238506
-0.00195152
-0.00162527
-0.00143812
-0.0014092
-0.00154756
-0.00185301
-0.0023193
-0.00293529
-0.00368683
-0.00455771
-0.00553017
-0.00658574
-0.00770589
-0.00887254
-0.0100685
-0.0112775
-0.012485
-0.0136774
-0.0148429
-0.015971
-0.0170529
-0.0180807
-0.0190479
-0.0199491
-0.0207798
-0.0215363
-0.0222157
-0.0228154
-0.0233337
-0.0237692
-0.0241207
-0.0243873
-0.0245687
-0.0246645
-0.0246744
-0.0245987
-0.0244373
-0.024191
-0.0238602
-0.0234455
-0.0229478
-0.0223683
-0.0217084
-0.0209699
-0.0201545
-0.0192644
-0.0183022
-0.0172706
-0.0161729
-0.0150125
-0.0137932
-0.0125191
-0.0111945
-0.00982408
-0.00841282
-0.00696596
-0.00548934
-0.0039889
-0.00247134
-0.000942853
0.000590545
0.00212632
0.00366661
0.00523254
0.00685958
0.00864195
0.0107185
0.0135621
0.0148345
0.0182199
-0.00453631
-0.00460025
-0.00463659
-0.0045772
-0.00438909
-0.00406401
-0.00360989
-0.00306129
-0.00246528
-0.00187742
-0.0013524
-0.000937476
-0.000667603
-0.000564814
-0.000639537
-0.000892092
-0.00131628
-0.00190036
-0.00262946
-0.00348645
-0.00445273
-0.00550893
-0.00663573
-0.00781434
-0.00902684
-0.0102564
-0.0114877
-0.0127066
-0.0139007
-0.015059
-0.016172
-0.0172314
-0.0182304
-0.019163
-0.0200245
-0.0208109
-0.0215189
-0.0221461
-0.0226904
-0.0231503
-0.0235247
-0.0238128
-0.024014
-0.0241281
-0.024155
-0.0240948
-0.0239478
-0.0237145
-0.0233956
-0.0229919
-0.0225043
-0.021934
-0.0212824
-0.0205513
-0.0197425
-0.018858
-0.0179
-0.0168709
-0.0157737
-0.0146112
-0.0133866
-0.0121028
-0.0107633
-0.00937095
-0.00792908
-0.00644051
-0.00490817
-0.00333416
-0.00172045
-6.63571e-05
0.00163025
0.0033792
0.00519555
0.00711983
0.00920755
0.0115866
0.0144046
0.0179897
0.0200444
0.0250297
-0.00433416
-0.00443179
-0.00449996
-0.00443916
-0.00422144
-0.00384818
-0.00333421
-0.00271581
-0.00204427
-0.00137914
-0.00077846
-0.000290301
4.82157e-05
0.000212989
0.000192709
-1.42608e-05
-0.000401445
-0.000956973
-0.00166551
-0.00250961
-0.00346993
-0.00452621
-0.00565845
-0.00684728
-0.00807419
-0.00932184
-0.0105742
-0.0118169
-0.0130367
-0.0142224
-0.0153638
-0.0164523
-0.0174807
-0.0184427
-0.0193332
-0.020148
-0.0208836
-0.0215375
-0.0221074
-0.0225918
-0.0229895
-0.0232997
-0.0235218
-0.0236556
-0.0237011
-0.0236584
-0.0235279
-0.0233101
-0.0230057
-0.0226157
-0.0221409
-0.0215825
-0.0209421
-0.0202213
-0.019422
-0.0185466
-0.0175961
-0.0165728
-0.0154794
-0.0143181
-0.0130913
-0.011801
-0.0104493
-0.00903744
-0.00756656
-0.00603631
-0.00444586
-0.00279149
-0.00106821
0.000735475
0.00263433
0.00465806
0.00684351
0.00926325
0.0119989
0.015209
0.0190081
0.0236119
0.0270084
0.0337147
-0.00414437
-0.00428726
-0.00438495
-0.00430944
-0.00404724
-0.0036162
-0.00303762
-0.00235217
-0.00161564
-0.00088174
-0.000219022
0.000329336
0.000724826
0.000942144
0.000968723
0.000801877
0.000447377
-8.28245e-05
-0.000772591
-0.00160429
-0.00255852
-0.00361442
-0.00475129
-0.00594925
-0.00718931
-0.00845365
-0.0097258
-0.0109908
-0.0122351
-0.0134469
-0.0146158
-0.0157327
-0.0167899
-0.017781
-0.0187006
-0.0195441
-0.0203079
-0.0209891
-0.0215855
-0.0220955
-0.0225178
-0.0228515
-0.023096
-0.0232512
-0.0233169
-0.0232934
-0.0231811
-0.0229806
-0.0226926
-0.0223181
-0.021858
-0.0213134
-0.0206858
-0.0199763
-0.0191869
-0.0183219
-0.0173801
-0.0163638
-0.0152756
-0.0141169
-0.0128891
-0.0115932
-0.0102301
-0.0087991
-0.00729881
-0.00572481
-0.00407156
-0.00232718
-0.000477313
0.00150564
0.00365477
0.00603108
0.0087044
0.011799
0.0154318
0.0198033
0.0249729
0.0311046
0.0364678
0.045182
-0.00407581
-0.00425
-0.00435517
-0.004232
-0.00389307
-0.00338064
-0.00272119
-0.00195835
-0.00114984
-0.000353359
0.000374648
0.000981342
0.00143005
0.00169538
0.00176371
0.00163229
0.00130601
0.00079653
0.000120513
-0.000703362
-0.00165556
-0.00271506
-0.00386055
-0.00507156
-0.00632858
-0.0076133
-0.00890877
-0.0101995
-0.0114717
-0.0127128
-0.0139122
-0.0150604
-0.0161494
-0.0171722
-0.0181233
-0.018998
-0.0197922
-0.0205028
-0.0211275
-0.0216646
-0.0221126
-0.0224708
-0.0227386
-0.0229158
-0.0230022
-0.0229983
-0.0229045
-0.0227214
-0.0224498
-0.0220906
-0.0216449
-0.0211138
-0.020499
-0.0198022
-0.0190246
-0.0181655
-0.0172295
-0.0162184
-0.0151339
-0.0139767
-0.0127469
-0.0114444
-0.0100688
-0.00861684
-0.00708497
-0.00546353
-0.00374176
-0.00189665
9.76195e-05
0.00229189
0.00474346
0.00756078
0.0108592
0.0148465
0.0196942
0.0256921
0.0328641
0.0414018
0.0497846
0.0616176
-0.00430237
-0.00448925
-0.00450956
-0.00427324
-0.00381875
-0.00320103
-0.00244652
-0.00158423
-0.000678457
0.00020597
0.00101087
0.00168536
0.00218999
0.00250064
0.00260377
0.00249762
0.00218776
0.00168609
0.00101051
0.000180893
-0.000782349
-0.00185756
-0.00302273
-0.00425662
-0.00553908
-0.00685129
-0.0081759
-0.00949705
-0.0108004
-0.0120734
-0.0133049
-0.0144852
-0.0156058
-0.0166597
-0.0176412
-0.0185453
-0.0193679
-0.0201059
-0.0207569
-0.0213189
-0.0217904
-0.0221706
-0.0224589
-0.0226552
-0.0227595
-0.0227721
-0.0226936
-0.0225247
-0.0222663
-0.0219194
-0.021485
-0.0209642
-0.0203583
-0.0196692
-0.0188978
-0.0180456
-0.0171152
-0.0161077
-0.0150232
-0.0138624
-0.012627
-0.0113152
-0.00992504
-0.00845002
-0.00688459
-0.00521282
-0.0034195
-0.00146684
0.000682743
0.00311221
0.005906
0.0092414
0.0132902
0.0183925
0.024803
0.0330213
0.0431228
0.0555845
0.0691731
0.086968
-0.00534101
-0.00517877
-0.00491972
-0.00447457
-0.00387261
-0.00313015
-0.00226356
-0.00130281
-0.000306573
0.000658162
0.00153111
0.00226014
0.00280934
0.00315473
0.00328353
0.00319537
0.00289653
0.00239851
0.00172108
0.000884921
-8.94658e-05
-0.00117994
-0.00236387
-0.00361934
-0.00492558
-0.00626327
-0.00761455
-0.00896316
-0.0102944
-0.0115953
-0.0128545
-0.014062
-0.0152089
-0.0162882
-0.0172939
-0.0182211
-0.0190656
-0.0198243
-0.0204947
-0.0210747
-0.0215631
-0.0219587
-0.0222613
-0.0224706
-0.0225868
-0.0226102
-0.0225413
-0.0223808
-0.0221299
-0.0217898
-0.0213613
-0.0208453
-0.0202433
-0.0195568
-0.0187873
-0.0179365
-0.0170062
-0.0159971
-0.0149103
-0.0137458
-0.0125043
-0.0111828
-0.0097787
-0.00828223
-0.00668573
-0.00496568
-0.00310513
-0.00104842
0.00124892
0.00391038
0.00704099
0.0109117
0.0157522
0.0221059
0.0303486
0.0413942
0.0555712
0.0742595
0.09682
0.125811
-0.00776815
-0.00611589
-0.00546246
-0.00478645
-0.00402167
-0.00312609
-0.00211988
-0.0010535
1.99937e-05
0.00104433
0.00196337
0.00272967
0.00330824
0.00367637
0.00382259
0.00374612
0.00345426
0.00295972
0.00228182
0.00144158
0.000460115
-0.000640408
-0.00183733
-0.00310811
-0.00443149
-0.00578776
-0.00715863
-0.00852745
-0.00987929
-0.0112008
-0.0124803
-0.0137076
-0.0148738
-0.0159716
-0.0169949
-0.0179386
-0.0187988
-0.0195721
-0.0202559
-0.0208484
-0.0213482
-0.0217545
-0.0220667
-0.0222848
-0.022409
-0.0224396
-0.0223771
-0.0222224
-0.0219762
-0.0216398
-0.0212145
-0.0207017
-0.0201028
-0.0194192
-0.0186524
-0.0178039
-0.0168752
-0.0158669
-0.0147801
-0.0136145
-0.0123697
-0.0110426
-0.00962941
-0.00812199
-0.00650598
-0.0047558
-0.00284724
-0.000713075
0.00169311
0.00452558
0.00790228
0.0121768
0.0176384
0.0250684
0.0350998
0.0493036
0.0687518
0.0964571
0.132846
0.17936
-0.0124585
-0.00498101
-0.00393057
-0.00353083
-0.00281341
-0.00188551
-0.000883649
0.000134702
0.00113823
0.00208849
0.00293784
0.00364034
0.00416065
0.00447604
0.00457556
0.00445676
0.00412635
0.00359968
0.00289326
0.00202624
0.00102039
-0.000102258
-0.00131954
-0.00260973
-0.00395185
-0.00532613
-0.00671431
-0.00809975
-0.00946756
-0.0108044
-0.0120985
-0.0133396
-0.0145194
-0.0156305
-0.0166666
-0.0176223
-0.0184939
-0.0192781
-0.0199724
-0.0205749
-0.0210843
-0.0214997
-0.0218207
-0.0220471
-0.0221793
-0.0222175
-0.0221626
-0.0220152
-0.0217763
-0.021447
-0.0210287
-0.0205226
-0.0199301
-0.0192526
-0.0184915
-0.0176481
-0.0167238
-0.0157195
-0.0146356
-0.0134715
-0.0122256
-0.0108951
-0.00947464
-0.00795915
-0.00634084
-0.00460273
-0.00267041
-0.00051891
0.00196283
0.00483878
0.00836722
0.012763
0.0185795
0.0264792
0.0378183
0.0546155
0.0802462
0.118568
0.172457
0.239451
)
;

boundaryField
{
    movingWall
    {
        type            zeroGradient;
    }
    fixedWalls
    {
        type            zeroGradient;
    }
    frontAndBack
    {
        type            empty;
    }
}


// ************************************************************************* //
