/*--------------------------------*- C++ -*----------------------------------*\
  =========                 |
  \\      /  F ield         | OpenFOAM: The Open Source CFD Toolbox
   \\    /   O peration     | Website:  https://openfoam.org
    \\  /    A nd           | Version:  13
     \\/     M anipulation  |
\*---------------------------------------------------------------------------*/
FoamFile
{
    format      ascii;
    class       volScalarField;
    location    "0.5";
    object      nut;
}
// * * * * * * * * * * * * * * * * * * * * * * * * * * * * * * * * * * * * * //

dimensions      [0 2 -1 0 0 0 0];

internalField   nonuniform List<scalar> 
6400
(
3.29828e-09
1.54964e-08
3.11793e-08
4.61002e-08
5.91889e-08
7.04488e-08
8.00927e-08
8.83337e-08
9.53536e-08
1.01306e-07
1.06323e-07
1.10525e-07
1.14019e-07
1.16902e-07
1.19266e-07
1.21191e-07
1.22753e-07
1.24016e-07
1.25039e-07
1.2587e-07
1.26553e-07
1.27122e-07
1.27606e-07
1.28028e-07
1.28407e-07
1.28758e-07
1.29092e-07
1.29418e-07
1.29741e-07
1.30068e-07
1.30402e-07
1.30745e-07
1.311e-07
1.3147e-07
1.31854e-07
1.32255e-07
1.32672e-07
1.33108e-07
1.33561e-07
1.34034e-07
1.34525e-07
1.35035e-07
1.35564e-07
1.3611e-07
1.36672e-07
1.37247e-07
1.37831e-07
1.38418e-07
1.39043e-07
1.39673e-07
1.40299e-07
1.40914e-07
1.41507e-07
1.42064e-07
1.42568e-07
1.43e-07
1.43333e-07
1.43527e-07
1.43579e-07
1.43431e-07
1.43037e-07
1.4235e-07
1.41316e-07
1.39876e-07
1.37967e-07
1.35519e-07
1.32459e-07
1.2871e-07
1.24187e-07
1.18801e-07
1.12458e-07
1.05052e-07
9.64696e-08
8.65836e-08
7.52563e-08
6.23508e-08
4.77876e-08
3.17648e-08
1.55327e-08
3.29309e-09
1.55432e-08
1.02471e-06
2.6363e-06
3.91716e-06
4.89859e-06
5.67336e-06
6.3011e-06
6.81825e-06
7.24843e-06
7.60795e-06
7.90876e-06
8.16014e-06
8.36961e-06
8.54346e-06
8.68711e-06
8.80529e-06
8.90214e-06
8.98131e-06
9.04601e-06
9.09902e-06
9.14275e-06
9.17926e-06
9.21025e-06
9.23716e-06
9.26115e-06
9.28317e-06
9.30396e-06
9.32412e-06
9.34413e-06
9.36433e-06
9.38504e-06
9.40646e-06
9.4288e-06
9.45218e-06
9.47675e-06
9.50259e-06
9.5298e-06
9.55844e-06
9.58859e-06
9.62027e-06
9.65354e-06
9.68839e-06
9.72482e-06
9.76278e-06
9.80219e-06
9.84286e-06
9.8843e-06
9.92539e-06
9.96299e-06
9.99968e-06
1.00358e-05
1.0071e-05
1.01045e-05
1.01355e-05
1.01628e-05
1.01852e-05
1.02015e-05
1.02092e-05
1.02084e-05
1.01951e-05
1.01674e-05
1.01228e-05
1.00584e-05
9.97102e-06
9.85723e-06
9.7132e-06
9.5347e-06
9.31691e-06
9.05433e-06
8.74044e-06
8.36745e-06
7.92567e-06
7.40254e-06
6.78128e-06
6.03945e-06
5.14416e-06
4.04637e-06
2.67406e-06
1.02163e-06
1.5443e-08
3.16284e-08
2.6684e-06
7.56045e-06
1.14565e-05
1.43628e-05
1.66141e-05
1.84149e-05
1.98873e-05
2.11082e-05
2.21284e-05
2.29839e-05
2.37013e-05
2.43018e-05
2.48026e-05
2.52183e-05
2.55617e-05
2.5844e-05
2.60751e-05
2.62639e-05
2.64181e-05
2.65444e-05
2.66487e-05
2.6736e-05
2.68104e-05
2.68754e-05
2.69338e-05
2.69878e-05
2.70393e-05
2.70896e-05
2.714e-05
2.71912e-05
2.7244e-05
2.72989e-05
2.73563e-05
2.74166e-05
2.748e-05
2.75469e-05
2.76173e-05
2.76915e-05
2.77696e-05
2.78515e-05
2.79374e-05
2.80271e-05
2.81205e-05
2.82173e-05
2.83168e-05
2.84183e-05
2.85201e-05
2.86204e-05
2.87195e-05
2.88167e-05
2.89104e-05
2.89984e-05
2.90781e-05
2.91462e-05
2.91992e-05
2.92328e-05
2.92434e-05
2.92256e-05
2.9172e-05
2.90765e-05
2.89322e-05
2.87314e-05
2.84657e-05
2.81259e-05
2.77019e-05
2.71827e-05
2.65556e-05
2.58058e-05
2.49161e-05
2.38648e-05
2.2625e-05
2.11623e-05
1.94288e-05
1.73497e-05
1.48125e-05
1.16349e-05
7.54359e-06
2.61238e-06
3.09815e-08
4.73943e-08
4.02304e-06
1.16093e-05
1.78455e-05
2.25793e-05
2.62629e-05
2.92156e-05
3.16324e-05
3.36396e-05
3.53229e-05
3.67393e-05
3.79308e-05
3.89312e-05
3.97681e-05
4.04651e-05
4.10426e-05
4.15187e-05
4.19095e-05
4.22292e-05
4.24905e-05
4.27045e-05
4.28809e-05
4.30278e-05
4.31522e-05
4.32599e-05
4.33557e-05
4.34434e-05
4.35259e-05
4.36059e-05
4.36851e-05
4.3765e-05
4.38468e-05
4.39315e-05
4.40197e-05
4.41119e-05
4.42087e-05
4.43104e-05
4.44172e-05
4.45294e-05
4.46471e-05
4.47704e-05
4.48991e-05
4.50332e-05
4.51722e-05
4.53157e-05
4.54627e-05
4.5612e-05
4.57616e-05
4.59101e-05
4.60563e-05
4.61979e-05
4.63322e-05
4.64554e-05
4.65631e-05
4.66497e-05
4.67088e-05
4.67353e-05
4.67232e-05
4.66606e-05
4.65382e-05
4.63456e-05
4.60718e-05
4.57047e-05
4.52313e-05
4.46378e-05
4.39085e-05
4.30259e-05
4.19706e-05
4.072e-05
3.92472e-05
3.75189e-05
3.54928e-05
3.31121e-05
3.0298e-05
2.69385e-05
2.28621e-05
1.78007e-05
1.13726e-05
3.86169e-06
4.56554e-08
6.16401e-08
5.09918e-06
1.47333e-05
2.28441e-05
2.91225e-05
3.40715e-05
3.80689e-05
4.13604e-05
4.41039e-05
4.64056e-05
4.8344e-05
4.99779e-05
5.1353e-05
5.25063e-05
5.34693e-05
5.42691e-05
5.493e-05
5.54737e-05
5.59193e-05
5.6284e-05
5.65827e-05
5.68284e-05
5.70325e-05
5.72044e-05
5.73523e-05
5.74825e-05
5.76005e-05
5.77105e-05
5.78159e-05
5.79194e-05
5.8023e-05
5.81285e-05
5.8237e-05
5.83495e-05
5.84669e-05
5.85896e-05
5.87182e-05
5.8853e-05
5.89943e-05
5.91421e-05
5.92965e-05
5.94573e-05
5.96243e-05
5.9797e-05
5.99746e-05
6.0156e-05
6.03395e-05
6.05231e-05
6.07047e-05
6.08819e-05
6.10514e-05
6.12089e-05
6.13495e-05
6.14667e-05
6.15535e-05
6.15982e-05
6.16018e-05
6.15479e-05
6.14237e-05
6.1217e-05
6.0914e-05
6.05002e-05
5.99595e-05
5.92749e-05
5.84275e-05
5.73973e-05
5.61619e-05
5.46962e-05
5.2971e-05
5.09517e-05
4.85959e-05
4.58492e-05
4.26402e-05
3.88706e-05
3.44007e-05
2.90233e-05
2.24296e-05
1.41958e-05
4.80917e-06
5.8434e-08
7.42237e-08
5.97356e-06
1.72191e-05
2.68521e-05
3.44317e-05
4.04758e-05
4.53949e-05
4.94641e-05
5.28676e-05
5.57328e-05
5.81524e-05
6.01968e-05
6.19212e-05
6.33709e-05
6.45845e-05
6.55954e-05
6.6433e-05
6.71234e-05
6.76903e-05
6.81547e-05
6.85351e-05
6.88478e-05
6.91068e-05
6.93241e-05
6.95096e-05
6.96717e-05
6.98171e-05
6.99513e-05
7.00786e-05
7.02024e-05
7.03253e-05
7.04496e-05
7.05767e-05
7.0708e-05
7.08443e-05
7.09864e-05
7.11349e-05
7.12902e-05
7.14524e-05
7.16218e-05
7.17983e-05
7.19816e-05
7.21714e-05
7.2367e-05
7.25674e-05
7.27712e-05
7.29768e-05
7.31819e-05
7.33836e-05
7.35784e-05
7.37617e-05
7.39282e-05
7.40715e-05
7.41837e-05
7.42551e-05
7.42721e-05
7.42387e-05
7.41301e-05
7.39327e-05
7.36316e-05
7.32104e-05
7.26514e-05
7.19355e-05
7.1042e-05
6.99489e-05
6.86322e-05
6.70655e-05
6.5219e-05
6.30584e-05
6.05434e-05
5.76241e-05
5.4238e-05
5.03026e-05
4.57061e-05
4.02912e-05
3.383e-05
2.59932e-05
1.6366e-05
5.55152e-06
6.93495e-08
8.52559e-08
6.69751e-06
1.92541e-05
3.01484e-05
3.88323e-05
4.58249e-05
5.15553e-05
5.63189e-05
6.03179e-05
6.36948e-05
6.65543e-05
6.8976e-05
7.10234e-05
7.27485e-05
7.41959e-05
7.5404e-05
7.64072e-05
7.72358e-05
7.79173e-05
7.84762e-05
7.89343e-05
7.93105e-05
7.96214e-05
7.98811e-05
8.01015e-05
8.02925e-05
8.04623e-05
8.06173e-05
8.07628e-05
8.09031e-05
8.10412e-05
8.11799e-05
8.1321e-05
8.14661e-05
8.16163e-05
8.17725e-05
8.19353e-05
8.21053e-05
8.22825e-05
8.24673e-05
8.26594e-05
8.28586e-05
8.30643e-05
8.32758e-05
8.34917e-05
8.37104e-05
8.39299e-05
8.41473e-05
8.4359e-05
8.45608e-05
8.47473e-05
8.49119e-05
8.50469e-05
8.5143e-05
8.51863e-05
8.51693e-05
8.50869e-05
8.49146e-05
8.46366e-05
8.42355e-05
8.36926e-05
8.29878e-05
8.20992e-05
8.10037e-05
7.96764e-05
7.80902e-05
7.62154e-05
7.40189e-05
7.14625e-05
6.85012e-05
6.50802e-05
6.11305e-05
5.65621e-05
5.12541e-05
4.50382e-05
3.7674e-05
2.88215e-05
1.8087e-05
6.14861e-06
7.86234e-08
9.48915e-08
7.30469e-06
2.09525e-05
3.29098e-05
4.25401e-05
5.03579e-05
5.68037e-05
6.21866e-05
6.67218e-05
7.05629e-05
7.38239e-05
7.65923e-05
7.89382e-05
8.09192e-05
8.25849e-05
8.39783e-05
8.51377e-05
8.60973e-05
8.6888e-05
8.75372e-05
8.80694e-05
8.85063e-05
8.88666e-05
8.91664e-05
8.94194e-05
8.96369e-05
8.98285e-05
9.00016e-05
9.01625e-05
9.03161e-05
9.04661e-05
9.06156e-05
9.07669e-05
9.09218e-05
9.10816e-05
9.12473e-05
9.14198e-05
9.15994e-05
9.17866e-05
9.19813e-05
9.21834e-05
9.23926e-05
9.26082e-05
9.28291e-05
9.30538e-05
9.32805e-05
9.35066e-05
9.37287e-05
9.39428e-05
9.41435e-05
9.43248e-05
9.44791e-05
9.45973e-05
9.46688e-05
9.46763e-05
9.46182e-05
9.44796e-05
9.42377e-05
9.38743e-05
9.33702e-05
9.27047e-05
9.18556e-05
9.07991e-05
8.95098e-05
8.79606e-05
8.61223e-05
8.39626e-05
8.14457e-05
7.85306e-05
7.5169e-05
7.13023e-05
6.68572e-05
6.17385e-05
5.58192e-05
4.89241e-05
4.08059e-05
3.11111e-05
1.94798e-05
6.63596e-06
8.64682e-08
1.0328e-07
7.81794e-06
2.23891e-05
3.52513e-05
4.56996e-05
5.42387e-05
6.13166e-05
6.7252e-05
7.22696e-05
7.65316e-05
8.01591e-05
8.32459e-05
8.58673e-05
8.8086e-05
8.99555e-05
9.15228e-05
9.28296e-05
9.39133e-05
9.48076e-05
9.55428e-05
9.61459e-05
9.66406e-05
9.70479e-05
9.73856e-05
9.76691e-05
9.79111e-05
9.81223e-05
9.83112e-05
9.84851e-05
9.86493e-05
9.88084e-05
9.89657e-05
9.9124e-05
9.92853e-05
9.94512e-05
9.96229e-05
9.98011e-05
9.99864e-05
0.000100179
0.000100379
0.000100587
0.000100801
0.000101022
0.000101247
0.000101475
0.000101704
0.000101931
0.000102152
0.000102362
0.000102556
0.000102725
0.000102863
0.000102958
0.000102996
0.000102966
0.000102859
0.000102659
0.000102344
0.000101892
0.000101284
0.000100497
9.95064e-05
9.82876e-05
9.68135e-05
9.50552e-05
9.29817e-05
9.0559e-05
8.77495e-05
8.451e-05
8.07899e-05
7.65281e-05
7.1648e-05
6.60513e-05
5.96067e-05
5.21347e-05
4.33843e-05
3.29868e-05
2.06193e-05
7.03621e-06
9.30624e-08
1.10555e-07
8.25402e-06
2.3613e-05
3.72526e-05
4.84116e-05
5.75833e-05
6.52205e-05
7.16491e-05
7.71006e-05
8.17438e-05
8.57054e-05
8.90841e-05
9.19598e-05
9.43988e-05
9.64583e-05
9.81885e-05
9.96339e-05
0.000100835
0.000101827
0.000102644
0.000103315
0.000103865
0.000104317
0.00010469
0.000105002
0.000105267
0.000105495
0.000105698
0.000105883
0.000106056
0.000106221
0.000106384
0.000106547
0.000106712
0.000106881
0.000107055
0.000107236
0.000107424
0.000107619
0.000107821
0.00010803
0.000108246
0.000108467
0.000108692
0.00010892
0.000109147
0.000109369
0.000109584
0.000109785
0.000109966
0.000110119
0.000110235
0.000110301
0.000110302
0.00011023
0.00011007
0.000109806
0.000109415
0.000108874
0.000108162
0.000107254
0.000106126
0.000104752
0.000103102
0.000101147
9.88548e-05
9.619e-05
9.31136e-05
8.95811e-05
8.55404e-05
8.09285e-05
7.56671e-05
6.96553e-05
6.27593e-05
5.47967e-05
4.55142e-05
3.45322e-05
2.1555e-05
7.36493e-06
9.85569e-08
1.1684e-07
8.62551e-06
2.46596e-05
3.89711e-05
5.07494e-05
6.0477e-05
6.86095e-05
7.54779e-05
8.13194e-05
8.63074e-05
9.0573e-05
9.42191e-05
9.73287e-05
9.99717e-05
0.000102208
0.00010409
0.000105666
0.000106977
0.000108062
0.000108957
0.000109691
0.000110293
0.000110787
0.000111194
0.000111533
0.000111818
0.000112063
0.000112278
0.000112471
0.000112651
0.000112821
0.000112987
0.000113152
0.000113318
0.000113488
0.000113663
0.000113844
0.000114031
0.000114225
0.000114426
0.000114634
0.000114848
0.000115067
0.000115288
0.000115511
0.000115732
0.000115948
0.000116152
0.00011634
0.000116505
0.000116637
0.000116726
0.000116759
0.000116721
0.000116604
0.000116387
0.000116058
0.000115589
0.000114958
0.000114143
0.000113118
0.000111857
0.000110334
0.000108518
0.000106379
0.000103883
0.000100996
9.76763e-05
9.38796e-05
8.95526e-05
8.46312e-05
7.90358e-05
7.26641e-05
6.53806e-05
5.70008e-05
4.72688e-05
3.58067e-05
2.23212e-05
7.63351e-06
1.03083e-07
1.22242e-07
8.94215e-06
2.5556e-05
4.04497e-05
5.27686e-05
6.29847e-05
7.15555e-05
7.8816e-05
8.50073e-05
9.03066e-05
9.48484e-05
9.87386e-05
0.000102063
0.000104894
0.000107294
0.000109318
0.000111015
0.000112429
0.000113602
0.000114569
0.000115364
0.000116015
0.000116549
0.000116988
0.000117351
0.000117655
0.000117915
0.00011814
0.000118341
0.000118525
0.000118699
0.000118866
0.000119031
0.000119197
0.000119366
0.000119539
0.000119717
0.000119902
0.000120093
0.000120291
0.000120494
0.000120704
0.000120917
0.000121133
0.000121348
0.00012156
0.000121765
0.000121957
0.000122129
0.000122274
0.000122382
0.000122442
0.000122438
0.000122361
0.000122194
0.000121919
0.000121522
0.000120976
0.000120257
0.00011934
0.000118201
0.000116813
0.000115147
0.000113174
0.000110862
0.000108179
0.000105087
0.000101546
9.75117e-05
9.29293e-05
8.77347e-05
8.18475e-05
7.51646e-05
6.75494e-05
5.88161e-05
4.87076e-05
3.68478e-05
2.2944e-05
7.85088e-06
1.06759e-07
1.26862e-07
9.21181e-06
2.63239e-05
4.17222e-05
5.45127e-05
6.51578e-05
7.41161e-05
8.17254e-05
8.82298e-05
9.38094e-05
9.86013e-05
0.000102714
0.000106235
0.000109239
0.00011179
0.000113945
0.000115755
0.000117266
0.00011852
0.000119556
0.000120407
0.000121104
0.000121675
0.000122143
0.00012253
0.000122851
0.000123123
0.000123357
0.000123564
0.000123752
0.000123927
0.000124095
0.000124259
0.000124422
0.000124588
0.000124758
0.000124932
0.000125112
0.000125298
0.000125491
0.000125689
0.000125891
0.000126098
0.000126305
0.000126511
0.000126712
0.000126903
0.000127079
0.000127233
0.000127356
0.000127438
0.000127467
0.000127425
0.000127306
0.000127089
0.000126755
0.000126291
0.000125667
0.00012486
0.000123845
0.000122595
0.000121084
0.000119283
0.000117162
0.00011469
0.000111832
0.000108553
0.000104812
0.000100563
9.57538e-05
9.03184e-05
8.41768e-05
7.72257e-05
6.93279e-05
6.0297e-05
4.98749e-05
3.7688e-05
2.34434e-05
8.02434e-06
1.09694e-07
1.30789e-07
9.44098e-06
2.69806e-05
4.28159e-05
5.60172e-05
6.70383e-05
7.63383e-05
8.42571e-05
9.1041e-05
9.68723e-05
0.00010189
0.000106204
0.000109904
0.000113066
0.000115756
0.000118032
0.000119947
0.000121547
0.000122878
0.000123977
0.00012488
0.000125621
0.000126226
0.000126722
0.000127129
0.000127466
0.00012775
0.000127992
0.000128203
0.000128393
0.000128569
0.000128735
0.000128897
0.000129057
0.000129219
0.000129384
0.000129553
0.000129727
0.000129907
0.000130092
0.000130283
0.000130478
0.000130675
0.000130872
0.000131067
0.000131255
0.000131432
0.000131591
0.000131725
0.000131824
0.000131879
0.000131873
0.000131795
0.000131632
0.000131363
0.000130971
0.00013044
0.00012974
0.000128847
0.000127736
0.00012638
0.000124752
0.000122823
0.000120563
0.00011794
0.000114922
0.000111471
0.000107548
0.000103107
9.80955e-05
9.24485e-05
8.6086e-05
7.89047e-05
7.07675e-05
6.14877e-05
5.08072e-05
3.8354e-05
2.38364e-05
8.1601e-06
1.11986e-07
1.3411e-07
9.63517e-06
2.75409e-05
4.37534e-05
5.73117e-05
6.86615e-05
7.8262e-05
8.64546e-05
9.34873e-05
9.95437e-05
0.000104764
0.00010926
0.000113123
0.000116429
0.000119246
0.000121633
0.000123644
0.000125327
0.000126727
0.000127885
0.000128838
0.000129618
0.000130256
0.000130776
0.000131203
0.000131554
0.000131847
0.000132096
0.000132311
0.000132503
0.000132677
0.000132842
0.000133
0.000133156
0.000133313
0.000133472
0.000133635
0.000133802
0.000133975
0.000134152
0.000134334
0.00013452
0.000134707
0.000134893
0.000135076
0.00013525
0.000135411
0.000135552
0.000135665
0.000135741
0.000135767
0.000135726
0.000135611
0.000135404
0.000135085
0.000134634
0.000134037
0.000133263
0.000132287
0.000131083
0.000129625
0.000127885
0.000125835
0.000123445
0.000120682
0.000117515
0.000113907
0.000109819
0.000105206
0.000100015
9.41824e-05
8.76285e-05
8.02506e-05
7.19119e-05
6.24262e-05
5.15354e-05
3.8869e-05
2.41375e-05
8.26359e-06
1.1373e-07
1.369e-07
9.79913e-06
2.80172e-05
4.45546e-05
5.84218e-05
7.00579e-05
7.99219e-05
8.83558e-05
9.56089e-05
0.000101866
0.000107268
0.000111928
0.000115938
0.000119374
0.000122307
0.000124795
0.000126894
0.000128652
0.000130117
0.000131329
0.000132327
0.000133144
0.00013381
0.000134354
0.000134797
0.000135162
0.000135464
0.000135718
0.000135936
0.000136127
0.000136301
0.000136463
0.000136617
0.000136768
0.000136919
0.000137072
0.000137228
0.000137388
0.000137552
0.000137722
0.000137895
0.00013807
0.000138247
0.000138422
0.000138592
0.000138752
0.000138897
0.000139019
0.000139111
0.000139162
0.000139159
0.000139085
0.000138933
0.000138683
0.000138314
0.000137806
0.000137144
0.000136298
0.000135241
0.000133949
0.000132393
0.000130548
0.000128383
0.00012587
0.000122977
0.000119673
0.000115921
0.000111683
0.000106915
0.000101565
9.55704e-05
8.88515e-05
8.13066e-05
7.27999e-05
6.31456e-05
5.20866e-05
3.92533e-05
2.43594e-05
8.33963e-06
1.15009e-07
1.39232e-07
9.93697e-06
2.84203e-05
4.52366e-05
5.93699e-05
7.12546e-05
8.13484e-05
8.99942e-05
9.74418e-05
0.000103877
0.000109441
0.000114247
0.000118389
0.000121943
0.00012498
0.00012756
0.000129739
0.000131566
0.00013309
0.000134351
0.00013539
0.00013624
0.000136933
0.000137497
0.000137957
0.000138332
0.000138642
0.0001389
0.00013912
0.000139312
0.000139484
0.000139642
0.000139792
0.000139938
0.000140083
0.000140229
0.000140378
0.00014053
0.000140687
0.000140847
0.000141011
0.000141177
0.000141343
0.000141507
0.000141664
0.00014181
0.000141939
0.000142043
0.000142115
0.000142142
0.00014211
0.000142004
0.000141817
0.000141524
0.000141107
0.000140544
0.000139818
0.000138904
0.00013777
0.000136392
0.000134744
0.000132797
0.000130525
0.000127897
0.000124883
0.000121451
0.000117567
0.000113193
0.000108286
0.000102795
9.66584e-05
8.97974e-05
8.21115e-05
7.34657e-05
6.36756e-05
5.24849e-05
3.95252e-05
2.45135e-05
8.3926e-06
1.15901e-07
1.41171e-07
1.00524e-05
2.87601e-05
4.58147e-05
6.01762e-05
7.22756e-05
8.25692e-05
9.14001e-05
9.90186e-05
0.00010561
0.000111318
0.000116255
0.000120514
0.000124174
0.000127305
0.000129967
0.000132218
0.000134108
0.000135685
0.000136991
0.000138066
0.000138947
0.000139664
0.000140247
0.00014072
0.000141106
0.000141422
0.000141684
0.000141906
0.000142097
0.000142266
0.000142421
0.000142567
0.000142707
0.000142846
0.000142986
0.000143127
0.000143272
0.000143421
0.000143573
0.000143728
0.000143885
0.000144041
0.000144193
0.000144338
0.000144471
0.000144585
0.000144673
0.000144724
0.000144729
0.000144669
0.000144535
0.000144312
0.000143979
0.000143516
0.000142901
0.000142115
0.000141134
0.000139927
0.000138468
0.000136732
0.00013469
0.000132316
0.000129579
0.000126452
0.000122902
0.000118897
0.000114399
0.000109366
0.00010375
9.74882e-05
9.0505e-05
8.27005e-05
7.39409e-05
6.40431e-05
5.27524e-05
3.9701e-05
2.46102e-05
8.42653e-06
1.16473e-07
1.42775e-07
1.01486e-05
2.90451e-05
4.63022e-05
6.08586e-05
7.31427e-05
8.36092e-05
9.26011e-05
0.000100369
0.000107099
0.000112933
0.000117985
0.000122349
0.000126103
0.000129317
0.000132054
0.000134369
0.000136315
0.000137939
0.000139286
0.000140395
0.000141302
0.000142041
0.00014264
0.000143126
0.000143521
0.000143842
0.000144108
0.00014433
0.00014452
0.000144687
0.000144839
0.00014498
0.000145115
0.000145248
0.000145381
0.000145516
0.000145654
0.000145796
0.00014594
0.000146087
0.000146235
0.000146382
0.000146525
0.000146659
0.00014678
0.00014688
0.000146952
0.000146986
0.00014697
0.000146887
0.000146724
0.000146469
0.000146099
0.000145594
0.00014493
0.000144085
0.000143042
0.000141766
0.000140231
0.000138411
0.000136279
0.000133808
0.00013097
0.000127736
0.000124076
0.000119958
0.000115346
0.000110199
0.00010447
9.8099e-05
9.10104e-05
8.31062e-05
7.42542e-05
6.42727e-05
5.29087e-05
3.97952e-05
2.46578e-05
8.44359e-06
1.16765e-07
1.44099e-07
1.02285e-05
2.9283e-05
4.67112e-05
6.14336e-05
7.38759e-05
8.44912e-05
9.36225e-05
0.00010152
0.00010837
0.000114315
0.000119469
0.000123925
0.000127762
0.000131051
0.000133853
0.000136226
0.000138222
0.000139889
0.000141271
0.000142409
0.000143341
0.000144099
0.000144713
0.00014521
0.000145612
0.000145938
0.000146206
0.000146429
0.000146618
0.000146783
0.000146931
0.000147068
0.000147199
0.000147326
0.000147454
0.000147583
0.000147715
0.000147849
0.000147987
0.000148127
0.000148268
0.000148407
0.000148541
0.000148667
0.000148778
0.000148867
0.000148926
0.000148945
0.000148911
0.000148807
0.000148619
0.000148336
0.000147932
0.000147388
0.000146679
0.000145783
0.000144679
0.000143339
0.000141732
0.000139833
0.000137616
0.000135053
0.000132119
0.000128784
0.00012502
0.000120796
0.000116079
0.000110828
0.000104996
9.85274e-05
9.13471e-05
8.33588e-05
7.4432e-05
6.43868e-05
5.29718e-05
3.98207e-05
2.46628e-05
8.44718e-06
1.16858e-07
1.4519e-07
1.02947e-05
2.94808e-05
4.7053e-05
6.1916e-05
7.44931e-05
8.52359e-05
9.44872e-05
0.000102497
0.000109452
0.000115494
0.000120736
0.000125273
0.000129183
0.000132537
0.000135397
0.000137821
0.000139861
0.000141565
0.000142979
0.000144143
0.000145096
0.000145871
0.000146498
0.000147005
0.000147413
0.000147744
0.000148014
0.000148237
0.000148425
0.000148588
0.000148733
0.000148866
0.000148993
0.000149116
0.000149239
0.000149363
0.000149489
0.000149618
0.000149751
0.000149885
0.000150021
0.000150154
0.000150282
0.000150401
0.000150504
0.000150585
0.000150634
0.000150641
0.000150593
0.000150474
0.000150265
0.000149957
0.000149525
0.000148946
0.000148197
0.000147255
0.000146094
0.000144696
0.000143022
0.000141049
0.000138751
0.000136102
0.000133075
0.000129644
0.000125782
0.000121458
0.00011664
0.000111291
0.000105366
9.88083e-05
9.15469e-05
8.34868e-05
7.44996e-05
6.44069e-05
5.29593e-05
3.97904e-05
2.46384e-05
8.44369e-06
1.16816e-07
1.4609e-07
1.03494e-05
2.96446e-05
4.73374e-05
6.23192e-05
7.50107e-05
8.58623e-05
9.52164e-05
0.000103323
0.000110368
0.000116493
0.000121813
0.00012642
0.000130394
0.000133805
0.000136716
0.000139184
0.000141262
0.000142999
0.000144441
0.000145629
0.0001466
0.00014739
0.000148028
0.000148543
0.000148957
0.000149291
0.000149563
0.000149787
0.000149974
0.000150135
0.000150277
0.000150408
0.000150531
0.00015065
0.000150769
0.000150889
0.000151011
0.000151137
0.000151266
0.000151397
0.000151529
0.000151659
0.000151784
0.000151899
0.000151998
0.000152073
0.000152116
0.000152116
0.000152059
0.000151929
0.000151703
0.000151377
0.000150921
0.000150314
0.000149532
0.000148549
0.00014734
0.000145884
0.000144151
0.000142109
0.000139735
0.000137003
0.000133888
0.000130365
0.000126407
0.000121987
0.000117073
0.00011163
0.000105616
9.89758e-05
9.16407e-05
8.35178e-05
7.44807e-05
6.43533e-05
5.28883e-05
3.9719e-05
2.45915e-05
8.43324e-06
1.16654e-07
1.46836e-07
1.03947e-05
2.97799e-05
4.75736e-05
6.26553e-05
7.54435e-05
8.63876e-05
9.58294e-05
0.000104019
0.000111141
0.000117338
0.000122724
0.000127392
0.000131421
0.000134882
0.000137836
0.000140343
0.000142455
0.000144221
0.000145686
0.000146894
0.000147881
0.000148684
0.000149332
0.000149854
0.000150273
0.00015061
0.000150884
0.000151107
0.000151294
0.000151454
0.000151594
0.000151722
0.000151843
0.00015196
0.000152076
0.000152193
0.000152314
0.000152438
0.000152565
0.000152695
0.000152826
0.000152955
0.000153079
0.000153194
0.000153293
0.000153368
0.00015341
0.000153407
0.000153346
0.000153211
0.00015298
0.000152638
0.000152167
0.000151539
0.00015073
0.000149714
0.000148465
0.000146956
0.00014517
0.000143064
0.000140618
0.000137808
0.000134608
0.000130994
0.000126943
0.000122427
0.000117419
0.000111884
0.000105783
9.90635e-05
9.16589e-05
8.34787e-05
7.43988e-05
6.42456e-05
5.27741e-05
3.96175e-05
2.45267e-05
8.41849e-06
1.16415e-07
1.4746e-07
1.04321e-05
2.98917e-05
4.77694e-05
6.2935e-05
7.58049e-05
8.68272e-05
9.63434e-05
0.000104603
0.000111791
0.00011805
0.000123493
0.000128213
0.000132289
0.000135792
0.000138785
0.000141324
0.000143465
0.000145255
0.000146741
0.000147966
0.000148967
0.000149781
0.000150437
0.000150965
0.000151389
0.000151729
0.000152004
0.000152228
0.000152414
0.000152573
0.000152713
0.000152839
0.000152958
0.000153074
0.000153189
0.000153306
0.000153426
0.00015355
0.000153677
0.000153809
0.000153941
0.000154073
0.000154201
0.00015432
0.000154423
0.000154503
0.000154549
0.000154551
0.000154493
0.00015436
0.000154133
0.000153784
0.000153305
0.000152665
0.000151839
0.000150798
0.000149517
0.000147966
0.000146125
0.000143966
0.000141452
0.000138565
0.000135281
0.000131578
0.000127433
0.000122822
0.000117718
0.000112091
0.000105903
9.91046e-05
9.16318e-05
8.33966e-05
7.42777e-05
6.41039e-05
5.26325e-05
3.94963e-05
2.44519e-05
8.40284e-06
1.16138e-07
1.47987e-07
1.04634e-05
2.9984e-05
4.79318e-05
6.31679e-05
7.61065e-05
8.71948e-05
9.67739e-05
0.000105093
0.000112337
0.000118649
0.00012414
0.000128904
0.000133021
0.00013656
0.000139584
0.000142152
0.000144317
0.000146128
0.000147632
0.000148871
0.000149884
0.000150706
0.00015137
0.000151903
0.000152331
0.000152673
0.000152949
0.000153174
0.000153361
0.00015352
0.000153658
0.000153785
0.000153903
0.000154019
0.000154134
0.000154252
0.000154374
0.0001545
0.000154631
0.000154767
0.000154905
0.000155043
0.000155179
0.000155306
0.000155419
0.00015551
0.000155567
0.000155581
0.000155535
0.000155413
0.000155195
0.00015486
0.000154378
0.000153737
0.000152904
0.000151849
0.000150544
0.00014896
0.000147071
0.000144857
0.000142283
0.00013932
0.000135952
0.000132158
0.000127917
0.000123207
0.000118006
0.000112285
0.000106008
9.91301e-05
9.15886e-05
8.32987e-05
7.41417e-05
6.39492e-05
5.24812e-05
3.93691e-05
2.43763e-05
8.38933e-06
1.15864e-07
1.4844e-07
1.04896e-05
3.00607e-05
4.8067e-05
6.33622e-05
7.63588e-05
8.75027e-05
9.71349e-05
0.000105504
0.000112796
0.000119151
0.000124683
0.000129485
0.000133635
0.000137204
0.000140256
0.000142847
0.000145033
0.000146861
0.00014838
0.000149631
0.000150654
0.000151484
0.000152154
0.000152691
0.000153122
0.000153467
0.000153745
0.000153971
0.000154158
0.000154317
0.000154456
0.000154583
0.000154703
0.000154819
0.000154937
0.000155058
0.000155183
0.000155314
0.000155451
0.000155594
0.000155741
0.000155891
0.000156039
0.00015618
0.00015631
0.000156418
0.000156496
0.00015653
0.000156506
0.000156406
0.00015621
0.000155895
0.000155436
0.000154799
0.00015397
0.000152911
0.000151592
0.000149983
0.000148054
0.000145778
0.000143148
0.000140108
0.000136651
0.00013276
0.000128418
0.000123606
0.000118303
0.000112486
0.00010612
9.9163e-05
9.15539e-05
8.32101e-05
7.40155e-05
6.38043e-05
5.23395e-05
3.92511e-05
2.43113e-05
8.38318e-06
1.15637e-07
1.48838e-07
1.0512e-05
3.01247e-05
4.81802e-05
6.35253e-05
7.65707e-05
8.77615e-05
9.74383e-05
0.00010585
0.000113181
0.000119573
0.000125139
0.000129972
0.000134151
0.000137745
0.000140819
0.00014343
0.000145633
0.000147476
0.000149006
0.000150267
0.000151298
0.000152135
0.00015281
0.000153351
0.000153784
0.000154131
0.000154411
0.000154638
0.000154826
0.000154986
0.000155127
0.000155256
0.000155378
0.000155497
0.000155619
0.000155744
0.000155875
0.000156014
0.00015616
0.000156314
0.000156475
0.00015664
0.000156806
0.000156968
0.000157121
0.000157256
0.000157363
0.00015743
0.000157439
0.000157375
0.000157214
0.000156933
0.000156505
0.000155901
0.000155079
0.000154026
0.0001527
0.000151068
0.000149098
0.000146765
0.000144049
0.000140935
0.000137378
0.000133378
0.000128923
0.000124001
0.000118595
0.000112683
0.000106234
9.92052e-05
9.15371e-05
8.31471e-05
7.392e-05
6.36922e-05
5.22294e-05
3.91608e-05
2.42669e-05
8.38815e-06
1.1552e-07
1.49196e-07
1.05314e-05
3.01789e-05
4.8276e-05
6.36633e-05
7.67501e-05
8.79804e-05
9.76947e-05
0.000106142
0.000113506
0.000119929
0.000125523
0.000130381
0.000134583
0.000138199
0.000141291
0.000143919
0.000146134
0.000147989
0.00014953
0.000150799
0.000151836
0.000152678
0.000153357
0.000153901
0.000154337
0.000154686
0.000154967
0.000155196
0.000155386
0.000155548
0.000155691
0.000155822
0.000155948
0.000156072
0.000156199
0.000156331
0.000156471
0.00015662
0.000156779
0.000156948
0.000157126
0.000157312
0.000157502
0.000157693
0.000157878
0.00015805
0.000158197
0.000158308
0.000158366
0.000158351
0.000158242
0.000158011
0.000157629
0.000157063
0.000156279
0.000155224
0.000153889
0.000152228
0.000150205
0.000147795
0.000144973
0.000141742
0.000138072
0.000133937
0.00012935
0.000124307
0.000118796
0.000112798
0.000106285
9.92106e-05
9.15117e-05
8.31017e-05
7.38628e-05
6.36308e-05
5.21737e-05
3.91203e-05
2.42598e-05
8.41095e-06
1.15577e-07
1.49525e-07
1.05485e-05
3.02254e-05
4.83579e-05
6.37815e-05
7.69035e-05
8.81673e-05
9.79131e-05
0.000106389
0.000113781
0.000120229
0.000125847
0.000130727
0.000134948
0.00013858
0.000141687
0.000144327
0.000146554
0.000148418
0.000149966
0.000151241
0.000152284
0.00015313
0.000153812
0.00015436
0.000154798
0.000155149
0.000155432
0.000155663
0.000155855
0.000156019
0.000156165
0.0001563
0.000156431
0.000156561
0.000156695
0.000156837
0.000156987
0.00015715
0.000157325
0.000157513
0.000157714
0.000157926
0.000158148
0.000158375
0.000158602
0.000158822
0.000159023
0.000159192
0.000159314
0.000159366
0.000159324
0.000159159
0.000158835
0.000158316
0.000157562
0.000156529
0.000155159
0.000153436
0.000151324
0.000148791
0.000145818
0.000142396
0.000138562
0.000134254
0.000129499
0.000124314
0.000118699
0.00011264
0.000106105
9.90426e-05
9.13785e-05
8.30133e-05
7.38178e-05
6.3621e-05
5.2189e-05
3.91561e-05
2.43104e-05
8.46019e-06
1.15902e-07
1.49835e-07
1.05639e-05
3.02659e-05
4.84293e-05
6.38842e-05
7.70365e-05
8.83288e-05
9.81012e-05
0.000106602
0.000114017
0.000120486
0.000126122
0.000131019
0.000135255
0.000138901
0.00014202
0.00014467
0.000146905
0.000148776
0.00015033
0.000151611
0.000152657
0.000153506
0.000154191
0.000154741
0.000155181
0.000155534
0.000155819
0.000156052
0.000156247
0.000156414
0.000156564
0.000156705
0.000156841
0.000156979
0.000157122
0.000157275
0.000157439
0.000157618
0.000157813
0.000158025
0.000158254
0.0001585
0.000158761
0.000159034
0.000159314
0.000159594
0.000159863
0.000160107
0.000160309
0.000160445
0.000160487
0.000160399
0.000160142
0.000159669
0.000158932
0.00015788
0.000156463
0.00015462
0.000152327
0.000149581
0.000146357
0.000142659
0.000138516
0.000133987
0.000129003
0.000123644
0.000117926
0.000111844
0.000105364
9.84203e-05
9.09165e-05
8.27257e-05
7.36919e-05
6.36236e-05
5.22755e-05
3.92908e-05
2.44425e-05
8.54571e-06
1.1665e-07
1.50135e-07
1.05781e-05
3.03021e-05
4.84926e-05
6.3975e-05
7.71536e-05
8.84705e-05
9.82654e-05
0.000106787
0.00011422
0.000120706
0.000126358
0.000131268
0.000135517
0.000139173
0.000142301
0.000144958
0.0001472
0.000149077
0.000150635
0.000151919
0.000152968
0.000153819
0.000154506
0.000155058
0.0001555
0.000155855
0.000156142
0.000156377
0.000156575
0.000156747
0.000156902
0.000157048
0.000157192
0.000157338
0.000157493
0.000157659
0.00015784
0.000158038
0.000158257
0.000158497
0.000158761
0.000159047
0.000159356
0.000159686
0.000160031
0.000160385
0.000160738
0.000161074
0.000161373
0.000161608
0.000161744
0.000161739
0.000161542
0.000161097
0.00016034
0.000159211
0.000157648
0.000155601
0.00015301
0.000149872
0.000146235
0.000142098
0.000137506
0.000132581
0.00012732
0.00012173
0.000115907
0.000109856
0.000103543
9.68818e-05
8.97394e-05
8.1942e-05
7.32828e-05
6.35257e-05
5.2394e-05
3.95295e-05
2.46791e-05
8.67186e-06
1.18149e-07
1.50428e-07
1.05916e-05
3.0335e-05
4.85499e-05
6.40569e-05
7.72588e-05
8.8597e-05
9.84111e-05
0.00010695
0.000114399
0.000120899
0.000126563
0.000131483
0.000135741
0.000139405
0.000142539
0.000145203
0.000147449
0.000149329
0.00015089
0.000152176
0.000153227
0.000154081
0.000154769
0.000155322
0.000155765
0.000156122
0.000156411
0.00015665
0.000156851
0.000157027
0.000157188
0.000157341
0.000157493
0.000157651
0.000157818
0.000158
0.0001582
0.000158422
0.000158668
0.000158942
0.000159246
0.000159581
0.000159948
0.000160345
0.000160768
0.000161212
0.000161664
0.000162107
0.000162518
0.000162861
0.000163095
0.000163164
0.000163001
0.000162534
0.000161682
0.000160368
0.000158518
0.000156079
0.000153019
0.000149289
0.000144968
0.000140169
0.000134939
0.000129392
0.000123769
0.000117893
0.000111957
0.000106
9.99898e-05
9.38189e-05
8.73072e-05
8.0213e-05
7.22506e-05
6.31044e-05
5.24314e-05
3.98416e-05
2.50342e-05
8.85126e-06
1.20601e-07
1.50721e-07
1.06045e-05
3.03656e-05
4.86029e-05
6.41323e-05
7.73551e-05
8.8712e-05
9.85428e-05
0.000107096
0.000114558
0.000121069
0.000126742
0.000131671
0.000135936
0.000139605
0.000142744
0.000145411
0.00014766
0.000149543
0.000151105
0.000152393
0.000153445
0.000154299
0.000154988
0.000155542
0.000155987
0.000156346
0.000156638
0.000156879
0.000157084
0.000157266
0.000157432
0.000157593
0.000157755
0.000157925
0.000158107
0.000158306
0.000158528
0.000158777
0.000159056
0.000159369
0.000159721
0.000160113
0.000160547
0.000161023
0.000161539
0.000162086
0.000162652
0.000163216
0.000163747
0.0001642
0.000164519
0.000164629
0.000164444
0.000163865
0.000162792
0.000161125
0.000158783
0.00015571
0.000151888
0.000147343
0.000142051
0.000136295
0.0001302
0.000123892
0.000117682
0.000111551
0.000105488
9.96822e-05
9.41066e-05
8.86373e-05
8.30457e-05
7.70119e-05
7.01476e-05
6.20219e-05
5.21774e-05
4.01343e-05
2.54986e-05
9.09902e-06
1.24273e-07
1.51016e-07
1.06172e-05
3.03947e-05
4.86529e-05
6.4203e-05
7.7445e-05
8.88188e-05
9.86641e-05
0.00010723
0.000114702
0.000121222
0.000126903
0.000131838
0.000136107
0.00013978
0.000142922
0.000145591
0.000147842
0.000149725
0.000151288
0.000152576
0.000153629
0.000154483
0.000155173
0.000155727
0.000156174
0.000156534
0.000156828
0.000157073
0.000157282
0.000157469
0.000157643
0.000157812
0.000157985
0.000158168
0.000158366
0.000158586
0.000158833
0.000159112
0.000159428
0.000159786
0.000160192
0.00016065
0.000161162
0.00016173
0.00016235
0.000163015
0.000163707
0.000164399
0.000165049
0.000165599
0.000165967
0.000166057
0.000165751
0.000164922
0.000163442
0.000161196
0.000158095
0.000154094
0.000149205
0.000143501
0.000137076
0.000130051
0.000122905
0.000115729
0.000108812
0.000102465
9.63046e-05
9.06955e-05
8.56458e-05
8.10281e-05
7.65809e-05
7.19167e-05
6.65422e-05
5.9888e-05
5.13351e-05
4.02364e-05
2.60228e-05
9.42214e-06
1.295e-07
1.51317e-07
1.06297e-05
3.04228e-05
4.8701e-05
6.42708e-05
7.75306e-05
8.89197e-05
9.87779e-05
0.000107355
0.000114835
0.000121362
0.000127049
0.000131988
0.00013626
0.000139936
0.000143079
0.000145748
0.000147999
0.000149882
0.000151445
0.000152732
0.000153784
0.000154638
0.000155328
0.000155883
0.00015633
0.000156692
0.000156989
0.000157237
0.000157451
0.000157644
0.000157825
0.000158004
0.000158188
0.000158385
0.000158602
0.000158844
0.000159119
0.000159431
0.000159789
0.000160199
0.000160667
0.000161199
0.0001618
0.00016247
0.000163207
0.000163999
0.000164824
0.000165643
0.000166399
0.000167008
0.000167364
0.000167333
0.000166764
0.000165495
0.000163373
0.000160272
0.000156111
0.000150876
0.000144629
0.000137511
0.000129734
0.000121405
0.000113075
0.000105064
9.75022e-05
9.09679e-05
8.48439e-05
7.94593e-05
7.4956e-05
7.12167e-05
6.798e-05
6.48316e-05
6.12036e-05
5.63943e-05
4.95914e-05
3.99101e-05
2.64986e-05
9.81027e-06
1.36597e-07
1.51626e-07
1.06424e-05
3.04505e-05
4.8748e-05
6.43367e-05
7.76135e-05
8.90168e-05
9.88866e-05
0.000107473
0.000114961
0.000121493
0.000127184
0.000132125
0.000136399
0.000140076
0.000143219
0.000145888
0.000148137
0.000150019
0.000151581
0.000152867
0.000153918
0.000154771
0.00015546
0.000156016
0.000156463
0.000156827
0.000157126
0.000157377
0.000157596
0.000157794
0.000157984
0.000158172
0.00015837
0.000158583
0.000158819
0.000159086
0.00015939
0.000159741
0.000160145
0.000160612
0.000161149
0.000161764
0.000162462
0.000163246
0.000164109
0.000165035
0.000165991
0.000166923
0.00016775
0.00016836
0.000168607
0.000168317
0.000167299
0.000165359
0.000162327
0.000158082
0.000152573
0.000145844
0.000138035
0.00012938
0.000120186
0.000110673
0.000101257
9.26098e-05
8.46745e-05
7.80499e-05
7.2166e-05
6.70203e-05
6.30093e-05
6.00225e-05
5.7844e-05
5.61057e-05
5.42379e-05
5.14533e-05
4.67353e-05
3.89109e-05
2.6758e-05
1.02238e-05
1.45693e-07
1.51944e-07
1.06552e-05
3.04782e-05
4.87947e-05
6.44019e-05
7.7695e-05
8.91117e-05
9.89922e-05
0.000107586
0.000115081
0.000121617
0.00012731
0.000132254
0.000136528
0.000140204
0.000143346
0.000146013
0.000148261
0.00015014
0.0001517
0.000152984
0.000154033
0.000154885
0.000155574
0.000156129
0.000156577
0.000156941
0.000157242
0.000157497
0.000157721
0.000157926
0.000158123
0.000158322
0.000158533
0.000158763
0.00015902
0.000159313
0.000159651
0.000160043
0.000160498
0.000161027
0.00016164
0.000162346
0.000163151
0.000164055
0.000165049
0.000166107
0.000167182
0.000168198
0.000169043
0.000169566
0.000169576
0.000168855
0.000167174
0.000164314
0.000160107
0.000154461
0.000147386
0.000139014
0.000129589
0.000119453
0.000109013
9.8571e-05
8.84451e-05
7.95387e-05
7.15877e-05
6.51509e-05
5.96684e-05
5.47897e-05
5.11799e-05
4.87014e-05
4.72138e-05
4.64942e-05
4.60926e-05
4.52493e-05
4.27455e-05
3.70734e-05
2.66033e-05
1.05882e-05
1.56453e-07
1.52274e-07
1.06684e-05
3.05061e-05
4.88416e-05
6.44671e-05
7.77762e-05
8.92058e-05
9.90964e-05
0.000107698
0.000115197
0.000121737
0.000127432
0.000132376
0.000136649
0.000140323
0.000143463
0.000146127
0.000148372
0.000150249
0.000151806
0.000153087
0.000154134
0.000154984
0.000155671
0.000156225
0.000156674
0.000157039
0.000157342
0.000157601
0.000157829
0.00015804
0.000158246
0.000158456
0.00015868
0.000158928
0.000159208
0.00015953
0.000159903
0.000160339
0.000160849
0.000161446
0.000162141
0.000162944
0.000163861
0.00016489
0.000166014
0.000167194
0.000168364
0.000169418
0.000170205
0.000170528
0.00017015
0.000168807
0.00016624
0.000162227
0.000156624
0.000149401
0.000140663
0.000130656
0.000119746
0.000108384
9.70568e-05
8.60785e-05
7.58114e-05
6.71092e-05
5.95753e-05
5.36501e-05
4.87252e-05
4.41631e-05
4.08941e-05
3.8681e-05
3.73951e-05
3.70626e-05
3.74926e-05
3.80051e-05
3.74413e-05
3.41225e-05
2.58236e-05
1.08074e-05
1.67751e-07
1.52618e-07
1.06819e-05
3.05345e-05
4.88892e-05
6.4533e-05
7.7858e-05
8.93003e-05
9.92003e-05
0.000107809
0.000115312
0.000121854
0.00012755
0.000132493
0.000136764
0.000140436
0.000143572
0.000146234
0.000148475
0.000150348
0.000151901
0.000153179
0.000154223
0.00015507
0.000155756
0.000156309
0.000156757
0.000157123
0.000157428
0.000157689
0.000157922
0.00015814
0.000158354
0.000158575
0.000158814
0.00015908
0.000159384
0.000159735
0.000160147
0.00016063
0.000161199
0.000161867
0.000162649
0.000163554
0.000164587
0.00016574
0.000166986
0.000168269
0.000169496
0.000170524
0.000171159
0.000171154
0.000170223
0.000168068
0.000164415
0.000159064
0.000151929
0.000143074
0.000132727
0.000121265
0.000109173
9.69919e-05
8.52418e-05
7.41674e-05
6.44195e-05
5.62987e-05
4.92374e-05
4.40276e-05
3.99419e-05
3.61783e-05
3.32588e-05
3.12046e-05
2.96719e-05
2.90632e-05
2.94845e-05
3.06424e-05
3.14951e-05
3.01964e-05
2.41008e-05
1.07118e-05
1.77155e-07
1.52976e-07
1.0696e-05
3.05638e-05
4.89379e-05
6.46004e-05
7.79413e-05
8.9396e-05
9.93051e-05
0.00010792
0.000115427
0.000121971
0.000127666
0.000132607
0.000136876
0.000140544
0.000143677
0.000146333
0.00014857
0.000150438
0.000151987
0.000153261
0.000154301
0.000155146
0.000155829
0.000156381
0.000156828
0.000157195
0.000157501
0.000157765
0.000158002
0.000158226
0.000158449
0.000158682
0.000158935
0.000159221
0.000159549
0.000159931
0.000160382
0.000160915
0.000161545
0.000162289
0.000163161
0.000164171
0.000165318
0.000166589
0.000167941
0.000169298
0.000170532
0.000171459
0.000171837
0.000171369
0.000169727
0.000166594
0.000161707
0.000154916
0.000146224
0.000135819
0.000124065
0.000111469
9.8616e-05
8.61008e-05
7.43174e-05
6.35756e-05
5.45193e-05
4.72893e-05
4.2314e-05
3.86499e-05
3.54406e-05
3.22827e-05
2.94732e-05
2.68616e-05
2.47433e-05
2.34994e-05
2.32124e-05
2.40702e-05
2.55618e-05
2.58676e-05
2.18267e-05
1.02362e-05
1.81213e-07
1.5335e-07
1.07106e-05
3.05942e-05
4.89883e-05
6.46697e-05
7.80267e-05
8.94938e-05
9.94118e-05
0.000108032
0.000115542
0.000122087
0.000127781
0.00013272
0.000136986
0.00014065
0.000143777
0.000146429
0.00014866
0.000150523
0.000152067
0.000153336
0.000154372
0.000155213
0.000155893
0.000156443
0.000156889
0.000157256
0.000157563
0.00015783
0.000158071
0.000158301
0.000158532
0.000158776
0.000159044
0.000159349
0.000159702
0.000160117
0.000160608
0.000161193
0.000161887
0.000162708
0.000163671
0.000164784
0.000166042
0.000167419
0.000168856
0.000170247
0.000171429
0.000172173
0.000172186
0.000171128
0.000168644
0.000164415
0.000158219
0.000149983
0.00013983
0.000128082
0.00011524
0.000101918
8.87733e-05
7.62311e-05
6.45987e-05
5.51391e-05
4.82957e-05
4.34968e-05
3.97063e-05
3.66111e-05
3.38744e-05
3.12288e-05
2.85433e-05
2.58133e-05
2.31922e-05
2.05136e-05
1.92828e-05
1.90878e-05
2.03032e-05
2.13438e-05
1.90693e-05
9.45152e-06
1.77758e-07
1.53744e-07
1.07259e-05
3.06259e-05
4.90407e-05
6.47416e-05
7.8115e-05
8.95946e-05
9.95213e-05
0.000108147
0.00011566
0.000122205
0.000127898
0.000132833
0.000137094
0.000140753
0.000143875
0.00014652
0.000148745
0.000150602
0.00015214
0.000153404
0.000154436
0.000155273
0.000155949
0.000156497
0.000156941
0.000157307
0.000157615
0.000157884
0.000158128
0.000158364
0.000158603
0.000158858
0.000159141
0.000159465
0.000159844
0.000160291
0.000160824
0.000161461
0.00016222
0.000163118
0.000164172
0.000165384
0.000166743
0.00016821
0.000169702
0.000171083
0.000172151
0.000172628
0.000172179
0.000170429
0.000167013
0.000161636
0.00015414
0.000144558
0.000133142
0.000120351
0.000106796
9.31661e-05
7.99791e-05
6.74993e-05
5.75434e-05
4.99264e-05
4.44091e-05
4.02121e-05
3.6991e-05
3.46336e-05
3.26228e-05
3.04575e-05
2.79882e-05
2.56463e-05
2.35023e-05
2.05642e-05
1.74504e-05
1.5993e-05
1.60019e-05
1.71046e-05
1.60434e-05
8.37415e-06
1.66044e-07
1.54158e-07
1.0742e-05
3.06592e-05
4.90955e-05
6.48165e-05
7.82068e-05
8.9699e-05
9.96344e-05
0.000108265
0.00011578
0.000122325
0.000128015
0.000132947
0.000137203
0.000140856
0.000143971
0.000146609
0.000148828
0.000150678
0.000152209
0.000153467
0.000154493
0.000155325
0.000155998
0.000156542
0.000156984
0.000157349
0.000157657
0.000157927
0.000158175
0.000158415
0.000158662
0.000158928
0.000159225
0.000159569
0.000159972
0.000160453
0.000161028
0.000161716
0.000162539
0.000163514
0.000164654
0.000165959
0.000167407
0.000168942
0.000170457
0.000171782
0.000172672
0.000172811
0.000171822
0.000169313
0.000164929
0.000158422
0.00014972
0.000138975
0.000126567
0.000113069
9.91589e-05
8.54817e-05
7.19927e-05
6.07857e-05
5.25005e-05
4.6537e-05
4.18559e-05
3.92979e-05
3.81972e-05
3.69782e-05
3.53286e-05
3.3039e-05
3.03235e-05
2.71849e-05
2.40156e-05
2.18662e-05
1.84058e-05
1.46334e-05
1.30303e-05
1.32623e-05
1.28729e-05
7.06209e-06
1.47361e-07
1.54596e-07
1.0759e-05
3.06945e-05
4.91532e-05
6.48952e-05
7.83028e-05
8.98079e-05
9.97519e-05
0.000108388
0.000115905
0.000122448
0.000128136
0.000133063
0.000137313
0.000140958
0.000144066
0.000146697
0.000148907
0.00015075
0.000152274
0.000153525
0.000154545
0.000155371
0.000156039
0.00015658
0.000157019
0.000157382
0.000157689
0.00015796
0.00015821
0.000158455
0.000158709
0.000158985
0.000159297
0.000159659
0.000160087
0.0001606
0.000161216
0.000161956
0.000162841
0.000163889
0.00016511
0.000166498
0.000168018
0.000169597
0.0001711
0.000172324
0.000172984
0.000172727
0.000171151
0.000167861
0.00016253
0.000154977
0.000145232
0.00013356
0.000120457
0.000106568
9.25727e-05
7.83341e-05
6.57213e-05
5.65697e-05
4.97866e-05
4.44583e-05
4.21117e-05
4.12719e-05
4.05433e-05
3.94052e-05
3.7583e-05
3.54172e-05
3.27503e-05
2.9709e-05
2.66664e-05
2.29939e-05
2.04301e-05
1.63087e-05
1.15995e-05
1.00055e-05
9.45521e-06
5.49412e-06
1.26109e-07
1.5506e-07
1.0777e-05
3.0732e-05
4.92143e-05
6.49782e-05
7.84038e-05
8.99221e-05
9.98747e-05
0.000108515
0.000116033
0.000122576
0.000128259
0.000133181
0.000137424
0.000141062
0.000144161
0.000146783
0.000148985
0.000150819
0.000152335
0.000153578
0.000154591
0.000155412
0.000156074
0.00015661
0.000157045
0.000157405
0.000157711
0.000157982
0.000158234
0.000158483
0.000158743
0.000159028
0.000159354
0.000159734
0.000160186
0.00016073
0.000161386
0.000162175
0.00016312
0.000164236
0.00016553
0.000166988
0.000168564
0.000170161
0.00017162
0.000172703
0.000173093
0.000172406
0.000170229
0.00016618
0.000159977
0.000151518
0.000140933
0.000128592
0.000115071
0.000101066
8.66268e-05
7.26838e-05
6.18089e-05
5.40328e-05
4.74488e-05
4.43019e-05
4.38525e-05
4.3937e-05
4.42845e-05
4.39899e-05
4.2846e-05
4.11191e-05
3.85741e-05
3.49047e-05
3.04938e-05
2.62064e-05
2.18327e-05
1.8708e-05
1.35998e-05
8.19965e-06
6.30018e-06
3.84711e-06
1.03031e-07
1.55553e-07
1.07962e-05
3.07721e-05
4.92794e-05
6.50662e-05
7.85105e-05
9.00423e-05
0.000100004
0.000108648
0.000116167
0.000122707
0.000128386
0.000133302
0.000137537
0.000141166
0.000144256
0.000146868
0.00014906
0.000150885
0.000152392
0.000153627
0.000154632
0.000155446
0.000156102
0.000156631
0.000157062
0.000157418
0.000157722
0.000157992
0.000158245
0.000158497
0.000158762
0.000159057
0.000159395
0.000159792
0.000160268
0.000160841
0.000161535
0.000162371
0.00016337
0.000164548
0.000165906
0.000167421
0.000169033
0.000170625
0.000172011
0.000172925
0.000173019
0.000171894
0.000169138
0.000164392
0.000157435
0.000148243
0.000137037
0.000124265
0.00011053
9.64547e-05
8.16288e-05
6.88246e-05
5.94618e-05
5.17661e-05
4.65481e-05
4.58319e-05
4.60281e-05
4.71344e-05
4.827e-05
4.87447e-05
4.83328e-05
4.66347e-05
4.44728e-05
4.14407e-05
3.70352e-05
3.11742e-05
2.54684e-05
2.02053e-05
1.60738e-05
9.49387e-06
4.35205e-06
2.38184e-06
8.05819e-08
1.5608e-07
1.08168e-05
3.08154e-05
4.93492e-05
6.516e-05
7.86238e-05
9.01694e-05
0.000100139
0.000108788
0.000116308
0.000122845
0.000128518
0.000133426
0.000137652
0.000141272
0.000144351
0.000146953
0.000149134
0.000150949
0.000152446
0.000153671
0.000154668
0.000155473
0.000156121
0.000156644
0.00015707
0.000157423
0.000157725
0.000157993
0.000158247
0.0001585
0.00015877
0.000159071
0.000159419
0.000159833
0.000160329
0.000160931
0.000161659
0.000162537
0.000163586
0.000164818
0.000166229
0.000167787
0.000169417
0.000170983
0.000172275
0.000173002
0.000172797
0.000171252
0.000167966
0.000162621
0.000155052
0.000145314
0.000133699
0.000120708
0.000106969
9.25047e-05
7.8134e-05
6.64396e-05
5.76656e-05
5.01179e-05
4.72255e-05
4.72737e-05
4.79242e-05
4.97622e-05
5.10278e-05
5.19078e-05
5.23269e-05
5.16774e-05
4.92314e-05
4.65577e-05
4.34034e-05
3.83672e-05
3.10583e-05
2.37378e-05
1.7833e-05
1.2532e-05
4.34611e-06
1.59496e-06
6.59471e-08
1.56645e-07
1.0839e-05
3.08622e-05
4.94243e-05
6.52605e-05
7.87446e-05
9.03045e-05
0.000100283
0.000108936
0.000116455
0.000122988
0.000128655
0.000133555
0.000137771
0.000141379
0.000144447
0.000147037
0.000149206
0.000151009
0.000152495
0.000153711
0.000154697
0.000155493
0.000156133
0.00015665
0.000157072
0.000157421
0.000157719
0.000157986
0.000158239
0.000158494
0.000158766
0.000159072
0.000159428
0.000159854
0.000160369
0.000160996
0.000161756
0.000162672
0.000163764
0.000165041
0.000166494
0.000168081
0.000169713
0.000171237
0.000172421
0.000172956
0.000172464
0.000170539
0.000166802
0.000160974
0.00015295
0.000142848
0.00013101
0.000117952
0.000104261
8.95543e-05
7.57805e-05
6.49829e-05
5.63745e-05
4.94939e-05
4.81049e-05
4.83397e-05
4.96659e-05
5.18066e-05
5.33091e-05
5.43773e-05
5.50206e-05
5.54179e-05
5.46515e-05
5.1375e-05
4.83231e-05
4.46649e-05
3.86304e-05
2.97325e-05
2.06628e-05
1.42602e-05
7.36503e-06
1.63215e-06
6.89978e-08
1.57252e-07
1.0863e-05
3.09132e-05
4.95056e-05
6.53686e-05
7.88739e-05
9.04485e-05
0.000100436
0.000109092
0.00011661
0.000123138
0.000128798
0.000133688
0.000137893
0.000141488
0.000144543
0.00014712
0.000149276
0.000151067
0.000152541
0.000153745
0.000154721
0.000155506
0.000156139
0.000156649
0.000157064
0.000157408
0.000157702
0.000157966
0.000158217
0.000158472
0.000158747
0.000159058
0.000159422
0.000159858
0.000160388
0.000161035
0.000161822
0.000162771
0.000163899
0.000165212
0.000166696
0.000168299
0.00016992
0.00017139
0.000172462
0.000172814
0.000172065
0.000169818
0.000165722
0.000159539
0.000151218
0.000140922
0.000129021
0.000116027
0.000102384
8.78292e-05
7.44754e-05
6.4423e-05
5.55546e-05
4.95946e-05
4.87752e-05
4.91625e-05
5.10172e-05
5.33497e-05
5.51777e-05
5.66421e-05
5.7656e-05
5.80937e-05
5.81717e-05
5.67852e-05
5.25904e-05
4.94773e-05
4.46901e-05
3.7004e-05
2.65725e-05
1.62829e-05
9.22276e-06
1.95819e-06
9.53862e-08
1.57908e-07
1.0889e-05
3.09689e-05
4.95939e-05
6.54853e-05
7.90129e-05
9.06025e-05
0.000100598
0.000109257
0.000116773
0.000123296
0.000128947
0.000133825
0.000138017
0.000141599
0.00014464
0.000147202
0.000149344
0.00015112
0.000152581
0.000153772
0.000154736
0.000155512
0.000156136
0.000156638
0.000157045
0.000157382
0.000157671
0.000157931
0.00015818
0.000158434
0.000158711
0.000159025
0.000159396
0.000159842
0.000160384
0.000161046
0.000161855
0.000162829
0.000163986
0.000165327
0.000166832
0.00016844
0.000170039
0.000171449
0.000172413
0.000172602
0.000171638
0.000169141
0.000164788
0.000158383
0.000149914
0.000139582
0.000127761
0.000114993
0.00010145
8.68993e-05
7.41236e-05
6.43556e-05
5.53403e-05
4.99666e-05
4.92659e-05
4.97461e-05
5.18679e-05
5.4374e-05
5.65461e-05
5.84326e-05
5.993e-05
6.08756e-05
6.10256e-05
6.05318e-05
5.76598e-05
5.32456e-05
4.95592e-05
4.27165e-05
3.29159e-05
2.12817e-05
1.06999e-05
2.21495e-06
1.46485e-07
1.5862e-07
1.09174e-05
3.10301e-05
4.96902e-05
6.56118e-05
7.91626e-05
9.07676e-05
0.000100772
0.000109432
0.000116945
0.000123461
0.000129101
0.000133967
0.000138145
0.000141711
0.000144735
0.000147281
0.000149407
0.000151168
0.000152615
0.000153792
0.000154743
0.000155508
0.000156122
0.000156614
0.000157013
0.000157343
0.000157626
0.000157881
0.000158126
0.000158379
0.000158655
0.000158971
0.000159346
0.0001598
0.000160354
0.00016103
0.000161853
0.000162846
0.000164023
0.000165383
0.000166898
0.000168503
0.000170075
0.000171425
0.000172292
0.000172346
0.000171219
0.000168552
0.000164051
0.000157552
0.000149081
0.000138866
0.000127289
0.000114706
0.000100974
8.69446e-05
7.46977e-05
6.48434e-05
5.57806e-05
5.04486e-05
4.95843e-05
5.00702e-05
5.21864e-05
5.48192e-05
5.73014e-05
5.96152e-05
6.16384e-05
6.31775e-05
6.39681e-05
6.36661e-05
6.22244e-05
5.74484e-05
5.34766e-05
4.77861e-05
3.83959e-05
2.6493e-05
1.40422e-05
4.06717e-06
2.6422e-07
1.59394e-07
1.09484e-05
3.10974e-05
4.97956e-05
6.57493e-05
7.93244e-05
9.0945e-05
0.000100957
0.000109619
0.000117127
0.000123634
0.000129262
0.000134113
0.000138274
0.000141823
0.000144829
0.000147357
0.000149466
0.00015121
0.00015264
0.000153802
0.000154739
0.000155492
0.000156094
0.000156575
0.000156965
0.000157287
0.000157563
0.000157812
0.000158053
0.000158302
0.000158577
0.000158893
0.000159271
0.000159729
0.000160291
0.000160978
0.000161815
0.000162821
0.00016401
0.000165378
0.000166895
0.000168489
0.000170031
0.000171328
0.000172115
0.00017207
0.000170839
0.000168089
0.000163553
0.000157105
0.000148777
0.000138703
0.000127232
0.000114827
0.000101498
8.79863e-05
7.59779e-05
6.59869e-05
5.68709e-05
5.11112e-05
4.97966e-05
5.01471e-05
5.20176e-05
5.46657e-05
5.73884e-05
6.01278e-05
6.27277e-05
6.49052e-05
6.63237e-05
6.66838e-05
6.57263e-05
6.23009e-05
5.6909e-05
5.23236e-05
4.33362e-05
3.14664e-05
1.76737e-05
5.36342e-06
4.34172e-07
1.60239e-07
1.09825e-05
3.11718e-05
4.99112e-05
6.5899e-05
7.94995e-05
9.11358e-05
0.000101155
0.000109817
0.000117319
0.000123815
0.000129429
0.000134263
0.000138405
0.000141934
0.00014492
0.000147427
0.000149516
0.000151241
0.000152654
0.0001538
0.000154722
0.00015546
0.000156048
0.000156519
0.000156898
0.000157211
0.000157478
0.000157721
0.000157956
0.000158201
0.000158472
0.000158788
0.000159166
0.000159627
0.000160192
0.000160886
0.000161732
0.000162748
0.000163945
0.000165318
0.000166831
0.000168406
0.000169916
0.00017117
0.000171907
0.000171816
0.00017056
0.000167811
0.000163304
0.000156917
0.000148681
0.000138845
0.000127745
0.000115769
0.000102874
8.9826e-05
7.79539e-05
6.78387e-05
5.86082e-05
5.22169e-05
5.00777e-05
5.00704e-05
5.14995e-05
5.39979e-05
5.68593e-05
6.0012e-05
6.32755e-05
6.62236e-05
6.83348e-05
6.92152e-05
6.86538e-05
6.64146e-05
6.04544e-05
5.59133e-05
4.82053e-05
3.62462e-05
2.15136e-05
6.73649e-06
6.4073e-07
1.61166e-07
1.10201e-05
3.12541e-05
5.00382e-05
6.60623e-05
7.96891e-05
9.13411e-05
0.000101366
0.000110026
0.000117521
0.000124004
0.000129601
0.000134414
0.000138535
0.000142041
0.000145004
0.000147489
0.000149556
0.00015126
0.000152653
0.00015378
0.000154684
0.000155407
0.000155981
0.000156438
0.000156806
0.000157108
0.000157367
0.000157602
0.00015783
0.000158069
0.000158336
0.000158648
0.000159025
0.000159486
0.000160053
0.00016075
0.000161599
0.000162618
0.000163817
0.000165187
0.000166693
0.00016826
0.000169752
0.000170977
0.000171681
0.000171555
0.000170272
0.000167531
0.000163118
0.000156928
0.000149012
0.000139564
0.000128876
0.000117312
0.000104943
9.23833e-05
8.06444e-05
7.0443e-05
6.11219e-05
5.41588e-05
5.07449e-05
5.00433e-05
5.08998e-05
5.30442e-05
5.59109e-05
5.94244e-05
6.34085e-05
6.72505e-05
7.01712e-05
7.16165e-05
7.14026e-05
6.94831e-05
6.46126e-05
5.87836e-05
5.22468e-05
4.0681e-05
2.57481e-05
9.08109e-06
8.76814e-07
1.62186e-07
1.10615e-05
3.13454e-05
5.01781e-05
6.62406e-05
7.98945e-05
9.15618e-05
0.000101592
0.000110248
0.000117732
0.000124199
0.000129775
0.000134566
0.000138662
0.000142142
0.000145079
0.000147538
0.000149581
0.000151261
0.000152631
0.000153737
0.000154621
0.000155326
0.000155885
0.000156328
0.000156683
0.000156973
0.000157222
0.000157447
0.000157667
0.0001579
0.000158161
0.000158468
0.000158841
0.0001593
0.000159865
0.000160561
0.000161409
0.000162427
0.000163622
0.000164984
0.000166475
0.000168017
0.000169481
0.000170678
0.000171361
0.00017124
0.000170011
0.000167396
0.000163185
0.000157278
0.000149722
0.000140696
0.000130474
0.000119382
0.000107596
9.55581e-05
8.40526e-05
7.37795e-05
6.43441e-05
5.68463e-05
5.23824e-05
5.04688e-05
5.05972e-05
5.22156e-05
5.49045e-05
5.86799e-05
6.33966e-05
6.82904e-05
7.21658e-05
7.41672e-05
7.40825e-05
7.2211e-05
6.8243e-05
6.15284e-05
5.56394e-05
4.4351e-05
2.91694e-05
1.08177e-05
1.0652e-06
1.6331e-07
1.11073e-05
3.14467e-05
5.0332e-05
6.64351e-05
8.01169e-05
9.17987e-05
0.000101832
0.000110482
0.000117952
0.000124399
0.000129951
0.000134715
0.000138782
0.000142232
0.00014514
0.00014757
0.000149584
0.000151238
0.000152583
0.000153665
0.000154528
0.000155211
0.000155752
0.000156178
0.000156518
0.000156796
0.000157033
0.000157248
0.000157459
0.000157682
0.000157936
0.000158237
0.000158604
0.000159057
0.000159619
0.00016031
0.000161153
0.000162164
0.00016335
0.0001647
0.000166176
0.0001677
0.000169146
0.000170332
0.000171025
0.00017095
0.00016982
0.000167373
0.000163415
0.000157851
0.000150719
0.000142175
0.000132471
0.000121901
0.000110718
9.92392e-05
8.8114e-05
7.78056e-05
6.8356e-05
6.03623e-05
5.48655e-05
5.2032e-05
5.11447e-05
5.20688e-05
5.44209e-05
5.84657e-05
6.39795e-05
6.9778e-05
7.43891e-05
7.67538e-05
7.6695e-05
7.4734e-05
7.12224e-05
6.42686e-05
5.84313e-05
4.77758e-05
3.25825e-05
1.28047e-05
1.25937e-06
1.64553e-07
1.1158e-05
3.15591e-05
5.05015e-05
6.66472e-05
8.0357e-05
9.20521e-05
0.000102086
0.000110726
0.000118178
0.000124601
0.000130124
0.000134856
0.000138889
0.000142305
0.000145178
0.000147575
0.000149557
0.000151181
0.000152498
0.000153555
0.000154393
0.000155053
0.000155571
0.000155978
0.000156301
0.000156565
0.000156788
0.00015699
0.00015719
0.000157403
0.000157647
0.000157939
0.000158297
0.000158743
0.000159298
0.000159982
0.000160817
0.000161817
0.000162991
0.000164325
0.000165783
0.00016729
0.000168725
0.000169915
0.00017064
0.000170641
0.00016965
0.000167421
0.000163768
0.000158601
0.000151943
0.000143932
0.00013479
0.00012479
0.000114204
0.000103324
9.26088e-05
8.25368e-05
7.32044e-05
6.49662e-05
5.85351e-05
5.45852e-05
5.29825e-05
5.32135e-05
5.50828e-05
5.91592e-05
6.50194e-05
7.13118e-05
7.64665e-05
7.92104e-05
7.92657e-05
7.71143e-05
7.33553e-05
6.7182e-05
6.04653e-05
5.06194e-05
3.546e-05
1.45159e-05
1.44637e-06
1.65931e-07
1.12141e-05
3.16838e-05
5.06879e-05
6.6878e-05
8.06156e-05
9.23218e-05
0.000102353
0.000110979
0.000118407
0.0001248
0.000130289
0.000134983
0.000138977
0.000142353
0.000145187
0.000147545
0.00014949
0.00015108
0.000152364
0.000153391
0.000154204
0.00015484
0.000155335
0.00015572
0.000156022
0.000156265
0.000156471
0.000156658
0.000156843
0.000157044
0.000157275
0.000157556
0.000157904
0.00015834
0.000158884
0.000159557
0.000160379
0.000161366
0.000162523
0.00016384
0.00016528
0.000166772
0.000168202
0.000169409
0.000170185
0.00017029
0.000169472
0.0001675
0.000164197
0.000159471
0.000153331
0.000145892
0.000137352
0.000127961
0.000117986
0.000107705
9.74431e-05
8.77606e-05
7.86559e-05
7.04995e-05
6.35072e-05
5.86476e-05
5.59567e-05
5.56136e-05
5.70359e-05
6.07102e-05
6.66664e-05
7.33266e-05
7.89036e-05
8.18712e-05
8.18025e-05
7.92992e-05
7.53039e-05
6.94956e-05
6.21839e-05
5.29855e-05
3.80057e-05
1.60168e-05
1.63057e-06
1.67461e-07
1.12764e-05
3.18219e-05
5.08923e-05
6.71284e-05
8.08928e-05
9.26071e-05
0.00010263
0.000111236
0.000118635
0.000124991
0.000130438
0.000135087
0.000139035
0.000142364
0.000145152
0.000147465
0.000149368
0.000150918
0.000152165
0.000153158
0.00015394
0.000154549
0.000155019
0.000155381
0.000155662
0.000155885
0.000156072
0.000156241
0.000156409
0.000156593
0.000156808
0.000157073
0.000157406
0.000157825
0.000158352
0.000159009
0.000159815
0.000160784
0.000161922
0.000163218
0.00016464
0.00016612
0.000167552
0.000168787
0.000169631
0.000169863
0.000169246
0.000167565
0.000164647
0.000160396
0.000154809
0.000147977
0.000140071
0.000131319
0.000121974
0.000112297
0.000102557
9.32589e-05
8.45274e-05
7.6565e-05
6.94896e-05
6.41319e-05
6.0749e-05
5.96156e-05
6.06389e-05
6.38527e-05
6.95929e-05
7.61975e-05
8.17875e-05
8.46364e-05
8.40724e-05
8.1023e-05
7.67101e-05
7.12217e-05
6.35825e-05
5.48737e-05
4.01141e-05
1.74631e-05
1.82542e-06
1.69164e-07
1.13455e-05
3.19747e-05
5.11159e-05
6.73997e-05
8.1188e-05
9.2906e-05
0.000102915
0.000111494
0.000118855
0.000125165
0.000130562
0.000135157
0.000139049
0.000142323
0.000145056
0.000147317
0.000149172
0.000150674
0.000151878
0.000152831
0.000153577
0.000154153
0.000154593
0.000154928
0.000155184
0.000155385
0.00015555
0.000155698
0.000155847
0.000156013
0.000156212
0.00015646
0.000156775
0.000157177
0.000157685
0.000158319
0.000159097
0.000160037
0.000161149
0.000162423
0.000163825
0.000165294
0.000166734
0.000168006
0.000168934
0.00016931
0.000168919
0.000167553
0.000165048
0.000161303
0.000156299
0.000150102
0.000142859
0.000134771
0.000126074
0.000117015
0.000107839
9.89192e-05
9.06024e-05
8.29019e-05
7.61394e-05
7.04526e-05
6.67025e-05
6.50375e-05
6.56735e-05
6.83387e-05
7.35279e-05
7.97334e-05
8.49605e-05
8.72232e-05
8.62855e-05
8.26435e-05
7.76109e-05
7.23093e-05
6.46914e-05
5.63127e-05
4.17625e-05
1.87505e-05
2.01895e-06
1.71062e-07
1.14221e-05
3.21433e-05
5.13597e-05
6.76915e-05
8.14999e-05
9.32155e-05
0.000103203
0.000111744
0.000119057
0.000125311
0.000130645
0.000135176
0.000139002
0.00014221
0.000144879
0.00014708
0.000148874
0.000150322
0.000151475
0.000152381
0.000153083
0.000153618
0.000154022
0.000154323
0.000154548
0.000154719
0.000154857
0.000154981
0.000155106
0.000155249
0.000155426
0.000155654
0.000155949
0.00015633
0.000156817
0.000157428
0.000158182
0.000159095
0.00016017
0.000161404
0.00016278
0.000164241
0.000165691
0.000167008
0.000168029
0.000168566
0.000168417
0.000167388
0.000165318
0.000162102
0.000157705
0.00015217
0.000145616
0.000138218
0.00013019
0.000121765
0.000113182
0.000104692
9.68876e-05
8.94481e-05
8.28602e-05
7.73575e-05
7.33143e-05
7.1308e-05
7.15967e-05
7.36985e-05
7.81604e-05
8.36692e-05
8.801e-05
8.98365e-05
8.82171e-05
8.39299e-05
7.84983e-05
7.28141e-05
6.55509e-05
5.73831e-05
4.31444e-05
2.00144e-05
2.22781e-06
1.73179e-07
1.1507e-05
3.2329e-05
5.16246e-05
6.80031e-05
8.18258e-05
9.35303e-05
0.000103485
0.000111977
0.000119228
0.000125411
0.00013067
0.000135121
0.000138868
0.000141997
0.00014459
0.000146718
0.000148442
0.000149824
0.000150916
0.000151765
0.000152415
0.000152902
0.000153261
0.00015352
0.000153706
0.000153842
0.000153946
0.000154037
0.000154131
0.000154244
0.000154392
0.000154591
0.000154858
0.00015521
0.000155668
0.000156251
0.000156978
0.000157862
0.000158909
0.000160114
0.00016145
0.00016288
0.000164341
0.000165707
0.000166829
0.000167536
0.000167642
0.000166965
0.000165347
0.000162679
0.000158911
0.000154062
0.000148224
0.000141542
0.000134208
0.000126435
0.000118451
0.000110482
0.000102977
9.59744e-05
8.96182e-05
8.42691e-05
8.02499e-05
7.80789e-05
7.78673e-05
7.93733e-05
8.30574e-05
8.74944e-05
9.11418e-05
9.20917e-05
8.9651e-05
8.46372e-05
7.8724e-05
7.29262e-05
6.6169e-05
5.80868e-05
4.42582e-05
2.11872e-05
2.43995e-06
1.75545e-07
1.1601e-05
3.2533e-05
5.19107e-05
6.83327e-05
8.21613e-05
9.38431e-05
0.000103751
0.000112177
0.000119349
0.000125444
0.000130609
0.000134964
0.000138614
0.000141648
0.000144151
0.000146188
0.000147829
0.000149133
0.000150151
0.000150932
0.000151518
0.000151946
0.00015225
0.000152458
0.000152595
0.000152685
0.000152746
0.000152796
0.00015285
0.000152925
0.000153035
0.000153197
0.000153426
0.000153741
0.00015416
0.000154703
0.000155388
0.000156231
0.000157242
0.000158418
0.000159734
0.000161148
0.000162588
0.000163986
0.000165212
0.000166092
0.00016646
0.000166143
0.00016499
0.000162885
0.000159765
0.000155627
0.000150532
0.000144598
0.000137988
0.000130896
0.000123533
0.00011612
0.00010894
0.000102423
9.62503e-05
9.10617e-05
8.70975e-05
8.48317e-05
8.41185e-05
8.49785e-05
8.7787e-05
9.13481e-05
9.39168e-05
9.38633e-05
9.05355e-05
8.48111e-05
7.84912e-05
7.26689e-05
6.63485e-05
5.85005e-05
4.52351e-05
2.2336e-05
2.66598e-06
1.78192e-07
1.1705e-05
3.27565e-05
5.22178e-05
6.86774e-05
8.24997e-05
9.41426e-05
0.000103984
0.000112324
0.000119394
0.000125379
0.000130428
0.000134664
0.000138194
0.000141117
0.000143505
0.000145435
0.000146975
0.000148183
0.000149112
0.000149809
0.000150317
0.000150673
0.000150908
0.000151052
0.000151129
0.000151161
0.000151167
0.000151164
0.000151167
0.000151191
0.000151252
0.000151364
0.000151544
0.000151808
0.000152176
0.000152667
0.000153298
0.000154086
0.000155043
0.00015617
0.000157455
0.000158862
0.000160318
0.000161735
0.000163011
0.000164058
0.000164689
0.000164734
0.00016405
0.000162518
0.000160061
0.000156656
0.000152335
0.000147185
0.00014134
0.000134966
0.000128258
0.000121423
0.000114683
0.000108447
0.000102736
9.76119e-05
9.36487e-05
9.12389e-05
9.00697e-05
9.03497e-05
9.23227e-05
9.47557e-05
9.61526e-05
9.50281e-05
9.08104e-05
8.44395e-05
7.78166e-05
7.20919e-05
6.63531e-05
5.86756e-05
4.60854e-05
2.34899e-05
2.89959e-06
1.81158e-07
1.18203e-05
3.30004e-05
5.2545e-05
6.90322e-05
8.28308e-05
9.4413e-05
0.000104163
0.000112388
0.000119329
0.000125174
0.000130077
0.000134165
0.000137555
0.000140331
0.000142582
0.000144382
0.000145798
0.00014689
0.000147709
0.000148304
0.000148716
0.000148981
0.000149132
0.000149195
0.000149196
0.000149155
0.00014909
0.000149018
0.000148954
0.000148912
0.000148907
0.000148954
0.000149068
0.000149266
0.000149566
0.000149986
0.000150546
0.000151262
0.000152146
0.000153205
0.00015443
0.000155798
0.000157265
0.00015874
0.000160114
0.000161258
0.000162082
0.000162476
0.00016226
0.000161301
0.000159518
0.000156864
0.000153347
0.000149021
0.000143987
0.000138385
0.000132381
0.000126166
0.000119944
0.000114004
0.000108603
0.000103754
9.97965e-05
9.71522e-05
9.55181e-05
9.5181e-05
9.62073e-05
9.74766e-05
9.76684e-05
9.5473e-05
9.04239e-05
8.35184e-05
7.67179e-05
7.12061e-05
6.60882e-05
5.86888e-05
4.68164e-05
2.46503e-05
3.14246e-06
1.84491e-07
1.19479e-05
3.32659e-05
5.289e-05
6.93892e-05
8.31397e-05
9.46308e-05
0.000104255
0.000112329
0.000119102
0.000124769
0.000129488
0.000133397
0.000136603
0.000139203
0.000141285
0.000142925
0.000144189
0.000145137
0.000145823
0.000146291
0.000146584
0.000146738
0.000146782
0.000146745
0.000146649
0.000146514
0.000146358
0.000146198
0.000146046
0.000145918
0.000145828
0.000145788
0.000145814
0.000145923
0.000146132
0.000146459
0.000146924
0.000147542
0.000148329
0.000149293
0.000150433
0.000151733
0.000153157
0.000154652
0.000156128
0.000157447
0.000158487
0.000159116
0.000159267
0.000158861
0.000157755
0.000155857
0.000153165
0.000149702
0.000145531
0.000140759
0.000135526
0.000129997
0.000124355
0.000118807
0.000113712
0.000109028
0.000105121
0.000102275
0.000100194
9.9164e-05
9.91923e-05
9.92804e-05
9.82813e-05
9.50773e-05
8.93219e-05
8.20544e-05
7.52355e-05
7.00296e-05
6.54699e-05
5.8593e-05
4.74315e-05
2.58694e-05
3.39319e-06
1.88249e-07
1.20895e-05
3.3554e-05
5.32491e-05
6.97366e-05
8.34039e-05
9.47623e-05
0.000104214
0.000112088
0.000118642
0.00012408
0.000128569
0.000132248
0.000135226
0.000137608
0.000139481
0.000140923
0.000142
0.000142772
0.000143291
0.000143604
0.00014375
0.000143765
0.000143677
0.000143513
0.000143295
0.000143042
0.000142771
0.000142497
0.000142233
0.000141993
0.00014179
0.000141636
0.000141548
0.000141539
0.000141628
0.000141831
0.000142168
0.000142656
0.000143312
0.000144147
0.000145164
0.000146356
0.000147698
0.000149148
0.000150641
0.000152098
0.000153385
0.000154356
0.000154893
0.000154883
0.000154276
0.000153098
0.00015124
0.000148672
0.0001454
0.000141518
0.000137129
0.000132367
0.000127383
0.000122349
0.000117586
0.00011312
0.000109225
0.000106152
0.00010365
0.000101919
0.00010095
9.98841e-05
9.77627e-05
9.36817e-05
8.74192e-05
8.00366e-05
7.3405e-05
6.86238e-05
6.46571e-05
5.8433e-05
4.79379e-05
2.71116e-05
3.6473e-06
1.92507e-07
1.22472e-05
3.38657e-05
5.36157e-05
7.00552e-05
8.35899e-05
9.47569e-05
0.000103971
0.000111578
0.000117847
0.000122989
0.000127187
0.000130569
0.000133264
0.000135373
0.000136987
0.000138183
0.000139029
0.000139584
0.0001399
0.000140021
0.000139986
0.000139829
0.000139578
0.000139257
0.000138887
0.000138486
0.00013807
0.000137651
0.000137244
0.000136861
0.000136513
0.000136214
0.000135977
0.000135816
0.000135747
0.000135787
0.000135955
0.000136272
0.000136756
0.00013742
0.000138269
0.000139302
0.000140506
0.000141851
0.000143291
0.00014476
0.00014618
0.000147445
0.000148405
0.000148931
0.00014894
0.00014833
0.000147087
0.000145218
0.00014283
0.000139875
0.000136399
0.000132488
0.000128259
0.000123838
0.000119501
0.000115323
0.00011149
0.000108231
0.000105348
0.000102912
0.000100897
9.86914e-05
9.55609e-05
9.08701e-05
8.4569e-05
7.74329e-05
7.12528e-05
6.70381e-05
6.36441e-05
5.83213e-05
4.83596e-05
2.83868e-05
3.90509e-06
1.97367e-07
1.24234e-05
3.42012e-05
5.39785e-05
7.03149e-05
8.36452e-05
9.45375e-05
0.000103426
0.000110674
0.000116565
0.00012133
0.000125141
0.000128152
0.000130488
0.000132257
0.000133548
0.000134441
0.000135003
0.000135292
0.000135359
0.000135247
0.000134993
0.000134627
0.000134176
0.000133663
0.000133107
0.000132524
0.000131928
0.000131332
0.000130748
0.000130185
0.000129649
0.000129155
0.000128718
0.000128354
0.000128079
0.000127909
0.000127864
0.000127959
0.000128215
0.000128648
0.000129271
0.00013009
0.000131101
0.000132287
0.000133615
0.000135033
0.000136462
0.000137831
0.000139057
0.000140034
0.000140625
0.000140725
0.000140282
0.000139263
0.000137626
0.000135422
0.000132697
0.000129519
0.000125985
0.000122247
0.000118449
0.00011467
0.000111008
0.000107663
0.000104531
0.000101549
9.86752e-05
9.55047e-05
9.146e-05
8.61724e-05
7.98945e-05
7.3742e-05
6.87834e-05
6.53453e-05
6.2546e-05
5.80099e-05
4.86561e-05
2.96481e-05
4.16043e-06
2.02968e-07
1.26216e-05
3.45596e-05
5.43171e-05
7.04655e-05
8.34863e-05
9.39835e-05
0.000102419
0.00010918
0.000114572
0.000118835
0.000122154
0.000124692
0.000126578
0.000127922
0.000128815
0.000129337
0.000129553
0.000129521
0.000129289
0.000128897
0.00012838
0.000127765
0.000127078
0.000126336
0.00012556
0.00012476
0.000123948
0.000123127
0.000122314
0.000121522
0.000120763
0.00012005
0.000119392
0.000118803
0.000118296
0.000117888
0.000117593
0.00011743
0.000117416
0.000117568
0.000117901
0.000118427
0.000119148
0.000120059
0.00012114
0.000122361
0.00012368
0.000125033
0.000126346
0.000127538
0.000128531
0.000129223
0.000129496
0.000129291
0.000128558
0.000127294
0.000125515
0.000123254
0.000120561
0.000117492
0.000114196
0.000110809
0.000107345
0.000103975
0.000100642
9.72223e-05
9.37949e-05
9.02285e-05
8.61467e-05
8.13644e-05
7.58613e-05
7.02249e-05
6.57334e-05
6.33641e-05
6.14197e-05
5.75552e-05
4.88732e-05
3.09134e-05
4.41375e-06
2.09507e-07
1.28463e-05
3.49362e-05
5.45939e-05
7.04201e-05
8.29743e-05
9.28989e-05
0.0001007
0.000106798
0.000111527
0.000115129
0.000117817
0.000119755
0.000121079
0.000121899
0.000122307
0.000122381
0.000122186
0.000121774
0.000121192
0.000120476
0.000119656
0.000118759
0.000117801
0.000116798
0.000115752
0.000114687
0.000113617
0.000112555
0.000111509
0.000110487
0.0001095
0.000108558
0.000107671
0.00010685
0.000106106
0.000105454
0.000104907
0.00010448
0.000104188
0.000104048
0.000104074
0.000104278
0.000104669
0.000105247
0.000106003
0.000106922
0.000107977
0.000109126
0.000110317
0.000111486
0.000112564
0.000113476
0.000114156
0.000114502
0.00011446
0.000113989
0.00011307
0.000111699
0.00010989
0.000107668
0.000105101
0.000102309
9.93078e-05
9.62034e-05
9.2972e-05
8.95751e-05
8.60816e-05
8.24746e-05
7.85872e-05
7.44163e-05
7.02218e-05
6.65269e-05
6.38193e-05
6.16294e-05
6.0102e-05
5.68605e-05
4.89e-05
3.2139e-05
4.65996e-06
2.17271e-07
1.3103e-05
3.53174e-05
5.4736e-05
7.00235e-05
8.18691e-05
9.09556e-05
9.78639e-05
0.000103059
0.000106891
0.000109641
0.000111527
0.00011272
0.000113356
0.000113546
0.000113381
0.000112934
0.000112267
0.000111429
0.000110459
0.000109387
0.000108231
0.000107008
0.000105741
0.000104446
0.00010314
0.000101832
0.000100531
9.9249e-05
9.79919e-05
9.67675e-05
9.55845e-05
9.44516e-05
9.33779e-05
9.23731e-05
9.14471e-05
9.06105e-05
8.98745e-05
8.92505e-05
8.87507e-05
8.83872e-05
8.81711e-05
8.81124e-05
8.82188e-05
8.84933e-05
8.89293e-05
8.95225e-05
9.02594e-05
9.11172e-05
9.20619e-05
9.30509e-05
9.40332e-05
9.49525e-05
9.5753e-05
9.63786e-05
9.67602e-05
9.68436e-05
9.65885e-05
9.59686e-05
9.49712e-05
9.35991e-05
9.18785e-05
8.98621e-05
8.75851e-05
8.50993e-05
8.24355e-05
7.96107e-05
7.66668e-05
7.36291e-05
7.05027e-05
6.73624e-05
6.44279e-05
6.20713e-05
6.06429e-05
6.02066e-05
5.93329e-05
5.63148e-05
4.87479e-05
3.32577e-05
4.90026e-06
2.26667e-07
1.33977e-05
3.56656e-05
5.45905e-05
6.89892e-05
7.97326e-05
8.75827e-05
9.32317e-05
9.71975e-05
9.98629e-05
0.00010153
0.000102426
0.000102723
0.000102556
0.000102029
0.000101228
0.000100215
9.90367e-05
9.77332e-05
9.63454e-05
9.49006e-05
9.34209e-05
9.19219e-05
9.04116e-05
8.88954e-05
8.7392e-05
8.5911e-05
8.44606e-05
8.30483e-05
8.16805e-05
8.0364e-05
7.91064e-05
7.79159e-05
7.68006e-05
7.57681e-05
7.48256e-05
7.39804e-05
7.32389e-05
7.26079e-05
7.20947e-05
7.17058e-05
7.14454e-05
7.13166e-05
7.13225e-05
7.14651e-05
7.1746e-05
7.21582e-05
7.26925e-05
7.33358e-05
7.40697e-05
7.48701e-05
7.57068e-05
7.65439e-05
7.73414e-05
7.80584e-05
7.86468e-05
7.90612e-05
7.92618e-05
7.92171e-05
7.89043e-05
7.83123e-05
7.74502e-05
7.63319e-05
7.49749e-05
7.34051e-05
7.16588e-05
6.97743e-05
6.7794e-05
6.57649e-05
6.37288e-05
6.17642e-05
6.00223e-05
5.87581e-05
5.81796e-05
5.81716e-05
5.78477e-05
5.55427e-05
4.82473e-05
3.41301e-05
5.13523e-06
2.38384e-07
1.37343e-05
3.58778e-05
5.38158e-05
6.67508e-05
7.57271e-05
8.17617e-05
8.56748e-05
8.80268e-05
8.92361e-05
8.96039e-05
8.93504e-05
8.86401e-05
8.75965e-05
8.63127e-05
8.48599e-05
8.32929e-05
8.16569e-05
7.99859e-05
7.83027e-05
7.66264e-05
7.49712e-05
7.33453e-05
7.17555e-05
7.02146e-05
6.87295e-05
6.73078e-05
6.59551e-05
6.46768e-05
6.34779e-05
6.23636e-05
6.13394e-05
6.04105e-05
5.95811e-05
5.88547e-05
5.82347e-05
5.77233e-05
5.73189e-05
5.70203e-05
5.68285e-05
5.67463e-05
5.67673e-05
5.68844e-05
5.7093e-05
5.73907e-05
5.77766e-05
5.82452e-05
5.87869e-05
5.93935e-05
6.00552e-05
6.07624e-05
6.15031e-05
6.22607e-05
6.30146e-05
6.37414e-05
6.4414e-05
6.50037e-05
6.54832e-05
6.58306e-05
6.60255e-05
6.60525e-05
6.58962e-05
6.55575e-05
6.50476e-05
6.43723e-05
6.35625e-05
6.26537e-05
6.16798e-05
6.06695e-05
5.96421e-05
5.86407e-05
5.77303e-05
5.70669e-05
5.67849e-05
5.68986e-05
5.66696e-05
5.46646e-05
4.74258e-05
3.43432e-05
5.37296e-06
2.52894e-07
1.40981e-05
3.56442e-05
5.16385e-05
6.20443e-05
6.83562e-05
7.18918e-05
7.35478e-05
7.39552e-05
7.35328e-05
7.25572e-05
7.12188e-05
6.96491e-05
6.79412e-05
6.61618e-05
6.43592e-05
6.25697e-05
6.08214e-05
5.91341e-05
5.75205e-05
5.599e-05
5.45476e-05
5.31939e-05
5.19312e-05
5.07661e-05
4.97044e-05
4.87494e-05
4.79026e-05
4.71649e-05
4.6538e-05
4.60246e-05
4.56249e-05
4.53349e-05
4.51504e-05
4.50684e-05
4.50889e-05
4.52155e-05
4.54322e-05
4.57267e-05
4.6094e-05
4.6545e-05
4.70653e-05
4.76322e-05
4.82349e-05
4.88643e-05
4.95148e-05
5.01856e-05
5.08769e-05
5.15841e-05
5.22984e-05
5.30186e-05
5.37441e-05
5.44709e-05
5.51914e-05
5.58961e-05
5.65728e-05
5.72064e-05
5.77777e-05
5.82823e-05
5.87106e-05
5.9053e-05
5.93004e-05
5.94492e-05
5.94999e-05
5.94654e-05
5.93498e-05
5.91619e-05
5.89077e-05
5.85985e-05
5.82248e-05
5.77991e-05
5.73091e-05
5.68344e-05
5.64091e-05
5.61635e-05
5.55619e-05
5.37339e-05
4.62198e-05
3.36443e-05
5.53535e-06
2.73896e-07
1.44108e-05
3.4163e-05
4.66645e-05
5.30826e-05
5.58001e-05
5.63825e-05
5.57548e-05
5.447e-05
5.28512e-05
5.10852e-05
4.92825e-05
4.751e-05
4.58093e-05
4.42061e-05
4.27164e-05
4.13504e-05
4.0114e-05
3.90099e-05
3.80382e-05
3.71977e-05
3.64857e-05
3.58987e-05
3.54356e-05
3.50946e-05
3.48726e-05
3.47643e-05
3.47644e-05
3.48679e-05
3.50721e-05
3.53846e-05
3.58001e-05
3.62993e-05
3.6868e-05
3.74978e-05
3.81889e-05
3.89745e-05
3.98115e-05
4.06734e-05
4.15472e-05
4.24123e-05
4.3266e-05
4.41146e-05
4.49568e-05
4.57834e-05
4.65938e-05
4.73906e-05
4.8175e-05
4.89457e-05
4.96886e-05
5.04063e-05
5.1108e-05
5.17956e-05
5.24676e-05
5.31218e-05
5.37544e-05
5.43639e-05
5.49492e-05
5.55024e-05
5.60163e-05
5.64867e-05
5.69082e-05
5.72782e-05
5.7593e-05
5.78537e-05
5.80575e-05
5.8205e-05
5.82881e-05
5.83076e-05
5.82281e-05
5.80482e-05
5.76933e-05
5.7201e-05
5.64763e-05
5.56865e-05
5.43257e-05
5.2347e-05
4.44756e-05
3.2271e-05
5.60043e-06
2.97459e-07
1.42856e-05
3.02599e-05
3.67728e-05
3.82379e-05
3.7705e-05
3.63798e-05
3.48102e-05
3.32541e-05
3.18225e-05
3.05546e-05
2.94587e-05
2.85319e-05
2.77666e-05
2.7154e-05
2.66849e-05
2.63507e-05
2.61431e-05
2.60543e-05
2.60772e-05
2.62052e-05
2.64335e-05
2.67681e-05
2.72182e-05
2.77677e-05
2.83998e-05
2.91007e-05
2.98589e-05
3.06649e-05
3.1515e-05
3.24412e-05
3.34469e-05
3.44837e-05
3.55307e-05
3.6579e-05
3.76227e-05
3.86284e-05
3.96082e-05
4.05642e-05
4.14976e-05
4.24063e-05
4.32911e-05
4.4154e-05
4.49962e-05
4.5802e-05
4.65752e-05
4.7324e-05
4.8051e-05
4.87565e-05
4.94469e-05
5.01226e-05
5.07792e-05
5.14154e-05
5.20295e-05
5.26212e-05
5.31892e-05
5.37339e-05
5.42535e-05
5.47476e-05
5.52132e-05
5.56503e-05
5.60558e-05
5.64293e-05
5.67674e-05
5.70693e-05
5.73304e-05
5.7547e-05
5.77103e-05
5.78148e-05
5.78082e-05
5.76901e-05
5.73379e-05
5.67884e-05
5.58127e-05
5.45883e-05
5.24157e-05
5.00405e-05
4.19522e-05
3.01535e-05
5.58886e-06
3.46709e-07
1.3574e-05
2.24592e-05
2.30624e-05
2.22346e-05
2.14414e-05
2.0812e-05
2.03722e-05
2.01186e-05
2.00316e-05
2.00879e-05
2.02668e-05
2.05515e-05
2.09283e-05
2.13859e-05
2.19148e-05
2.25068e-05
2.31546e-05
2.38514e-05
2.45915e-05
2.53691e-05
2.61789e-05
2.70387e-05
2.80013e-05
2.90107e-05
3.00381e-05
3.10675e-05
3.20889e-05
3.30942e-05
3.40856e-05
3.50465e-05
3.59616e-05
3.68468e-05
3.77087e-05
3.85512e-05
3.93759e-05
4.01791e-05
4.09625e-05
4.17134e-05
4.24381e-05
4.31402e-05
4.38215e-05
4.44839e-05
4.51258e-05
4.5754e-05
4.63674e-05
4.69642e-05
4.75426e-05
4.81024e-05
4.86432e-05
4.91643e-05
4.96661e-05
5.01485e-05
5.06104e-05
5.10521e-05
5.14725e-05
5.18728e-05
5.22505e-05
5.26078e-05
5.2943e-05
5.32575e-05
5.35493e-05
5.3818e-05
5.40632e-05
5.42821e-05
5.4476e-05
5.46348e-05
5.47685e-05
5.48404e-05
5.47975e-05
5.46481e-05
5.42352e-05
5.36545e-05
5.25051e-05
5.1148e-05
4.83375e-05
4.43762e-05
3.74833e-05
2.50582e-05
5.21732e-06
4.20302e-07
1.19054e-05
1.59849e-05
1.6541e-05
1.68537e-05
1.75577e-05
1.84143e-05
1.93263e-05
2.02529e-05
2.11765e-05
2.20908e-05
2.29939e-05
2.38845e-05
2.47611e-05
2.56218e-05
2.64651e-05
2.72896e-05
2.80945e-05
2.88787e-05
2.96421e-05
3.03833e-05
3.11025e-05
3.17999e-05
3.24408e-05
3.30427e-05
3.36162e-05
3.41678e-05
3.47031e-05
3.52253e-05
3.57376e-05
3.62402e-05
3.67306e-05
3.72081e-05
3.76729e-05
3.81258e-05
3.85671e-05
3.89976e-05
3.94148e-05
3.9824e-05
4.02241e-05
4.06137e-05
4.09919e-05
4.13583e-05
4.17119e-05
4.20531e-05
4.23821e-05
4.26979e-05
4.30051e-05
4.32981e-05
4.35757e-05
4.38378e-05
4.40905e-05
4.43294e-05
4.45558e-05
4.47683e-05
4.49676e-05
4.51556e-05
4.53244e-05
4.54852e-05
4.5634e-05
4.5772e-05
4.58968e-05
4.60075e-05
4.61099e-05
4.61968e-05
4.62796e-05
4.63382e-05
4.64165e-05
4.64308e-05
4.63679e-05
4.62401e-05
4.59058e-05
4.55383e-05
4.46875e-05
4.35928e-05
4.12283e-05
3.75585e-05
2.99637e-05
1.69741e-05
4.85774e-06
2.61657e-07
5.31821e-07
9.0368e-07
1.22339e-06
1.48783e-06
1.71549e-06
1.92248e-06
2.12001e-06
2.31376e-06
2.50564e-06
2.69596e-06
2.88469e-06
3.07176e-06
3.25724e-06
3.441e-06
3.62297e-06
3.80284e-06
3.98042e-06
4.15538e-06
4.32738e-06
4.49633e-06
4.66141e-06
4.82329e-06
4.98001e-06
5.13063e-06
5.27492e-06
5.41279e-06
5.54441e-06
5.67016e-06
5.79052e-06
5.90598e-06
6.01686e-06
6.12348e-06
6.22603e-06
6.32476e-06
6.41979e-06
6.51142e-06
6.59961e-06
6.68459e-06
6.76645e-06
6.8454e-06
6.92133e-06
6.99457e-06
7.06475e-06
7.13239e-06
7.19683e-06
7.25888e-06
7.31754e-06
7.37417e-06
7.42693e-06
7.47801e-06
7.52441e-06
7.56988e-06
7.60964e-06
7.64927e-06
7.68188e-06
7.71529e-06
7.7403e-06
7.7666e-06
7.78356e-06
7.80209e-06
7.81092e-06
7.81996e-06
7.81909e-06
7.8153e-06
7.80347e-06
7.78833e-06
7.75503e-06
7.72791e-06
7.68854e-06
7.66588e-06
7.62039e-06
7.58871e-06
7.52556e-06
7.46005e-06
7.34216e-06
7.15727e-06
6.81944e-06
6.11315e-06
4.33941e-06
)
;

boundaryField
{
    movingWall
    {
        type            nutkWallFunction;
        Cmu             0.09;
        kappa           0.41;
        E               9.8;
        value           uniform 0;
    }
    fixedWalls
    {
        type            nutkWallFunction;
        Cmu             0.09;
        kappa           0.41;
        E               9.8;
        value           uniform 0;
    }
    frontAndBack
    {
        type            empty;
    }
}


// ************************************************************************* //
