/*--------------------------------*- C++ -*----------------------------------*\
  =========                 |
  \\      /  F ield         | OpenFOAM: The Open Source CFD Toolbox
   \\    /   O peration     | Website:  https://openfoam.org
    \\  /    A nd           | Version:  13
     \\/     M anipulation  |
\*---------------------------------------------------------------------------*/
FoamFile
{
    format      ascii;
    class       volScalarField;
    location    "9.7";
    object      nut;
}
// * * * * * * * * * * * * * * * * * * * * * * * * * * * * * * * * * * * * * //

dimensions      [0 2 -1 0 0 0 0];

internalField   nonuniform List<scalar> 
6400
(
9.99972e-10
5.13444e-09
1.2486e-08
2.01011e-08
2.58152e-08
2.89934e-08
3.0111e-08
3.01706e-08
3.03088e-08
3.13629e-08
3.39971e-08
3.92547e-08
4.76037e-08
5.92285e-08
7.35128e-08
8.96561e-08
1.06818e-07
1.2466e-07
1.42317e-07
1.59377e-07
1.76571e-07
1.95381e-07
2.1778e-07
2.44824e-07
2.75237e-07
3.0571e-07
3.36039e-07
3.66158e-07
3.97058e-07
4.29534e-07
4.63107e-07
4.96684e-07
5.29728e-07
5.62381e-07
5.95413e-07
6.29044e-07
6.63924e-07
7.00274e-07
7.38515e-07
7.78754e-07
8.21283e-07
8.66424e-07
9.14437e-07
9.6581e-07
1.02107e-06
1.08214e-06
1.15276e-06
1.24085e-06
1.32729e-06
1.41604e-06
1.5024e-06
1.58624e-06
1.66462e-06
1.73548e-06
1.79615e-06
1.84318e-06
1.86652e-06
1.87568e-06
1.8696e-06
1.83208e-06
1.76705e-06
1.67504e-06
1.55682e-06
1.41789e-06
1.25999e-06
1.09188e-06
9.21531e-07
7.55231e-07
5.99095e-07
4.60624e-07
3.47567e-07
2.5271e-07
1.7612e-07
1.17687e-07
7.56369e-08
4.69757e-08
2.82776e-08
1.62324e-08
7.66939e-09
1.633e-09
4.82678e-09
3.3796e-07
1.2136e-06
2.04304e-06
2.65434e-06
3.01262e-06
3.17567e-06
3.23129e-06
3.26524e-06
3.34049e-06
3.53428e-06
3.91864e-06
4.46056e-06
5.09077e-06
5.74423e-06
6.35654e-06
6.88104e-06
7.26833e-06
7.50528e-06
7.60958e-06
7.66725e-06
7.74302e-06
7.90573e-06
8.17867e-06
8.4956e-06
8.69859e-06
8.90411e-06
9.14092e-06
9.45689e-06
9.88924e-06
1.0439e-05
1.10442e-05
1.16978e-05
1.23727e-05
1.30855e-05
1.38226e-05
1.45922e-05
1.5389e-05
1.62197e-05
1.70787e-05
1.79602e-05
1.88699e-05
1.98109e-05
2.07989e-05
2.1801e-05
2.27802e-05
2.37134e-05
2.45409e-05
2.54194e-05
2.62974e-05
2.7188e-05
2.80668e-05
2.89218e-05
2.9731e-05
3.04727e-05
3.1203e-05
3.16349e-05
3.19321e-05
3.21082e-05
3.20635e-05
3.16766e-05
3.09939e-05
2.99725e-05
2.86186e-05
2.69258e-05
2.49553e-05
2.2799e-05
2.04762e-05
1.8022e-05
1.53451e-05
1.2438e-05
9.64201e-06
7.17764e-06
5.15204e-06
3.57585e-06
2.43425e-06
1.62898e-06
1.05375e-06
4.76512e-07
8.64234e-09
1.05361e-08
8.69084e-07
3.49908e-06
6.06582e-06
8.02875e-06
9.3026e-06
1.00179e-05
1.0377e-05
1.05947e-05
1.08532e-05
1.12814e-05
1.19623e-05
1.28681e-05
1.38956e-05
1.49124e-05
1.58067e-05
1.65262e-05
1.70446e-05
1.73615e-05
1.74933e-05
1.74638e-05
1.7375e-05
1.73062e-05
1.7296e-05
1.73802e-05
1.76526e-05
1.7978e-05
1.8312e-05
1.86752e-05
1.90622e-05
1.95718e-05
2.02855e-05
2.1286e-05
2.23099e-05
2.34646e-05
2.46755e-05
2.5965e-05
2.72707e-05
2.86357e-05
3.00887e-05
3.14937e-05
3.29464e-05
3.43525e-05
3.56916e-05
3.6969e-05
3.82264e-05
3.94473e-05
4.06747e-05
4.19123e-05
4.31457e-05
4.43707e-05
4.55728e-05
4.67366e-05
4.7841e-05
4.88582e-05
4.97515e-05
5.05504e-05
5.10549e-05
5.12826e-05
5.14312e-05
5.12432e-05
5.0737e-05
4.98465e-05
4.84866e-05
4.65611e-05
4.4107e-05
4.13117e-05
3.81542e-05
3.46502e-05
3.08361e-05
2.6768e-05
2.25865e-05
1.84904e-05
1.46826e-05
1.13322e-05
8.49647e-06
6.24399e-06
4.30205e-06
1.7912e-06
2.31539e-08
1.82724e-08
1.41989e-06
5.46628e-06
9.32126e-06
1.23011e-05
1.43479e-05
1.56186e-05
1.63383e-05
1.67759e-05
1.71501e-05
1.76634e-05
1.84398e-05
1.94557e-05
2.05669e-05
2.16083e-05
2.24618e-05
2.30662e-05
2.34187e-05
2.35503e-05
2.35218e-05
2.34028e-05
2.33037e-05
2.32935e-05
2.34153e-05
2.34823e-05
2.35029e-05
2.35157e-05
2.39416e-05
2.46985e-05
2.57131e-05
2.70048e-05
2.82334e-05
2.9455e-05
3.07542e-05
3.20847e-05
3.33843e-05
3.46963e-05
3.60778e-05
3.73659e-05
3.86568e-05
3.9889e-05
4.11056e-05
4.22694e-05
4.33964e-05
4.4475e-05
4.55302e-05
4.65845e-05
4.76395e-05
4.86914e-05
4.97343e-05
5.07617e-05
5.17629e-05
5.27251e-05
5.36316e-05
5.44626e-05
5.51946e-05
5.58027e-05
5.62577e-05
5.64884e-05
5.65375e-05
5.63659e-05
5.58127e-05
5.50641e-05
5.42491e-05
5.29154e-05
5.09538e-05
4.85411e-05
4.56482e-05
4.23416e-05
3.86668e-05
3.46672e-05
3.04091e-05
2.60016e-05
2.16099e-05
1.74393e-05
1.36545e-05
1.03638e-05
7.26739e-06
3.01341e-06
3.86628e-08
2.92933e-08
2.12915e-06
7.5802e-06
1.25326e-05
1.62275e-05
1.87173e-05
2.02442e-05
2.10964e-05
2.15903e-05
2.20467e-05
2.27211e-05
2.3699e-05
2.48747e-05
2.60462e-05
2.70329e-05
2.77337e-05
2.81288e-05
2.82597e-05
2.81849e-05
2.80269e-05
2.7801e-05
2.76446e-05
2.74993e-05
2.69006e-05
2.68659e-05
2.74208e-05
2.83803e-05
2.95262e-05
3.06907e-05
3.20001e-05
3.32911e-05
3.45328e-05
3.57554e-05
3.69436e-05
3.80369e-05
3.90656e-05
4.01053e-05
4.10504e-05
4.18788e-05
4.26562e-05
4.33504e-05
4.39968e-05
4.46033e-05
4.52059e-05
4.58251e-05
4.64556e-05
4.70838e-05
4.77198e-05
4.83652e-05
4.90232e-05
4.96955e-05
5.03822e-05
5.10815e-05
5.17887e-05
5.24971e-05
5.31942e-05
5.3859e-05
5.44625e-05
5.49724e-05
5.53283e-05
5.54601e-05
5.53265e-05
5.47352e-05
5.36404e-05
5.28457e-05
5.16414e-05
4.98035e-05
4.74718e-05
4.47064e-05
4.15563e-05
3.80565e-05
3.42317e-05
3.01172e-05
2.58038e-05
2.1501e-05
1.73741e-05
1.35002e-05
9.49419e-06
3.87074e-06
4.94748e-08
4.50304e-08
3.084e-06
1.00793e-05
1.60483e-05
2.02486e-05
2.29232e-05
2.44625e-05
2.52786e-05
2.57949e-05
2.6389e-05
2.72723e-05
2.84238e-05
2.9655e-05
3.07436e-05
3.15325e-05
3.19603e-05
3.20462e-05
3.19183e-05
3.15299e-05
3.12295e-05
3.07213e-05
2.98678e-05
2.97381e-05
3.04758e-05
3.14571e-05
3.24849e-05
3.36605e-05
3.48353e-05
3.59705e-05
3.70495e-05
3.80057e-05
3.88793e-05
3.96815e-05
4.03665e-05
4.09285e-05
4.14101e-05
4.18049e-05
4.21962e-05
4.24709e-05
4.2723e-05
4.29376e-05
4.31427e-05
4.33341e-05
4.35128e-05
4.36878e-05
4.38562e-05
4.40268e-05
4.42067e-05
4.4406e-05
4.46345e-05
4.49043e-05
4.52273e-05
4.5616e-05
4.60773e-05
4.66083e-05
4.7219e-05
4.79045e-05
4.86418e-05
4.93944e-05
5.01116e-05
5.08032e-05
5.11913e-05
5.13188e-05
5.10768e-05
5.02541e-05
4.976e-05
4.8535e-05
4.67602e-05
4.44959e-05
4.18265e-05
3.88231e-05
3.55166e-05
3.18879e-05
2.79101e-05
2.37326e-05
1.94924e-05
1.53373e-05
1.08268e-05
4.28931e-06
5.35691e-08
6.68771e-08
4.3283e-06
1.29944e-05
1.98669e-05
2.43792e-05
2.70467e-05
2.8456e-05
2.91765e-05
2.97259e-05
3.04646e-05
3.14965e-05
3.26924e-05
3.38206e-05
3.46777e-05
3.51587e-05
3.52605e-05
3.48332e-05
3.44069e-05
3.39719e-05
3.28043e-05
3.24878e-05
3.30071e-05
3.38843e-05
3.46981e-05
3.5605e-05
3.65195e-05
3.74397e-05
3.82375e-05
3.89271e-05
3.95153e-05
4.00236e-05
4.04574e-05
4.07854e-05
4.10223e-05
4.11842e-05
4.12925e-05
4.13542e-05
4.1385e-05
4.13538e-05
4.13291e-05
4.13069e-05
4.12198e-05
4.11489e-05
4.10417e-05
4.09384e-05
4.08106e-05
4.06792e-05
4.05357e-05
4.03956e-05
4.02628e-05
4.01544e-05
4.00897e-05
4.01009e-05
4.02357e-05
4.04744e-05
4.08511e-05
4.14215e-05
4.21802e-05
4.30842e-05
4.40823e-05
4.5158e-05
4.61724e-05
4.7059e-05
4.74673e-05
4.74948e-05
4.70118e-05
4.67043e-05
4.54781e-05
4.3613e-05
4.12367e-05
3.84927e-05
3.54953e-05
3.22778e-05
2.8747e-05
2.4789e-05
2.06999e-05
1.6268e-05
1.11271e-05
4.28174e-06
5.20888e-08
9.61245e-08
5.8815e-06
1.62539e-05
2.38809e-05
2.85265e-05
3.10567e-05
3.22727e-05
3.28927e-05
3.3474e-05
3.42989e-05
3.53518e-05
3.64296e-05
3.72938e-05
3.77773e-05
3.78377e-05
3.73577e-05
3.69137e-05
3.58891e-05
3.51687e-05
3.51704e-05
3.57535e-05
3.61737e-05
3.68349e-05
3.74609e-05
3.82145e-05
3.88506e-05
3.94121e-05
3.98362e-05
4.01674e-05
4.04063e-05
4.05727e-05
4.06712e-05
4.07084e-05
4.07055e-05
4.06743e-05
4.06261e-05
4.05629e-05
4.04877e-05
4.04003e-05
4.03137e-05
4.01705e-05
4.00719e-05
4e-05
3.97853e-05
3.96457e-05
3.9449e-05
3.9254e-05
3.90338e-05
3.8794e-05
3.85318e-05
3.82455e-05
3.79314e-05
3.75857e-05
3.72006e-05
3.68817e-05
3.66932e-05
3.66954e-05
3.70466e-05
3.77439e-05
3.86475e-05
3.98664e-05
4.11827e-05
4.25741e-05
4.38725e-05
4.45686e-05
4.46787e-05
4.45713e-05
4.44032e-05
4.30091e-05
4.0885e-05
3.82192e-05
3.52279e-05
3.20886e-05
2.88464e-05
2.5271e-05
2.12001e-05
1.67897e-05
1.13123e-05
4.1732e-06
4.84889e-08
1.33673e-07
7.72591e-06
1.97647e-05
2.79355e-05
3.25963e-05
3.49166e-05
3.59196e-05
3.64374e-05
3.70105e-05
3.78178e-05
3.87485e-05
3.95678e-05
4.00664e-05
3.99744e-05
3.95303e-05
3.90553e-05
3.7772e-05
3.73152e-05
3.74146e-05
3.75163e-05
3.78183e-05
3.82705e-05
3.88023e-05
3.92738e-05
3.9729e-05
4.00433e-05
4.02767e-05
4.04085e-05
4.04855e-05
4.05121e-05
4.05124e-05
4.04948e-05
4.04726e-05
4.04547e-05
4.04426e-05
4.0436e-05
4.04322e-05
4.04281e-05
4.0417e-05
4.03799e-05
4.03512e-05
4.03299e-05
4.02394e-05
4.01423e-05
4.00355e-05
3.98879e-05
3.97199e-05
3.95165e-05
3.92835e-05
3.90148e-05
3.87074e-05
3.83549e-05
3.79509e-05
3.74911e-05
3.69663e-05
3.63744e-05
3.57125e-05
3.49976e-05
3.45089e-05
3.46677e-05
3.55066e-05
3.66502e-05
3.81996e-05
3.98348e-05
4.14794e-05
4.24294e-05
4.26111e-05
4.27556e-05
4.26905e-05
4.10317e-05
3.85407e-05
3.54651e-05
3.21051e-05
2.87095e-05
2.52668e-05
2.14116e-05
1.68435e-05
1.10694e-05
3.88965e-06
4.43487e-08
1.79867e-07
9.78086e-06
2.33564e-05
3.19465e-05
3.65297e-05
3.85998e-05
3.93797e-05
3.97708e-05
4.02607e-05
4.09305e-05
4.16091e-05
4.20659e-05
4.18722e-05
4.13691e-05
4.08137e-05
3.97624e-05
3.9257e-05
3.90738e-05
3.88825e-05
3.90695e-05
3.93449e-05
3.96845e-05
4.00011e-05
4.02362e-05
4.04101e-05
4.04855e-05
4.05222e-05
4.05219e-05
4.05241e-05
4.05336e-05
4.05671e-05
4.06246e-05
4.0708e-05
4.08113e-05
4.0927e-05
4.10459e-05
4.11553e-05
4.12652e-05
4.13308e-05
4.13637e-05
4.14215e-05
4.14016e-05
4.1363e-05
4.12901e-05
4.11881e-05
4.10519e-05
4.08896e-05
4.06983e-05
4.0479e-05
4.02289e-05
3.99449e-05
3.96195e-05
3.9241e-05
3.87909e-05
3.82627e-05
3.76362e-05
3.68913e-05
3.60182e-05
3.50575e-05
3.4053e-05
3.30784e-05
3.31944e-05
3.42981e-05
3.57806e-05
3.77108e-05
3.96328e-05
4.08292e-05
4.11034e-05
4.1339e-05
4.12871e-05
3.93043e-05
3.63801e-05
3.28251e-05
2.90207e-05
2.52614e-05
2.13829e-05
1.68092e-05
1.08035e-05
3.61474e-06
4.09308e-08
2.35527e-07
1.18765e-05
2.68884e-05
3.58265e-05
4.02804e-05
4.20782e-05
4.26171e-05
4.28318e-05
4.3145e-05
4.35612e-05
4.3882e-05
4.36038e-05
4.30121e-05
4.23834e-05
4.14965e-05
4.08963e-05
4.03511e-05
4.00916e-05
4.00123e-05
4.01613e-05
4.03167e-05
4.04777e-05
4.05809e-05
4.06259e-05
4.06384e-05
4.06274e-05
4.06398e-05
4.06815e-05
4.0774e-05
4.09117e-05
4.10945e-05
4.13092e-05
4.15453e-05
4.17876e-05
4.2026e-05
4.22827e-05
4.24537e-05
4.25551e-05
4.27524e-05
4.28216e-05
4.28891e-05
4.28917e-05
4.28665e-05
4.27954e-05
4.26868e-05
4.25378e-05
4.23519e-05
4.21287e-05
4.18702e-05
4.15774e-05
4.12519e-05
4.08953e-05
4.05086e-05
4.00923e-05
3.96441e-05
3.91186e-05
3.84848e-05
3.76828e-05
3.6707e-05
3.55427e-05
3.42553e-05
3.29972e-05
3.18751e-05
3.23868e-05
3.39123e-05
3.59486e-05
3.80954e-05
3.95497e-05
3.99123e-05
4.01274e-05
3.99544e-05
3.75934e-05
3.41898e-05
3.01185e-05
2.58144e-05
2.15592e-05
1.68017e-05
1.07862e-05
3.54047e-06
3.96841e-08
3.03253e-07
1.3811e-05
3.02674e-05
3.95164e-05
4.3812e-05
4.532e-05
4.55864e-05
4.5558e-05
4.5598e-05
4.56597e-05
4.52769e-05
4.45772e-05
4.38967e-05
4.30918e-05
4.23848e-05
4.15179e-05
4.10745e-05
4.08458e-05
4.07743e-05
4.08113e-05
4.08233e-05
4.08302e-05
4.08057e-05
4.07833e-05
4.07907e-05
4.08478e-05
4.09777e-05
4.11753e-05
4.14388e-05
4.17498e-05
4.20942e-05
4.24526e-05
4.28186e-05
4.31964e-05
4.3527e-05
4.37382e-05
4.39836e-05
4.42272e-05
4.43978e-05
4.45137e-05
4.4593e-05
4.46189e-05
4.46033e-05
4.45391e-05
4.44305e-05
4.42765e-05
4.4079e-05
4.38386e-05
4.35566e-05
4.32339e-05
4.28715e-05
4.24693e-05
4.20273e-05
4.15447e-05
4.10208e-05
4.04557e-05
3.98495e-05
3.9197e-05
3.84039e-05
3.73933e-05
3.61204e-05
3.4653e-05
3.30913e-05
3.16834e-05
3.10212e-05
3.24409e-05
3.4401e-05
3.68038e-05
3.84373e-05
3.8852e-05
3.89717e-05
3.85011e-05
3.5697e-05
3.17805e-05
2.71758e-05
2.23045e-05
1.71986e-05
1.10266e-05
3.68095e-06
4.10402e-08
3.78444e-07
1.57272e-05
3.34817e-05
4.29823e-05
4.70949e-05
4.82925e-05
4.82436e-05
4.78987e-05
4.75754e-05
4.70159e-05
4.61708e-05
4.54523e-05
4.46147e-05
4.37769e-05
4.26945e-05
4.19683e-05
4.15695e-05
4.13285e-05
4.12011e-05
4.11225e-05
4.10379e-05
4.09813e-05
4.09555e-05
4.10002e-05
4.11308e-05
4.13544e-05
4.16671e-05
4.20494e-05
4.24835e-05
4.29455e-05
4.34177e-05
4.39055e-05
4.4372e-05
4.47796e-05
4.51325e-05
4.54422e-05
4.5734e-05
4.6024e-05
4.62184e-05
4.63726e-05
4.64752e-05
4.65264e-05
4.65271e-05
4.64756e-05
4.63729e-05
4.62188e-05
4.60145e-05
4.57608e-05
4.54591e-05
4.51108e-05
4.47171e-05
4.42787e-05
4.37955e-05
4.32659e-05
4.26872e-05
4.20556e-05
4.13678e-05
4.06236e-05
3.98283e-05
3.89802e-05
3.79399e-05
3.66183e-05
3.50176e-05
3.32517e-05
3.15263e-05
3.01973e-05
3.11358e-05
3.31074e-05
3.56701e-05
3.73917e-05
3.77872e-05
3.77591e-05
3.67572e-05
3.34383e-05
2.90118e-05
2.38002e-05
1.82148e-05
1.18172e-05
4.13503e-06
4.68843e-08
4.58941e-07
1.75871e-05
3.6488e-05
4.61911e-05
5.01029e-05
5.09682e-05
5.05566e-05
4.9822e-05
4.89659e-05
4.79053e-05
4.71396e-05
4.61088e-05
4.51427e-05
4.38872e-05
4.28966e-05
4.2254e-05
4.18543e-05
4.15764e-05
4.13895e-05
4.12512e-05
4.11603e-05
4.11528e-05
4.12403e-05
4.14461e-05
4.17639e-05
4.21812e-05
4.26754e-05
4.32201e-05
4.37929e-05
4.43725e-05
4.49457e-05
4.55073e-05
4.60258e-05
4.64855e-05
4.69076e-05
4.73005e-05
4.76285e-05
4.79171e-05
4.81963e-05
4.83801e-05
4.85174e-05
4.85972e-05
4.86195e-05
4.85834e-05
4.84881e-05
4.83337e-05
4.81206e-05
4.78498e-05
4.75232e-05
4.71429e-05
4.67116e-05
4.62319e-05
4.57059e-05
4.51341e-05
4.45146e-05
4.38425e-05
4.31097e-05
4.23065e-05
4.1426e-05
4.0471e-05
3.94611e-05
3.83377e-05
3.69476e-05
3.52284e-05
3.33038e-05
3.13525e-05
2.97964e-05
3.00463e-05
3.20071e-05
3.46555e-05
3.6335e-05
3.65918e-05
3.64302e-05
3.45428e-05
3.07634e-05
2.56799e-05
1.98006e-05
1.30738e-05
4.99512e-06
6.10795e-08
5.42121e-07
1.93484e-05
3.92461e-05
4.91173e-05
5.28182e-05
5.33361e-05
5.25261e-05
5.13122e-05
4.99518e-05
4.90808e-05
4.76817e-05
4.65784e-05
4.51435e-05
4.39078e-05
4.29971e-05
4.23913e-05
4.19733e-05
4.16707e-05
4.14703e-05
4.13585e-05
4.13574e-05
4.14905e-05
4.17593e-05
4.21614e-05
4.26715e-05
4.32639e-05
4.39093e-05
4.45821e-05
4.52623e-05
4.59331e-05
4.6583e-05
4.72019e-05
4.77779e-05
4.83149e-05
4.88194e-05
4.92635e-05
4.96619e-05
4.9981e-05
5.02742e-05
5.05469e-05
5.07125e-05
5.08271e-05
5.08741e-05
5.0855e-05
5.0768e-05
5.06123e-05
5.0388e-05
5.00958e-05
4.97375e-05
4.9316e-05
4.88352e-05
4.82997e-05
4.77147e-05
4.70847e-05
4.64124e-05
4.5697e-05
4.49324e-05
4.41058e-05
4.31981e-05
4.21889e-05
4.10663e-05
3.98466e-05
3.84998e-05
3.70103e-05
3.52442e-05
3.31924e-05
3.11098e-05
2.93053e-05
2.91284e-05
3.10355e-05
3.37476e-05
3.52143e-05
3.52184e-05
3.48476e-05
3.19852e-05
2.74013e-05
2.15823e-05
1.46275e-05
6.00074e-06
8.40165e-08
6.25584e-07
2.09721e-05
4.17304e-05
5.17508e-05
5.5232e-05
5.54059e-05
5.41117e-05
5.25105e-05
5.13043e-05
4.95247e-05
4.81699e-05
4.65389e-05
4.50512e-05
4.38619e-05
4.3008e-05
4.24169e-05
4.19959e-05
4.17132e-05
4.15693e-05
4.15675e-05
4.17267e-05
4.20484e-05
4.2516e-05
4.31057e-05
4.37832e-05
4.45188e-05
4.52851e-05
4.60608e-05
4.68301e-05
4.75807e-05
4.83041e-05
4.89935e-05
4.96442e-05
5.02552e-05
5.08216e-05
5.1351e-05
5.18241e-05
5.21887e-05
5.25085e-05
5.28324e-05
5.30582e-05
5.32018e-05
5.32771e-05
5.3276e-05
5.31985e-05
5.30426e-05
5.28077e-05
5.2494e-05
5.21026e-05
5.16362e-05
5.10988e-05
5.04962e-05
4.98355e-05
4.91252e-05
4.83735e-05
4.7587e-05
4.67682e-05
4.59118e-05
4.50023e-05
4.40115e-05
4.29019e-05
4.16381e-05
4.02708e-05
3.86726e-05
3.6853e-05
3.50143e-05
3.2916e-05
3.0735e-05
2.87313e-05
2.83403e-05
3.01758e-05
3.27992e-05
3.41162e-05
3.35442e-05
3.24486e-05
2.8614e-05
2.31639e-05
1.62273e-05
7.04142e-06
1.13665e-07
7.07613e-07
2.24125e-05
4.3939e-05
5.41276e-05
5.73134e-05
5.69696e-05
5.54214e-05
5.37578e-05
5.17185e-05
5.00069e-05
4.81538e-05
4.63943e-05
4.49042e-05
4.37667e-05
4.29544e-05
4.2385e-05
4.20015e-05
4.17972e-05
4.17766e-05
4.19422e-05
4.22943e-05
4.28117e-05
4.34631e-05
4.42142e-05
4.503e-05
4.58833e-05
4.67517e-05
4.7619e-05
4.84732e-05
4.93056e-05
5.01096e-05
5.08799e-05
5.1612e-05
5.23016e-05
5.29434e-05
5.35325e-05
5.40828e-05
5.45377e-05
5.48723e-05
5.52199e-05
5.55223e-05
5.56891e-05
5.57932e-05
5.58099e-05
5.57432e-05
5.55895e-05
5.53478e-05
5.50173e-05
5.45982e-05
5.40918e-05
5.35012e-05
5.28316e-05
5.20904e-05
5.12874e-05
5.04345e-05
4.95447e-05
4.86295e-05
4.76962e-05
4.67428e-05
4.57525e-05
4.46896e-05
4.34979e-05
4.21117e-05
4.06157e-05
3.88072e-05
3.65586e-05
3.45636e-05
3.24813e-05
3.01768e-05
2.79957e-05
2.77062e-05
2.94458e-05
3.16141e-05
3.24467e-05
3.17223e-05
2.91985e-05
2.43404e-05
1.76626e-05
7.98407e-06
1.48174e-07
7.86462e-07
2.37019e-05
4.58696e-05
5.60806e-05
5.88949e-05
5.8412e-05
5.68704e-05
5.46399e-05
5.21799e-05
5.00733e-05
4.80157e-05
4.61917e-05
4.47277e-05
4.36417e-05
4.28731e-05
4.23546e-05
4.20589e-05
4.19867e-05
4.21348e-05
4.24923e-05
4.30378e-05
4.37345e-05
4.45442e-05
4.54308e-05
4.63638e-05
4.73207e-05
4.8284e-05
4.92417e-05
5.01844e-05
5.11048e-05
5.19966e-05
5.28536e-05
5.36699e-05
5.44393e-05
5.51551e-05
5.58114e-05
5.64273e-05
5.69645e-05
5.73143e-05
5.76807e-05
5.80507e-05
5.82383e-05
5.83664e-05
5.83992e-05
5.83431e-05
5.81939e-05
5.79501e-05
5.76101e-05
5.71729e-05
5.66384e-05
5.60077e-05
5.5284e-05
5.4473e-05
5.35833e-05
5.26273e-05
5.16207e-05
5.05815e-05
4.95274e-05
4.84722e-05
4.74187e-05
4.63512e-05
4.52272e-05
4.39713e-05
4.24799e-05
4.0874e-05
3.87197e-05
3.61888e-05
3.398e-05
3.18691e-05
2.937e-05
2.70189e-05
2.71358e-05
2.90226e-05
3.04066e-05
3.04276e-05
2.92672e-05
2.50799e-05
1.87871e-05
8.75124e-06
1.85898e-07
8.5913e-07
2.48007e-05
4.74243e-05
5.75925e-05
6.0179e-05
5.98659e-05
5.77494e-05
5.49817e-05
5.24846e-05
5.00025e-05
4.78061e-05
4.59625e-05
4.45408e-05
4.35108e-05
4.28046e-05
4.23766e-05
4.22139e-05
4.23098e-05
4.26456e-05
4.31934e-05
4.39154e-05
4.47683e-05
4.57132e-05
4.67176e-05
4.77565e-05
4.88119e-05
4.98705e-05
5.09222e-05
5.19586e-05
5.29722e-05
5.39553e-05
5.49003e-05
5.57996e-05
5.66457e-05
5.74315e-05
5.8151e-05
5.88145e-05
5.94078e-05
5.97978e-05
6.01634e-05
6.05807e-05
6.07881e-05
6.09315e-05
6.09761e-05
6.0928e-05
6.07835e-05
6.05411e-05
6.01986e-05
5.9754e-05
5.92059e-05
5.85531e-05
5.77961e-05
5.69375e-05
5.59828e-05
5.49417e-05
5.38287e-05
5.26631e-05
5.14686e-05
5.027e-05
4.90883e-05
4.7933e-05
4.67909e-05
4.56151e-05
4.4313e-05
4.27442e-05
4.09114e-05
3.83563e-05
3.56415e-05
3.32747e-05
3.10591e-05
2.82152e-05
2.58998e-05
2.64575e-05
2.84027e-05
2.94163e-05
2.82823e-05
2.53331e-05
1.95578e-05
9.33586e-06
2.25682e-07
9.23051e-07
2.56829e-05
4.86013e-05
5.87419e-05
6.14351e-05
6.09361e-05
5.85107e-05
5.54413e-05
5.25146e-05
4.98409e-05
4.75602e-05
4.57282e-05
4.43609e-05
4.33997e-05
4.27839e-05
4.24839e-05
4.24849e-05
4.2764e-05
4.32859e-05
4.40085e-05
4.48858e-05
4.58744e-05
4.69387e-05
4.80513e-05
4.91921e-05
5.03466e-05
5.15034e-05
5.26531e-05
5.37864e-05
5.48942e-05
5.59673e-05
5.69962e-05
5.79719e-05
5.88859e-05
5.97309e-05
6.05005e-05
6.11911e-05
6.18243e-05
6.22674e-05
6.26236e-05
6.30465e-05
6.32787e-05
6.34256e-05
6.34752e-05
6.343e-05
6.32879e-05
6.30475e-05
6.2707e-05
6.22637e-05
6.1715e-05
6.10581e-05
6.02906e-05
5.94114e-05
5.8422e-05
5.73272e-05
5.61372e-05
5.48682e-05
5.35439e-05
5.21937e-05
5.08503e-05
4.95429e-05
4.8287e-05
4.70713e-05
4.58415e-05
4.44835e-05
4.28112e-05
4.06419e-05
3.77817e-05
3.491e-05
3.246e-05
3.00211e-05
2.69209e-05
2.50498e-05
2.58414e-05
2.70338e-05
2.7141e-05
2.52668e-05
1.99769e-05
9.71355e-06
2.67168e-07
9.76804e-07
2.6354e-05
4.94481e-05
5.96454e-05
6.23792e-05
6.17036e-05
5.88461e-05
5.56233e-05
5.24425e-05
4.96248e-05
4.73022e-05
4.55044e-05
4.42042e-05
4.33308e-05
4.28346e-05
4.26895e-05
4.28681e-05
4.33291e-05
4.40237e-05
4.49019e-05
4.59159e-05
4.70257e-05
4.82005e-05
4.94175e-05
5.06603e-05
5.19159e-05
5.31734e-05
5.44222e-05
5.56515e-05
5.68501e-05
5.80068e-05
5.91107e-05
6.01515e-05
6.11204e-05
6.20098e-05
6.28134e-05
6.35258e-05
6.41791e-05
6.4671e-05
6.50011e-05
6.5409e-05
6.56582e-05
6.57978e-05
6.58433e-05
6.57936e-05
6.56488e-05
6.54083e-05
6.50705e-05
6.46332e-05
6.40932e-05
6.34463e-05
6.26882e-05
6.18143e-05
6.08216e-05
5.97094e-05
5.84815e-05
5.7148e-05
5.57274e-05
5.42478e-05
5.27459e-05
5.12633e-05
4.98384e-05
4.84936e-05
4.72186e-05
4.5951e-05
4.45522e-05
4.26984e-05
3.999e-05
3.69677e-05
3.40128e-05
3.1473e-05
2.86299e-05
2.52324e-05
2.43598e-05
2.54517e-05
2.6169e-05
2.46561e-05
2.00453e-05
9.88427e-06
3.10192e-07
1.01961e-06
2.68159e-05
5.00204e-05
6.02651e-05
6.31019e-05
6.22898e-05
5.92893e-05
5.56967e-05
5.23016e-05
4.93812e-05
4.70488e-05
4.53028e-05
4.40842e-05
4.33198e-05
4.29662e-05
4.29903e-05
4.33464e-05
4.39781e-05
4.48284e-05
4.58448e-05
4.69818e-05
4.82039e-05
4.94849e-05
5.08055e-05
5.2151e-05
5.35088e-05
5.48667e-05
5.62123e-05
5.75324e-05
5.8814e-05
6.00442e-05
6.1211e-05
6.23038e-05
6.33136e-05
6.42335e-05
6.50582e-05
6.5784e-05
6.64344e-05
6.69605e-05
6.72687e-05
6.76346e-05
6.78907e-05
6.80129e-05
6.80439e-05
6.79811e-05
6.78264e-05
6.75803e-05
6.72425e-05
6.68115e-05
6.62842e-05
6.56563e-05
6.49217e-05
6.40737e-05
6.3105e-05
6.20097e-05
6.07843e-05
5.94311e-05
5.79602e-05
5.63927e-05
5.47623e-05
5.31141e-05
5.15e-05
4.99673e-05
4.85432e-05
4.72149e-05
4.59115e-05
4.44866e-05
4.22192e-05
3.90547e-05
3.59696e-05
3.29135e-05
3.02283e-05
2.67272e-05
2.36599e-05
2.34886e-05
2.38866e-05
2.36079e-05
1.99253e-05
1.00192e-05
3.56989e-07
1.05136e-06
2.70869e-05
5.03488e-05
6.06293e-05
6.36455e-05
6.25678e-05
5.94647e-05
5.5675e-05
5.21164e-05
4.91289e-05
4.68115e-05
4.51323e-05
4.40105e-05
4.33736e-05
4.31769e-05
4.33724e-05
4.38972e-05
4.46846e-05
4.56747e-05
4.68158e-05
4.80665e-05
4.93957e-05
5.07808e-05
5.22046e-05
5.36526e-05
5.5111e-05
5.65657e-05
5.80018e-05
5.94043e-05
6.07584e-05
6.20501e-05
6.3267e-05
6.43986e-05
6.54366e-05
6.63748e-05
6.72093e-05
6.7938e-05
6.856e-05
6.90958e-05
6.94093e-05
6.97047e-05
6.99565e-05
7.00521e-05
7.00583e-05
6.99729e-05
6.97995e-05
6.95403e-05
6.91966e-05
6.87681e-05
6.82528e-05
6.76466e-05
6.69432e-05
6.61342e-05
6.52096e-05
6.41588e-05
6.29718e-05
6.16424e-05
6.01706e-05
5.85671e-05
5.68566e-05
5.50804e-05
5.32945e-05
5.15629e-05
4.99411e-05
4.84543e-05
4.70693e-05
4.56679e-05
4.40215e-05
4.12856e-05
3.80019e-05
3.47876e-05
3.14948e-05
2.84595e-05
2.4486e-05
2.26624e-05
2.27806e-05
2.28527e-05
1.98027e-05
1.03547e-05
4.16515e-07
1.07255e-06
2.71918e-05
5.04217e-05
6.07031e-05
6.3837e-05
6.28879e-05
5.95471e-05
5.55873e-05
5.19064e-05
4.8881e-05
4.6598e-05
4.49987e-05
4.39876e-05
4.34914e-05
4.34567e-05
4.38178e-05
4.44983e-05
4.54267e-05
4.6543e-05
4.77989e-05
4.9157e-05
5.05901e-05
5.20777e-05
5.36031e-05
5.51509e-05
5.67053e-05
5.825e-05
5.97679e-05
6.12422e-05
6.2657e-05
6.3998e-05
6.52528e-05
6.64113e-05
6.74657e-05
6.84108e-05
6.92429e-05
6.99598e-05
7.05593e-05
7.1084e-05
7.14018e-05
7.16155e-05
7.18503e-05
7.1911e-05
7.18827e-05
7.17654e-05
7.1564e-05
7.12828e-05
7.0925e-05
7.04921e-05
6.99835e-05
6.93965e-05
6.87253e-05
6.79611e-05
6.70923e-05
6.61049e-05
6.49837e-05
6.37145e-05
6.22872e-05
6.07002e-05
5.89654e-05
5.71132e-05
5.51952e-05
5.3282e-05
5.14526e-05
4.97748e-05
4.82772e-05
4.69203e-05
4.55694e-05
4.32891e-05
3.99835e-05
3.67819e-05
3.33729e-05
2.97996e-05
2.60831e-05
2.22821e-05
2.1478e-05
2.13378e-05
1.95273e-05
1.09789e-05
4.97037e-07
1.08335e-06
2.71258e-05
5.02327e-05
6.06462e-05
6.39986e-05
6.29606e-05
5.95343e-05
5.54528e-05
5.16859e-05
4.86468e-05
4.64131e-05
4.49048e-05
4.40153e-05
4.36668e-05
4.37917e-05
4.4308e-05
4.51305e-05
4.61865e-05
4.74186e-05
4.87818e-05
5.02427e-05
5.17765e-05
5.33638e-05
5.49872e-05
5.66296e-05
5.8273e-05
5.98987e-05
6.1488e-05
6.30229e-05
6.44871e-05
6.58661e-05
6.71481e-05
6.83236e-05
6.93855e-05
7.03294e-05
7.11524e-05
7.18535e-05
7.24333e-05
7.29168e-05
7.32231e-05
7.33805e-05
7.35777e-05
7.35963e-05
7.35252e-05
7.33671e-05
7.31287e-05
7.28162e-05
7.24349e-05
7.19884e-05
7.14784e-05
7.09038e-05
7.02602e-05
6.95396e-05
6.87301e-05
6.78158e-05
6.67778e-05
6.55957e-05
6.425e-05
6.27267e-05
6.10232e-05
5.91541e-05
5.71584e-05
5.51014e-05
5.30697e-05
5.11543e-05
4.94216e-05
4.7878e-05
4.64367e-05
4.48931e-05
4.19883e-05
3.85355e-05
3.51479e-05
3.1501e-05
2.77343e-05
2.31414e-05
2.09563e-05
1.98246e-05
1.90106e-05
1.16699e-05
5.98665e-07
1.08287e-06
2.69577e-05
4.99819e-05
6.04447e-05
6.40315e-05
6.29288e-05
5.94485e-05
5.5287e-05
5.14658e-05
4.84323e-05
4.62596e-05
4.48508e-05
4.40899e-05
4.38899e-05
4.41672e-05
4.48263e-05
4.57778e-05
4.69504e-05
4.82895e-05
4.97538e-05
5.1313e-05
5.29437e-05
5.46263e-05
5.63421e-05
5.80717e-05
5.97951e-05
6.14917e-05
6.31416e-05
6.47264e-05
6.62296e-05
6.76373e-05
6.89382e-05
7.01235e-05
7.1187e-05
7.21247e-05
7.29348e-05
7.36169e-05
7.41723e-05
7.46043e-05
7.48788e-05
7.50065e-05
7.51507e-05
7.51216e-05
7.50009e-05
7.47946e-05
7.45109e-05
7.41581e-05
7.37436e-05
7.32735e-05
7.27518e-05
7.21799e-05
7.15553e-05
7.08718e-05
7.01183e-05
6.92785e-05
6.83315e-05
6.72525e-05
6.60146e-05
6.45928e-05
6.29695e-05
6.11422e-05
5.9132e-05
5.69914e-05
5.48058e-05
5.26845e-05
5.07351e-05
4.90251e-05
4.75403e-05
4.61578e-05
4.38606e-05
4.03361e-05
3.70452e-05
3.30694e-05
2.89815e-05
2.46301e-05
2.08088e-05
1.93048e-05
1.85902e-05
1.22889e-05
7.17297e-07
1.07735e-06
2.66903e-05
4.95704e-05
6.00533e-05
6.38386e-05
6.27898e-05
5.93037e-05
5.5102e-05
5.1254e-05
4.82413e-05
4.6138e-05
4.48345e-05
4.42049e-05
4.41496e-05
4.45693e-05
4.53589e-05
4.64277e-05
4.7707e-05
4.91456e-05
5.07053e-05
5.23578e-05
5.40801e-05
5.58518e-05
5.76523e-05
5.94602e-05
6.12536e-05
6.30108e-05
6.47111e-05
6.63362e-05
6.78699e-05
6.92989e-05
7.06128e-05
7.18033e-05
7.28649e-05
7.37938e-05
7.45883e-05
7.52477e-05
7.57727e-05
7.6164e-05
7.6399e-05
7.65064e-05
7.65811e-05
7.65035e-05
7.63283e-05
7.60678e-05
7.57319e-05
7.53307e-05
7.48739e-05
7.43702e-05
7.38261e-05
7.32456e-05
7.26291e-05
7.19724e-05
7.12663e-05
7.04956e-05
6.96391e-05
6.86693e-05
6.75543e-05
6.626e-05
6.47556e-05
6.30206e-05
6.10554e-05
5.88916e-05
5.66008e-05
5.42924e-05
5.20958e-05
5.01213e-05
4.84077e-05
4.68723e-05
4.52804e-05
4.21833e-05
3.86359e-05
3.49734e-05
3.07237e-05
2.61379e-05
2.09675e-05
1.8778e-05
1.76212e-05
1.29376e-05
8.41463e-07
1.06493e-06
2.63675e-05
4.88961e-05
5.95293e-05
6.3513e-05
6.25597e-05
5.91122e-05
5.49067e-05
5.10557e-05
4.80761e-05
4.60476e-05
4.48523e-05
4.43527e-05
4.44351e-05
4.49858e-05
4.5894e-05
4.70696e-05
4.84469e-05
4.99778e-05
5.16268e-05
5.33664e-05
5.51737e-05
5.70266e-05
5.89029e-05
6.07793e-05
6.26326e-05
6.44403e-05
6.61818e-05
6.78391e-05
6.93966e-05
7.08419e-05
7.21649e-05
7.33583e-05
7.44165e-05
7.53359e-05
7.61144e-05
7.67512e-05
7.72469e-05
7.76033e-05
7.77984e-05
7.78761e-05
7.78882e-05
7.77586e-05
7.75255e-05
7.72067e-05
7.68131e-05
7.63569e-05
7.58501e-05
7.53036e-05
7.47268e-05
7.41265e-05
7.35058e-05
7.28637e-05
7.21933e-05
7.14817e-05
7.07085e-05
6.98458e-05
6.88586e-05
6.77066e-05
6.63479e-05
6.47461e-05
6.28801e-05
6.07579e-05
5.84297e-05
5.59957e-05
5.35981e-05
5.13901e-05
4.94822e-05
4.78814e-05
4.64437e-05
4.3816e-05
4.01264e-05
3.68916e-05
3.21155e-05
2.73892e-05
2.22033e-05
1.85841e-05
1.64523e-05
1.34478e-05
9.43142e-07
1.04548e-06
2.59537e-05
4.81505e-05
5.89149e-05
6.30655e-05
6.22513e-05
5.88838e-05
5.47081e-05
5.0875e-05
4.79375e-05
4.59868e-05
4.48992e-05
4.45254e-05
4.47363e-05
4.54066e-05
4.64221e-05
4.76947e-05
4.91617e-05
5.07777e-05
5.25089e-05
5.43284e-05
5.62125e-05
5.81377e-05
6.008e-05
6.20148e-05
6.3918e-05
6.57671e-05
6.75419e-05
6.92248e-05
7.08011e-05
7.22592e-05
7.35896e-05
7.47851e-05
7.58402e-05
7.67512e-05
7.75156e-05
7.81324e-05
7.86025e-05
7.89288e-05
7.90822e-05
7.91124e-05
7.90853e-05
7.89e-05
7.86074e-05
7.82277e-05
7.77731e-05
7.72572e-05
7.66941e-05
7.60973e-05
7.54788e-05
7.48482e-05
7.42118e-05
7.35715e-05
7.29238e-05
7.22584e-05
7.1557e-05
7.07931e-05
6.99305e-05
6.89253e-05
6.77276e-05
6.62872e-05
6.45635e-05
6.25385e-05
6.02345e-05
5.77293e-05
5.51588e-05
5.26963e-05
5.05007e-05
4.86458e-05
4.70665e-05
4.51655e-05
4.1575e-05
3.84058e-05
3.39985e-05
2.89605e-05
2.3595e-05
1.90497e-05
1.57527e-05
1.36503e-05
9.90534e-07
1.02002e-06
2.54309e-05
4.72902e-05
5.82036e-05
6.25189e-05
6.18768e-05
5.86265e-05
5.45111e-05
5.0714e-05
4.78254e-05
4.5953e-05
4.49702e-05
4.47153e-05
4.50444e-05
4.58229e-05
4.69351e-05
4.82953e-05
4.98436e-05
5.15369e-05
5.33425e-05
5.52336e-05
5.71854e-05
5.91731e-05
6.11711e-05
6.31543e-05
6.50982e-05
6.69805e-05
6.87817e-05
7.0485e-05
7.20766e-05
7.35454e-05
7.48824e-05
7.60805e-05
7.71341e-05
7.80389e-05
7.87918e-05
7.93914e-05
7.98378e-05
8.01329e-05
8.02636e-05
8.02384e-05
8.01742e-05
7.99351e-05
7.95838e-05
7.91426e-05
7.86252e-05
7.80467e-05
7.74233e-05
7.67707e-05
7.61034e-05
7.54339e-05
7.47716e-05
7.41215e-05
7.34834e-05
7.28505e-05
7.22075e-05
7.153e-05
7.07829e-05
6.99209e-05
6.8889e-05
6.7627e-05
6.60771e-05
6.41972e-05
6.19797e-05
5.9473e-05
5.67962e-05
5.41319e-05
5.16827e-05
4.95912e-05
4.78546e-05
4.62767e-05
4.31567e-05
3.97426e-05
3.59815e-05
3.01924e-05
2.472e-05
1.89948e-05
1.58757e-05
1.3638e-05
9.98951e-07
9.89997e-07
2.48716e-05
4.63409e-05
5.74017e-05
6.18896e-05
6.14471e-05
5.83468e-05
5.43194e-05
5.05743e-05
4.77392e-05
4.59434e-05
4.506e-05
4.49154e-05
4.53517e-05
4.62272e-05
4.74259e-05
4.88645e-05
5.04856e-05
5.22477e-05
5.41191e-05
5.60725e-05
5.80821e-05
6.0122e-05
6.21657e-05
6.41876e-05
6.61635e-05
6.80717e-05
6.98934e-05
7.16129e-05
7.3217e-05
7.46953e-05
7.6039e-05
7.72408e-05
7.82947e-05
7.91959e-05
7.99405e-05
8.05264e-05
8.09528e-05
8.1221e-05
8.13351e-05
8.12561e-05
8.11541e-05
8.08664e-05
8.04584e-05
7.99568e-05
7.93767e-05
7.8735e-05
7.80494e-05
7.73378e-05
7.6617e-05
7.59023e-05
7.52059e-05
7.45361e-05
7.38962e-05
7.32827e-05
7.26841e-05
7.2079e-05
7.14349e-05
7.07067e-05
6.98375e-05
6.87601e-05
6.74035e-05
6.57038e-05
6.36234e-05
6.11758e-05
5.845e-05
5.56197e-05
5.29145e-05
5.05449e-05
4.86005e-05
4.69839e-05
4.44339e-05
4.07652e-05
3.76556e-05
3.1785e-05
2.59609e-05
1.96717e-05
1.56504e-05
1.33876e-05
9.78946e-07
9.56599e-07
2.42948e-05
4.5323e-05
5.652e-05
6.11905e-05
6.09713e-05
5.80501e-05
5.41355e-05
5.04563e-05
4.76777e-05
4.59546e-05
4.51635e-05
4.51192e-05
4.56515e-05
4.66131e-05
4.78883e-05
4.93961e-05
5.1081e-05
5.2903e-05
5.48308e-05
5.68366e-05
5.88937e-05
6.09754e-05
6.30549e-05
6.51064e-05
6.71062e-05
6.90336e-05
7.08707e-05
7.26026e-05
7.4217e-05
7.57038e-05
7.70542e-05
7.82608e-05
7.9317e-05
8.02171e-05
8.09567e-05
8.15327e-05
8.19443e-05
8.21934e-05
8.22863e-05
8.21621e-05
8.2013e-05
8.16928e-05
8.12293e-05
8.06696e-05
8.00289e-05
7.93252e-05
7.85777e-05
7.78062e-05
7.70299e-05
7.62662e-05
7.55302e-05
7.48335e-05
7.41824e-05
7.35772e-05
7.30101e-05
7.24635e-05
7.1908e-05
7.1301e-05
7.05855e-05
6.96909e-05
6.85366e-05
6.70412e-05
6.51395e-05
6.28087e-05
6.01002e-05
5.71637e-05
5.4238e-05
5.15844e-05
4.93677e-05
4.75426e-05
4.55155e-05
4.17487e-05
3.90424e-05
3.36983e-05
2.7171e-05
2.07824e-05
1.55268e-05
1.32157e-05
9.44098e-07
9.20996e-07
2.36938e-05
4.42482e-05
5.55691e-05
6.04324e-05
6.04569e-05
5.77405e-05
5.3961e-05
5.036e-05
4.76396e-05
4.59838e-05
4.52759e-05
4.53211e-05
4.59381e-05
4.6975e-05
4.83169e-05
4.98844e-05
5.16239e-05
5.34963e-05
5.54705e-05
5.75184e-05
5.96127e-05
6.1726e-05
6.38315e-05
6.59039e-05
6.79201e-05
6.98605e-05
7.1708e-05
7.34489e-05
7.50713e-05
7.65654e-05
7.79223e-05
7.91343e-05
8.01941e-05
8.10953e-05
8.18325e-05
8.24022e-05
8.28033e-05
8.30379e-05
8.31116e-05
8.29451e-05
8.27371e-05
8.24045e-05
8.18889e-05
8.1275e-05
8.05774e-05
7.98148e-05
7.90079e-05
7.81781e-05
7.73465e-05
7.65328e-05
7.57547e-05
7.50263e-05
7.43575e-05
7.37519e-05
7.32056e-05
7.27048e-05
7.22242e-05
7.17244e-05
7.11504e-05
7.04307e-05
6.94791e-05
6.82011e-05
6.65077e-05
6.43412e-05
6.17106e-05
5.87288e-05
5.5626e-05
5.27044e-05
5.02195e-05
4.82276e-05
4.64814e-05
4.29837e-05
4.00651e-05
3.55521e-05
2.83572e-05
2.18858e-05
1.56737e-05
1.30631e-05
9.03117e-07
8.83103e-07
2.30894e-05
4.31306e-05
5.45599e-05
5.96242e-05
5.99102e-05
5.74211e-05
5.37969e-05
5.02848e-05
4.76228e-05
4.60278e-05
4.53929e-05
4.55162e-05
4.62065e-05
4.73082e-05
4.87067e-05
5.03245e-05
5.21091e-05
5.40221e-05
5.60325e-05
5.81121e-05
6.02331e-05
6.2368e-05
6.44902e-05
6.6575e-05
6.86005e-05
7.05477e-05
7.2401e-05
7.4147e-05
7.57747e-05
7.72742e-05
7.86367e-05
7.98538e-05
8.09176e-05
8.18209e-05
8.25575e-05
8.31233e-05
8.35165e-05
8.37381e-05
8.3792e-05
8.35954e-05
8.33293e-05
8.2985e-05
8.24252e-05
8.17628e-05
8.10134e-05
8.01969e-05
7.93351e-05
7.84508e-05
7.75667e-05
7.67046e-05
7.58843e-05
7.51226e-05
7.44323e-05
7.38204e-05
7.32867e-05
7.28214e-05
7.24034e-05
7.19972e-05
7.1551e-05
7.09948e-05
7.02401e-05
6.91834e-05
6.77172e-05
6.57521e-05
6.32535e-05
6.02886e-05
5.70597e-05
5.3886e-05
5.1096e-05
4.88596e-05
4.70593e-05
4.41312e-05
4.08561e-05
3.71786e-05
2.96523e-05
2.28254e-05
1.59657e-05
1.29674e-05
8.60377e-07
8.45608e-07
2.24598e-05
4.1972e-05
5.34991e-05
5.8773e-05
5.93361e-05
5.70944e-05
5.36432e-05
5.02301e-05
4.76265e-05
4.60844e-05
4.55113e-05
4.57004e-05
4.64524e-05
4.76083e-05
4.90537e-05
5.07122e-05
5.2532e-05
5.44756e-05
5.6512e-05
5.86129e-05
6.07504e-05
6.28972e-05
6.50271e-05
6.71163e-05
6.91438e-05
7.10919e-05
7.29457e-05
7.46927e-05
7.63222e-05
7.78245e-05
7.91905e-05
8.04112e-05
8.14782e-05
8.23834e-05
8.31198e-05
8.36824e-05
8.40685e-05
8.42778e-05
8.43123e-05
8.40998e-05
8.37791e-05
8.34201e-05
8.28239e-05
8.212e-05
8.13257e-05
8.04618e-05
7.95514e-05
7.86184e-05
7.76868e-05
7.67801e-05
7.59201e-05
7.5126e-05
7.44132e-05
7.37919e-05
7.32654e-05
7.2828e-05
7.24625e-05
7.21379e-05
7.18063e-05
7.14007e-05
7.08329e-05
6.99946e-05
6.87648e-05
6.70276e-05
6.47069e-05
6.18187e-05
5.85237e-05
5.51384e-05
5.20491e-05
4.95242e-05
4.75421e-05
4.51027e-05
4.15407e-05
3.84472e-05
3.1348e-05
2.38542e-05
1.64401e-05
1.28892e-05
8.18479e-07
8.04241e-07
2.18811e-05
4.07979e-05
5.23976e-05
5.78851e-05
5.87383e-05
5.67614e-05
5.34992e-05
5.01943e-05
4.76479e-05
4.61499e-05
4.56266e-05
4.58696e-05
4.66721e-05
4.78718e-05
4.93544e-05
5.10438e-05
5.28892e-05
5.48534e-05
5.69057e-05
5.90177e-05
6.11617e-05
6.33109e-05
6.54398e-05
6.75255e-05
6.9548e-05
7.14907e-05
7.33395e-05
7.50826e-05
7.67096e-05
7.82108e-05
7.95769e-05
8.07986e-05
8.18665e-05
8.27718e-05
8.3507e-05
8.40659e-05
8.44449e-05
8.46427e-05
8.46605e-05
8.44398e-05
8.4072e-05
8.36956e-05
8.30707e-05
8.2333e-05
8.15017e-05
8.05986e-05
7.96474e-05
7.86731e-05
7.7701e-05
7.67557e-05
7.58607e-05
7.50373e-05
7.43034e-05
7.36722e-05
7.31503e-05
7.27357e-05
7.24152e-05
7.21624e-05
7.19336e-05
7.16657e-05
7.12728e-05
7.06453e-05
6.96534e-05
6.81604e-05
6.60531e-05
6.3295e-05
5.99929e-05
5.644e-05
5.30636e-05
5.02324e-05
4.79931e-05
4.59077e-05
4.22307e-05
3.95262e-05
3.30237e-05
2.47121e-05
1.70646e-05
1.28111e-05
7.78361e-07
7.7206e-07
2.12052e-05
3.95941e-05
5.12591e-05
5.6965e-05
5.81196e-05
5.64228e-05
5.33651e-05
5.01781e-05
4.76888e-05
4.62257e-05
4.57393e-05
4.60224e-05
4.68631e-05
4.8096e-05
4.96058e-05
5.13167e-05
5.3178e-05
5.5153e-05
5.72112e-05
5.93244e-05
6.14654e-05
6.36079e-05
6.57273e-05
6.78017e-05
6.98122e-05
7.17429e-05
7.35806e-05
7.53142e-05
7.69334e-05
7.84287e-05
7.97904e-05
8.10087e-05
8.20739e-05
8.29765e-05
8.37079e-05
8.42614e-05
8.46326e-05
8.48195e-05
8.48231e-05
8.45999e-05
8.41947e-05
8.37985e-05
8.31524e-05
8.23893e-05
8.15298e-05
8.05964e-05
7.96137e-05
7.86071e-05
7.76027e-05
7.66264e-05
7.5703e-05
7.48555e-05
7.41042e-05
7.34647e-05
7.2947e-05
7.25525e-05
7.22723e-05
7.20838e-05
7.19481e-05
7.18062e-05
7.15758e-05
7.11486e-05
7.03903e-05
6.91493e-05
6.72811e-05
6.46989e-05
6.14486e-05
5.77805e-05
5.41419e-05
5.1011e-05
4.85979e-05
4.65648e-05
4.30129e-05
4.03277e-05
3.46491e-05
2.57103e-05
1.77943e-05
1.27218e-05
7.42793e-07
7.43936e-07
2.04724e-05
3.83598e-05
5.00867e-05
5.60157e-05
5.74813e-05
5.60781e-05
5.32392e-05
5.01774e-05
4.77407e-05
4.63022e-05
4.58402e-05
4.61529e-05
4.70221e-05
4.82784e-05
4.9806e-05
5.15289e-05
5.33968e-05
5.53731e-05
5.74275e-05
5.95325e-05
6.16613e-05
6.37884e-05
6.58902e-05
6.79455e-05
6.99366e-05
7.18485e-05
7.36687e-05
7.53864e-05
7.69917e-05
7.84751e-05
7.98267e-05
8.10365e-05
8.2094e-05
8.29894e-05
8.37136e-05
8.42592e-05
8.46212e-05
8.47972e-05
8.47882e-05
8.45665e-05
8.41385e-05
8.37176e-05
8.30582e-05
8.22784e-05
8.14001e-05
8.04464e-05
7.94421e-05
7.84131e-05
7.73863e-05
7.6388e-05
7.54442e-05
7.45793e-05
7.38156e-05
7.31713e-05
7.26593e-05
7.22845e-05
7.20417e-05
7.19126e-05
7.18624e-05
7.18367e-05
7.17574e-05
7.15189e-05
7.09859e-05
6.99976e-05
6.83849e-05
6.60152e-05
6.28704e-05
5.91411e-05
5.52639e-05
5.17948e-05
4.91062e-05
4.70888e-05
4.37861e-05
4.0947e-05
3.59263e-05
2.68643e-05
1.8526e-05
1.26225e-05
7.12313e-07
7.17263e-07
1.96828e-05
3.70859e-05
4.88797e-05
5.50397e-05
5.68248e-05
5.57276e-05
5.31214e-05
5.01968e-05
4.78209e-05
4.63986e-05
4.59454e-05
4.62675e-05
4.71491e-05
4.84178e-05
4.99535e-05
5.16794e-05
5.35447e-05
5.55131e-05
5.75548e-05
5.96426e-05
6.17505e-05
6.38539e-05
6.593e-05
6.79588e-05
6.99233e-05
7.18093e-05
7.3605e-05
7.52999e-05
7.68845e-05
7.83491e-05
7.9684e-05
8.08788e-05
8.19228e-05
8.28058e-05
8.35183e-05
8.40527e-05
8.44035e-05
8.45683e-05
8.45475e-05
8.43298e-05
8.38953e-05
8.3445e-05
8.27813e-05
8.19934e-05
8.1106e-05
8.01422e-05
7.91268e-05
7.80862e-05
7.70474e-05
7.60372e-05
7.5082e-05
7.42076e-05
7.3438e-05
7.27937e-05
7.22903e-05
7.19362e-05
7.173e-05
7.16572e-05
7.16873e-05
7.177e-05
7.18316e-05
7.17703e-05
7.14525e-05
7.07125e-05
6.93633e-05
6.72337e-05
6.42429e-05
6.05115e-05
5.64427e-05
5.26445e-05
4.962e-05
4.74007e-05
4.45802e-05
4.14185e-05
3.69874e-05
2.8247e-05
1.90686e-05
1.25112e-05
6.882e-07
6.91356e-07
1.88887e-05
3.57783e-05
4.76137e-05
5.40317e-05
5.61479e-05
5.53683e-05
5.30083e-05
5.02246e-05
4.78837e-05
4.64666e-05
4.60143e-05
4.63507e-05
4.72419e-05
4.85129e-05
5.00476e-05
5.17679e-05
5.36222e-05
5.55741e-05
5.75943e-05
5.96564e-05
6.17352e-05
6.38069e-05
6.58497e-05
6.78446e-05
6.97753e-05
7.16283e-05
7.33923e-05
7.50572e-05
7.66136e-05
7.80522e-05
7.9363e-05
8.05357e-05
8.15595e-05
8.24241e-05
8.31199e-05
8.36393e-05
8.39767e-05
8.41296e-05
8.40987e-05
8.38853e-05
8.34575e-05
8.29779e-05
8.23189e-05
8.15313e-05
8.06444e-05
7.96808e-05
7.86651e-05
7.76236e-05
7.65839e-05
7.55725e-05
7.46157e-05
7.37405e-05
7.29725e-05
7.23339e-05
7.18431e-05
7.15119e-05
7.13426e-05
7.13247e-05
7.14315e-05
7.16169e-05
7.18112e-05
7.19166e-05
7.18028e-05
7.1303e-05
7.02188e-05
6.83473e-05
6.55501e-05
6.18712e-05
5.7659e-05
5.35517e-05
5.01854e-05
4.7744e-05
4.53092e-05
4.18274e-05
3.7921e-05
2.96973e-05
1.97329e-05
1.24085e-05
6.70757e-07
6.65774e-07
1.80873e-05
3.45023e-05
4.63161e-05
5.29726e-05
5.54702e-05
5.50029e-05
5.28996e-05
5.02743e-05
4.80437e-05
4.66243e-05
4.614e-05
4.64252e-05
4.72981e-05
4.85644e-05
5.00893e-05
5.17944e-05
5.3629e-05
5.55564e-05
5.75476e-05
5.95765e-05
6.16187e-05
6.36514e-05
6.56538e-05
6.76076e-05
6.94974e-05
7.13103e-05
7.30353e-05
7.46628e-05
7.61835e-05
7.75883e-05
7.88673e-05
8.00102e-05
8.10065e-05
8.18462e-05
8.252e-05
8.30204e-05
8.33422e-05
8.34831e-05
8.34441e-05
8.32306e-05
8.28222e-05
8.2322e-05
8.16717e-05
8.08936e-05
8.00166e-05
7.90633e-05
7.80574e-05
7.70257e-05
7.59965e-05
7.49949e-05
7.40467e-05
7.31797e-05
7.24214e-05
7.1795e-05
7.13213e-05
7.10162e-05
7.0885e-05
7.09214e-05
7.11029e-05
7.13868e-05
7.17071e-05
7.19703e-05
7.20496e-05
7.178e-05
7.09567e-05
6.93537e-05
6.67814e-05
6.32054e-05
5.89009e-05
5.45064e-05
5.07746e-05
4.80442e-05
4.58605e-05
4.21913e-05
3.86495e-05
3.10132e-05
2.04718e-05
1.2358e-05
6.6152e-07
6.40636e-07
1.73065e-05
3.31108e-05
4.49646e-05
5.18694e-05
5.47784e-05
5.46299e-05
5.27931e-05
5.0337e-05
4.81089e-05
4.66814e-05
4.61776e-05
4.64784e-05
4.73346e-05
4.85696e-05
5.00761e-05
5.17623e-05
5.35709e-05
5.54663e-05
5.74199e-05
5.94071e-05
6.14047e-05
6.33911e-05
6.53463e-05
6.72526e-05
6.90951e-05
7.08613e-05
7.25405e-05
7.41231e-05
7.56004e-05
7.69631e-05
7.82019e-05
7.93069e-05
8.02682e-05
8.10763e-05
8.17229e-05
8.22009e-05
8.25054e-05
8.26345e-05
8.25894e-05
8.2375e-05
8.19902e-05
8.14826e-05
8.0847e-05
8.00871e-05
7.92281e-05
7.82947e-05
7.73078e-05
7.62953e-05
7.52885e-05
7.43082e-05
7.33784e-05
7.25284e-05
7.17888e-05
7.11814e-05
7.07297e-05
7.04541e-05
7.03627e-05
7.04537e-05
7.07084e-05
7.10879e-05
7.15295e-05
7.19427e-05
7.22051e-05
7.21547e-05
7.15848e-05
7.02534e-05
6.79284e-05
6.45002e-05
6.01575e-05
5.55119e-05
5.14218e-05
4.84226e-05
4.61774e-05
4.25954e-05
3.92968e-05
3.21317e-05
2.1249e-05
1.23382e-05
6.57643e-07
6.15941e-07
1.65568e-05
3.17244e-05
4.35584e-05
5.07141e-05
5.40571e-05
5.42455e-05
5.26882e-05
5.04053e-05
4.82205e-05
4.67767e-05
4.62346e-05
4.64868e-05
4.7307e-05
4.85497e-05
5.00195e-05
5.16647e-05
5.34375e-05
5.52943e-05
5.72067e-05
5.91503e-05
6.11011e-05
6.30377e-05
6.49407e-05
6.67934e-05
6.85812e-05
7.02922e-05
7.1916e-05
7.34438e-05
7.48671e-05
7.61778e-05
7.73675e-05
7.84279e-05
7.93469e-05
8.01177e-05
8.07335e-05
8.11866e-05
8.14737e-05
8.1593e-05
8.15454e-05
8.13347e-05
8.09676e-05
8.04628e-05
7.98414e-05
7.90988e-05
7.82576e-05
7.73544e-05
7.64059e-05
7.54377e-05
7.44664e-05
7.3519e-05
7.26164e-05
7.17912e-05
7.10802e-05
7.04989e-05
7.00737e-05
6.98319e-05
6.9782e-05
6.99281e-05
7.02553e-05
7.0728e-05
7.12871e-05
7.18443e-05
7.22807e-05
7.24383e-05
7.21118e-05
7.10494e-05
6.89859e-05
6.57423e-05
6.14124e-05
5.65504e-05
5.20892e-05
4.87725e-05
4.64634e-05
4.30716e-05
3.9877e-05
3.29471e-05
2.20726e-05
1.23543e-05
6.57092e-07
5.92208e-07
1.58618e-05
3.03289e-05
4.21388e-05
4.95266e-05
5.33054e-05
5.38409e-05
5.25744e-05
5.04568e-05
4.83968e-05
4.69321e-05
4.63245e-05
4.64978e-05
4.72784e-05
4.84225e-05
4.99001e-05
5.1538e-05
5.32694e-05
5.5081e-05
5.69414e-05
5.88204e-05
6.07022e-05
6.25681e-05
6.44001e-05
6.61818e-05
6.78994e-05
6.95411e-05
7.10974e-05
7.25602e-05
7.39221e-05
7.51761e-05
7.63147e-05
7.73297e-05
7.82119e-05
7.89515e-05
7.95412e-05
7.99757e-05
8.02525e-05
8.03696e-05
8.0327e-05
8.01277e-05
7.97775e-05
7.9286e-05
7.86878e-05
7.79639e-05
7.71236e-05
7.62376e-05
7.53235e-05
7.43952e-05
7.34713e-05
7.25762e-05
7.17332e-05
7.09721e-05
7.03036e-05
6.9755e-05
6.93597e-05
6.9157e-05
6.91502e-05
6.93517e-05
6.97508e-05
7.03147e-05
7.09884e-05
7.16844e-05
7.22868e-05
7.26419e-05
7.25472e-05
7.17468e-05
6.99513e-05
6.6922e-05
6.26552e-05
5.76231e-05
5.27987e-05
4.91226e-05
4.67073e-05
4.34984e-05
4.0352e-05
3.37194e-05
2.29014e-05
1.23952e-05
6.63721e-07
5.69233e-07
1.51821e-05
2.89255e-05
4.0613e-05
4.82695e-05
5.24948e-05
5.34215e-05
5.24489e-05
5.05502e-05
4.85586e-05
4.70758e-05
4.63992e-05
4.65096e-05
4.72273e-05
4.83516e-05
4.97126e-05
5.12826e-05
5.29715e-05
5.47293e-05
5.6536e-05
5.83643e-05
6.01935e-05
6.20051e-05
6.37821e-05
6.5509e-05
6.71724e-05
6.87609e-05
7.02654e-05
7.1678e-05
7.29914e-05
7.41984e-05
7.52913e-05
7.62615e-05
7.71e-05
7.77998e-05
7.83544e-05
7.87582e-05
7.90072e-05
7.91005e-05
7.90396e-05
7.88283e-05
7.84733e-05
7.79844e-05
7.74165e-05
7.67445e-05
7.59368e-05
7.51003e-05
7.42215e-05
7.33213e-05
7.24195e-05
7.15411e-05
7.0735e-05
7.00152e-05
6.94e-05
6.89161e-05
6.85934e-05
6.84388e-05
6.8475e-05
6.87325e-05
6.92028e-05
6.98556e-05
7.06416e-05
7.14718e-05
7.22333e-05
7.27758e-05
7.29008e-05
7.2352e-05
7.08242e-05
6.80297e-05
6.3871e-05
5.87171e-05
5.35456e-05
4.9469e-05
4.68044e-05
4.39103e-05
4.07555e-05
3.43797e-05
2.36908e-05
1.24794e-05
6.74933e-07
5.46875e-07
1.452e-05
2.7578e-05
3.91175e-05
4.69902e-05
5.16187e-05
5.29653e-05
5.22856e-05
5.06259e-05
4.87325e-05
4.72372e-05
4.64836e-05
4.65048e-05
4.71418e-05
4.82291e-05
4.95656e-05
5.10513e-05
5.26808e-05
5.43885e-05
5.61416e-05
5.79141e-05
5.96855e-05
6.14377e-05
6.31542e-05
6.48199e-05
6.64212e-05
6.79447e-05
6.93839e-05
7.07318e-05
7.19814e-05
7.31258e-05
7.41571e-05
7.50677e-05
7.58509e-05
7.65009e-05
7.70121e-05
7.73798e-05
7.76007e-05
7.76743e-05
7.76023e-05
7.73892e-05
7.7041e-05
7.65662e-05
7.60299e-05
7.54198e-05
7.4649e-05
7.38681e-05
7.30505e-05
7.22145e-05
7.13802e-05
7.05694e-05
6.9794e-05
6.90834e-05
6.84721e-05
6.80107e-05
6.77211e-05
6.76211e-05
6.77415e-05
6.80789e-05
6.86201e-05
6.93584e-05
7.02547e-05
7.12148e-05
7.21289e-05
7.28495e-05
7.31821e-05
7.28724e-05
7.16157e-05
6.90585e-05
6.5047e-05
5.98221e-05
5.43339e-05
4.98571e-05
4.69315e-05
4.4262e-05
4.10753e-05
3.49867e-05
2.44666e-05
1.25843e-05
6.91418e-07
5.24947e-07
1.38747e-05
2.62928e-05
3.76421e-05
4.56132e-05
5.06889e-05
5.24827e-05
5.21765e-05
5.07134e-05
4.89223e-05
4.74197e-05
4.65837e-05
4.65015e-05
4.70466e-05
4.80334e-05
4.93438e-05
5.08134e-05
5.2361e-05
5.40077e-05
5.56949e-05
5.73971e-05
5.90954e-05
6.07726e-05
6.24121e-05
6.39937e-05
6.55198e-05
6.69762e-05
6.8351e-05
6.96357e-05
7.08231e-05
7.19061e-05
7.28776e-05
7.37313e-05
7.44614e-05
7.5063e-05
7.55317e-05
7.58642e-05
7.60588e-05
7.61159e-05
7.60381e-05
7.58299e-05
7.54971e-05
7.50462e-05
7.4543e-05
7.40035e-05
7.32851e-05
7.25718e-05
7.18238e-05
7.10558e-05
7.02889e-05
6.95434e-05
6.88393e-05
6.82e-05
6.76483e-05
6.72017e-05
6.69013e-05
6.67892e-05
6.69477e-05
6.73398e-05
6.79712e-05
6.88281e-05
6.98363e-05
7.09214e-05
7.19819e-05
7.28717e-05
7.33999e-05
7.33486e-05
7.23527e-05
7.00453e-05
6.61706e-05
6.09231e-05
5.51483e-05
5.02606e-05
4.70507e-05
4.45748e-05
4.1319e-05
3.55203e-05
2.52099e-05
1.26576e-05
7.12945e-07
5.03276e-07
1.32437e-05
2.50696e-05
3.61274e-05
4.42435e-05
4.96136e-05
5.18919e-05
5.19807e-05
5.07895e-05
4.91257e-05
4.76262e-05
4.67063e-05
4.6508e-05
4.6945e-05
4.78435e-05
4.90481e-05
5.04707e-05
5.19885e-05
5.35636e-05
5.51774e-05
5.68106e-05
5.84422e-05
6.00533e-05
6.16255e-05
6.31357e-05
6.45847e-05
6.59624e-05
6.72586e-05
6.84653e-05
6.95758e-05
7.05842e-05
7.14848e-05
7.22727e-05
7.29435e-05
7.34936e-05
7.39196e-05
7.42197e-05
7.43931e-05
7.4441e-05
7.43661e-05
7.41726e-05
7.38649e-05
7.34451e-05
7.29685e-05
7.2488e-05
7.18195e-05
7.11519e-05
7.04666e-05
6.97702e-05
6.90809e-05
6.84174e-05
6.77994e-05
6.72451e-05
6.67628e-05
6.63947e-05
6.61739e-05
6.61272e-05
6.62598e-05
6.66329e-05
6.7293e-05
6.82207e-05
6.93351e-05
7.05554e-05
7.17657e-05
7.28229e-05
7.35475e-05
7.36932e-05
7.2935e-05
7.0921e-05
6.72453e-05
6.20073e-05
5.59842e-05
5.0687e-05
4.71813e-05
4.48335e-05
4.15121e-05
3.60332e-05
2.593e-05
1.28124e-05
7.41011e-07
4.81482e-07
1.26245e-05
2.39095e-05
3.46358e-05
4.28763e-05
4.85462e-05
5.12991e-05
5.1734e-05
5.08416e-05
4.93358e-05
4.78576e-05
4.68579e-05
4.65335e-05
4.68464e-05
4.7641e-05
4.87577e-05
5.00788e-05
5.15376e-05
5.30564e-05
5.46044e-05
5.61625e-05
5.77139e-05
5.92422e-05
6.07314e-05
6.21669e-05
6.3539e-05
6.48394e-05
6.60596e-05
6.71922e-05
6.82319e-05
6.91738e-05
7.00121e-05
7.07425e-05
7.13613e-05
7.18657e-05
7.22537e-05
7.25243e-05
7.26779e-05
7.27165e-05
7.26436e-05
7.24637e-05
7.21811e-05
7.17944e-05
7.13446e-05
7.09227e-05
7.03138e-05
6.96943e-05
6.90691e-05
6.84335e-05
6.78045e-05
6.71996e-05
6.66384e-05
6.61448e-05
6.57473e-05
6.547e-05
6.53411e-05
6.53797e-05
6.56098e-05
6.60773e-05
6.67831e-05
6.77215e-05
6.88797e-05
7.02066e-05
7.15636e-05
7.27763e-05
7.3629e-05
7.38927e-05
7.33507e-05
7.16282e-05
6.82515e-05
6.30551e-05
5.68286e-05
5.11242e-05
4.73127e-05
4.49851e-05
4.17202e-05
3.65904e-05
2.65555e-05
1.29734e-05
7.74299e-07
4.59608e-07
1.20354e-05
2.28293e-05
3.31772e-05
4.14333e-05
4.74462e-05
5.06429e-05
5.14588e-05
5.08696e-05
4.95472e-05
4.81137e-05
4.7044e-05
4.65883e-05
4.67618e-05
4.74362e-05
4.8454e-05
4.96872e-05
5.10497e-05
5.24946e-05
5.39716e-05
5.5455e-05
5.69305e-05
5.83823e-05
5.97958e-05
6.11602e-05
6.24622e-05
6.36931e-05
6.48456e-05
6.59128e-05
6.68878e-05
6.77653e-05
6.85421e-05
6.9215e-05
6.97816e-05
7.024e-05
7.05893e-05
7.08296e-05
7.09621e-05
7.09897e-05
7.09163e-05
7.07468e-05
7.04852e-05
7.01276e-05
6.97005e-05
6.93336e-05
6.87879e-05
6.82192e-05
6.76571e-05
6.70872e-05
6.65255e-05
6.59885e-05
6.54944e-05
6.50638e-05
6.47199e-05
6.4489e-05
6.44023e-05
6.4501e-05
6.48206e-05
6.53858e-05
6.62136e-05
6.72712e-05
6.85533e-05
6.99776e-05
7.14353e-05
7.27411e-05
7.37429e-05
7.42126e-05
7.38205e-05
7.22506e-05
6.91175e-05
6.40474e-05
5.76715e-05
5.15651e-05
4.74041e-05
4.50694e-05
4.19032e-05
3.71295e-05
2.71598e-05
1.31262e-05
8.14402e-07
4.37323e-07
1.14646e-05
2.18249e-05
3.17667e-05
3.99747e-05
4.62283e-05
4.98781e-05
5.11176e-05
5.08613e-05
4.97519e-05
4.83915e-05
4.72692e-05
4.66823e-05
4.67035e-05
4.72407e-05
4.81452e-05
4.92841e-05
5.05637e-05
5.1925e-05
5.3326e-05
5.47374e-05
5.61378e-05
5.75133e-05
5.88507e-05
6.01389e-05
6.13667e-05
6.25249e-05
6.36064e-05
6.46046e-05
6.55138e-05
6.6329e-05
6.70472e-05
6.76658e-05
6.81833e-05
6.85989e-05
6.89126e-05
6.91253e-05
6.92392e-05
6.92577e-05
6.91853e-05
6.90273e-05
6.87879e-05
6.84622e-05
6.80585e-05
6.77425e-05
6.7261e-05
6.67451e-05
6.62469e-05
6.57445e-05
6.52525e-05
6.47864e-05
6.43633e-05
6.40022e-05
6.3725e-05
6.35572e-05
6.35285e-05
6.36726e-05
6.40252e-05
6.46204e-05
6.54855e-05
6.66306e-05
6.80099e-05
6.95449e-05
7.11173e-05
7.25947e-05
7.37735e-05
7.44193e-05
7.42419e-05
7.28462e-05
6.99098e-05
6.49979e-05
5.85022e-05
5.20108e-05
4.74726e-05
4.50622e-05
4.20829e-05
3.76111e-05
2.77661e-05
1.3316e-05
8.61123e-07
4.14648e-07
1.09214e-05
2.09274e-05
3.04194e-05
3.85119e-05
4.49443e-05
4.90187e-05
5.06955e-05
5.08017e-05
4.9939e-05
4.86855e-05
4.75352e-05
4.68249e-05
4.6685e-05
4.70684e-05
4.78434e-05
4.88759e-05
5.00641e-05
5.13412e-05
5.26621e-05
5.39955e-05
5.53193e-05
5.66181e-05
5.78794e-05
5.90922e-05
6.02463e-05
6.13331e-05
6.23454e-05
6.32771e-05
6.4123e-05
6.48789e-05
6.55419e-05
6.61101e-05
6.65826e-05
6.69593e-05
6.7241e-05
6.74297e-05
6.7528e-05
6.75399e-05
6.74703e-05
6.73249e-05
6.71086e-05
6.68169e-05
6.64382e-05
6.61691e-05
6.57506e-05
6.5289e-05
6.48541e-05
6.44188e-05
6.39965e-05
6.36017e-05
6.32503e-05
6.29603e-05
6.27525e-05
6.26515e-05
6.26861e-05
6.28895e-05
6.32981e-05
6.3948e-05
6.48678e-05
6.60661e-05
6.75183e-05
6.9155e-05
7.0858e-05
7.24643e-05
7.3776e-05
7.45622e-05
7.45457e-05
7.33702e-05
7.05664e-05
6.58749e-05
5.92988e-05
5.24524e-05
4.75221e-05
4.503e-05
4.22688e-05
3.80462e-05
2.8362e-05
1.35109e-05
9.15168e-07
3.91148e-07
1.0393e-05
2.00867e-05
2.91692e-05
3.70685e-05
4.36075e-05
4.80798e-05
5.01857e-05
5.06765e-05
5.00947e-05
4.89862e-05
4.78404e-05
4.70235e-05
4.67201e-05
4.69349e-05
4.75633e-05
4.84749e-05
4.95616e-05
5.07484e-05
5.19852e-05
5.32381e-05
5.44837e-05
5.57055e-05
5.68909e-05
5.80292e-05
5.91109e-05
6.01279e-05
6.10733e-05
6.19413e-05
6.27272e-05
6.34274e-05
6.40392e-05
6.45613e-05
6.49932e-05
6.53355e-05
6.55897e-05
6.57582e-05
6.58445e-05
6.58526e-05
6.5788e-05
6.56566e-05
6.54641e-05
6.52078e-05
6.48568e-05
6.46303e-05
6.42723e-05
6.38661e-05
6.34931e-05
6.31235e-05
6.27697e-05
6.2445e-05
6.21646e-05
6.19453e-05
6.18072e-05
6.17736e-05
6.18728e-05
6.21373e-05
6.26038e-05
6.33097e-05
6.42863e-05
6.55468e-05
6.70717e-05
6.8795e-05
7.05985e-05
7.23167e-05
7.3747e-05
7.46571e-05
7.4776e-05
7.37636e-05
7.1173e-05
6.6627e-05
6.00401e-05
5.28798e-05
4.75407e-05
4.48908e-05
4.24346e-05
3.84279e-05
2.89622e-05
1.37392e-05
9.7702e-07
3.67254e-07
9.90674e-06
1.94822e-05
2.79591e-05
3.56712e-05
4.22441e-05
4.70454e-05
4.95784e-05
5.04717e-05
5.02037e-05
4.92813e-05
4.81794e-05
4.7282e-05
4.68213e-05
4.68573e-05
4.73219e-05
4.80964e-05
4.90693e-05
5.01578e-05
5.13055e-05
5.24749e-05
5.36406e-05
5.47848e-05
5.58946e-05
5.69594e-05
5.79701e-05
5.89192e-05
5.98001e-05
6.06074e-05
6.13369e-05
6.19852e-05
6.25501e-05
6.30307e-05
6.34268e-05
6.37396e-05
6.39709e-05
6.41237e-05
6.42017e-05
6.42094e-05
6.41523e-05
6.40364e-05
6.38683e-05
6.36489e-05
6.33291e-05
6.31402e-05
6.28393e-05
6.24894e-05
6.21765e-05
6.18706e-05
6.15832e-05
6.1327e-05
6.11159e-05
6.09662e-05
6.08968e-05
6.09303e-05
6.10941e-05
6.14202e-05
6.1945e-05
6.27064e-05
6.37376e-05
6.50555e-05
6.66449e-05
6.84439e-05
7.03356e-05
7.2152e-05
7.36856e-05
7.47008e-05
7.4932e-05
7.40575e-05
7.16568e-05
6.72526e-05
6.07108e-05
5.32834e-05
4.75481e-05
4.46824e-05
4.25406e-05
3.8772e-05
2.95617e-05
1.39858e-05
1.04701e-06
3.42949e-07
9.45256e-06
1.89842e-05
2.66997e-05
3.42639e-05
4.08353e-05
4.59054e-05
4.8858e-05
5.01694e-05
5.02474e-05
4.95538e-05
4.85412e-05
4.75996e-05
4.69987e-05
4.68526e-05
4.71383e-05
4.77584e-05
4.86031e-05
4.9583e-05
5.06351e-05
5.1717e-05
5.28004e-05
5.38661e-05
5.49003e-05
5.58923e-05
5.68334e-05
5.77165e-05
5.85354e-05
5.92851e-05
5.99616e-05
6.0562e-05
6.10844e-05
6.15281e-05
6.18933e-05
6.21814e-05
6.23947e-05
6.25362e-05
6.26099e-05
6.26206e-05
6.25737e-05
6.24754e-05
6.23324e-05
6.21494e-05
6.1867e-05
6.17106e-05
6.14624e-05
6.11699e-05
6.0915e-05
6.06705e-05
6.04473e-05
6.02571e-05
6.01133e-05
6.00313e-05
6.00293e-05
6.0129e-05
6.03569e-05
6.07443e-05
6.1327e-05
6.2143e-05
6.32265e-05
6.45967e-05
6.62423e-05
6.81054e-05
7.00712e-05
7.19699e-05
7.35893e-05
7.46898e-05
7.50084e-05
7.42383e-05
7.19772e-05
6.77183e-05
6.12869e-05
5.36396e-05
4.75432e-05
4.4465e-05
4.2588e-05
3.90663e-05
3.01391e-05
1.42827e-05
1.12571e-06
3.19499e-07
9.08571e-06
1.85968e-05
2.56899e-05
3.29225e-05
3.9425e-05
4.47061e-05
4.80292e-05
4.97575e-05
5.02072e-05
4.97843e-05
4.89103e-05
4.79697e-05
4.72575e-05
4.69363e-05
4.70332e-05
4.74818e-05
4.81819e-05
4.90408e-05
4.99886e-05
5.09775e-05
5.19753e-05
5.29607e-05
5.39186e-05
5.48382e-05
5.57109e-05
5.65296e-05
5.72887e-05
5.79835e-05
5.86103e-05
5.91665e-05
5.96506e-05
6.00618e-05
6.04008e-05
6.0669e-05
6.08688e-05
6.10034e-05
6.10769e-05
6.10941e-05
6.10604e-05
6.09817e-05
6.08647e-05
6.07175e-05
6.04766e-05
6.03505e-05
6.0151e-05
5.99161e-05
5.97171e-05
5.95317e-05
5.93701e-05
5.92436e-05
5.91648e-05
5.91483e-05
5.92117e-05
5.93761e-05
5.9667e-05
6.01149e-05
6.07547e-05
6.16239e-05
6.27565e-05
6.41735e-05
6.58663e-05
6.77805e-05
6.98042e-05
7.17669e-05
7.34528e-05
7.46175e-05
7.49995e-05
7.43077e-05
7.21709e-05
6.80842e-05
6.175e-05
5.39225e-05
4.75104e-05
4.42148e-05
4.25649e-05
3.93145e-05
3.06923e-05
1.4623e-05
1.21322e-06
2.97376e-07
8.80554e-06
1.82026e-05
2.48684e-05
3.17376e-05
3.80169e-05
4.34526e-05
4.70928e-05
4.92248e-05
5.00638e-05
4.99503e-05
4.92658e-05
4.83787e-05
4.75961e-05
4.71198e-05
4.70266e-05
4.72898e-05
4.7828e-05
4.8551e-05
4.93837e-05
5.0272e-05
5.11794e-05
5.20816e-05
5.29619e-05
5.38088e-05
5.46134e-05
5.5369e-05
5.607e-05
5.67122e-05
5.72921e-05
5.78074e-05
5.82567e-05
5.86395e-05
5.89565e-05
5.9209e-05
5.93996e-05
5.95314e-05
5.96086e-05
5.96356e-05
5.96179e-05
5.95609e-05
5.94713e-05
5.93589e-05
5.91631e-05
5.90658e-05
5.89116e-05
5.87347e-05
5.85894e-05
5.84607e-05
5.83584e-05
5.8293e-05
5.82766e-05
5.83232e-05
5.84499e-05
5.8677e-05
5.90292e-05
5.95361e-05
6.02314e-05
6.11513e-05
6.23294e-05
6.37867e-05
6.55164e-05
6.74675e-05
6.95307e-05
7.15369e-05
7.32673e-05
7.44734e-05
7.48931e-05
7.42481e-05
7.22015e-05
6.82917e-05
6.20649e-05
5.41186e-05
4.74323e-05
4.39378e-05
4.24781e-05
3.9513e-05
3.12251e-05
1.50143e-05
1.30995e-06
2.76403e-07
8.58801e-06
1.78414e-05
2.43717e-05
3.06126e-05
3.66409e-05
4.21504e-05
4.60673e-05
4.85692e-05
4.98018e-05
5.00292e-05
4.95834e-05
4.88067e-05
4.80054e-05
4.74079e-05
4.71356e-05
4.72064e-05
4.75672e-05
4.81378e-05
4.88418e-05
4.96198e-05
5.04301e-05
5.12446e-05
5.20446e-05
5.28173e-05
5.35535e-05
5.42462e-05
5.48903e-05
5.54814e-05
5.60166e-05
5.64936e-05
5.6911e-05
5.72687e-05
5.75671e-05
5.78077e-05
5.79927e-05
5.81254e-05
5.82094e-05
5.82494e-05
5.82501e-05
5.8217e-05
5.81562e-05
5.80762e-05
5.79316e-05
5.78609e-05
5.77482e-05
5.763e-05
5.75364e-05
5.74623e-05
5.74168e-05
5.741e-05
5.74533e-05
5.75605e-05
5.77479e-05
5.80353e-05
5.84466e-05
5.90101e-05
5.97583e-05
6.07258e-05
6.19444e-05
6.34342e-05
6.51894e-05
6.71611e-05
6.92435e-05
7.12697e-05
7.30202e-05
7.42432e-05
7.46748e-05
7.40464e-05
7.20511e-05
6.82662e-05
6.22001e-05
5.42013e-05
4.72859e-05
4.36213e-05
4.22684e-05
3.96596e-05
3.17368e-05
1.54549e-05
1.41586e-06
2.56027e-07
8.4018e-06
1.75187e-05
2.41164e-05
2.96055e-05
3.53177e-05
4.08223e-05
4.49719e-05
4.77946e-05
4.94097e-05
4.99986e-05
4.98356e-05
4.92272e-05
4.8467e-05
4.77961e-05
4.73712e-05
4.72538e-05
4.74267e-05
4.78291e-05
4.8389e-05
4.90443e-05
4.97484e-05
5.04689e-05
5.11843e-05
5.18801e-05
5.25462e-05
5.31755e-05
5.37625e-05
5.43033e-05
5.47948e-05
5.5235e-05
5.56227e-05
5.59576e-05
5.624e-05
5.64713e-05
5.66537e-05
5.679e-05
5.68837e-05
5.69389e-05
5.69603e-05
5.69528e-05
5.69224e-05
5.68731e-05
5.67854e-05
5.6737e-05
5.66644e-05
5.66045e-05
5.65607e-05
5.65393e-05
5.65484e-05
5.65976e-05
5.6698e-05
5.68629e-05
5.71081e-05
5.74529e-05
5.79203e-05
5.85374e-05
5.93348e-05
6.0345e-05
6.15976e-05
6.31107e-05
6.48779e-05
6.6852e-05
6.89308e-05
7.09509e-05
7.26943e-05
7.39075e-05
7.43251e-05
7.36852e-05
7.171e-05
6.8031e-05
6.21348e-05
5.41478e-05
4.70427e-05
4.32697e-05
4.20784e-05
3.97608e-05
3.22301e-05
1.59477e-05
1.53107e-06
2.36006e-07
8.23094e-06
1.72403e-05
2.38862e-05
2.87887e-05
3.41565e-05
3.95133e-05
4.38201e-05
4.69122e-05
4.88849e-05
4.98426e-05
4.9997e-05
4.9611e-05
4.89551e-05
4.82698e-05
4.77346e-05
4.74485e-05
4.74334e-05
4.76556e-05
4.8056e-05
4.85743e-05
4.91605e-05
4.97784e-05
5.04029e-05
5.10173e-05
5.16102e-05
5.21739e-05
5.27026e-05
5.31924e-05
5.36402e-05
5.40441e-05
5.44029e-05
5.4716e-05
5.4984e-05
5.52078e-05
5.53893e-05
5.5531e-05
5.56361e-05
5.57082e-05
5.57518e-05
5.57709e-05
5.57721e-05
5.57523e-05
5.57207e-05
5.5694e-05
5.56672e-05
5.56577e-05
5.56639e-05
5.56935e-05
5.57548e-05
5.58573e-05
5.60118e-05
5.62312e-05
5.65309e-05
5.69296e-05
5.74492e-05
5.81153e-05
5.89568e-05
6.00033e-05
6.12814e-05
6.28062e-05
6.45697e-05
6.65257e-05
6.85755e-05
7.05607e-05
7.22671e-05
7.34419e-05
7.38185e-05
7.31402e-05
7.11522e-05
6.75196e-05
6.1815e-05
5.39362e-05
4.66952e-05
4.28313e-05
4.19219e-05
3.97967e-05
3.27028e-05
1.64918e-05
1.65532e-06
2.15809e-07
7.99237e-06
1.71099e-05
2.36668e-05
2.83791e-05
3.31071e-05
3.82349e-05
4.26281e-05
4.59302e-05
4.82251e-05
4.95467e-05
5.00423e-05
4.99263e-05
4.94375e-05
4.88042e-05
4.82153e-05
4.77975e-05
4.76089e-05
4.76481e-05
4.7877e-05
4.82435e-05
4.86985e-05
4.92027e-05
4.97277e-05
5.02542e-05
5.07689e-05
5.12631e-05
5.17307e-05
5.21674e-05
5.257e-05
5.29366e-05
5.32658e-05
5.3557e-05
5.38105e-05
5.40271e-05
5.42081e-05
5.43559e-05
5.4473e-05
5.45627e-05
5.46289e-05
5.46749e-05
5.47073e-05
5.47258e-05
5.47264e-05
5.47354e-05
5.47599e-05
5.47948e-05
5.48476e-05
5.49253e-05
5.50359e-05
5.51885e-05
5.53936e-05
5.56639e-05
5.60142e-05
5.64623e-05
5.7029e-05
5.77385e-05
5.86169e-05
5.9691e-05
6.09834e-05
6.25055e-05
6.42469e-05
6.61615e-05
6.81541e-05
7.00727e-05
7.17096e-05
7.28155e-05
7.31241e-05
7.23831e-05
7.0362e-05
6.67452e-05
6.12289e-05
5.35475e-05
4.62265e-05
4.22689e-05
4.14511e-05
3.9787e-05
3.31438e-05
1.70874e-05
1.78834e-06
1.96583e-07
7.75274e-06
1.70588e-05
2.34691e-05
2.83296e-05
3.22782e-05
3.70618e-05
4.14562e-05
4.48878e-05
4.74497e-05
4.91113e-05
4.9956e-05
5.01454e-05
4.98799e-05
4.93665e-05
4.87905e-05
4.82945e-05
4.7965e-05
4.78331e-05
4.78868e-05
4.80902e-05
4.84002e-05
4.8778e-05
4.91927e-05
4.96224e-05
5.00519e-05
5.0471e-05
5.08727e-05
5.12523e-05
5.16065e-05
5.1933e-05
5.22303e-05
5.24977e-05
5.27352e-05
5.29431e-05
5.31227e-05
5.32755e-05
5.34038e-05
5.35101e-05
5.35983e-05
5.36702e-05
5.37323e-05
5.37946e-05
5.38182e-05
5.38623e-05
5.39371e-05
5.40142e-05
5.41108e-05
5.42335e-05
5.439e-05
5.4589e-05
5.48407e-05
5.51573e-05
5.55531e-05
5.60449e-05
5.66522e-05
5.73971e-05
5.83032e-05
5.93932e-05
6.06856e-05
6.21872e-05
6.38845e-05
6.57311e-05
6.76356e-05
6.94532e-05
7.09859e-05
7.19911e-05
7.22043e-05
7.1377e-05
6.92498e-05
6.57122e-05
6.03939e-05
5.29602e-05
4.56294e-05
4.16425e-05
4.10568e-05
3.97637e-05
3.3548e-05
1.77335e-05
1.92952e-06
1.79338e-07
7.55473e-06
1.70514e-05
2.33357e-05
2.82832e-05
3.17346e-05
3.60041e-05
4.03419e-05
4.38072e-05
4.65708e-05
4.85374e-05
4.97263e-05
5.02441e-05
5.02492e-05
4.99195e-05
4.94276e-05
4.89192e-05
4.84994e-05
4.82263e-05
4.81157e-05
4.8153e-05
4.83079e-05
4.85465e-05
4.88387e-05
4.91609e-05
4.9496e-05
4.98321e-05
5.01612e-05
5.04779e-05
5.07784e-05
5.10601e-05
5.13213e-05
5.15611e-05
5.17789e-05
5.1975e-05
5.215e-05
5.2305e-05
5.24418e-05
5.25622e-05
5.267e-05
5.27649e-05
5.28544e-05
5.29563e-05
5.30004e-05
5.30795e-05
5.31999e-05
5.33155e-05
5.34523e-05
5.36161e-05
5.38142e-05
5.40549e-05
5.43481e-05
5.47052e-05
5.51399e-05
5.56679e-05
5.6307e-05
5.70769e-05
5.79979e-05
5.90887e-05
6.03627e-05
6.1822e-05
6.34493e-05
6.51978e-05
6.698e-05
6.86601e-05
7.00525e-05
7.09244e-05
7.10149e-05
7.00501e-05
6.78164e-05
6.43306e-05
5.92079e-05
5.21e-05
4.48814e-05
4.08598e-05
4.04957e-05
3.96847e-05
3.39078e-05
1.8427e-05
2.0781e-06
1.64352e-07
7.41109e-06
1.70719e-05
2.32934e-05
2.82044e-05
3.17079e-05
3.5157e-05
3.93337e-05
4.28031e-05
4.56577e-05
4.78589e-05
4.9361e-05
5.02107e-05
5.05183e-05
5.04269e-05
5.00875e-05
4.96391e-05
4.91938e-05
4.88283e-05
4.85826e-05
4.84652e-05
4.84637e-05
4.85548e-05
4.87132e-05
4.89161e-05
4.91458e-05
4.93891e-05
4.96369e-05
4.98827e-05
5.01221e-05
5.03522e-05
5.05709e-05
5.07769e-05
5.09694e-05
5.11481e-05
5.13132e-05
5.14652e-05
5.16057e-05
5.17351e-05
5.18582e-05
5.19708e-05
5.20826e-05
5.22084e-05
5.22773e-05
5.23996e-05
5.25486e-05
5.26995e-05
5.28718e-05
5.30713e-05
5.33051e-05
5.35811e-05
5.39086e-05
5.42985e-05
5.47634e-05
5.53174e-05
5.59765e-05
5.67575e-05
5.76768e-05
5.87486e-05
5.9981e-05
6.13711e-05
6.28979e-05
6.45144e-05
6.61375e-05
6.76415e-05
6.88569e-05
6.95638e-05
6.94993e-05
6.83275e-05
6.61299e-05
6.26185e-05
5.76541e-05
5.09388e-05
4.3943e-05
3.99729e-05
3.9892e-05
3.94882e-05
3.42217e-05
1.91638e-05
2.23303e-06
1.51267e-07
7.31698e-06
1.70758e-05
2.32824e-05
2.80763e-05
3.17992e-05
3.44959e-05
3.83495e-05
4.18544e-05
4.47421e-05
4.71128e-05
4.88835e-05
5.00498e-05
5.06739e-05
5.08604e-05
5.07328e-05
5.0415e-05
5.00163e-05
4.96222e-05
4.92895e-05
4.90476e-05
4.89032e-05
4.88481e-05
4.88663e-05
4.89401e-05
4.90532e-05
4.91926e-05
4.93483e-05
4.95131e-05
4.96821e-05
4.98515e-05
5.0019e-05
5.01827e-05
5.03416e-05
5.04947e-05
5.0642e-05
5.07834e-05
5.09199e-05
5.10508e-05
5.1182e-05
5.13035e-05
5.14436e-05
5.15697e-05
5.16641e-05
5.1822e-05
5.19919e-05
5.21697e-05
5.23695e-05
5.25969e-05
5.28581e-05
5.31607e-05
5.35131e-05
5.39253e-05
5.44084e-05
5.49749e-05
5.56381e-05
5.64113e-05
5.7307e-05
5.83344e-05
5.94961e-05
6.07844e-05
6.21753e-05
6.36219e-05
6.50466e-05
6.6335e-05
6.73381e-05
6.78523e-05
6.75163e-05
6.63443e-05
6.40427e-05
6.05136e-05
5.57095e-05
4.94474e-05
4.27864e-05
3.89439e-05
3.92413e-05
3.93445e-05
3.45076e-05
1.99357e-05
2.39307e-06
1.39377e-07
7.23966e-06
1.70263e-05
2.32706e-05
2.80297e-05
3.18747e-05
3.44945e-05
3.75605e-05
4.10565e-05
4.38861e-05
4.63473e-05
4.8328e-05
4.97792e-05
5.07163e-05
5.12035e-05
5.13333e-05
5.12084e-05
5.09276e-05
5.05761e-05
5.02196e-05
4.99019e-05
4.96469e-05
4.94624e-05
4.93453e-05
4.92864e-05
4.92747e-05
4.92995e-05
4.93516e-05
4.94238e-05
4.95106e-05
4.96081e-05
4.97131e-05
4.98235e-05
4.99376e-05
5.00544e-05
5.01731e-05
5.0293e-05
5.04148e-05
5.05369e-05
5.06652e-05
5.0788e-05
5.09345e-05
5.10721e-05
5.11758e-05
5.13482e-05
5.15349e-05
5.17298e-05
5.19471e-05
5.21917e-05
5.24693e-05
5.27865e-05
5.31508e-05
5.35707e-05
5.40556e-05
5.46156e-05
5.52609e-05
5.60013e-05
5.68445e-05
5.77947e-05
5.88498e-05
5.99976e-05
6.12122e-05
6.24478e-05
6.36334e-05
6.4667e-05
6.54265e-05
6.56382e-05
6.51959e-05
6.38918e-05
6.15156e-05
5.79933e-05
5.33565e-05
4.75633e-05
4.13944e-05
3.77983e-05
3.84775e-05
3.90587e-05
3.47572e-05
2.07311e-05
2.55676e-06
1.28143e-07
7.13545e-06
1.69192e-05
2.32231e-05
2.79761e-05
3.17598e-05
3.46207e-05
3.69479e-05
4.02499e-05
4.31809e-05
4.56536e-05
4.77695e-05
4.94514e-05
5.06746e-05
5.14634e-05
5.18766e-05
5.19915e-05
5.18906e-05
5.16517e-05
5.13411e-05
5.10103e-05
5.0695e-05
5.04168e-05
5.01856e-05
5.00033e-05
4.9867e-05
4.97712e-05
4.971e-05
4.96778e-05
4.96696e-05
4.96815e-05
4.97104e-05
4.97537e-05
4.98094e-05
4.9876e-05
4.99522e-05
5.00369e-05
5.01303e-05
5.02304e-05
5.03407e-05
5.04568e-05
5.05759e-05
5.07448e-05
5.08348e-05
5.09923e-05
5.11917e-05
5.13905e-05
5.16114e-05
5.18584e-05
5.21366e-05
5.24513e-05
5.28087e-05
5.32154e-05
5.36785e-05
5.42053e-05
5.48026e-05
5.54761e-05
5.62292e-05
5.70615e-05
5.79664e-05
5.8929e-05
5.99224e-05
6.0904e-05
6.18103e-05
6.25526e-05
6.30204e-05
6.29682e-05
6.23656e-05
6.09357e-05
5.85144e-05
5.50388e-05
5.05986e-05
4.5262e-05
3.97697e-05
3.65455e-05
3.76088e-05
3.85571e-05
3.49506e-05
2.15447e-05
2.72259e-06
1.17619e-07
6.99686e-06
1.67604e-05
2.31221e-05
2.78814e-05
3.1653e-05
3.47336e-05
3.69644e-05
3.95193e-05
4.25422e-05
4.50321e-05
4.72476e-05
4.9117e-05
5.0593e-05
5.16689e-05
5.23729e-05
5.27562e-05
5.28819e-05
5.28156e-05
5.26181e-05
5.23418e-05
5.20284e-05
5.17087e-05
5.14032e-05
5.11245e-05
5.08786e-05
5.06678e-05
5.04914e-05
5.03474e-05
5.02334e-05
5.01468e-05
5.0085e-05
5.00457e-05
5.00269e-05
5.00269e-05
5.0044e-05
5.00769e-05
5.01249e-05
5.01864e-05
5.02612e-05
5.03526e-05
5.04405e-05
5.06031e-05
5.06756e-05
5.07981e-05
5.09912e-05
5.11727e-05
5.13758e-05
5.1603e-05
5.1858e-05
5.21446e-05
5.2467e-05
5.28296e-05
5.32368e-05
5.36926e-05
5.42005e-05
5.47623e-05
5.53774e-05
5.60418e-05
5.67461e-05
5.74739e-05
5.81996e-05
5.88851e-05
5.94762e-05
5.9899e-05
5.99976e-05
5.9764e-05
5.89649e-05
5.74284e-05
5.50047e-05
5.16384e-05
4.746e-05
4.27522e-05
3.78212e-05
3.52086e-05
3.6647e-05
3.8053e-05
3.50582e-05
2.23693e-05
2.8891e-06
1.08457e-07
6.85533e-06
1.65886e-05
2.29823e-05
2.77319e-05
3.15033e-05
3.45909e-05
3.7124e-05
3.9344e-05
4.20148e-05
4.46554e-05
4.68831e-05
4.88727e-05
5.05508e-05
5.18816e-05
5.28642e-05
5.35243e-05
5.39041e-05
5.40539e-05
5.40253e-05
5.38665e-05
5.36197e-05
5.332e-05
5.29945e-05
5.26639e-05
5.23423e-05
5.20394e-05
5.1761e-05
5.15105e-05
5.12891e-05
5.10972e-05
5.09341e-05
5.07987e-05
5.06898e-05
5.06058e-05
5.05453e-05
5.05066e-05
5.04885e-05
5.04897e-05
5.05083e-05
5.05466e-05
5.05953e-05
5.06683e-05
5.07777e-05
5.08332e-05
5.09386e-05
5.10952e-05
5.12496e-05
5.14231e-05
5.16188e-05
5.18383e-05
5.20835e-05
5.23564e-05
5.26588e-05
5.29917e-05
5.33555e-05
5.37489e-05
5.41686e-05
5.46082e-05
5.50574e-05
5.55006e-05
5.5915e-05
5.6269e-05
5.65189e-05
5.66072e-05
5.64287e-05
5.59226e-05
5.49402e-05
5.33325e-05
5.09687e-05
4.78006e-05
4.39612e-05
3.98597e-05
3.56273e-05
3.374e-05
3.55883e-05
3.73931e-05
3.5052e-05
2.31889e-05
3.05514e-06
1.02433e-07
6.79034e-06
1.64961e-05
2.28752e-05
2.75649e-05
3.13193e-05
3.44427e-05
3.71043e-05
3.94021e-05
4.17207e-05
4.42902e-05
4.67554e-05
4.88293e-05
5.06586e-05
5.22012e-05
5.34337e-05
5.43591e-05
5.49996e-05
5.53894e-05
5.55683e-05
5.5577e-05
5.54545e-05
5.52357e-05
5.49506e-05
5.4624e-05
5.42759e-05
5.39217e-05
5.3573e-05
5.32383e-05
5.29233e-05
5.26321e-05
5.23668e-05
5.21285e-05
5.19174e-05
5.17331e-05
5.15748e-05
5.14411e-05
5.13308e-05
5.12423e-05
5.1174e-05
5.11251e-05
5.10934e-05
5.10758e-05
5.10838e-05
5.10973e-05
5.11084e-05
5.11427e-05
5.12087e-05
5.12737e-05
5.13558e-05
5.145e-05
5.1557e-05
5.1677e-05
5.18095e-05
5.19534e-05
5.21068e-05
5.2267e-05
5.24292e-05
5.25868e-05
5.27304e-05
5.2847e-05
5.29187e-05
5.29216e-05
5.28235e-05
5.25818e-05
5.21085e-05
5.13765e-05
5.02604e-05
4.86439e-05
4.64275e-05
4.35772e-05
4.02122e-05
3.69658e-05
3.37511e-05
3.21075e-05
3.44591e-05
3.66609e-05
3.49439e-05
2.39918e-05
3.21974e-06
1.0093e-07
6.89648e-06
1.66352e-05
2.29477e-05
2.74955e-05
3.11811e-05
3.43302e-05
3.70848e-05
3.95589e-05
4.1917e-05
4.42683e-05
4.67158e-05
4.9038e-05
5.10651e-05
5.27772e-05
5.42211e-05
5.53851e-05
5.62743e-05
5.69077e-05
5.73127e-05
5.75208e-05
5.7565e-05
5.74768e-05
5.72857e-05
5.70174e-05
5.66945e-05
5.63359e-05
5.59568e-05
5.55698e-05
5.51844e-05
5.48078e-05
5.44456e-05
5.41012e-05
5.37769e-05
5.34741e-05
5.31931e-05
5.29335e-05
5.26946e-05
5.24751e-05
5.22736e-05
5.20885e-05
5.19182e-05
5.17611e-05
5.16126e-05
5.14883e-05
5.13288e-05
5.12213e-05
5.11217e-05
5.0981e-05
5.0884e-05
5.0774e-05
5.06654e-05
5.05563e-05
5.04442e-05
5.03273e-05
5.0203e-05
5.00687e-05
4.99201e-05
4.97524e-05
4.95584e-05
4.93298e-05
4.9054e-05
4.87163e-05
4.82954e-05
4.77596e-05
4.71164e-05
4.62099e-05
4.50179e-05
4.35132e-05
4.16296e-05
3.93415e-05
3.66956e-05
3.40854e-05
3.17499e-05
3.11132e-05
3.32343e-05
3.59162e-05
3.4704e-05
2.47146e-05
3.38268e-06
1.06961e-07
7.20334e-06
1.72294e-05
2.34261e-05
2.77365e-05
3.12797e-05
3.44207e-05
3.72727e-05
3.99076e-05
4.24526e-05
4.49312e-05
4.72447e-05
4.96544e-05
5.17652e-05
5.37799e-05
5.54579e-05
5.68231e-05
5.79322e-05
5.87904e-05
5.94136e-05
5.9824e-05
6.00468e-05
6.01087e-05
6.00359e-05
5.98529e-05
5.95822e-05
5.92437e-05
5.88548e-05
5.84302e-05
5.79821e-05
5.75206e-05
5.70535e-05
5.6587e-05
5.61256e-05
5.56723e-05
5.52291e-05
5.47971e-05
5.43764e-05
5.39666e-05
5.35671e-05
5.31763e-05
5.27935e-05
5.24158e-05
5.20433e-05
5.16711e-05
5.13084e-05
5.091e-05
5.05063e-05
5.01932e-05
4.98265e-05
4.93957e-05
4.89986e-05
4.85915e-05
4.81707e-05
4.77374e-05
4.72905e-05
4.68286e-05
4.63495e-05
4.58513e-05
4.53301e-05
4.47831e-05
4.42029e-05
4.35847e-05
4.29147e-05
4.21828e-05
4.13615e-05
4.04717e-05
3.94465e-05
3.82305e-05
3.67287e-05
3.49042e-05
3.27425e-05
3.07131e-05
2.93555e-05
2.95364e-05
3.25591e-05
3.51197e-05
3.43327e-05
2.53277e-05
3.54593e-06
1.24015e-07
7.84736e-06
1.83734e-05
2.45462e-05
2.8561e-05
3.19246e-05
3.50422e-05
3.80109e-05
4.08969e-05
4.36137e-05
4.61363e-05
4.86989e-05
5.11067e-05
5.33282e-05
5.54364e-05
5.72389e-05
5.89015e-05
6.02008e-05
6.12268e-05
6.20112e-05
6.25694e-05
6.29209e-05
6.30876e-05
6.30922e-05
6.29569e-05
6.27033e-05
6.2351e-05
6.1918e-05
6.14202e-05
6.08715e-05
6.02837e-05
5.96669e-05
5.90289e-05
5.83759e-05
5.77125e-05
5.70424e-05
5.6368e-05
5.56913e-05
5.50129e-05
5.43341e-05
5.36535e-05
5.29732e-05
5.2288e-05
5.16057e-05
5.09123e-05
5.02259e-05
4.95206e-05
4.87625e-05
4.80879e-05
4.74068e-05
4.67011e-05
4.59891e-05
4.52227e-05
4.44744e-05
4.37273e-05
4.29758e-05
4.22208e-05
4.14614e-05
4.07001e-05
3.99352e-05
3.91703e-05
3.84012e-05
3.76333e-05
3.68572e-05
3.60798e-05
3.52803e-05
3.44698e-05
3.36097e-05
3.27029e-05
3.16806e-05
3.05706e-05
2.93551e-05
2.83129e-05
2.78725e-05
2.85777e-05
3.13311e-05
3.47035e-05
3.37881e-05
2.57081e-05
3.71235e-06
1.56059e-07
8.90224e-06
1.9973e-05
2.59715e-05
2.9955e-05
3.32375e-05
3.6384e-05
3.9439e-05
4.22535e-05
4.48872e-05
4.79556e-05
5.08467e-05
5.34618e-05
5.58959e-05
5.79647e-05
5.98115e-05
6.13968e-05
6.28216e-05
6.39597e-05
6.476e-05
6.53186e-05
6.56541e-05
6.57861e-05
6.57352e-05
6.55221e-05
6.51671e-05
6.46894e-05
6.41068e-05
6.34356e-05
6.26908e-05
6.18845e-05
6.103e-05
6.0133e-05
5.92004e-05
5.82389e-05
5.72547e-05
5.62524e-05
5.52376e-05
5.42115e-05
5.31806e-05
5.21422e-05
5.11039e-05
5.00578e-05
4.90278e-05
4.7975e-05
4.69563e-05
4.588e-05
4.48593e-05
4.38827e-05
4.28677e-05
4.18772e-05
4.08697e-05
3.99553e-05
3.89787e-05
3.79975e-05
3.70749e-05
3.61732e-05
3.5293e-05
3.44413e-05
3.36166e-05
3.2829e-05
3.20741e-05
3.13673e-05
3.0698e-05
3.0089e-05
2.95177e-05
2.90169e-05
2.85442e-05
2.81436e-05
2.77426e-05
2.74123e-05
2.7081e-05
2.69613e-05
2.72253e-05
2.8379e-05
3.0949e-05
3.3716e-05
3.30992e-05
2.54592e-05
3.89101e-06
2.07923e-07
1.0438e-05
2.18808e-05
2.72342e-05
3.05536e-05
3.3666e-05
3.67951e-05
3.99193e-05
4.30305e-05
4.63123e-05
4.95329e-05
5.25521e-05
5.53634e-05
5.78789e-05
5.99713e-05
6.17302e-05
6.30488e-05
6.41325e-05
6.51348e-05
6.57958e-05
6.61232e-05
6.62207e-05
6.61073e-05
6.58028e-05
6.53275e-05
6.47009e-05
6.39419e-05
6.30682e-05
6.20964e-05
6.10424e-05
5.99182e-05
5.87429e-05
5.74957e-05
5.62005e-05
5.48716e-05
5.35224e-05
5.21612e-05
5.0799e-05
4.94335e-05
4.80856e-05
4.67363e-05
4.54115e-05
4.41042e-05
4.28499e-05
4.15514e-05
4.03443e-05
3.91848e-05
3.80222e-05
3.69e-05
3.58138e-05
3.4783e-05
3.37581e-05
3.28477e-05
3.19192e-05
3.10163e-05
3.0186e-05
2.94034e-05
2.8671e-05
2.79977e-05
2.73796e-05
2.68317e-05
2.63461e-05
2.59455e-05
2.5613e-05
2.53829e-05
2.52235e-05
2.51852e-05
2.5213e-05
2.53778e-05
2.55891e-05
2.59449e-05
2.63231e-05
2.68903e-05
2.76192e-05
2.89193e-05
3.10259e-05
3.33665e-05
3.23723e-05
2.48972e-05
3.98281e-06
2.86637e-07
1.18659e-05
2.27937e-05
2.70238e-05
2.95086e-05
3.22022e-05
3.515e-05
3.81895e-05
4.1262e-05
4.4284e-05
4.70845e-05
4.96739e-05
5.20384e-05
5.412e-05
5.58867e-05
5.73124e-05
5.84088e-05
5.90423e-05
5.95509e-05
5.98971e-05
5.98721e-05
5.96147e-05
5.91521e-05
5.85086e-05
5.77068e-05
5.67683e-05
5.57134e-05
5.45602e-05
5.33276e-05
5.20323e-05
5.06893e-05
4.931e-05
4.79208e-05
4.65231e-05
4.51202e-05
4.37284e-05
4.23518e-05
4.09994e-05
3.96633e-05
3.83805e-05
3.70868e-05
3.5882e-05
3.47445e-05
3.36254e-05
3.2556e-05
3.15369e-05
3.05656e-05
2.96522e-05
2.87756e-05
2.79864e-05
2.72377e-05
2.65122e-05
2.58654e-05
2.52838e-05
2.47611e-05
2.43032e-05
2.39143e-05
2.35911e-05
2.33346e-05
2.31409e-05
2.3027e-05
2.2982e-05
2.30274e-05
2.31418e-05
2.33612e-05
2.36468e-05
2.40546e-05
2.45193e-05
2.51219e-05
2.57588e-05
2.65357e-05
2.73081e-05
2.8196e-05
2.91122e-05
3.01722e-05
3.16885e-05
3.30881e-05
3.13704e-05
2.40801e-05
4.01655e-06
3.82828e-07
1.24244e-05
2.06107e-05
2.24315e-05
2.3862e-05
2.57039e-05
2.78653e-05
3.02112e-05
3.26183e-05
3.49084e-05
3.70069e-05
3.89003e-05
4.05708e-05
4.19952e-05
4.31707e-05
4.40778e-05
4.4729e-05
4.50912e-05
4.52117e-05
4.52267e-05
4.50732e-05
4.47002e-05
4.41817e-05
4.35386e-05
4.27902e-05
4.19553e-05
4.10506e-05
4.00899e-05
3.90927e-05
3.80717e-05
3.70365e-05
3.59956e-05
3.4967e-05
3.39478e-05
3.2948e-05
3.19924e-05
3.10716e-05
3.0179e-05
2.93216e-05
2.85105e-05
2.77424e-05
2.70096e-05
2.63393e-05
2.56908e-05
2.51411e-05
2.4601e-05
2.40983e-05
2.36688e-05
2.32893e-05
2.29638e-05
2.26928e-05
2.24715e-05
2.23023e-05
2.21868e-05
2.21254e-05
2.21177e-05
2.21654e-05
2.22668e-05
2.24282e-05
2.26431e-05
2.2925e-05
2.32534e-05
2.36454e-05
2.40811e-05
2.45928e-05
2.51395e-05
2.57768e-05
2.64342e-05
2.71958e-05
2.79508e-05
2.88074e-05
2.96168e-05
3.04634e-05
3.12751e-05
3.18791e-05
3.27791e-05
3.2645e-05
3.00952e-05
2.24132e-05
3.90628e-06
4.60482e-07
1.14481e-05
1.53438e-05
1.5588e-05
1.63902e-05
1.75765e-05
1.89456e-05
2.04004e-05
2.18665e-05
2.32633e-05
2.45601e-05
2.5739e-05
2.67847e-05
2.76855e-05
2.8448e-05
2.90629e-05
2.95047e-05
2.98207e-05
3.00094e-05
3.00589e-05
3.00637e-05
2.99823e-05
2.97967e-05
2.95476e-05
2.9246e-05
2.89041e-05
2.85284e-05
2.81274e-05
2.77228e-05
2.7312e-05
2.68949e-05
2.64831e-05
2.60873e-05
2.57038e-05
2.53433e-05
2.49899e-05
2.46891e-05
2.43917e-05
2.41121e-05
2.3872e-05
2.36629e-05
2.34785e-05
2.33274e-05
2.31998e-05
2.31073e-05
2.30435e-05
2.3009e-05
2.30111e-05
2.30474e-05
2.31166e-05
2.32165e-05
2.33478e-05
2.35074e-05
2.36972e-05
2.39138e-05
2.41603e-05
2.44326e-05
2.47346e-05
2.5063e-05
2.542e-05
2.5806e-05
2.62175e-05
2.66726e-05
2.7143e-05
2.76679e-05
2.81869e-05
2.87804e-05
2.93386e-05
2.99947e-05
3.0572e-05
3.12581e-05
3.1809e-05
3.2419e-05
3.28737e-05
3.29279e-05
3.31626e-05
3.08888e-05
2.7421e-05
1.90553e-05
3.56087e-06
5.14346e-07
9.84375e-06
1.17645e-05
1.37156e-05
1.56721e-05
1.75131e-05
1.91806e-05
2.06408e-05
2.18826e-05
2.29127e-05
2.3755e-05
2.44369e-05
2.49858e-05
2.54172e-05
2.57745e-05
2.60627e-05
2.61854e-05
2.63343e-05
2.64371e-05
2.64723e-05
2.64765e-05
2.64606e-05
2.64206e-05
2.63617e-05
2.62881e-05
2.62041e-05
2.61127e-05
2.60171e-05
2.59189e-05
2.5824e-05
2.57232e-05
2.56336e-05
2.55613e-05
2.54902e-05
2.54188e-05
2.53569e-05
2.531e-05
2.52744e-05
2.52482e-05
2.52338e-05
2.52312e-05
2.52412e-05
2.5263e-05
2.52981e-05
2.53443e-05
2.54046e-05
2.5476e-05
2.55576e-05
2.56482e-05
2.57513e-05
2.58645e-05
2.59919e-05
2.61299e-05
2.62839e-05
2.64491e-05
2.66319e-05
2.6827e-05
2.70404e-05
2.72684e-05
2.75131e-05
2.77781e-05
2.80527e-05
2.83622e-05
2.86622e-05
2.90302e-05
2.93179e-05
2.97309e-05
2.99807e-05
3.04394e-05
3.06209e-05
3.1099e-05
3.11748e-05
3.16165e-05
3.13322e-05
3.1084e-05
3.01018e-05
2.78172e-05
2.28918e-05
1.19479e-05
3.06045e-06
3.16672e-07
6.1006e-07
9.29893e-07
1.25548e-06
1.56961e-06
1.86372e-06
2.13749e-06
2.39153e-06
2.62408e-06
2.8338e-06
3.01933e-06
3.18122e-06
3.31933e-06
3.43657e-06
3.53215e-06
3.61247e-06
3.67307e-06
3.71798e-06
3.75168e-06
3.77162e-06
3.78316e-06
3.78233e-06
3.7775e-06
3.76656e-06
3.74918e-06
3.72761e-06
3.70268e-06
3.67517e-06
3.64573e-06
3.61493e-06
3.58341e-06
3.55128e-06
3.51937e-06
3.48796e-06
3.45725e-06
3.42725e-06
3.39851e-06
3.37101e-06
3.34516e-06
3.32073e-06
3.29826e-06
3.27736e-06
3.25867e-06
3.24162e-06
3.22702e-06
3.21404e-06
3.20373e-06
3.195e-06
3.18898e-06
3.18452e-06
3.18282e-06
3.1834e-06
3.18559e-06
3.18947e-06
3.19784e-06
3.20493e-06
3.21959e-06
3.23006e-06
3.25137e-06
3.26531e-06
3.29357e-06
3.31093e-06
3.34616e-06
3.36707e-06
3.40965e-06
3.43765e-06
3.49477e-06
3.52935e-06
3.59786e-06
3.64095e-06
3.71519e-06
3.76719e-06
3.84083e-06
3.90046e-06
3.95732e-06
3.99313e-06
3.97339e-06
3.87617e-06
3.56287e-06
2.62752e-06
)
;

boundaryField
{
    movingWall
    {
        type            nutkWallFunction;
        Cmu             0.09;
        kappa           0.41;
        E               9.8;
        value           uniform 0;
    }
    fixedWalls
    {
        type            nutkWallFunction;
        Cmu             0.09;
        kappa           0.41;
        E               9.8;
        value           uniform 0;
    }
    frontAndBack
    {
        type            empty;
    }
}


// ************************************************************************* //
