/*--------------------------------*- C++ -*----------------------------------*\
  =========                 |
  \\      /  F ield         | OpenFOAM: The Open Source CFD Toolbox
   \\    /   O peration     | Website:  https://openfoam.org
    \\  /    A nd           | Version:  13
     \\/     M anipulation  |
\*---------------------------------------------------------------------------*/
FoamFile
{
    format      ascii;
    class       volScalarField;
    location    "2.7";
    object      epsilon;
}
// * * * * * * * * * * * * * * * * * * * * * * * * * * * * * * * * * * * * * //

dimensions      [0 2 -3 0 0 0 0];

internalField   nonuniform List<scalar> 
6400
(
2.02045e-05
0.000102709
0.000237552
0.000383791
0.000516934
0.000631003
0.000731325
0.000826706
0.000925152
0.00103242
0.00115249
0.00128752
0.00143906
0.00160899
0.00179767
0.00200584
0.00223361
0.00247965
0.002741
0.0030143
0.00329914
0.00360434
0.00395175
0.00436048
0.00483744
0.00536719
0.00591667
0.00646977
0.00704006
0.00763922
0.00827383
0.00893905
0.00960279
0.0102572
0.0109023
0.0115394
0.0121809
0.0128309
0.0134997
0.0141928
0.0149181
0.0156796
0.0164848
0.0173408
0.0182416
0.0191897
0.0201887
0.0212724
0.0225012
0.0240331
0.0256187
0.0272211
0.0287974
0.0303157
0.0317264
0.0329731
0.0339916
0.0346462
0.0349605
0.0350483
0.0345585
0.0334846
0.0318537
0.0296914
0.0270389
0.0240015
0.0207371
0.017423
0.0141737
0.0110931
0.00831573
0.00611467
0.00431867
0.00291429
0.00188134
0.00116082
0.000681034
0.00037016
0.000163111
3.36169e-05
0.00010037
8.86459e-05
0.000133796
0.00019291
0.000250819
0.000305956
0.000360331
0.000417234
0.00048008
0.000552011
0.000635947
0.000734552
0.000850854
0.000988834
0.00115312
0.00134932
0.00158382
0.00186347
0.00219515
0.00258631
0.003046
0.00358564
0.00420831
0.00493617
0.00577487
0.00671313
0.00774577
0.008853
0.0099673
0.011048
0.0120405
0.0128925
0.0135953
0.0141576
0.0145877
0.014914
0.0151565
0.0153388
0.0154824
0.0156053
0.0157221
0.0158488
0.0159993
0.0161507
0.0163085
0.0164786
0.0166914
0.0169515
0.0172585
0.0176128
0.0180101
0.0184201
0.0188446
0.0192539
0.019634
0.0199545
0.020155
0.02023
0.0201881
0.0199708
0.0195205
0.018826
0.0178753
0.0166679
0.0152326
0.0136165
0.0118901
0.0101273
0.00840555
0.00679169
0.00534262
0.00413705
0.00312171
0.00227297
0.00158036
0.00103545
0.000627202
0.000343072
0.000173168
0.000174852
0.000228033
0.000153332
0.000175391
0.00021482
0.000259118
0.000308428
0.000365352
0.000433264
0.000516019
0.000618206
0.000744127
0.000899242
0.00109039
0.00132596
0.00161655
0.00197375
0.00240887
0.00293247
0.00355268
0.00427394
0.00509628
0.00601543
0.00702136
0.00806697
0.00908979
0.0100163
0.0107688
0.0113039
0.0117
0.0119785
0.0121998
0.012374
0.0124383
0.012424
0.0123232
0.0122174
0.0121023
0.0120005
0.0119208
0.0118818
0.0118695
0.0118923
0.0119627
0.0120946
0.0122941
0.0125599
0.0128734
0.0132389
0.013651
0.0141065
0.0146014
0.0151251
0.0156707
0.0162222
0.0167639
0.0172722
0.0177194
0.0180792
0.0182693
0.0183221
0.0181826
0.0177842
0.017097
0.0161241
0.0148952
0.0134555
0.0118658
0.0102021
0.00854048
0.00695735
0.00551792
0.0042729
0.00323175
0.00238548
0.00171318
0.00118616
0.000777631
0.000470444
0.00028961
0.000440032
0.000400137
0.000255892
0.000266129
0.00030045
0.00034858
0.000408911
0.000485123
0.000582088
0.00070567
0.00086263
0.00106166
0.00131283
0.0016278
0.00201957
0.00250106
0.00308384
0.00377536
0.00457464
0.00546846
0.00642875
0.00741251
0.00836351
0.00921583
0.00990738
0.0103855
0.0106773
0.0108227
0.0108894
0.0108803
0.01071
0.010482
0.010186
0.00992477
0.00973363
0.00956009
0.0094287
0.00933876
0.00929769
0.0092877
0.00932749
0.00941634
0.00955153
0.00973662
0.0099715
0.0102555
0.010587
0.0109643
0.0113887
0.0118592
0.0123746
0.0129326
0.0135288
0.0141576
0.014809
0.0154697
0.0161204
0.0167364
0.0172864
0.0177316
0.0179862
0.0180704
0.0179433
0.0175657
0.0168773
0.0158193
0.0144854
0.0129224
0.0112084
0.00943496
0.00770051
0.00609523
0.00468753
0.00351237
0.00257367
0.0018485
0.00130067
0.000888663
0.000583064
0.000415252
0.000701506
0.000627264
0.00039006
0.00038659
0.000423442
0.00048536
0.000568107
0.000676677
0.000818251
0.00100178
0.00123789
0.00153895
0.00191854
0.00239054
0.00296723
0.00365611
0.00445572
0.00535082
0.00630792
0.007274
0.0081815
0.00895807
0.00954678
0.0098892
0.0100487
0.0101047
0.0100403
0.00978001
0.009409
0.00905574
0.00872339
0.00843109
0.00816957
0.00796683
0.00781253
0.00769881
0.00764029
0.00761807
0.0076188
0.0076744
0.00776296
0.0078908
0.00805442
0.00825525
0.00849268
0.00876742
0.00908033
0.00943299
0.00982735
0.0102649
0.0107473
0.0112758
0.0118504
0.0124698
0.0131307
0.0138268
0.0145465
0.0152722
0.0159798
0.0166373
0.0172017
0.0175899
0.01775
0.0177221
0.0173702
0.0167482
0.0156495
0.0142186
0.0125259
0.0106648
0.0087553
0.00692431
0.00528103
0.00389766
0.00279951
0.00197022
0.00136698
0.000936802
0.000638391
0.000499316
0.000878207
0.000923642
0.000557046
0.000536088
0.000583429
0.000667832
0.000783876
0.00093796
0.00114001
0.00140234
0.00173891
0.00216436
0.00269222
0.00333211
0.00408565
0.00494132
0.00586946
0.00681973
0.0077234
0.0085018
0.00908846
0.00940143
0.00953111
0.00956075
0.00939093
0.0090083
0.00858572
0.00816436
0.00778156
0.00744471
0.00715602
0.00691828
0.00672757
0.00658511
0.0064825
0.00642278
0.00639686
0.00639095
0.00641673
0.00647529
0.00655701
0.00666533
0.00679796
0.00695589
0.00713927
0.00734954
0.00758849
0.00785872
0.00816339
0.0085062
0.0088912
0.00932302
0.00980608
0.0103441
0.0109399
0.0115944
0.0123066
0.0130708
0.0138749
0.0147001
0.015513
0.0162682
0.0169081
0.0172903
0.0174209
0.0172364
0.0167304
0.0156292
0.0141214
0.0122811
0.0102336
0.00814851
0.00619426
0.00450541
0.00315479
0.00214811
0.00144033
0.000963632
0.000659583
0.000542265
0.000958249
0.00130284
0.000759146
0.000719535
0.000784469
0.00090015
0.00106027
0.00127267
0.00154983
0.00190653
0.00235785
0.00291653
0.00358931
0.00437218
0.00524501
0.00616723
0.00707687
0.00789641
0.00854721
0.00893305
0.00909574
0.00913441
0.00896401
0.00855222
0.00807936
0.00762342
0.00719233
0.00680993
0.00648246
0.00620744
0.0059818
0.00580127
0.00566081
0.00555637
0.00548218
0.0054378
0.0054173
0.00541147
0.00542607
0.00546271
0.00551444
0.00558316
0.00566736
0.00576819
0.00588613
0.0060227
0.00617971
0.00635974
0.00656599
0.00680258
0.00707429
0.00738693
0.00774727
0.00816367
0.00864452
0.00919832
0.00983357
0.0105564
0.0113676
0.012262
0.0132294
0.0142415
0.0152519
0.0161886
0.0169345
0.017291
0.0173578
0.0169854
0.0159057
0.0142901
0.0122311
0.00992713
0.00761102
0.00550736
0.00377563
0.00247777
0.00158435
0.00101249
0.000674396
0.000558809
0.000971241
0.00177533
0.000999121
0.00094196
0.0010312
0.00118661
0.00140072
0.00168224
0.0020451
0.00250416
0.00307138
0.00375137
0.00453608
0.00539949
0.00629417
0.00715211
0.00789234
0.00842869
0.00868684
0.0087709
0.00867942
0.00831689
0.00782966
0.00733226
0.00685476
0.00642859
0.00605435
0.00573744
0.00547291
0.00525499
0.00507815
0.00493679
0.00482604
0.00474149
0.00467927
0.00463671
0.0046131
0.00460333
0.00460217
0.00461839
0.00464494
0.00468334
0.00473278
0.00479395
0.0048674
0.00495432
0.0050562
0.00517504
0.00531337
0.0054744
0.00566212
0.00588143
0.00613846
0.00644075
0.0067973
0.0072193
0.00771957
0.00831289
0.00901671
0.00984373
0.0108034
0.0118928
0.0130962
0.014372
0.0156399
0.0167726
0.017486
0.0177527
0.0175685
0.0164906
0.0146744
0.0123122
0.00967321
0.00708233
0.00482833
0.00308387
0.00187701
0.00112482
0.000708381
0.000568731
0.000966031
0.00234873
0.00128086
0.00120841
0.00132661
0.0015293
0.00180512
0.0021625
0.00261455
0.00317242
0.00383956
0.00460595
0.00544272
0.00629921
0.00710483
0.0077782
0.00821341
0.00839934
0.0084338
0.00820544
0.00776554
0.00724332
0.00672582
0.00624722
0.00582265
0.00545829
0.00514919
0.00489181
0.00467876
0.00450391
0.00436178
0.00424751
0.00415709
0.00408708
0.00403469
0.00399769
0.00397536
0.00396508
0.00396236
0.00397151
0.00399069
0.00401901
0.00405646
0.00410331
0.00416
0.00422734
0.00430643
0.00439869
0.0045059
0.0046303
0.0047746
0.00494211
0.00513684
0.00536364
0.00562889
0.00594066
0.00630958
0.00675001
0.00728139
0.00792758
0.0087161
0.0096797
0.0108383
0.0121887
0.0137068
0.0153083
0.016838
0.0179486
0.0184231
0.0184205
0.0172618
0.0151626
0.0123965
0.00935588
0.00648204
0.00412029
0.00242708
0.00136322
0.000791395
0.000593464
0.000984883
0.00304871
0.00161483
0.00152167
0.00167184
0.00192681
0.00226832
0.00270223
0.00323759
0.00387735
0.00461135
0.00541069
0.00622486
0.00698403
0.007608
0.00797956
0.00812002
0.00810248
0.00778995
0.00730749
0.00677404
0.00624428
0.00576378
0.00534263
0.00498295
0.00468024
0.00442737
0.0042181
0.00404567
0.00390478
0.00379088
0.00370015
0.00362946
0.00357613
0.00353785
0.00351368
0.00350233
0.00349887
0.00350356
0.00351969
0.00354335
0.00357515
0.0036148
0.00366256
0.0037188
0.00378416
0.00385949
0.00394582
0.00404443
0.00415691
0.00428508
0.00443109
0.00459748
0.00478726
0.00500421
0.00525299
0.00553978
0.00587297
0.00626374
0.0067301
0.00729994
0.00801402
0.00892708
0.0100918
0.0115394
0.0132648
0.0151896
0.0171275
0.0186541
0.0193494
0.0194207
0.0181094
0.0156002
0.0123249
0.00885177
0.00574229
0.00336804
0.00181684
0.000970432
0.000655496
0.00105869
0.00387447
0.00200105
0.00188043
0.00206407
0.0023733
0.00277966
0.00328353
0.00388627
0.00457866
0.00533372
0.00610337
0.00682021
0.00740588
0.00774234
0.00786309
0.00779332
0.00745242
0.00695103
0.0064032
0.00586878
0.00538305
0.00496248
0.00460475
0.00430499
0.0040555
0.00384917
0.00367984
0.00354198
0.00343125
0.00334388
0.00327675
0.00322707
0.00319241
0.00317254
0.00316399
0.00316226
0.00317007
0.00318658
0.00321078
0.00324164
0.00327938
0.00332392
0.0033756
0.00343486
0.00350237
0.00357896
0.00366565
0.00376363
0.0038743
0.00399918
0.00413994
0.00429841
0.00447654
0.0046765
0.00490073
0.0051523
0.00543538
0.00575614
0.00612411
0.00655268
0.00706116
0.00768983
0.00851672
0.00964279
0.0111485
0.0130506
0.0152942
0.017664
0.0195809
0.0204397
0.0205127
0.0188821
0.015796
0.0119309
0.00805349
0.00483166
0.00258908
0.00131003
0.000790233
0.00122921
0.00480838
0.00243373
0.0022802
0.00249679
0.00285871
0.00332372
0.0038837
0.00452916
0.0052362
0.00596088
0.00663993
0.00719793
0.00751742
0.00762785
0.00753344
0.00718141
0.00668426
0.00612477
0.00558195
0.00509036
0.004665
0.00430615
0.00400634
0.00375822
0.00355407
0.00338757
0.0032533
0.00314666
0.00306379
0.00300136
0.00295626
0.00292587
0.00291031
0.00290433
0.00290385
0.00291318
0.00292946
0.00295214
0.00298058
0.0030146
0.00305438
0.00310016
0.00315245
0.00321191
0.00327937
0.00335584
0.00344248
0.00354062
0.00365171
0.00377733
0.00391912
0.00407875
0.00425787
0.00445799
0.00468049
0.00492661
0.00519763
0.00549545
0.0058236
0.006189
0.00660434
0.00708485
0.0076646
0.00841287
0.00946627
0.0109993
0.0130607
0.0156274
0.0184462
0.0206977
0.021647
0.0216082
0.019369
0.0155476
0.0110581
0.00690717
0.00377936
0.00187669
0.00104207
0.00154461
0.0058321
0.00290671
0.00271387
0.00296029
0.00336945
0.0038818
0.00447801
0.00513569
0.00581602
0.00646122
0.00699996
0.00731647
0.00742396
0.00733172
0.00698838
0.00649273
0.00593098
0.00537542
0.00487339
0.00443937
0.00407442
0.00377162
0.00352221
0.00331857
0.00315378
0.00302223
0.002919
0.0028399
0.00278119
0.00273943
0.00271171
0.00269759
0.00269206
0.0026913
0.00269818
0.00271134
0.00272932
0.00275195
0.00277909
0.00281093
0.00284785
0.0028904
0.00293929
0.0029954
0.00305976
0.00313352
0.00321802
0.00331476
0.00342537
0.00355161
0.00369536
0.00385849
0.00404281
0.00424992
0.00448105
0.00473687
0.00501743
0.00532218
0.0056505
0.00600295
0.0063836
0.00680315
0.00727576
0.00783016
0.00853827
0.00954039
0.0110809
0.0133101
0.0162107
0.0194825
0.0219649
0.0229305
0.0224662
0.0193535
0.01464
0.00962006
0.00545894
0.00272854
0.00144071
0.00201582
0.00692049
0.00341134
0.00317192
0.00344237
0.00388974
0.00443401
0.00504269
0.00568005
0.00629456
0.00682016
0.00714467
0.00725554
0.00718425
0.00686243
0.00637674
0.0058117
0.00524426
0.00472529
0.00427734
0.00390145
0.00359128
0.0033376
0.00313182
0.00296675
0.0028361
0.00273457
0.00265748
0.0026006
0.00256012
0.00253279
0.00251675
0.00250933
0.0025069
0.00250792
0.00251515
0.00252596
0.0025403
0.00255823
0.00258
0.00260608
0.00263707
0.00267371
0.00271685
0.00276748
0.00282672
0.00289583
0.00297625
0.00306957
0.00317761
0.00330235
0.00344596
0.00361072
0.00379892
0.00401272
0.00425388
0.00452354
0.00482182
0.00514759
0.00549833
0.00587034
0.00626043
0.00666944
0.00710636
0.00758484
0.00813173
0.00882815
0.00982327
0.0113914
0.0138267
0.0171022
0.0208397
0.0233292
0.0241256
0.0228329
0.0185518
0.0129326
0.00767153
0.00390844
0.00200908
0.00263134
0.00804027
0.00393652
0.00364309
0.0039293
0.00440301
0.00496116
0.00555725
0.00614334
0.00665901
0.00699951
0.00712151
0.00708563
0.00679663
0.00632958
0.00576485
0.00518314
0.00464331
0.00417427
0.00378175
0.00345918
0.00319711
0.00298604
0.00281789
0.00268579
0.00258374
0.00250654
0.00244944
0.00240818
0.00237923
0.00235974
0.00234737
0.00234009
0.00233662
0.00233556
0.00233772
0.00234281
0.00235063
0.00236175
0.00237655
0.00239572
0.00241993
0.00245
0.00248681
0.00253135
0.00258472
0.00264817
0.00272315
0.00281128
0.00291448
0.00303489
0.00317496
0.00333739
0.00352506
0.0037409
0.00398764
0.0042675
0.00458169
0.0049299
0.00530977
0.00571655
0.00614323
0.006582
0.00702939
0.00749298
0.00798564
0.00854004
0.00924118
0.0102614
0.0119287
0.0146421
0.0183695
0.0225518
0.0246777
0.025118
0.0223898
0.0167299
0.0104423
0.00546279
0.00276296
0.00335665
0.00916785
0.00447019
0.00411479
0.0044068
0.00489322
0.00544639
0.00600603
0.00651456
0.0068799
0.0070252
0.00702389
0.00678353
0.00634518
0.0057868
0.00519117
0.00462582
0.00412916
0.00371259
0.0033717
0.00309627
0.00287591
0.00270143
0.00256506
0.00246009
0.00238059
0.00232131
0.00227752
0.00224531
0.00222161
0.00220396
0.00219048
0.0021799
0.0021715
0.00216503
0.00216129
0.00215983
0.00216033
0.00216465
0.0021728
0.00218564
0.00220376
0.00222793
0.00225898
0.00229779
0.00234538
0.00240292
0.00247175
0.00255348
0.00265
0.00276355
0.00289674
0.00305261
0.00323454
0.00344625
0.00369153
0.00397398
0.00429651
0.00466064
0.00506567
0.00550783
0.00597965
0.00646993
0.00696529
0.00745698
0.00795199
0.00846242
0.00903013
0.00975771
0.0108456
0.012709
0.0158358
0.0201753
0.024379
0.0260537
0.0255924
0.02077
0.0137761
0.00743744
0.00371748
0.0041485
0.0102683
0.00500028
0.00457495
0.0048615
0.00534627
0.00587617
0.00637788
0.00677906
0.00696832
0.00698917
0.00681442
0.00641611
0.00587356
0.00526769
0.00467416
0.00414297
0.00369438
0.00332768
0.00303293
0.00279846
0.00261381
0.00247007
0.00235959
0.00227571
0.00221255
0.00216492
0.00212849
0.00209995
0.00207676
0.00205707
0.00203969
0.002024
0.00200985
0.00199743
0.00198716
0.00197921
0.001975
0.00197371
0.00197618
0.00198405
0.00199742
0.00201691
0.00204321
0.00207709
0.00211943
0.00217127
0.00223382
0.00230857
0.00239735
0.00250236
0.00262625
0.00277222
0.00294401
0.00314589
0.00338262
0.00365913
0.00398018
0.00434963
0.00476949
0.00523869
0.00575173
0.00629764
0.00685956
0.00741645
0.00795134
0.00846622
0.00899118
0.00959725
0.0103694
0.0115823
0.0137594
0.0174327
0.0224633
0.0262291
0.0272612
0.0246452
0.0176091
0.00988668
0.0048908
0.00496805
0.0113123
0.00551485
0.00501228
0.00528176
0.00575124
0.00624233
0.00666949
0.00692083
0.00698251
0.00687598
0.00653252
0.00601901
0.00541137
0.00479054
0.00421928
0.00372995
0.00332868
0.00300717
0.00275278
0.00255341
0.00239874
0.00228001
0.00218964
0.00212104
0.00206852
0.00202728
0.00199368
0.00196507
0.00193956
0.00191596
0.00189372
0.00187273
0.0018532
0.00183554
0.00182022
0.00180774
0.00179887
0.00179455
0.00179343
0.00179737
0.00180738
0.00182337
0.00184596
0.00187577
0.00191353
0.00196013
0.00201666
0.00208446
0.0021652
0.00226097
0.00237434
0.00250849
0.00266729
0.00285533
0.00307797
0.00334123
0.00365149
0.00401492
0.00443664
0.00491928
0.00546129
0.00605501
0.00668504
0.00732763
0.00795322
0.00853889
0.0090665
0.0095867
0.0102312
0.0110851
0.0125137
0.0152316
0.0196624
0.0252349
0.0278407
0.0277739
0.0217432
0.0128736
0.00628907
0.0058109
0.0122751
0.00600328
0.00541703
0.00565826
0.00610049
0.00654124
0.00686388
0.00698776
0.00694191
0.00667894
0.00621339
0.00561817
0.00497661
0.00436295
0.0038247
0.00337886
0.00302152
0.00273995
0.00252033
0.00235054
0.00222041
0.00212125
0.00204564
0.00198723
0.00194073
0.00190206
0.00186832
0.00183754
0.00180851
0.00178064
0.00175386
0.00172839
0.00170466
0.00168317
0.00166444
0.00164898
0.0016373
0.00163057
0.00162798
0.00162905
0.00163671
0.00165014
0.00166983
0.00169629
0.00173011
0.00177205
0.00182305
0.0018843
0.00195729
0.00204393
0.00214663
0.00226841
0.00241305
0.0025852
0.00279048
0.00303555
0.00332795
0.00367579
0.00408703
0.00456822
0.00512263
0.00574777
0.00643267
0.00715549
0.00788256
0.00857193
0.00921382
0.00974298
0.0102549
0.0109405
0.0119312
0.0137223
0.017237
0.022738
0.0278828
0.0293807
0.0258314
0.0164394
0.00795585
0.00666678
0.0131354
0.00645652
0.0057813
0.0059839
0.00638765
0.0067657
0.00696897
0.00699598
0.00683508
0.00643943
0.00587895
0.00523086
0.0045786
0.00398584
0.00348508
0.00308109
0.00276325
0.00251639
0.00232631
0.00218096
0.00207031
0.00198585
0.00192043
0.00186815
0.0018244
0.00178586
0.00175039
0.00171668
0.00168409
0.0016525
0.00162215
0.00159346
0.00156693
0.00154306
0.00152235
0.00150523
0.0014921
0.00148387
0.00148033
0.00147989
0.0014857
0.0014972
0.00151456
0.00153819
0.0015686
0.00160643
0.00165247
0.00170777
0.00177365
0.00185181
0.00194442
0.00205429
0.00218494
0.00234086
0.00252763
0.0027521
0.00302245
0.00334811
0.00373931
0.00420611
0.00475672
0.0053949
0.00611653
0.00690584
0.00773243
0.0085502
0.00930343
0.0099633
0.0104859
0.0109861
0.0117491
0.0129702
0.0154212
0.0200003
0.0266523
0.0299986
0.0293582
0.0205622
0.00999148
0.0076098
0.0138886
0.00686863
0.0060999
0.00625531
0.00661349
0.00690979
0.00702231
0.00696016
0.00667132
0.00617542
0.00554546
0.00486756
0.00422075
0.00365645
0.00319383
0.00282846
0.00254543
0.00232838
0.002163
0.00203742
0.00194179
0.0018679
0.00180906
0.00176
0.00171691
0.00167724
0.00163951
0.00160297
0.00156744
0.0015331
0.00150036
0.00146969
0.00144159
0.00141651
0.00139486
0.00137699
0.00136319
0.001354
0.00134971
0.00134868
0.00135295
0.00136284
0.00137821
0.00139939
0.0014268
0.00146098
0.00150264
0.00155266
0.00161221
0.00168278
0.00176631
0.0018653
0.00198298
0.00212351
0.0022922
0.00249574
0.00274247
0.00304246
0.00340743
0.00385016
0.0043832
0.00501646
0.00575361
0.00658725
0.00749382
0.00842975
0.00933175
0.0101517
0.0107867
0.011274
0.0117616
0.0126754
0.0143402
0.0179166
0.0240608
0.0301054
0.031663
0.0250858
0.0125415
0.0087795
0.0145271
0.00723565
0.00636963
0.00647023
0.00677513
0.00698329
0.00702129
0.00687059
0.00647683
0.00590123
0.0052238
0.00453372
0.00390283
0.00337034
0.0029443
0.00261367
0.00236093
0.00216916
0.00202414
0.00191421
0.00182983
0.00176323
0.00170834
0.00166065
0.0016171
0.00157587
0.00153601
0.00149723
0.00145962
0.00142355
0.00138945
0.00135782
0.00132906
0.00130357
0.00128163
0.00126351
0.00124942
0.0012396
0.00123477
0.00123331
0.00123626
0.0012447
0.00125827
0.00127723
0.00130195
0.0013329
0.00137067
0.00141606
0.00147007
0.00153401
0.00160958
0.00169899
0.00180512
0.00193175
0.00208376
0.00226748
0.00249097
0.00276442
0.00310023
0.00351297
0.00401853
0.00463228
0.00536572
0.00622133
0.00718594
0.00822389
0.00927248
0.0102454
0.0110773
0.0116676
0.0120961
0.0126295
0.0138305
0.0163294
0.0215292
0.0291917
0.0327677
0.0296506
0.0157418
0.0102893
0.0150328
0.00755375
0.00658961
0.00662892
0.00687437
0.00700565
0.00698794
0.00673793
0.00626332
0.00562776
0.00492084
0.00423135
0.00362258
0.00312251
0.00273036
0.00243048
0.00220381
0.00203324
0.00190475
0.00180699
0.00173083
0.00166909
0.00161641
0.00156902
0.0015246
0.00148189
0.00144038
0.00140008
0.00136124
0.00132429
0.00128965
0.00125775
0.00122892
0.00120344
0.00118154
0.00116339
0.00114913
0.0011389
0.00113348
0.0011316
0.00113332
0.00114036
0.00115223
0.00116914
0.00119141
0.00121945
0.00125379
0.00129513
0.00134433
0.00140255
0.00147126
0.0015524
0.00164852
0.00176298
0.00190018
0.00206592
0.0022678
0.00251564
0.00282192
0.00320204
0.00367409
0.0042577
0.0049713
0.00582728
0.00682464
0.00794006
0.00911919
0.0102722
0.0113081
0.0120694
0.0125546
0.0129262
0.013678
0.0154281
0.0195205
0.0270464
0.0331448
0.0335324
0.0196868
0.0120904
0.0154014
0.00782374
0.00675851
0.0067351
0.00691486
0.00699225
0.00690822
0.00657967
0.00604068
0.00536256
0.0046404
0.00396032
0.0033768
0.00290808
0.00254661
0.00227362
0.00206918
0.00191622
0.001801
0.00171256
0.00164231
0.00158374
0.00153219
0.00148463
0.00143933
0.00139549
0.00135291
0.00131176
0.00127239
0.0012352
0.00120056
0.00116881
0.0011402
0.00111494
0.00109318
0.00107504
0.00106061
0.00104999
0.00104387
0.00104152
0.00104208
0.0010477
0.00105793
0.00107291
0.00109291
0.00111833
0.00114962
0.0011874
0.00123244
0.00128574
0.00134859
0.00142268
0.00151025
0.00161426
0.00173861
0.00188856
0.00207105
0.0022953
0.00257338
0.00292078
0.0033567
0.00390366
0.00458567
0.00542413
0.00643067
0.00759678
0.00888188
0.0102031
0.0114357
0.0124448
0.0130732
0.0134014
0.0137989
0.0150205
0.017973
0.024538
0.0331844
0.0360337
0.0245115
0.0140304
0.0156385
0.00804854
0.00687734
0.0067937
0.00690908
0.00694625
0.00679218
0.0064039
0.0058166
0.00511067
0.00438416
0.00371919
0.00316193
0.00272255
0.00238844
0.00213873
0.00195311
0.00181465
0.00170998
0.00162863
0.0015626
0.00150607
0.00145508
0.00140723
0.00136127
0.00131673
0.00127362
0.00123218
0.00119277
0.00115575
0.00112141
0.00109002
0.00106175
0.00103675
0.00101512
0.000996939
0.000982288
0.000971242
0.000964271
0.000961251
0.000960873
0.000965016
0.000973642
0.000986784
0.00100469
0.00102771
0.00105627
0.00109091
0.00113233
0.0011814
0.00123926
0.00130738
0.00138771
0.00148284
0.00159624
0.00173255
0.00189807
0.00210126
0.00235347
0.00266971
0.00306941
0.00357667
0.00421948
0.00502675
0.00602192
0.00721234
0.00857489
0.0100402
0.0114806
0.0127614
0.0136068
0.0140121
0.0142535
0.0149181
0.0170342
0.0223707
0.0320301
0.0374263
0.029883
0.016154
0.0157448
0.0082285
0.00695233
0.00680801
0.00687474
0.00686038
0.00665274
0.00621799
0.00559668
0.00487513
0.00415236
0.00350589
0.00297452
0.00256197
0.00225194
0.00202226
0.00185244
0.00172586
0.00162954
0.00155356
0.00149056
0.00143538
0.0013847
0.00133664
0.00129031
0.00124547
0.00120225
0.00116092
0.00112179
0.00108517
0.00105128
0.00102031
0.000992377
0.00096759
0.000946017
0.000927725
0.000912777
0.000901247
0.000893298
0.000889403
0.000888342
0.000890993
0.000898061
0.000909463
0.000925415
0.000946235
0.000972322
0.00100418
0.00104242
0.00108783
0.00114141
0.00120447
0.00127869
0.00136635
0.00147047
0.00159518
0.00174609
0.00193085
0.00215994
0.00244756
0.00281266
0.00327985
0.00387956
0.00464636
0.00561397
0.00680534
0.00821724
0.00980136
0.011447
0.0129762
0.014123
0.0146573
0.014866
0.0151679
0.0165964
0.0208138
0.030032
0.0380423
0.0352066
0.0183087
0.0157274
0.00836711
0.00699194
0.00679126
0.00680434
0.00674622
0.00649651
0.00602773
0.00538485
0.00465757
0.00394434
0.00331807
0.00281134
0.0024229
0.00213388
0.00192129
0.00176468
0.00164777
0.00155806
0.00148617
0.00142538
0.00137116
0.00132073
0.00127261
0.0012262
0.0011814
0.00113838
0.0010974
0.00105874
0.00102262
0.000989206
0.000958636
0.000930994
0.000906348
0.000884752
0.000866261
0.000850934
0.000838838
0.000830053
0.000825163
0.000823429
0.000824671
0.00083024
0.000839994
0.000854119
0.00087291
0.000896745
0.000926088
0.000961512
0.00100373
0.00105363
0.00111236
0.00118142
0.00126279
0.00135912
0.00147403
0.00161249
0.00178137
0.0019902
0.00225215
0.00258528
0.00301386
0.00356939
0.00429026
0.00521845
0.00639092
0.00782409
0.00949161
0.0113002
0.0130737
0.0145865
0.0153496
0.0155985
0.0156951
0.0164586
0.0195335
0.0278028
0.0382404
0.0397414
0.0202667
0.0156357
0.00847111
0.00699902
0.00674456
0.00670784
0.0066109
0.00632908
0.00583753
0.00518371
0.00445858
0.00375892
0.00315336
0.00266949
0.00230244
0.00203156
0.00183346
0.00168784
0.00157879
0.0014943
0.00142557
0.00136646
0.00131299
0.00126284
0.00121485
0.00116859
0.00112406
0.00108144
0.00104096
0.00100284
0.000967242
0.000934291
0.000904075
0.000876655
0.000852081
0.000830399
0.000811659
0.00079592
0.000783247
0.000773716
0.000767796
0.000765381
0.000765368
0.000769505
0.000777708
0.000790126
0.000807036
0.000828799
0.000855855
0.000888743
0.000928122
0.000974805
0.00102982
0.0010945
0.00117056
0.00126035
0.00136702
0.00149497
0.00165031
0.00184162
0.00208096
0.00238522
0.00277777
0.0032901
0.00396276
0.00484388
0.00598266
0.00741495
0.00913966
0.011089
0.0131004
0.0149387
0.0160449
0.0163941
0.0164094
0.0166557
0.0188393
0.0256739
0.038076
0.0430741
0.0218327
0.0154491
0.00854916
0.00698802
0.00666728
0.00658921
0.00646003
0.00615509
0.00565068
0.00499484
0.00427803
0.00359462
0.00300948
0.00254645
0.00219812
0.00194278
0.00175687
0.00162034
0.00151767
0.00143734
0.00137108
0.0013133
0.00126049
0.00121069
0.00116297
0.00111704
0.00107295
0.00103085
0.00099093
0.000953365
0.000918272
0.000885737
0.000855821
0.000828568
0.000804021
0.000782223
0.000763225
0.000747087
0.000733882
0.0007237
0.000716743
0.000713393
0.000712623
0.000715373
0.000722126
0.000732956
0.000748118
0.000767959
0.000792906
0.000823477
0.000860295
0.00090412
0.000955892
0.0010168
0.00108837
0.00117266
0.00127244
0.00139156
0.00153544
0.00171175
0.00193143
0.00221008
0.00256977
0.0030412
0.00366566
0.00449533
0.00558914
0.00700056
0.00875376
0.01081
0.0130336
0.0151769
0.0166992
0.0172575
0.0172709
0.0172009
0.0185399
0.0241317
0.0367632
0.0450487
0.0228513
0.0151985
0.008607
0.00695858
0.00657203
0.00645431
0.00629853
0.00597832
0.00546951
0.00481904
0.00411533
0.00344988
0.00288437
0.00244002
0.00210789
0.00186572
0.00168999
0.00156093
0.00146343
0.00138641
0.00132213
0.00126545
0.00121326
0.00116388
0.00111656
0.00107109
0.00102752
0.000985996
0.000946661
0.000909639
0.000875018
0.000842858
0.000813201
0.000786085
0.000761549
0.000739637
0.000720402
0.000703907
0.000690223
0.000679438
0.000671653
0.000667377
0.000665953
0.00066747
0.000672892
0.000682253
0.00069579
0.00071384
0.000736822
0.000765242
0.000799708
0.000840944
0.000889829
0.000947448
0.00101518
0.00109483
0.00118883
0.00130057
0.00143482
0.0015984
0.00180117
0.00205738
0.00238762
0.00282125
0.00339921
0.00417587
0.00521752
0.00659295
0.00835093
0.0104829
0.0128779
0.0152947
0.0172827
0.0181419
0.018215
0.0179102
0.0184744
0.0229648
0.0351955
0.0459285
0.0233294
0.014875
0.00864459
0.00691013
0.00646275
0.00630805
0.0061306
0.00580179
0.00529566
0.00465654
0.0039696
0.00332309
0.00277613
0.00234833
0.00203003
0.00179888
0.00163155
0.00150859
0.00141525
0.00134091
0.00127823
0.0012225
0.00117093
0.00112203
0.0010752
0.00103026
0.000987269
0.000946333
0.000907571
0.000871069
0.00083689
0.000805074
0.000775657
0.000748673
0.00072416
0.000702166
0.000682745
0.00066596
0.000651882
0.000640587
0.000632164
0.000627034
0.000625013
0.000625491
0.00062971
0.000637726
0.000649758
0.000666134
0.000687271
0.000713673
0.000745942
0.000784787
0.000831052
0.000885755
0.000950153
0.00102586
0.00111502
0.00122061
0.0013468
0.00149966
0.00168801
0.00192477
0.00222896
0.00262827
0.00316246
0.00388657
0.00487186
0.00619989
0.00794288
0.0101253
0.0126691
0.0153383
0.0177697
0.0190377
0.0192666
0.018797
0.0187809
0.0220618
0.0335423
0.0461754
0.0235114
0.0144965
0.00866572
0.00685108
0.00634416
0.00615478
0.00595974
0.00562781
0.00513013
0.00450716
0.00383978
0.00321274
0.00268311
0.00226979
0.00196312
0.00174103
0.00158053
0.00146249
0.0013725
0.0013003
0.00123896
0.00118408
0.00113311
0.00108475
0.00103845
0.000994091
0.000951692
0.000911348
0.000873143
0.00083714
0.000803381
0.000771899
0.000742723
0.000715888
0.000691435
0.000669414
0.000649881
0.000632897
0.000618531
0.000606854
0.000597948
0.000592078
0.000589451
0.000589162
0.000592302
0.000599096
0.000609744
0.000624561
0.000643961
0.000668454
0.000698645
0.000735246
0.000779089
0.000831152
0.000892611
0.00096493
0.00105002
0.00115048
0.00126999
0.00141388
0.00159002
0.00181009
0.00209148
0.00246006
0.00295384
0.00362731
0.00455456
0.00582698
0.00753776
0.00974509
0.0124128
0.0153424
0.0181338
0.0198988
0.0203748
0.019785
0.0193697
0.0215597
0.0318477
0.0459333
0.0235502
0.0140767
0.00867762
0.00678604
0.00622047
0.0059982
0.00578886
0.00545817
0.00497352
0.00437047
0.00372475
0.00311738
0.00260385
0.00220306
0.00190598
0.00169119
0.00153612
0.00142196
0.00133461
0.00126415
0.00120392
0.0011498
0.00109943
0.00105163
0.00100592
0.000962146
0.000920348
0.000880589
0.000842927
0.000807409
0.000774064
0.00074292
0.000714005
0.000687356
0.000663016
0.000641038
0.000621477
0.000604394
0.000589852
0.000577919
0.00056867
0.000562202
0.000558957
0.000558156
0.00056036
0.000566068
0.000575455
0.000588827
0.000606597
0.000629279
0.000657492
0.000691962
0.00073353
0.00078316
0.000841983
0.000911354
0.000992991
0.00108919
0.00120317
0.00133963
0.00150555
0.00171139
0.00197302
0.00231437
0.0027714
0.00339712
0.00426664
0.00547836
0.00714329
0.00935133
0.0121084
0.0152571
0.0184168
0.0207094
0.0214763
0.0209799
0.0201191
0.0213445
0.0302603
0.0450631
0.0234259
0.0136315
0.0086805
0.00671817
0.00609517
0.00584144
0.00562032
0.00529418
0.00482607
0.00424582
0.00362336
0.00303571
0.00253709
0.00214702
0.00185768
0.00164856
0.00149764
0.00138644
0.00130114
0.00123204
0.00117275
0.00111933
0.00106956
0.00102234
0.000977209
0.000934042
0.000892844
0.00085366
0.000816534
0.000781497
0.000748572
0.000717785
0.000689164
0.000662749
0.000638585
0.000616726
0.000597226
0.000580143
0.000565533
0.000553451
0.000543959
0.000537121
0.000533331
0.000532111
0.000533544
0.000538304
0.000546559
0.000558604
0.000574852
0.000595822
0.000622152
0.000654589
0.000693997
0.000741355
0.000797774
0.000864545
0.000943239
0.0010359
0.00114535
0.0012757
0.00143311
0.00162696
0.0018716
0.00218907
0.00261305
0.00319447
0.00400799
0.00515651
0.00676571
0.00895532
0.0117751
0.0151121
0.0186107
0.0214672
0.0226049
0.0222782
0.0210221
0.0213094
0.0288239
0.043855
0.0230459
0.0131489
0.00868093
0.00665133
0.00597139
0.00568714
0.00545601
0.0051368
0.00468778
0.00413251
0.00353444
0.00296646
0.00248172
0.00210075
0.00181743
0.00161248
0.00146455
0.00135549
0.00127169
0.00120365
0.00114513
0.00109234
0.00104316
0.000996525
0.000951993
0.00090943
0.000868828
0.000830217
0.000793624
0.000759075
0.000726587
0.000696185
0.0006679
0.000641773
0.000617851
0.000596186
0.000576833
0.000559841
0.000545261
0.000533138
0.000523516
0.000516446
0.000512229
0.000510659
0.000511473
0.000515424
0.000522675
0.000533517
0.000548357
0.000567723
0.000592267
0.000622767
0.000660121
0.000705338
0.000759542
0.000823991
0.000900158
0.000989879
0.00109564
0.00122103
0.00137146
0.00155529
0.00178545
0.00208213
0.00247669
0.00301753
0.00377775
0.00486249
0.0064088
0.00856334
0.0114202
0.0149162
0.018723
0.0221396
0.0237425
0.0237004
0.0220596
0.0216598
0.0276206
0.0424625
0.0226206
0.0127677
0.00868709
0.00658866
0.00585171
0.00553745
0.00529743
0.00498673
0.00455852
0.00402973
0.00345689
0.00290853
0.00243684
0.00206356
0.00178469
0.0015825
0.00143645
0.00132875
0.00124595
0.00117867
0.00112078
0.00106856
0.00101995
0.000973893
0.000929962
0.000888003
0.000847997
0.000809958
0.000773905
0.000739857
0.00070783
0.000677848
0.000649943
0.000624158
0.000600539
0.000579139
0.000560007
0.000543189
0.000528726
0.000516652
0.000507
0.000499803
0.000495269
0.000493408
0.000493738
0.000497006
0.000503381
0.000513145
0.000526699
0.000544576
0.000567444
0.000596112
0.000631517
0.000674716
0.000726866
0.000789229
0.000863216
0.000950507
0.0010533
0.00117472
0.00131951
0.00149507
0.00171301
0.00199175
0.00236031
0.00286436
0.0035746
0.00459652
0.00607536
0.00818142
0.0110527
0.0146822
0.0187762
0.0226917
0.0248898
0.0251452
0.0232838
0.0221993
0.0266465
0.0409364
0.0220822
0.0124041
0.00869878
0.00653294
0.00573856
0.00539425
0.00514584
0.00484444
0.00443804
0.00393664
0.00338967
0.00286091
0.00240152
0.0020347
0.00175887
0.00155818
0.001413
0.00130593
0.00122365
0.00115685
0.00109944
0.00104773
0.000999651
0.000954175
0.000910842
0.00086949
0.000830081
0.000792619
0.000757118
0.00072359
0.00069205
0.000662524
0.000635043
0.000609649
0.00058639
0.000565314
0.000546467
0.000529889
0.000515611
0.000503659
0.000494054
0.000486814
0.00048206
0.00047995
0.00047991
0.000482609
0.000488226
0.000497034
0.000509429
0.000525944
0.00054726
0.000574213
0.000607788
0.000649095
0.000699344
0.000759827
0.000831933
0.000917231
0.00101768
0.001136
0.00127633
0.00144516
0.00165291
0.00191628
0.00226204
0.00273299
0.0033969
0.00435804
0.00576691
0.00781362
0.0106786
0.0144167
0.0187916
0.0231663
0.0260014
0.0265983
0.024731
0.0229592
0.0259336
0.0394231
0.0215579
0.0120294
0.00871303
0.00648773
0.00563428
0.00525923
0.00500226
0.0047103
0.00432602
0.00385248
0.00333184
0.00282288
0.00237535
0.00201409
0.00174002
0.00153947
0.00139406
0.00128685
0.0012046
0.00113799
0.00108089
0.00102961
0.000982042
0.000937132
0.000894395
0.00085365
0.000814843
0.000777968
0.000743033
0.000710045
0.000679022
0.000649985
0.000622967
0.000598008
0.000575155
0.000554451
0.000535937
0.000519648
0.000505606
0.000493828
0.000484323
0.000477101
0.000472205
0.000469842
0.000469551
0.000471779
0.000476747
0.000484719
0.000496082
0.000511369
0.000531268
0.000556642
0.000588521
0.000628075
0.000676579
0.000735378
0.000805873
0.000889563
0.000988214
0.0011042
0.00124109
0.00140457
0.00160392
0.00185425
0.00218014
0.00262154
0.00324287
0.00414605
0.00548418
0.0074632
0.0103026
0.0141211
0.0187527
0.0235729
0.0270869
0.0281004
0.0262992
0.0238774
0.025557
0.0379373
0.0210447
0.0116442
0.00871654
0.00645094
0.0055402
0.0051336
0.00486749
0.00458451
0.00422214
0.00377647
0.00328242
0.00279328
0.00235692
0.00200006
0.00172682
0.00152576
0.00137944
0.00127139
0.00118867
0.00112192
0.00106496
0.00101401
0.000966915
0.000922553
0.000880408
0.000840271
0.000802073
0.000765796
0.000731442
0.000699018
0.000668536
0.000640019
0.000613498
0.00058901
0.000566599
0.000546302
0.000528157
0.000512188
0.000498413
0.000486838
0.000477464
0.00047029
0.000465325
0.000462742
0.000462239
0.000464079
0.000468493
0.000475738
0.000486194
0.00050039
0.000519018
0.000542962
0.000573299
0.000611256
0.000658182
0.000715495
0.000784634
0.000867067
0.000964409
0.00107873
0.00121309
0.00137245
0.001565
0.00180438
0.00211307
0.0025282
0.0031107
0.00395919
0.00522717
0.00713255
0.00992999
0.013802
0.0186561
0.0239101
0.0281286
0.0296266
0.0280316
0.0249374
0.02541
0.0365517
0.0206066
0.0112494
0.00871361
0.00642251
0.00545698
0.00501824
0.00474207
0.0044672
0.00412603
0.00370793
0.00324057
0.00277169
0.00234796
0.00199659
0.0017226
0.00151788
0.00136902
0.00125947
0.00117576
0.00110854
0.00105152
0.00100079
0.000954098
0.000910257
0.000868694
0.000829166
0.000791583
0.000755915
0.000722159
0.000690316
0.0006604
0.00063243
0.000606434
0.000582447
0.000560506
0.000540642
0.000522884
0.000507253
0.000493757
0.000482397
0.000473165
0.000466051
0.000461057
0.000458291
0.000457593
0.000459102
0.000463041
0.000469655
0.000479322
0.000492571
0.000510074
0.000532748
0.000561714
0.000598251
0.00064378
0.000699809
0.000767843
0.00084935
0.00094583
0.00105909
0.00119174
0.00134805
0.00153524
0.00176554
0.00205945
0.00245135
0.00299858
0.00379593
0.00499536
0.00682307
0.00956476
0.0134663
0.0185168
0.0241846
0.0291183
0.0311708
0.0299231
0.0261096
0.0254053
0.0352626
0.0202203
0.0108473
0.00870246
0.00640232
0.00538518
0.00491385
0.00462647
0.00435842
0.0040374
0.0036463
0.00320574
0.00275794
0.00234801
0.00199879
0.00172417
0.00151782
0.00136437
0.00125125
0.00116589
0.0010978
0.00104047
0.000989809
0.000943446
0.000900087
0.00085909
0.000820168
0.000783203
0.000748155
0.00071501
0.000683768
0.00065444
0.000627041
0.000601597
0.000578137
0.000556693
0.000537279
0.000519915
0.000504619
0.000491394
0.000480237
0.000471139
0.000464085
0.000459066
0.000456159
0.000455323
0.000456595
0.000460142
0.000466212
0.000475173
0.000487534
0.000504033
0.000525602
0.000553385
0.000588694
0.000633022
0.000687984
0.000755166
0.000836064
0.000932103
0.00104485
0.00117652
0.00133074
0.00151378
0.00173664
0.00201795
0.00238947
0.00290487
0.00365463
0.00478781
0.00653547
0.00920952
0.0131173
0.018337
0.0244031
0.0300437
0.0327183
0.0318985
0.0275282
0.0257665
0.034133
0.0199275
0.0104421
0.00867705
0.00638919
0.00532495
0.00482091
0.00452104
0.00425824
0.00395596
0.00359097
0.00317689
0.00274971
0.00235124
0.00200568
0.00172987
0.00152048
0.00136475
0.00124794
0.00115924
0.00108971
0.00103176
0.000980995
0.000934852
0.000891915
0.000851456
0.000813128
0.000776783
0.000742361
0.000709841
0.000679221
0.00065051
0.000623716
0.000598852
0.000575946
0.000555061
0.0005361
0.000519111
0.000504116
0.000491121
0.000480123
0.000471112
0.000464081
0.000459033
0.000455987
0.000454972
0.000456005
0.000459226
0.000464907
0.000473373
0.00048506
0.000500732
0.000521345
0.000548046
0.000582254
0.00062559
0.000679718
0.000746303
0.000826901
0.000922958
0.00103591
0.00116751
0.00132063
0.0015005
0.00171682
0.00198744
0.00234108
0.00282791
0.00353368
0.00460335
0.00626999
0.00886676
0.0127593
0.018121
0.0245763
0.0308891
0.0342781
0.0339085
0.0291694
0.0262579
0.0331364
0.0197465
0.0100385
0.00863166
0.00638213
0.00527643
0.00473979
0.00442607
0.00416672
0.00388151
0.00354152
0.00315387
0.0027495
0.00236017
0.00201992
0.00174224
0.00152781
0.00136793
0.00124857
0.00115699
0.00108454
0.00102541
0.000974302
0.000928245
0.000885647
0.000845676
0.00080792
0.000772187
0.0007384
0.000706532
0.000676579
0.000648556
0.000622479
0.000598218
0.000575817
0.000555243
0.000536552
0.000519817
0.000505053
0.000492262
0.000481434
0.000472558
0.00046562
0.000460609
0.000457524
0.000456368
0.000457144
0.000459973
0.000465213
0.000473171
0.000484372
0.000499522
0.000519537
0.000545493
0.00057894
0.000621566
0.00067515
0.000741452
0.000822084
0.000918446
0.00103181
0.00116367
0.00131643
0.00149456
0.00170632
0.00196698
0.00230492
0.00276606
0.00343135
0.0044406
0.00602631
0.00853795
0.0123949
0.0178678
0.024682
0.0316535
0.0358675
0.0359888
0.0310325
0.0269952
0.0323013
0.0196714
0.00963724
0.00856786
0.00637673
0.00523848
0.00467046
0.00434172
0.0040839
0.00381384
0.00349744
0.00313547
0.00275184
0.00237649
0.00204105
0.00176188
0.00154246
0.00137599
0.00125196
0.00115785
0.0010835
0.00102219
0.000969868
0.000923561
0.000881169
0.000841629
0.000804423
0.000769312
0.00073621
0.000705181
0.000675961
0.000648553
0.0006228
0.000598871
0.000576806
0.000556623
0.000538348
0.000522011
0.00050759
0.000495075
0.000484453
0.000475706
0.000468817
0.000463776
0.000460592
0.0004593
0.000459863
0.00046234
0.000467208
0.000474721
0.000485394
0.000499943
0.000519338
0.000544812
0.000577829
0.000620091
0.000673425
0.000739644
0.000820397
0.000917072
0.00103087
0.00116312
0.00131594
0.0014933
0.00170265
0.0019567
0.00227986
0.00271794
0.00334597
0.00429813
0.00580378
0.00822428
0.0120276
0.0175831
0.0247251
0.0323396
0.0374804
0.0381469
0.0330753
0.0279104
0.0316194
0.019663
0.00924288
0.00847131
0.0063805
0.00521187
0.00461304
0.00426809
0.00400986
0.0037528
0.00345832
0.00312106
0.00275808
0.00239797
0.00206846
0.00178823
0.00156365
0.00139075
0.00126007
0.00116142
0.00108469
0.00102221
0.000968655
0.00092157
0.000879005
0.000839718
0.000803015
0.000768529
0.000736062
0.000705401
0.000676522
0.000649473
0.000624226
0.000600842
0.000579326
0.000559673
0.000541862
0.000525876
0.000511732
0.000499425
0.000488942
0.000480266
0.000473383
0.000468289
0.000465002
0.000463578
0.00046397
0.000466142
0.000470681
0.000477855
0.000488153
0.000502294
0.000521249
0.000546261
0.000578856
0.000620803
0.000674023
0.000740432
0.000821761
0.000919419
0.0010345
0.00116801
0.00132154
0.00149827
0.00170472
0.00195353
0.00226572
0.00268237
0.00327606
0.00417429
0.00560147
0.00792626
0.0116594
0.0172712
0.0247307
0.0329645
0.0390673
0.0403849
0.0353317
0.0290447
0.031109
0.0198315
0.00885705
0.0083444
0.00638974
0.00519636
0.00456752
0.00420527
0.00394463
0.0036983
0.00342387
0.00311043
0.00276926
0.00242439
0.00210189
0.00182135
0.00159169
0.00141182
0.00127432
0.00116954
0.0010886
0.00102383
0.000969351
0.000921811
0.000879079
0.000839813
0.000803253
0.000768994
0.00073682
0.000706591
0.000678252
0.000651812
0.000627227
0.000604425
0.000583402
0.000564176
0.000546735
0.000531069
0.000517178
0.000505056
0.000494688
0.000486062
0.000479167
0.000474006
0.000470611
0.000469058
0.000469314
0.000471229
0.000475482
0.000482404
0.000492449
0.000506345
0.000525078
0.000549915
0.00058242
0.000624418
0.000677899
0.000744856
0.000827079
0.000925985
0.00104258
0.00117766
0.00133239
0.0015093
0.00171391
0.0019573
0.00226042
0.00265764
0.00322005
0.00406752
0.00541834
0.00764397
0.0112913
0.0169282
0.0246661
0.0335177
0.0406292
0.0426881
0.0378007
0.0303767
0.0307965
0.020131
0.00848015
0.0081868
0.00639349
0.00518906
0.00453342
0.00415321
0.00388824
0.0036503
0.0033939
0.00310313
0.00278377
0.00245514
0.002141
0.00186121
0.0016269
0.00143976
0.00129468
0.00118332
0.00109699
0.00102835
0.000971949
0.000923408
0.000880231
0.000840889
0.000804493
0.000770557
0.000738861
0.000709245
0.000681549
0.00065567
0.0006316
0.000609295
0.000588736
0.000569919
0.00055283
0.00053746
0.0005238
0.000511841
0.00050157
0.000492976
0.000486055
0.000480818
0.000477308
0.000475631
0.000475784
0.000477491
0.000481511
0.000488267
0.000498174
0.000511978
0.000530682
0.00055558
0.000588269
0.000630618
0.000684671
0.000752478
0.000835878
0.000936295
0.00105467
0.00119161
0.00134793
0.00152556
0.00172912
0.0019683
0.00226179
0.00264394
0.00317682
0.00397639
0.00525312
0.0073774
0.0109252
0.0165581
0.0245402
0.0339982
0.0421518
0.0450447
0.0405118
0.0319151
0.0306598
0.0205848
0.00811084
0.00799892
0.0063915
0.00519026
0.00451034
0.00411179
0.00384072
0.00360882
0.00336827
0.00309877
0.00280102
0.00248956
0.00218529
0.00190768
0.00166953
0.00147516
0.00132189
0.00120302
0.00111063
0.00103752
0.000977826
0.000927383
0.000883265
0.000843628
0.000807353
0.00077379
0.000742532
0.000713366
0.000686149
0.000660775
0.000637192
0.000615354
0.000595228
0.000576796
0.000560039
0.000544942
0.000531492
0.000519677
0.000509487
0.000500914
0.000493958
0.00048864
0.000485019
0.00048323
0.000483311
0.000484866
0.000488715
0.000495393
0.000505283
0.000519151
0.000538021
0.000563214
0.000596356
0.000639351
0.000694281
0.000763238
0.00084809
0.000950264
0.00107064
0.00120967
0.00136785
0.0015466
0.00174971
0.00198566
0.00227137
0.00263899
0.00314459
0.00389929
0.00510452
0.00712633
0.0105628
0.0161633
0.0243543
0.0344025
0.0436207
0.0474327
0.0433716
0.0337225
0.0306414
0.0212235
0.00774771
0.00777993
0.00638054
0.00519505
0.00449709
0.00408073
0.00380203
0.00357385
0.0033469
0.00309763
0.00282056
0.00252701
0.0022342
0.00196049
0.00171972
0.00151854
0.00135677
0.00122956
0.0011301
0.00105152
0.000987953
0.000934957
0.0008893
0.000848851
0.000812264
0.000778711
0.000747672
0.000718843
0.000692027
0.000667089
0.000643945
0.000622532
0.000602804
0.000584727
0.000568276
0.000553429
0.00054017
0.000528484
0.000518364
0.000509804
0.000502813
0.00049742
0.000493699
0.000491824
0.000491866
0.00049333
0.000497088
0.000503789
0.000513792
0.000527889
0.000547131
0.000572861
0.000606733
0.000650673
0.000706788
0.000777186
0.000863748
0.00096789
0.00109043
0.0012317
0.00139191
0.00157202
0.00177511
0.00200848
0.00228724
0.00264037
0.0031219
0.00383483
0.00497116
0.00689009
0.0102048
0.0157451
0.0241066
0.0347274
0.04502
0.0498506
0.0463723
0.0358342
0.0309692
0.0220722
0.0073882
0.00753515
0.00635188
0.00520454
0.00449275
0.00405958
0.00377206
0.00354546
0.00332979
0.00309854
0.00284193
0.00256682
0.00228704
0.00201919
0.00177745
0.00157036
0.00140011
0.00126397
0.00115644
0.00107131
0.00100282
0.000946365
0.000898458
0.000856653
0.000819338
0.000785483
0.000754432
0.000725771
0.000699231
0.000674632
0.000651853
0.000630806
0.000611427
0.000593667
0.000577491
0.00056287
0.000549782
0.000538214
0.000528156
0.000519609
0.000512589
0.000507135
0.000503341
0.000501418
0.000501461
0.000502906
0.00050667
0.000513511
0.000523775
0.000538284
0.000558116
0.00058464
0.000619526
0.000664714
0.000722314
0.000794431
0.00088293
0.000989199
0.00111401
0.00125755
0.00141985
0.00160146
0.0018048
0.00203613
0.00230896
0.00264981
0.00310903
0.00378178
0.00485162
0.0066679
0.00985204
0.0153056
0.0237972
0.0349744
0.0463273
0.052288
0.0494898
0.0382499
0.0314808
0.0231294
0.007032
0.00725941
0.00629443
0.00520838
0.0044951
0.00404767
0.00375059
0.00352364
0.00331683
0.00310121
0.00286451
0.00260828
0.002343
0.0020831
0.00184244
0.00163084
0.00145264
0.00130727
0.00119086
0.00109808
0.00102354
0.000962572
0.00091151
0.000867633
0.000829044
0.000794473
0.000763089
0.000734353
0.000707906
0.000683506
0.000660982
0.000640216
0.000621119
0.000603624
0.000587682
0.000573256
0.000560319
0.000548855
0.000538857
0.000530329
0.000523295
0.000517806
0.000513976
0.000512063
0.00051215
0.000513661
0.000517559
0.000524678
0.000535374
0.000550498
0.000571156
0.00059874
0.000634932
0.000681667
0.000741039
0.000815121
0.000905738
0.00101423
0.00114131
0.0012871
0.00145142
0.00163452
0.00183825
0.00206791
0.00233548
0.00266513
0.00310381
0.00373839
0.00474433
0.00645877
0.00950473
0.0148455
0.0234215
0.0350968
0.0475331
0.0547478
0.0527828
0.0409334
0.0322977
0.0244433
0.0066794
0.00695248
0.00621068
0.005207
0.00450141
0.00404349
0.00373704
0.00350827
0.00330807
0.00310633
0.002888
0.00265067
0.00240118
0.00215139
0.00191415
0.00169995
0.00151488
0.00136046
0.0012346
0.00113319
0.00105144
0.000984816
0.000929541
0.000882684
0.000842089
0.000806238
0.00077409
0.000744946
0.000718334
0.000693929
0.000671504
0.000650896
0.000631984
0.00061468
0.000598916
0.000584645
0.000571832
0.000560459
0.000550518
0.00054202
0.000534996
0.000529508
0.000525693
0.000523871
0.000524055
0.000525734
0.000529922
0.000537486
0.000548807
0.000564771
0.00058651
0.000615432
0.000653219
0.000701787
0.000763189
0.000839437
0.00093229
0.00104303
0.0011723
0.00132016
0.00148632
0.00167078
0.0018749
0.00210311
0.00236594
0.00268511
0.00310331
0.00370309
0.00464796
0.00626172
0.00916302
0.0143658
0.0229829
0.0351334
0.0486334
0.0572176
0.056237
0.0438818
0.0333665
0.0260109
0.0063313
0.0066168
0.00610029
0.0051995
0.00451151
0.00404618
0.00373089
0.00349918
0.00330353
0.00311364
0.00291216
0.00269339
0.00246067
0.00222301
0.00199174
0.00177731
0.00158705
0.00142433
0.00128893
0.00117816
0.00108809
0.0010146
0.000953944
0.000903043
0.000859525
0.000821639
0.00078813
0.000758113
0.000730974
0.000706282
0.000683734
0.000663109
0.000644246
0.000627026
0.000611361
0.000597187
0.000584462
0.00057316
0.000563276
0.000554822
0.000547838
0.000542401
0.00053867
0.000537049
0.000537394
0.00053936
0.000544026
0.000552226
0.00056439
0.000581438
0.000604524
0.000635064
0.000674725
0.000725384
0.000789025
0.000867573
0.000962697
0.00107559
0.00120687
0.00135652
0.00152422
0.00170977
0.00191415
0.00214104
0.00239957
0.00270922
0.00310891
0.00367534
0.00456139
0.00607585
0.00882707
0.0138673
0.0224741
0.0350559
0.049589
0.0597036
0.0598281
0.0471052
0.0347509
0.0278755
0.0059903
0.00625607
0.00595376
0.00518233
0.00452168
0.00405374
0.003732
0.00349632
0.00330393
0.00312321
0.0029368
0.0027359
0.00252053
0.00229681
0.00207409
0.00186217
0.00166899
0.0014994
0.00135494
0.00123448
0.00113523
0.00105372
0.000986438
0.000930303
0.000882787
0.000841933
0.000806279
0.000774753
0.000746578
0.000721197
0.000698208
0.000677316
0.000658306
0.000641019
0.000625339
0.00061118
0.000598487
0.000587226
0.00057739
0.000568996
0.00056209
0.000556763
0.000553202
0.000551923
0.000552505
0.000554898
0.000560261
0.000569309
0.000582554
0.000600942
0.000625644
0.00065807
0.000699855
0.000752813
0.000818831
0.000899725
0.000997046
0.00111191
0.00124487
0.00139592
0.00156472
0.00175099
0.00195539
0.00218094
0.00243553
0.00273645
0.00311901
0.00365383
0.00448338
0.00590019
0.0084971
0.0133515
0.021893
0.034823
0.050362
0.0621943
0.0635433
0.0505994
0.0364608
0.0300451
0.0056601
0.00587609
0.00576732
0.00515135
0.00452554
0.00406436
0.00373673
0.00349828
0.00330695
0.00313471
0.00296178
0.00277775
0.00257991
0.00237157
0.00215986
0.00195337
0.00176004
0.0015857
0.00143337
0.00130352
0.00119465
0.00110417
0.00102907
0.000966439
0.000913715
0.0008688
0.000830045
0.000796194
0.000766306
0.000739682
0.000715804
0.000694288
0.000674848
0.000657274
0.000641408
0.000627138
0.000614389
0.000603117
0.000593309
0.000584983
0.000578193
0.000573043
0.000569756
0.000568983
0.000569888
0.000572866
0.000579171
0.000589292
0.000603863
0.000623848
0.00065042
0.000684967
0.000729071
0.000784457
0.000852894
0.000936059
0.00103538
0.00115188
0.00128608
0.00143801
0.00160736
0.00179385
0.00199793
0.00222206
0.00247295
0.00276583
0.00313246
0.00363742
0.0044128
0.00573395
0.00817341
0.0128206
0.0212437
0.034455
0.050975
0.0645905
0.0673826
0.0544143
0.0385051
0.0325539
0.00534491
0.00548352
0.00555376
0.00509732
0.00452326
0.00407568
0.00374633
0.00350404
0.00331386
0.00314812
0.00298696
0.00281858
0.00263806
0.00244611
0.00224756
0.00204942
0.00185906
0.00168269
0.00152447
0.00138626
0.00126794
0.00116799
0.00108411
0.00101379
0.000954593
0.000904391
0.000861415
0.000824251
0.000791799
0.000763211
0.000737845
0.000715213
0.000694944
0.000676763
0.000660462
0.000645891
0.000632949
0.000621575
0.000611747
0.000603481
0.000596837
0.00059193
0.000589062
0.000588914
0.000590241
0.000593999
0.000601488
0.000612904
0.000629035
0.000650851
0.000679506
0.000716346
0.000762876
0.000820707
0.000891469
0.000976687
0.00107766
0.00119532
0.00133019
0.00148236
0.00165162
0.00183775
0.00204109
0.00226361
0.00251099
0.00279645
0.0031483
0.00362517
0.00434873
0.00557648
0.00785646
0.0122765
0.0205243
0.0339311
0.0513394
0.0668686
0.0713092
0.0585772
0.0408754
0.0354067
0.00504426
0.00509176
0.00532195
0.00501016
0.00451125
0.00408278
0.00375765
0.00351405
0.00332437
0.00316344
0.00301229
0.0028582
0.0026944
0.00251937
0.0023357
0.0021486
0.00196442
0.00178924
0.00162781
0.00148312
0.0013563
0.00124701
0.00115386
0.00107491
0.00100808
0.00095134
0.000902918
0.000861302
0.000825263
0.000793818
0.000766198
0.000741802
0.000720167
0.000700938
0.000683847
0.000668699
0.000655355
0.000643731
0.00063379
0.000625542
0.000619047
0.000614429
0.00061227
0.000612562
0.000614535
0.000619371
0.00062813
0.000641057
0.000658951
0.000682773
0.000713645
0.000752844
0.000801777
0.000861922
0.000934751
0.00102164
0.00112374
0.00124195
0.00137679
0.00152847
0.00169691
0.00188203
0.00208413
0.00230482
0.00254883
0.00282748
0.00316568
0.00361619
0.00429037
0.00542731
0.00754708
0.0117222
0.0197375
0.0332538
0.0514812
0.0689822
0.0752808
0.0630974
0.0436249
0.038627
0.00475854
0.00470773
0.00506875
0.00488973
0.00448206
0.00408239
0.00376783
0.00352567
0.00333702
0.00318031
0.00303774
0.00289649
0.00274851
0.00259046
0.00242287
0.00224912
0.00207421
0.00190361
0.00174221
0.00159369
0.00146022
0.00134255
0.00124031
0.00115231
0.00107699
0.00101263
0.000957564
0.000910293
0.000869525
0.000834179
0.000803375
0.000776406
0.00075271
0.000731851
0.000713489
0.000697373
0.00068332
0.000671215
0.000660998
0.000652666
0.000646274
0.000641938
0.000640521
0.000641262
0.000644042
0.000650163
0.000660316
0.000674883
0.000694651
0.000720546
0.000753633
0.000795104
0.000846243
0.000908382
0.000982831
0.00107081
0.00117338
0.00129138
0.00142539
0.00157576
0.0017426
0.00192602
0.00212635
0.00234496
0.00258571
0.00285815
0.00318387
0.00360983
0.00423706
0.00528613
0.00724645
0.0111615
0.0188851
0.0324118
0.0514735
0.0708777
0.0792648
0.0679828
0.046778
0.0422152
0.00448811
0.00433404
0.00479658
0.00473241
0.00443226
0.00407476
0.00377228
0.0035364
0.00335052
0.00319806
0.00306312
0.00293338
0.00280018
0.00265876
0.00250791
0.00234925
0.00218634
0.00202366
0.00186581
0.00171672
0.00157925
0.00145509
0.0013448
0.00124807
0.00116399
0.0010913
0.00102862
0.000974587
0.000927945
0.000887581
0.00085255
0.000822059
0.000795463
0.000772241
0.000751983
0.000734374
0.000719184
0.000706253
0.000695495
0.000686885
0.000680463
0.000676319
0.000675622
0.000676812
0.000680422
0.000687881
0.000699459
0.000715673
0.000737277
0.000765144
0.00080026
0.000843709
0.000896642
0.000960238
0.00103566
0.00112398
0.00122619
0.00134311
0.00147542
0.00162361
0.00178805
0.00196906
0.0021671
0.00238335
0.00262095
0.00288776
0.0032022
0.00360543
0.00418833
0.00515279
0.00695623
0.0105995
0.0179721
0.0313835
0.0510834
0.0724529
0.0832233
0.073237
0.0503825
0.0461785
0.00423321
0.00397597
0.00450738
0.00454891
0.0043555
0.00405265
0.00377029
0.00354324
0.00336291
0.00321562
0.00308806
0.00296883
0.00284932
0.00272387
0.00258992
0.00244753
0.00229878
0.00214704
0.00199623
0.00185015
0.00171197
0.00158402
0.00146767
0.00136341
0.00127108
0.00118999
0.0011192
0.00105762
0.00100414
0.000957718
0.000917407
0.000882383
0.000851943
0.000825502
0.000802586
0.00078282
0.00076592
0.000751683
0.000739983
0.000730767
0.000724054
0.000719885
0.000719723
0.000721289
0.000725624
0.000734259
0.000747115
0.000764789
0.000787981
0.00081749
0.000854207
0.000899094
0.000953167
0.00101746
0.00109299
0.00118075
0.00128166
0.00139657
0.00152625
0.00167141
0.00183266
0.00201058
0.00220581
0.00241944
0.002654
0.00291582
0.00322021
0.00360267
0.00414394
0.00502716
0.0066761
0.0100407
0.0170086
0.0301869
0.0504117
0.0736158
0.0870719
0.0788471
0.0544648
0.0505054
0.00399424
0.00363699
0.00420496
0.00434843
0.00424379
0.00400702
0.00375906
0.00354336
0.00337215
0.00323159
0.0031118
0.00300265
0.00289593
0.00278569
0.00266839
0.00254285
0.0024098
0.00227145
0.00213085
0.00199132
0.00185602
0.00172759
0.00160795
0.00149829
0.00139913
0.00131042
0.00123172
0.00116236
0.00110149
0.00104824
0.00100176
0.000961254
0.000926024
0.000895452
0.000869024
0.000846315
0.000826996
0.000810818
0.000797616
0.000787298
0.000779858
0.000775268
0.000775194
0.00077695
0.000781726
0.00079108
0.000804826
0.000823514
0.000847775
0.00087832
0.000915934
0.000961457
0.00101578
0.0010798
0.00115444
0.0012406
0.0013392
0.00145113
0.00157731
0.00171862
0.00187596
0.00205018
0.00224213
0.0024529
0.00268453
0.00294195
0.00323759
0.0036016
0.00410404
0.00490969
0.00640719
0.00948813
0.016007
0.0288143
0.0493565
0.0741866
0.0907365
0.0847931
0.0590774
0.0551917
0.00377096
0.00331989
0.00389705
0.00412675
0.00409687
0.00393887
0.00373144
0.00353726
0.00337474
0.00324413
0.00313333
0.00303446
0.00294003
0.00284428
0.00274315
0.00263455
0.00251812
0.00239494
0.00226712
0.00213735
0.00200846
0.0018831
0.00176348
0.00165126
0.00154753
0.00145284
0.00136728
0.00129064
0.00122244
0.00116208
0.0011089
0.00106222
0.0010214
0.000985848
0.000955044
0.000928547
0.000905994
0.000887104
0.000871671
0.000859569
0.000850753
0.000845135
0.000844357
0.000845965
0.000850609
0.000859954
0.000873886
0.000892835
0.000917345
0.000948031
0.000985567
0.00103068
0.00108416
0.00114679
0.00121943
0.00130294
0.00139823
0.00150628
0.00162813
0.00176489
0.0019177
0.00208769
0.00227597
0.00248368
0.00271243
0.00296605
0.00325429
0.00360185
0.00406892
0.00480137
0.00615171
0.0089475
0.0149826
0.0272765
0.0479369
0.0743547
0.0941356
0.0910285
0.0642651
0.0602138
0.0035628
0.00302632
0.00358971
0.00388415
0.00392582
0.00384034
0.00367999
0.00351802
0.00337136
0.0032511
0.00315126
0.00306353
0.00298154
0.00289983
0.00281436
0.00272247
0.00262299
0.00251608
0.00240293
0.00228551
0.00216615
0.00204726
0.0019311
0.00181957
0.00171414
0.00161584
0.00152526
0.00144264
0.0013679
0.0013008
0.00124091
0.00118777
0.00114086
0.00109967
0.00106374
0.00103264
0.001006
0.000983538
0.00096501
0.00095026
0.000939207
0.000931729
0.000929065
0.000930003
0.000933728
0.000941875
0.000955029
0.000973205
0.000996873
0.00102655
0.00106283
0.00110633
0.00115775
0.00121783
0.00128735
0.00136719
0.00145828
0.00156167
0.00167854
0.00181018
0.00195798
0.00212335
0.00230764
0.00251206
0.00273807
0.00298851
0.00327075
0.00360436
0.0040395
0.00470388
0.00591265
0.00842528
0.013949
0.0255888
0.0461003
0.0738517
0.0971653
0.097474
0.0700791
0.0655412
0.00336937
0.002757
0.00328812
0.00362442
0.00373363
0.00370636
0.00360561
0.00347812
0.0033577
0.00325079
0.00316453
0.00308925
0.00302023
0.00295262
0.00288244
0.0028069
0.00272431
0.00263414
0.00253682
0.00243359
0.00232621
0.00221672
0.00210721
0.0019996
0.00189558
0.00179648
0.00170328
0.00161661
0.00153681
0.00146396
0.00139796
0.00133859
0.0012855
0.00123836
0.00119678
0.0011604
0.0011289
0.00110198
0.00107941
0.00106102
0.0010467
0.00103633
0.0010302
0.00102939
0.00103143
0.00103718
0.00104828
0.00106441
0.00108595
0.00111333
0.00114706
0.0011877
0.00123588
0.00129229
0.00135772
0.00143303
0.0015192
0.00161735
0.00172878
0.00185494
0.00199743
0.00215793
0.00233799
0.00253902
0.00276242
0.00301031
0.00328799
0.00361045
0.00401823
0.00461991
0.00569412
0.00792938
0.0129213
0.0237865
0.0438677
0.0724768
0.099711
0.104009
0.0765718
0.0711338
0.00319055
0.00251196
0.00299688
0.00335413
0.00351898
0.00354651
0.00350275
0.00341646
0.00332668
0.00324305
0.00317068
0.00311041
0.00305574
0.00300278
0.00294797
0.0028885
0.00282257
0.00274917
0.00266818
0.00258022
0.0024865
0.00238861
0.00228835
0.00218752
0.00208783
0.00199077
0.00189757
0.00180916
0.00172621
0.00164914
0.00157813
0.00151323
0.00145434
0.00140128
0.00135382
0.00131171
0.00127469
0.00124252
0.00121499
0.00119193
0.00117321
0.00115875
0.00114858
0.00114299
0.00114296
0.00114564
0.00115274
0.0011655
0.00118362
0.00120744
0.00123742
0.00127407
0.00131799
0.00136986
0.00143045
0.00150064
0.00158145
0.00167405
0.00177984
0.00190039
0.00203749
0.00219301
0.00236877
0.00256641
0.00278738
0.00303332
0.00330793
0.00362228
0.00400906
0.00455303
0.00550206
0.00747093
0.0119237
0.0219128
0.0412965
0.0704266
0.10117
0.110574
0.0837974
0.0769411
0.0030267
0.00229086
0.00271976
0.00307936
0.00328468
0.00336562
0.003368
0.00333256
0.00327671
0.00322172
0.00316925
0.00312667
0.00308805
0.00305066
0.00301159
0.00296827
0.00291876
0.00286193
0.0027973
0.00272503
0.00264587
0.00256099
0.00247182
0.00237996
0.00228701
0.00219449
0.00210373
0.00201588
0.00193182
0.00185225
0.00177763
0.00170825
0.00164425
0.00158564
0.00153236
0.00148431
0.00144133
0.00140326
0.00136994
0.00134125
0.00131708
0.00129735
0.00128205
0.00127125
0.00126529
0.001265
0.00126777
0.00127525
0.00128879
0.001308
0.00133327
0.00136511
0.00140409
0.00145088
0.00150626
0.0015711
0.00164645
0.00173353
0.00183378
0.00194888
0.00208076
0.00223144
0.00240301
0.0025974
0.00281621
0.0030609
0.00333396
0.00364296
0.00401227
0.00451413
0.00534511
0.0070642
0.010986
0.020031
0.0384342
0.0677356
0.101731
0.116993
0.091798
0.0829074
0.00287896
0.00209324
0.00245969
0.00280613
0.00303702
0.00316256
0.00321383
0.0032211
0.00320733
0.00318385
0.00315987
0.00313708
0.0031168
0.00309666
0.00307423
0.00304738
0.00301435
0.0029739
0.00292541
0.00286879
0.00280445
0.00273319
0.00265614
0.00257462
0.00249008
0.00240395
0.00231759
0.00223221
0.00214887
0.00206845
0.00199162
0.00191888
0.00185059
0.00178698
0.00172816
0.00167416
0.00162499
0.00158058
0.00154087
0.0015058
0.0014753
0.00144936
0.00142796
0.00141116
0.00139908
0.00139207
0.00139089
0.00139346
0.00140086
0.00141482
0.00143489
0.00146156
0.00149538
0.00153703
0.00158727
0.00164697
0.00171719
0.00179917
0.00189436
0.00200453
0.00213166
0.00227795
0.00244574
0.00263727
0.00285444
0.00309881
0.00337216
0.00367943
0.00403807
0.00450499
0.00524511
0.00672981
0.0101437
0.0182131
0.0353664
0.0644637
0.101537
0.123029
0.100608
0.0889703
0.00275049
0.00191867
0.00221897
0.00254015
0.002783
0.00294325
0.00303878
0.0030911
0.00311801
0.00313093
0.00313775
0.00313968
0.00314195
0.00314116
0.00313709
0.00312775
0.00311136
0.00308723
0.00305468
0.0030134
0.00296366
0.00290601
0.00284133
0.00277071
0.00269541
0.00261672
0.00253596
0.00245436
0.00237305
0.00229302
0.0022151
0.00213999
0.0020682
0.00200017
0.00193617
0.00187642
0.00182105
0.00177015
0.00172375
0.0016819
0.00164463
0.00161196
0.00158394
0.00156065
0.0015422
0.0015288
0.00152078
0.00151905
0.00152171
0.00152949
0.00154444
0.00156618
0.00159524
0.00163226
0.00167799
0.0017333
0.00179922
0.00187699
0.00196808
0.00207425
0.00219758
0.00234041
0.0025053
0.00269486
0.00291146
0.00315701
0.00343317
0.00374322
0.00409904
0.00454309
0.00521415
0.00651446
0.00944589
0.016544
0.0322434
0.0606011
0.0997198
0.128341
0.110184
0.0950696
0.00265099
0.00176894
0.00199971
0.00228671
0.00253005
0.0027152
0.002849
0.00294428
0.00301323
0.00306495
0.00310572
0.00313841
0.00316571
0.0031873
0.00320287
0.00321161
0.00321166
0.00320481
0.00318839
0.00316194
0.00312628
0.00308174
0.00302903
0.00296912
0.00290306
0.00283204
0.00275728
0.00268001
0.00260139
0.00252247
0.0024442
0.0023674
0.00229277
0.00222088
0.00215219
0.00208708
0.00202583
0.00196867
0.00191578
0.00186731
0.00182338
0.00178412
0.00174964
0.00172008
0.00169559
0.00167635
0.00166262
0.00165476
0.00165427
0.00165787
0.00166759
0.00168541
0.00171081
0.00174442
0.00178696
0.00183928
0.00190238
0.00197749
0.00206608
0.00216992
0.00229114
0.00243223
0.00259602
0.00278552
0.00300373
0.00325326
0.0035363
0.00385559
0.00421941
0.00465866
0.00528165
0.00644439
0.00902576
0.0151578
0.0292797
0.0564317
0.0970139
0.133043
0.120183
0.10115
0.00258208
0.00164478
0.00180301
0.0020505
0.0022857
0.00248713
0.00265285
0.00278783
0.00289849
0.00299047
0.00306814
0.00313418
0.00319026
0.00323712
0.00327495
0.00330353
0.00332222
0.00333091
0.00332892
0.00331846
0.00329657
0.00326426
0.00322264
0.00317263
0.00311517
0.00305135
0.00298234
0.00290934
0.00283352
0.002756
0.00267781
0.00259987
0.00252302
0.00244797
0.00237533
0.00230563
0.00223932
0.00217675
0.00211824
0.00206407
0.00201445
0.00196962
0.00192976
0.00189507
0.00186576
0.00184204
0.00182417
0.00181235
0.00180824
0.00181015
0.00181721
0.00183238
0.00185613
0.00188844
0.00193002
0.00198169
0.00204444
0.00211948
0.0022083
0.00231271
0.00243491
0.00257757
0.00274384
0.0029373
0.00316174
0.00342092
0.00371826
0.00405735
0.00444525
0.00490565
0.00552314
0.00658769
0.00890681
0.0144028
0.0268458
0.0522831
0.0933932
0.137027
0.13057
0.107155
0.00255019
0.00154635
0.00162992
0.00183595
0.00205772
0.00226897
0.00246102
0.00263208
0.00278312
0.00291605
0.00303299
0.00313628
0.0032227
0.00329704
0.00335928
0.00340946
0.00344747
0.00347333
0.00348683
0.00348793
0.00347974
0.00345979
0.00342822
0.00338711
0.00333738
0.00328005
0.00321631
0.00314735
0.00307438
0.00299857
0.00292101
0.00284273
0.00276466
0.00268764
0.00261243
0.00253966
0.00246993
0.00240373
0.00234148
0.00228358
0.00223034
0.00218209
0.00213909
0.00210161
0.00206991
0.00204422
0.00202487
0.002012
0.00200738
0.00200935
0.00201685
0.00203309
0.00205859
0.00209318
0.00213758
0.0021926
0.00225926
0.00233882
0.00243285
0.00254326
0.00267243
0.00282333
0.0029996
0.00320557
0.00344623
0.00372704
0.00405365
0.00443219
0.00487139
0.00539301
0.00606644
0.00712527
0.00928227
0.0142313
0.025656
0.0489801
0.0896392
0.140236
0.140935
0.113061
0.00257533
0.00147676
0.0014831
0.00164823
0.00185517
0.002073
0.00228777
0.00249222
0.00268277
0.00285744
0.00301689
0.00315451
0.00327414
0.00337816
0.00346673
0.00354006
0.00359842
0.00364211
0.0036714
0.0036866
0.00368794
0.00367953
0.0036588
0.00362613
0.00358382
0.00353292
0.00347464
0.00341024
0.00334097
0.00326803
0.00319261
0.00311579
0.00303861
0.00296201
0.00288683
0.00281384
0.00274373
0.00267711
0.00261449
0.00255638
0.00250319
0.0024553
0.00241306
0.00237687
0.00234699
0.0023236
0.0023074
0.00229832
0.00229854
0.00230397
0.00231762
0.00234148
0.00237475
0.00241816
0.00247247
0.00253845
0.00261729
0.00271049
0.00281981
0.00294748
0.00309634
0.00326995
0.00347276
0.00371036
0.00398953
0.00431835
0.00470599
0.00516338
0.00570435
0.00635533
0.00718218
0.00838275
0.0105515
0.0151628
0.0254517
0.0474967
0.0872385
0.143302
0.151069
0.118905
0.00267976
0.00143799
0.00136863
0.00149648
0.00169214
0.00191823
0.00215612
0.00239434
0.0026277
0.00284704
0.00304071
0.00321299
0.0033676
0.00350307
0.00361989
0.00371829
0.00379876
0.00386194
0.00390848
0.0039391
0.00395443
0.00395518
0.00394637
0.00392489
0.00389188
0.00384951
0.00379914
0.00374209
0.00367965
0.00361309
0.00354363
0.00347244
0.00340062
0.0033292
0.00325912
0.00319124
0.00312637
0.00306517
0.00300825
0.00295623
0.00290962
0.00286892
0.00283448
0.00280717
0.00278678
0.00277352
0.00276983
0.00277332
0.00278443
0.00280663
0.00283842
0.00288102
0.00293496
0.00300113
0.00308066
0.00317446
0.00328409
0.00341168
0.00355952
0.00373074
0.00392904
0.00415924
0.00442731
0.00474117
0.00511056
0.00554798
0.00606808
0.00669035
0.0074373
0.00834806
0.00949165
0.0110563
0.01351
0.0181349
0.0276324
0.0474112
0.0863065
0.146687
0.160663
0.124758
0.00289395
0.00144293
0.00130014
0.00140147
0.00159894
0.00184503
0.00211557
0.00239305
0.00265773
0.00290907
0.00314399
0.00336037
0.0035567
0.0037288
0.00387838
0.00400656
0.00411424
0.00420236
0.00427192
0.00432393
0.0043594
0.00437941
0.00438583
0.00438111
0.00436626
0.0043398
0.00430503
0.00426354
0.00421654
0.00416519
0.00411088
0.00405485
0.00399831
0.00394239
0.00388815
0.00383649
0.00378862
0.00374495
0.00370619
0.00367345
0.0036473
0.00362839
0.00361694
0.00361624
0.00362155
0.00363591
0.003663
0.00370091
0.00375015
0.00381232
0.00388821
0.00397909
0.0040859
0.00421038
0.00435427
0.00451949
0.00470877
0.00492525
0.00517228
0.00545486
0.00577868
0.00615113
0.00658061
0.00707973
0.00766274
0.00834879
0.00915836
0.0101244
0.011275
0.0126701
0.0143715
0.0165786
0.0196496
0.0246777
0.0338647
0.052387
0.0884866
0.151755
0.169361
0.130882
0.00327288
0.00149682
0.00130878
0.00140962
0.00162436
0.00189746
0.00220243
0.00252093
0.00284107
0.00315194
0.00344911
0.00372779
0.00398416
0.00421456
0.00441922
0.00459921
0.00475568
0.0048899
0.00500324
0.00509709
0.00517288
0.00523206
0.00527597
0.00530721
0.00532812
0.00533863
0.00533944
0.00533523
0.00532522
0.00531063
0.00529366
0.0052757
0.00525815
0.00524233
0.00522958
0.00522093
0.00521914
0.00522248
0.00523253
0.00525301
0.00528332
0.00532456
0.00537751
0.00544458
0.00552554
0.00562185
0.00573563
0.00586833
0.00602164
0.00619721
0.00639723
0.00662414
0.00687973
0.00716735
0.00749056
0.00785342
0.00826036
0.00871723
0.00923011
0.0098068
0.0104554
0.0111875
0.0120138
0.0129514
0.0140128
0.0152267
0.0166147
0.0182323
0.0200855
0.0222742
0.0247965
0.0279131
0.0317884
0.0375347
0.0466875
0.0644197
0.0978852
0.160306
0.177824
0.134827
0.00389809
0.00163759
0.00141264
0.00155699
0.00184599
0.00221125
0.00262119
0.0030546
0.0034975
0.00393554
0.00436064
0.00476626
0.00514747
0.00550093
0.00582564
0.00612212
0.00639157
0.00663553
0.00685578
0.00705419
0.00723272
0.00739332
0.00753789
0.00766862
0.00778851
0.00789998
0.00800321
0.00810137
0.00819619
0.00828919
0.00838261
0.00847854
0.00857889
0.00868556
0.00880063
0.00892583
0.00906423
0.00921656
0.00938459
0.00957143
0.00977915
0.0100095
0.0102648
0.0105478
0.0108618
0.0112102
0.0115947
0.0120193
0.012488
0.0130042
0.0135714
0.014194
0.0148766
0.0156244
0.0164411
0.0173343
0.01831
0.0193758
0.0205381
0.0218062
0.0231861
0.024692
0.0263284
0.0281205
0.0300662
0.0322129
0.0345335
0.0371274
0.0399208
0.0431355
0.046558
0.0506964
0.0552801
0.0618314
0.070863
0.0880326
0.117595
0.17436
0.186803
0.136353
0.00478322
0.00195421
0.00180585
0.00219659
0.00278601
0.00349415
0.00428162
0.00511539
0.00596919
0.00682169
0.00765891
0.00847112
0.00925168
0.00999655
0.0107039
0.011374
0.0120083
0.0126091
0.0131792
0.0137218
0.0142401
0.0147375
0.0152175
0.0156835
0.016139
0.0165884
0.0170346
0.017481
0.0179312
0.0183887
0.0188568
0.0193392
0.0198391
0.0203601
0.0209056
0.0214793
0.0220851
0.0227266
0.0234075
0.0241311
0.0249026
0.0257238
0.0266003
0.0275392
0.0285453
0.0296237
0.030778
0.0320112
0.0333261
0.0347261
0.0362142
0.0377939
0.0394666
0.0412358
0.0431006
0.0450673
0.0471374
0.0493141
0.0515973
0.0539926
0.0564977
0.0591254
0.0618651
0.0647501
0.0677431
0.0709281
0.0742082
0.0777735
0.0813691
0.0855367
0.089556
0.0946271
0.0994859
0.106815
0.11518
0.131576
0.155092
0.196784
0.196699
0.134731
0.0059854
0.00270383
0.00351178
0.00528232
0.00739107
0.00980316
0.0124585
0.0152438
0.0180623
0.0208485
0.0235633
0.0261841
0.0286978
0.031098
0.0333836
0.0355575
0.0376259
0.039597
0.04148
0.0432847
0.0450208
0.0466982
0.0483265
0.0499151
0.0514724
0.0530072
0.0545293
0.0560469
0.0575674
0.059098
0.0606449
0.0622147
0.0638126
0.0654445
0.0671152
0.0688302
0.0705937
0.0724106
0.0742853
0.0762202
0.0782224
0.0802876
0.0824306
0.0846537
0.0869541
0.0893289
0.0917752
0.0942901
0.096871
0.0995145
0.102221
0.104985
0.107809
0.110682
0.113615
0.116592
0.119619
0.122688
0.125809
0.128979
0.132216
0.135508
0.138866
0.142295
0.145787
0.149397
0.15305
0.156917
0.160835
0.165577
0.169871
0.175837
0.180771
0.188955
0.19604
0.209568
0.220698
0.227927
0.203494
0.123682
0.00820037
0.00576214
0.0135736
0.0242721
0.0352427
0.0470338
0.0595571
0.0722426
0.0845759
0.0962499
0.107128
0.117172
0.126385
0.1348
0.14246
0.149425
0.155757
0.16152
0.166779
0.171592
0.176015
0.180097
0.183884
0.187417
0.190732
0.193863
0.196839
0.199685
0.202426
0.205082
0.207669
0.210204
0.212696
0.215158
0.217596
0.220021
0.222436
0.22485
0.227262
0.229682
0.232106
0.234545
0.236992
0.239427
0.24184
0.24423
0.246599
0.248946
0.251282
0.253605
0.255931
0.258248
0.260593
0.262942
0.26534
0.267741
0.270212
0.27267
0.275228
0.27774
0.280388
0.282944
0.285705
0.288299
0.291192
0.293807
0.29689
0.299593
0.302745
0.304776
0.307413
0.308524
0.309514
0.308593
0.305749
0.297782
0.280087
0.249052
0.203641
0.110142
0.00503192
0.0104286
0.0170336
0.0231238
0.0289708
0.0344915
0.0398146
0.0450126
0.0500823
0.0549852
0.0596815
0.0641449
0.0683626
0.0723306
0.0760497
0.0795245
0.0827614
0.0857695
0.0885589
0.0911417
0.0935295
0.095736
0.0977726
0.099653
0.101389
0.102992
0.104475
0.10585
0.107126
0.108313
0.109423
0.110463
0.111442
0.112368
0.113249
0.114091
0.114901
0.115685
0.116449
0.117198
0.117938
0.11867
0.119408
0.120134
0.12087
0.12159
0.122329
0.12305
0.123804
0.124538
0.125324
0.126086
0.126923
0.127727
0.128635
0.129494
0.130495
0.131416
0.132526
0.13351
0.13474
0.135778
0.137132
0.138199
0.139647
0.140689
0.14214
0.14313
0.144608
0.145881
0.147482
0.148906
0.150372
0.15151
0.152348
0.151987
0.150242
0.1453
0.132335
0.0963794
)
;

boundaryField
{
    movingWall
    {
        type            epsilonWallFunction;
        value           nonuniform List<scalar> 
80
(
0.00503192
0.0104286
0.0170336
0.0231238
0.0289708
0.0344915
0.0398146
0.0450126
0.0500823
0.0549852
0.0596815
0.0641449
0.0683626
0.0723306
0.0760497
0.0795245
0.0827614
0.0857695
0.0885589
0.0911417
0.0935295
0.095736
0.0977726
0.099653
0.101389
0.102992
0.104475
0.10585
0.107126
0.108313
0.109423
0.110463
0.111442
0.112368
0.113249
0.114091
0.114901
0.115685
0.116449
0.117198
0.117938
0.11867
0.119408
0.120134
0.12087
0.12159
0.122329
0.12305
0.123804
0.124538
0.125324
0.126086
0.126923
0.127727
0.128635
0.129494
0.130495
0.131416
0.132526
0.13351
0.13474
0.135778
0.137132
0.138199
0.139647
0.140689
0.14214
0.14313
0.144608
0.145881
0.147482
0.148906
0.150372
0.15151
0.152348
0.151987
0.150242
0.1453
0.132335
0.0963794
)
;
    }
    fixedWalls
    {
        type            epsilonWallFunction;
        value           nonuniform List<scalar> 
240
(
2.02045e-05
0.00010037
0.000228033
0.000400137
0.000627264
0.000923642
0.00130284
0.00177533
0.00234873
0.00304871
0.00387447
0.00480838
0.0058321
0.00692049
0.00804027
0.00916785
0.0102683
0.0113123
0.0122751
0.0131354
0.0138886
0.0145271
0.0150328
0.0154014
0.0156385
0.0157448
0.0157274
0.0156357
0.0154491
0.0151985
0.014875
0.0144965
0.0140767
0.0136315
0.0131489
0.0127677
0.0124041
0.0120294
0.0116442
0.0112494
0.0108473
0.0104421
0.0100385
0.00963724
0.00924288
0.00885705
0.00848015
0.00811084
0.00774771
0.0073882
0.007032
0.0066794
0.0063313
0.0059903
0.0056601
0.00534491
0.00504426
0.00475854
0.00448811
0.00423321
0.00399424
0.00377096
0.0035628
0.00336937
0.00319055
0.0030267
0.00287896
0.00275049
0.00265099
0.00258208
0.00255019
0.00257533
0.00267976
0.00289395
0.00327288
0.00389809
0.00478322
0.0059854
0.00820037
0.00503192
3.36169e-05
0.000174852
0.000440032
0.000701506
0.000878207
0.000958249
0.000971241
0.000966031
0.000984883
0.00105869
0.00122921
0.00154461
0.00201582
0.00263134
0.00335665
0.0041485
0.00496805
0.0058109
0.00666678
0.0076098
0.0087795
0.0102893
0.0120904
0.0140304
0.016154
0.0183087
0.0202667
0.0218327
0.0228513
0.0233294
0.0235114
0.0235502
0.0234259
0.0230459
0.0226206
0.0220822
0.0215579
0.0210447
0.0206066
0.0202203
0.0199275
0.0197465
0.0196714
0.019663
0.0198315
0.020131
0.0205848
0.0212235
0.0220722
0.0231294
0.0244433
0.0260109
0.0278755
0.0300451
0.0325539
0.0354067
0.038627
0.0422152
0.0461785
0.0505054
0.0551917
0.0602138
0.0655412
0.0711338
0.0769411
0.0829074
0.0889703
0.0950696
0.10115
0.107155
0.113061
0.118905
0.124758
0.130882
0.134827
0.136353
0.134731
0.123682
0.110142
0.0963794
2.02045e-05
0.000102709
0.000237552
0.000383791
0.000516934
0.000631003
0.000731325
0.000826706
0.000925152
0.00103242
0.00115249
0.00128752
0.00143906
0.00160899
0.00179767
0.00200584
0.00223361
0.00247965
0.002741
0.0030143
0.00329914
0.00360434
0.00395175
0.00436048
0.00483744
0.00536719
0.00591667
0.00646977
0.00704006
0.00763922
0.00827383
0.00893905
0.00960279
0.0102572
0.0109023
0.0115394
0.0121809
0.0128309
0.0134997
0.0141928
0.0149181
0.0156796
0.0164848
0.0173408
0.0182416
0.0191897
0.0201887
0.0212724
0.0225012
0.0240331
0.0256187
0.0272211
0.0287974
0.0303157
0.0317264
0.0329731
0.0339916
0.0346462
0.0349605
0.0350483
0.0345585
0.0334846
0.0318537
0.0296914
0.0270389
0.0240015
0.0207371
0.017423
0.0141737
0.0110931
0.00831573
0.00611467
0.00431867
0.00291429
0.00188134
0.00116082
0.000681034
0.00037016
0.000163111
3.36169e-05
)
;
    }
    frontAndBack
    {
        type            empty;
    }
}


// ************************************************************************* //
