/*--------------------------------*- C++ -*----------------------------------*\
  =========                 |
  \\      /  F ield         | OpenFOAM: The Open Source CFD Toolbox
   \\    /   O peration     | Website:  https://openfoam.org
    \\  /    A nd           | Version:  13
     \\/     M anipulation  |
\*---------------------------------------------------------------------------*/
FoamFile
{
    format      ascii;
    class       volScalarField;
    location    "8";
    object      nut;
}
// * * * * * * * * * * * * * * * * * * * * * * * * * * * * * * * * * * * * * //

dimensions      [0 2 -1 0 0 0 0];

internalField   nonuniform List<scalar> 
6400
(
9.86953e-10
5.07092e-09
1.23263e-08
1.98532e-08
2.55249e-08
2.87141e-08
2.98855e-08
3.00229e-08
3.02267e-08
3.13602e-08
3.40731e-08
3.93151e-08
4.75476e-08
5.89348e-08
7.28641e-08
8.85622e-08
1.0523e-07
1.22549e-07
1.39711e-07
1.56316e-07
1.73043e-07
1.91337e-07
2.13127e-07
2.39544e-07
2.69461e-07
2.99653e-07
3.29649e-07
3.59418e-07
3.89882e-07
4.21862e-07
4.54923e-07
4.87949e-07
5.20413e-07
5.52413e-07
5.84766e-07
6.17662e-07
6.51782e-07
6.87336e-07
7.24759e-07
7.6416e-07
8.05827e-07
8.50078e-07
8.97164e-07
9.47655e-07
1.00196e-06
1.06196e-06
1.13117e-06
1.21712e-06
1.30325e-06
1.39113e-06
1.47711e-06
1.56061e-06
1.63895e-06
1.70997e-06
1.77103e-06
1.81898e-06
1.84339e-06
1.85307e-06
1.84929e-06
1.81369e-06
1.75092e-06
1.66114e-06
1.54536e-06
1.40832e-06
1.25248e-06
1.086e-06
9.16884e-07
7.51645e-07
5.96374e-07
4.58311e-07
3.4591e-07
2.51606e-07
1.75452e-07
1.17271e-07
7.53927e-08
4.68558e-08
2.82383e-08
1.62371e-08
7.68641e-09
1.63881e-09
4.77198e-09
3.37023e-07
1.21277e-06
2.04331e-06
2.65676e-06
3.01847e-06
3.18627e-06
3.24789e-06
3.28753e-06
3.36674e-06
3.56117e-06
3.9373e-06
4.46477e-06
5.07596e-06
5.70878e-06
6.3016e-06
6.80992e-06
7.18629e-06
7.41747e-06
7.51922e-06
7.57282e-06
7.64379e-06
7.79954e-06
8.06653e-06
8.38307e-06
8.59455e-06
8.7984e-06
9.03156e-06
9.34044e-06
9.76333e-06
1.03054e-05
1.09017e-05
1.15471e-05
1.22122e-05
1.29156e-05
1.36424e-05
1.44019e-05
1.51884e-05
1.60085e-05
1.68575e-05
1.77293e-05
1.86297e-05
1.95564e-05
2.05339e-05
2.15267e-05
2.25027e-05
2.3435e-05
2.42686e-05
2.51361e-05
2.60115e-05
2.68975e-05
2.77744e-05
2.86283e-05
2.94382e-05
3.01818e-05
3.09102e-05
3.13608e-05
3.16549e-05
3.18474e-05
3.18181e-05
3.14547e-05
3.07886e-05
2.97926e-05
2.84587e-05
2.67868e-05
2.48322e-05
2.2689e-05
2.03794e-05
1.79361e-05
1.52849e-05
1.23929e-05
9.60658e-06
7.15022e-06
5.12778e-06
3.55721e-06
2.42122e-06
1.6208e-06
1.04958e-06
4.75628e-07
8.66294e-09
1.04369e-08
8.70832e-07
3.51664e-06
6.10657e-06
8.08916e-06
9.37878e-06
1.0107e-05
1.04786e-05
1.06981e-05
1.09448e-05
1.13566e-05
1.20084e-05
1.28755e-05
1.38594e-05
1.48336e-05
1.56901e-05
1.63796e-05
1.68772e-05
1.71823e-05
1.73098e-05
1.72812e-05
1.71924e-05
1.71212e-05
1.71061e-05
1.71832e-05
1.74414e-05
1.77606e-05
1.80861e-05
1.84355e-05
1.88065e-05
1.92956e-05
1.99815e-05
2.09688e-05
2.19725e-05
2.31116e-05
2.43056e-05
2.55797e-05
2.68734e-05
2.82215e-05
2.96616e-05
3.1057e-05
3.2497e-05
3.39043e-05
3.52407e-05
3.65172e-05
3.77686e-05
3.89835e-05
4.02058e-05
4.14369e-05
4.26666e-05
4.3888e-05
4.50884e-05
4.62521e-05
4.73589e-05
4.83821e-05
4.92871e-05
5.00765e-05
5.06031e-05
5.08415e-05
5.10018e-05
5.08257e-05
5.03308e-05
4.94732e-05
4.81413e-05
4.62508e-05
4.38221e-05
4.10482e-05
3.79148e-05
3.44362e-05
3.06488e-05
2.66073e-05
2.24518e-05
1.83791e-05
1.45916e-05
1.12597e-05
8.44042e-06
6.20325e-06
4.27749e-06
1.7847e-06
2.3173e-08
1.81212e-08
1.42449e-06
5.49834e-06
9.39152e-06
1.24032e-05
1.44727e-05
1.57566e-05
1.64812e-05
1.69023e-05
1.72544e-05
1.7735e-05
1.84678e-05
1.94322e-05
2.04897e-05
2.14806e-05
2.22918e-05
2.2864e-05
2.3194e-05
2.33113e-05
2.32738e-05
2.31473e-05
2.3041e-05
2.3021e-05
2.31237e-05
2.31778e-05
2.31893e-05
2.31638e-05
2.3557e-05
2.42919e-05
2.52707e-05
2.65536e-05
2.777e-05
2.89746e-05
3.02607e-05
3.15798e-05
3.28754e-05
3.4177e-05
3.55436e-05
3.68369e-05
3.8121e-05
3.93541e-05
4.057e-05
4.17375e-05
4.28658e-05
4.39479e-05
4.50027e-05
4.60579e-05
4.71137e-05
4.81666e-05
4.92109e-05
5.02398e-05
5.12429e-05
5.22075e-05
5.31167e-05
5.39507e-05
5.4686e-05
5.52968e-05
5.57603e-05
5.60006e-05
5.60592e-05
5.58971e-05
5.53831e-05
5.4599e-05
5.38011e-05
5.24984e-05
5.05643e-05
4.81809e-05
4.53102e-05
4.2026e-05
3.83763e-05
3.44054e-05
3.01788e-05
2.58057e-05
2.14489e-05
1.73118e-05
1.35574e-05
1.02944e-05
7.22428e-06
2.9995e-06
3.86178e-08
2.90585e-08
2.1354e-06
7.62038e-06
1.26175e-05
1.6347e-05
1.88574e-05
2.03897e-05
2.12325e-05
2.17027e-05
2.21254e-05
2.27559e-05
2.36801e-05
2.47966e-05
2.591e-05
2.68451e-05
2.75038e-05
2.78667e-05
2.79735e-05
2.78797e-05
2.77053e-05
2.74511e-05
2.72748e-05
2.71154e-05
2.64891e-05
2.6428e-05
2.69497e-05
2.78959e-05
2.9032e-05
3.01928e-05
3.14944e-05
3.2766e-05
3.39992e-05
3.52122e-05
3.63948e-05
3.74896e-05
3.85124e-05
3.95389e-05
4.04957e-05
4.13231e-05
4.2102e-05
4.27985e-05
4.34455e-05
4.40578e-05
4.46635e-05
4.52858e-05
4.5922e-05
4.65547e-05
4.71948e-05
4.78435e-05
4.85043e-05
4.91787e-05
4.98669e-05
5.0567e-05
5.12742e-05
5.19815e-05
5.26766e-05
5.33412e-05
5.39455e-05
5.44571e-05
5.48182e-05
5.4957e-05
5.48478e-05
5.43158e-05
5.3199e-05
5.23924e-05
5.12223e-05
4.94003e-05
4.70819e-05
4.43308e-05
4.1199e-05
3.77236e-05
3.39297e-05
2.98526e-05
2.55809e-05
2.132e-05
1.72376e-05
1.34042e-05
9.43472e-06
3.84918e-06
4.93203e-08
4.46556e-08
3.08997e-06
1.01222e-05
1.6137e-05
2.03688e-05
2.3057e-05
2.45922e-05
2.53888e-05
2.58733e-05
2.64247e-05
2.72546e-05
2.83447e-05
2.95126e-05
3.05422e-05
3.12805e-05
3.16672e-05
3.17202e-05
3.15659e-05
3.11462e-05
3.08278e-05
3.02929e-05
2.94168e-05
2.92741e-05
2.99722e-05
3.09345e-05
3.19482e-05
3.31082e-05
3.42671e-05
3.53773e-05
3.64473e-05
3.73701e-05
3.82428e-05
3.90468e-05
3.97417e-05
4.03003e-05
4.07973e-05
4.11966e-05
4.1591e-05
4.189e-05
4.21517e-05
4.23849e-05
4.26081e-05
4.28124e-05
4.30065e-05
4.31953e-05
4.33782e-05
4.35609e-05
4.37516e-05
4.39591e-05
4.41939e-05
4.44673e-05
4.47912e-05
4.5178e-05
4.56363e-05
4.61659e-05
4.67659e-05
4.74439e-05
4.81722e-05
4.89195e-05
4.96315e-05
5.03018e-05
5.07185e-05
5.08608e-05
5.06832e-05
4.98389e-05
4.93495e-05
4.81328e-05
4.63645e-05
4.41057e-05
4.14443e-05
3.84554e-05
3.51716e-05
3.15762e-05
2.76403e-05
2.35122e-05
1.9322e-05
1.52134e-05
1.07435e-05
4.25899e-06
5.32823e-08
6.62796e-08
4.33137e-06
1.30343e-05
1.99504e-05
2.4488e-05
2.71607e-05
2.85574e-05
2.92506e-05
2.97602e-05
3.04474e-05
3.14179e-05
3.25477e-05
3.36111e-05
3.44095e-05
3.48397e-05
3.49e-05
3.4429e-05
3.39775e-05
3.35075e-05
3.23219e-05
3.19888e-05
3.24683e-05
3.33167e-05
3.408e-05
3.49723e-05
3.58631e-05
3.67618e-05
3.7539e-05
3.82144e-05
3.88107e-05
3.93337e-05
3.977e-05
4.01089e-05
4.03572e-05
4.05312e-05
4.06576e-05
4.07352e-05
4.07868e-05
4.07864e-05
4.07817e-05
4.07733e-05
4.07224e-05
4.06705e-05
4.05935e-05
4.05138e-05
4.04137e-05
4.03075e-05
4.01898e-05
4.00705e-05
3.99555e-05
3.98601e-05
3.98017e-05
3.98094e-05
3.99261e-05
4.01716e-05
4.05244e-05
4.10724e-05
4.18068e-05
4.26937e-05
4.36638e-05
4.47232e-05
4.57283e-05
4.6616e-05
4.70395e-05
4.71183e-05
4.65947e-05
4.63291e-05
4.51092e-05
4.32458e-05
4.08699e-05
3.81304e-05
3.51426e-05
3.19441e-05
2.8449e-05
2.45379e-05
2.05043e-05
1.61284e-05
1.10417e-05
4.24933e-06
5.17594e-08
9.51935e-08
5.87831e-06
1.62846e-05
2.39521e-05
2.86148e-05
3.11425e-05
3.23386e-05
3.29239e-05
3.34573e-05
3.42226e-05
3.52086e-05
3.62178e-05
3.70168e-05
3.74415e-05
3.74422e-05
3.69117e-05
3.64381e-05
3.53841e-05
3.46432e-05
3.45967e-05
3.51272e-05
3.55137e-05
3.61356e-05
3.67483e-05
3.74815e-05
3.80994e-05
3.86494e-05
3.90682e-05
3.94029e-05
3.96529e-05
3.98301e-05
3.99389e-05
3.99919e-05
4.00054e-05
3.99935e-05
3.99666e-05
3.9925e-05
3.98739e-05
3.98112e-05
3.97476e-05
3.96403e-05
3.95679e-05
3.9506e-05
3.93391e-05
3.9222e-05
3.90585e-05
3.88926e-05
3.87027e-05
3.84956e-05
3.82649e-05
3.80117e-05
3.77311e-05
3.742e-05
3.70722e-05
3.67358e-05
3.65475e-05
3.65179e-05
3.68119e-05
3.7493e-05
3.83421e-05
3.95159e-05
4.0818e-05
4.21801e-05
4.34496e-05
4.41946e-05
4.43506e-05
4.41854e-05
4.40689e-05
4.26799e-05
4.05563e-05
3.78939e-05
3.49034e-05
3.17667e-05
2.85415e-05
2.50059e-05
2.09868e-05
1.6637e-05
1.12149e-05
4.13893e-06
4.81232e-08
1.32275e-07
7.71278e-06
1.9783e-05
2.79854e-05
3.26577e-05
3.49688e-05
3.59449e-05
3.64203e-05
3.69376e-05
3.76792e-05
3.85394e-05
3.92887e-05
3.97217e-05
3.9559e-05
3.90603e-05
3.85564e-05
3.72408e-05
3.67306e-05
3.67712e-05
3.68262e-05
3.70886e-05
3.75093e-05
3.80133e-05
3.84698e-05
3.8908e-05
3.92123e-05
3.94425e-05
3.95766e-05
3.96609e-05
3.96973e-05
3.97081e-05
3.97027e-05
3.9695e-05
3.9692e-05
3.9696e-05
3.97065e-05
3.97208e-05
3.97361e-05
3.97439e-05
3.97362e-05
3.97284e-05
3.97205e-05
3.96656e-05
3.9596e-05
3.9518e-05
3.94049e-05
3.92733e-05
3.91106e-05
3.89189e-05
3.86909e-05
3.84261e-05
3.81171e-05
3.77569e-05
3.73396e-05
3.68546e-05
3.63002e-05
3.56721e-05
3.49894e-05
3.44256e-05
3.4537e-05
3.52588e-05
3.63831e-05
3.78637e-05
3.9483e-05
4.10961e-05
4.20826e-05
4.23151e-05
4.23973e-05
4.23911e-05
4.07376e-05
3.82604e-05
3.51904e-05
3.18239e-05
2.84239e-05
2.49986e-05
2.11883e-05
1.66769e-05
1.09634e-05
3.8491e-06
4.4e-08
1.77855e-07
9.75401e-06
2.33551e-05
3.19718e-05
3.65602e-05
3.86145e-05
3.93603e-05
3.97014e-05
4.01287e-05
4.0728e-05
4.13337e-05
4.17194e-05
4.14436e-05
4.08781e-05
4.02887e-05
3.91995e-05
3.86274e-05
3.83762e-05
3.81336e-05
3.8278e-05
3.85177e-05
3.88296e-05
3.91237e-05
3.93441e-05
3.95051e-05
3.95747e-05
3.96097e-05
3.96109e-05
3.96163e-05
3.96294e-05
3.96666e-05
3.97284e-05
3.98163e-05
3.99246e-05
4.00465e-05
4.01722e-05
4.02907e-05
4.04218e-05
4.05031e-05
4.05481e-05
4.06365e-05
4.06407e-05
4.06362e-05
4.05967e-05
4.05323e-05
4.04359e-05
4.03144e-05
4.01657e-05
3.99938e-05
3.9796e-05
3.95648e-05
3.92937e-05
3.89708e-05
3.85774e-05
3.8104e-05
3.75291e-05
3.68325e-05
3.60035e-05
3.50709e-05
3.40945e-05
3.3133e-05
3.30783e-05
3.40633e-05
3.55083e-05
3.73838e-05
3.92581e-05
4.05038e-05
4.08333e-05
4.10031e-05
4.10072e-05
3.90529e-05
3.61524e-05
3.25976e-05
2.87809e-05
2.50151e-05
2.11593e-05
1.66355e-05
1.06911e-05
3.57417e-06
4.0585e-08
2.32774e-07
1.18323e-05
2.68642e-05
3.58239e-05
4.02769e-05
4.20522e-05
4.25496e-05
4.27071e-05
4.29518e-05
4.32938e-05
4.35394e-05
4.3167e-05
4.25036e-05
4.18349e-05
4.09021e-05
4.0213e-05
3.95993e-05
3.92916e-05
3.9162e-05
3.92723e-05
3.93944e-05
3.95297e-05
3.96117e-05
3.96409e-05
3.964e-05
3.96196e-05
3.96234e-05
3.96564e-05
3.97392e-05
3.98658e-05
4.00366e-05
4.02395e-05
4.04647e-05
4.06979e-05
4.09429e-05
4.11943e-05
4.1357e-05
4.14923e-05
4.17026e-05
4.17932e-05
4.18951e-05
4.19336e-05
4.19526e-05
4.19291e-05
4.18734e-05
4.17806e-05
4.16541e-05
4.14925e-05
4.12971e-05
4.10673e-05
4.08035e-05
4.05065e-05
4.01763e-05
3.98127e-05
3.94135e-05
3.89502e-05
3.83737e-05
3.76313e-05
3.67043e-05
3.55852e-05
3.43306e-05
3.30809e-05
3.1957e-05
3.22314e-05
3.3701e-05
3.56237e-05
3.7741e-05
3.924e-05
3.96633e-05
3.98279e-05
3.97041e-05
3.7391e-05
3.40054e-05
2.99296e-05
2.56138e-05
2.13559e-05
1.66256e-05
1.06716e-05
3.50172e-06
3.9356e-08
2.99492e-07
1.37523e-05
3.02191e-05
3.94837e-05
4.37721e-05
4.52506e-05
4.54682e-05
4.53759e-05
4.53423e-05
4.5326e-05
4.48385e-05
4.40578e-05
4.33307e-05
4.24711e-05
4.16705e-05
4.07304e-05
4.02236e-05
3.99438e-05
3.98246e-05
3.98241e-05
3.98027e-05
3.97821e-05
3.97328e-05
3.96882e-05
3.96732e-05
3.97074e-05
3.98117e-05
3.99805e-05
4.02128e-05
4.04911e-05
4.08034e-05
4.11319e-05
4.14789e-05
4.18377e-05
4.21553e-05
4.23735e-05
4.26218e-05
4.2879e-05
4.30773e-05
4.32247e-05
4.33484e-05
4.34236e-05
4.34662e-05
4.34654e-05
4.3426e-05
4.33453e-05
4.32244e-05
4.30628e-05
4.28607e-05
4.26178e-05
4.23341e-05
4.20086e-05
4.16401e-05
4.12266e-05
4.07665e-05
4.02587e-05
3.97031e-05
3.90962e-05
3.83605e-05
3.7404e-05
3.61781e-05
3.47514e-05
3.32172e-05
3.18161e-05
3.0987e-05
3.22354e-05
3.41056e-05
3.64593e-05
3.81341e-05
3.86148e-05
3.86935e-05
3.82959e-05
3.55322e-05
3.16256e-05
2.70209e-05
2.21411e-05
1.70385e-05
1.09126e-05
3.6439e-06
4.0737e-08
3.73533e-07
1.56529e-05
3.34082e-05
4.29178e-05
4.70164e-05
4.81774e-05
4.80727e-05
4.76577e-05
4.72556e-05
4.65832e-05
4.56488e-05
4.48776e-05
4.39805e-05
4.30441e-05
4.18757e-05
4.10779e-05
4.06174e-05
4.03239e-05
4.01494e-05
4.00306e-05
3.99082e-05
3.98166e-05
3.9755e-05
3.97624e-05
3.98512e-05
4.00284e-05
4.02895e-05
4.06167e-05
4.09945e-05
4.14016e-05
4.1823e-05
4.22633e-05
4.26989e-05
4.30933e-05
4.34267e-05
4.37511e-05
4.40449e-05
4.43365e-05
4.45836e-05
4.47775e-05
4.49379e-05
4.50537e-05
4.51289e-05
4.51586e-05
4.51437e-05
4.50821e-05
4.49738e-05
4.48183e-05
4.46157e-05
4.4366e-05
4.40695e-05
4.37256e-05
4.33331e-05
4.28892e-05
4.239e-05
4.18304e-05
4.12059e-05
4.05153e-05
3.97638e-05
3.89539e-05
3.79631e-05
3.66897e-05
3.5127e-05
3.33881e-05
3.16673e-05
3.03245e-05
3.09626e-05
3.28429e-05
3.53302e-05
3.70892e-05
3.75535e-05
3.74744e-05
3.65899e-05
3.32909e-05
2.88829e-05
2.3675e-05
1.80875e-05
1.17126e-05
4.10058e-06
4.66501e-08
4.52779e-07
1.7497e-05
3.63885e-05
4.60932e-05
4.99837e-05
5.08051e-05
5.03309e-05
4.95212e-05
4.85474e-05
4.73892e-05
4.65644e-05
4.54697e-05
4.43988e-05
4.30484e-05
4.19733e-05
4.126e-05
4.07982e-05
4.0465e-05
4.02273e-05
4.00411e-05
3.99016e-05
3.98437e-05
3.98752e-05
4.00185e-05
4.0266e-05
4.06066e-05
4.10196e-05
4.1482e-05
4.19748e-05
4.248e-05
4.29857e-05
4.34822e-05
4.39599e-05
4.44118e-05
4.48213e-05
4.52106e-05
4.55693e-05
4.58731e-05
4.61787e-05
4.64445e-05
4.66487e-05
4.68131e-05
4.69297e-05
4.69961e-05
4.70108e-05
4.69713e-05
4.68768e-05
4.67264e-05
4.65203e-05
4.62593e-05
4.59446e-05
4.55776e-05
4.51593e-05
4.46893e-05
4.41647e-05
4.35794e-05
4.29243e-05
4.21881e-05
4.13621e-05
4.04478e-05
3.94659e-05
3.83749e-05
3.70301e-05
3.5339e-05
3.34495e-05
3.1526e-05
2.99519e-05
2.99177e-05
3.17659e-05
3.43226e-05
3.6042e-05
3.63655e-05
3.6152e-05
3.43816e-05
3.06353e-05
2.55736e-05
1.97016e-05
1.29877e-05
4.96355e-06
6.09364e-08
5.34644e-07
1.92425e-05
3.91204e-05
4.89849e-05
5.26561e-05
5.31212e-05
5.2239e-05
5.0915e-05
4.94751e-05
4.85027e-05
4.70462e-05
4.58327e-05
4.42945e-05
4.29626e-05
4.19683e-05
4.12907e-05
4.0807e-05
4.0443e-05
4.01824e-05
4.00085e-05
3.99399e-05
3.99979e-05
4.01814e-05
4.04882e-05
4.08942e-05
4.13774e-05
4.19119e-05
4.24765e-05
4.30545e-05
4.36326e-05
4.42017e-05
4.47546e-05
4.52857e-05
4.57911e-05
4.62773e-05
4.67511e-05
4.71702e-05
4.75383e-05
4.78669e-05
4.82146e-05
4.84909e-05
4.8705e-05
4.88731e-05
4.89814e-05
4.9031e-05
4.90169e-05
4.89375e-05
4.87912e-05
4.85777e-05
4.8298e-05
4.79542e-05
4.75498e-05
4.70888e-05
4.6575e-05
4.60106e-05
4.53943e-05
4.47197e-05
4.39729e-05
4.31335e-05
4.21785e-05
4.10931e-05
3.98911e-05
3.85541e-05
3.70715e-05
3.53549e-05
3.33359e-05
3.13035e-05
2.94735e-05
2.90322e-05
3.07993e-05
3.34407e-05
3.49169e-05
3.49685e-05
3.45934e-05
3.18387e-05
2.7293e-05
2.14961e-05
1.45577e-05
5.97118e-06
8.39064e-08
6.1674e-07
2.08522e-05
4.15792e-05
5.15833e-05
5.50246e-05
5.51365e-05
5.37416e-05
5.20663e-05
5.07525e-05
4.88947e-05
4.7432e-05
4.56905e-05
4.40955e-05
4.28093e-05
4.18708e-05
4.12035e-05
4.07093e-05
4.03539e-05
4.01335e-05
4.00475e-05
4.01116e-05
4.03253e-05
4.06719e-05
4.113e-05
4.16688e-05
4.22637e-05
4.28913e-05
4.3535e-05
4.41823e-05
4.48245e-05
4.54559e-05
4.60722e-05
4.66705e-05
4.72487e-05
4.7805e-05
4.83444e-05
4.88672e-05
4.93141e-05
4.96899e-05
5.00742e-05
5.0463e-05
5.07256e-05
5.09528e-05
5.11089e-05
5.11991e-05
5.1216e-05
5.11568e-05
5.10185e-05
5.07997e-05
5.05004e-05
5.01227e-05
4.96705e-05
4.915e-05
4.85689e-05
4.79353e-05
4.72561e-05
4.6534e-05
4.57645e-05
4.49319e-05
4.40072e-05
4.29503e-05
4.17208e-05
4.03751e-05
3.87941e-05
3.69166e-05
3.50822e-05
3.30766e-05
3.09349e-05
2.88903e-05
2.82464e-05
2.99536e-05
3.25324e-05
3.38582e-05
3.3327e-05
3.2291e-05
2.84923e-05
2.30765e-05
1.61664e-05
7.011e-06
1.13514e-07
6.97369e-07
2.22787e-05
4.37651e-05
5.39268e-05
5.70568e-05
5.66328e-05
5.50109e-05
5.32542e-05
5.11169e-05
4.92841e-05
4.73173e-05
4.54407e-05
4.38403e-05
4.2604e-05
4.17029e-05
4.10488e-05
4.05797e-05
4.0285e-05
4.01639e-05
4.02154e-05
4.04374e-05
4.08089e-05
4.13012e-05
4.18843e-05
4.25282e-05
4.32109e-05
4.39145e-05
4.46272e-05
4.53408e-05
4.60498e-05
4.67507e-05
4.74402e-05
4.81157e-05
4.8774e-05
4.94114e-05
5.00231e-05
5.06355e-05
5.1183e-05
5.1606e-05
5.20425e-05
5.25224e-05
5.2851e-05
5.31362e-05
5.33461e-05
5.34824e-05
5.35375e-05
5.35069e-05
5.3386e-05
5.31715e-05
5.28616e-05
5.24566e-05
5.19594e-05
5.13759e-05
5.07154e-05
4.99896e-05
4.92123e-05
4.83964e-05
4.75506e-05
4.66745e-05
4.57526e-05
4.47494e-05
4.36073e-05
4.22549e-05
4.07777e-05
3.89907e-05
3.66768e-05
3.46471e-05
3.26549e-05
3.0388e-05
2.81541e-05
2.75883e-05
2.92114e-05
3.13697e-05
3.22528e-05
3.14838e-05
2.90543e-05
2.42446e-05
1.76019e-05
7.94959e-06
1.47903e-07
7.749e-07
2.35543e-05
4.56698e-05
5.58405e-05
5.85881e-05
5.80322e-05
5.63999e-05
5.40568e-05
5.15017e-05
4.92592e-05
4.70776e-05
4.51309e-05
4.35532e-05
4.23642e-05
4.14986e-05
4.08823e-05
4.04826e-05
4.02951e-05
4.03116e-05
4.05187e-05
4.0895e-05
4.14063e-05
4.2019e-05
4.27026e-05
4.34319e-05
4.41896e-05
4.49631e-05
4.57445e-05
4.65285e-05
4.73112e-05
4.80894e-05
4.88594e-05
4.96171e-05
5.0358e-05
5.10768e-05
5.17676e-05
5.24633e-05
5.3101e-05
5.35835e-05
5.40829e-05
5.46173e-05
5.50288e-05
5.53676e-05
5.56343e-05
5.58207e-05
5.59209e-05
5.59284e-05
5.58372e-05
5.56418e-05
5.5338e-05
5.49234e-05
5.4398e-05
5.37655e-05
5.30335e-05
5.22144e-05
5.13248e-05
5.03846e-05
4.94143e-05
4.84304e-05
4.74384e-05
4.64251e-05
4.53497e-05
4.41366e-05
4.26777e-05
4.10878e-05
3.88873e-05
3.63363e-05
3.4078e-05
3.20582e-05
2.95934e-05
2.71531e-05
2.70263e-05
2.87484e-05
3.0163e-05
3.02392e-05
2.91091e-05
2.4973e-05
1.87218e-05
8.71056e-06
1.85436e-07
8.46307e-07
2.46399e-05
4.71994e-05
5.73175e-05
5.98258e-05
5.9446e-05
5.72248e-05
5.43452e-05
5.17e-05
4.90932e-05
4.67642e-05
4.47924e-05
4.32522e-05
4.21114e-05
4.12954e-05
4.07512e-05
4.04599e-05
4.04092e-05
4.05768e-05
4.09344e-05
4.14468e-05
4.20752e-05
4.27867e-05
4.35544e-05
4.4359e-05
4.51876e-05
4.60318e-05
4.68863e-05
4.77467e-05
4.86091e-05
4.9469e-05
5.03216e-05
5.11612e-05
5.19819e-05
5.27774e-05
5.35416e-05
5.43083e-05
5.50235e-05
5.55713e-05
5.61197e-05
5.67019e-05
5.71905e-05
5.75798e-05
5.79016e-05
5.81398e-05
5.82897e-05
5.83436e-05
5.82941e-05
5.81339e-05
5.7856e-05
5.74551e-05
5.69275e-05
5.62728e-05
5.54949e-05
5.4603e-05
5.36127e-05
5.25457e-05
5.14291e-05
5.0292e-05
4.91595e-05
4.80451e-05
4.69391e-05
4.57974e-05
4.45301e-05
4.29959e-05
4.11437e-05
3.85438e-05
3.58111e-05
3.3388e-05
3.12557e-05
2.84428e-05
2.59483e-05
2.63245e-05
2.81957e-05
2.92274e-05
2.80772e-05
2.52126e-05
1.94803e-05
9.28861e-06
2.24904e-07
9.09046e-07
2.55089e-05
4.83497e-05
5.84278e-05
6.10538e-05
6.04564e-05
5.79045e-05
5.47172e-05
5.16462e-05
4.88342e-05
4.64128e-05
4.44464e-05
4.29532e-05
4.18694e-05
4.11262e-05
4.06861e-05
4.05281e-05
4.06245e-05
4.09384e-05
4.14301e-05
4.20581e-05
4.27846e-05
4.35804e-05
4.44237e-05
4.53003e-05
4.62011e-05
4.712e-05
4.80521e-05
4.89927e-05
4.99364e-05
5.08772e-05
5.18085e-05
5.27235e-05
5.36154e-05
5.44779e-05
5.53049e-05
5.61261e-05
5.69024e-05
5.75168e-05
5.80957e-05
5.87159e-05
5.92718e-05
5.97066e-05
6.00787e-05
6.03673e-05
6.05685e-05
6.06739e-05
6.06754e-05
6.05639e-05
6.03306e-05
5.9967e-05
5.94655e-05
5.88213e-05
5.80329e-05
5.7104e-05
5.60455e-05
5.48763e-05
5.36239e-05
5.23234e-05
5.10133e-05
4.97285e-05
4.84894e-05
4.72882e-05
4.60738e-05
4.47357e-05
4.30908e-05
4.0895e-05
3.79886e-05
3.51039e-05
3.25827e-05
3.02177e-05
2.71182e-05
2.50189e-05
2.56466e-05
2.68344e-05
2.7003e-05
2.51406e-05
1.9884e-05
9.65275e-06
2.66157e-07
9.61735e-07
2.61682e-05
4.91733e-05
5.92998e-05
6.1965e-05
6.11795e-05
5.81982e-05
5.48194e-05
5.14874e-05
4.85196e-05
4.60478e-05
4.41077e-05
4.2671e-05
4.16591e-05
4.1013e-05
4.06992e-05
4.0684e-05
4.09233e-05
4.13694e-05
4.19766e-05
4.27031e-05
4.35146e-05
4.43869e-05
4.5303e-05
4.62525e-05
4.72284e-05
4.82249e-05
4.92365e-05
5.02567e-05
5.12782e-05
5.22934e-05
5.32942e-05
5.42732e-05
5.52235e-05
5.61389e-05
5.70141e-05
5.78702e-05
5.86947e-05
5.93714e-05
5.99635e-05
6.06076e-05
6.1221e-05
6.16941e-05
6.21095e-05
6.24443e-05
6.2695e-05
6.28534e-05
6.29108e-05
6.28575e-05
6.2683e-05
6.23763e-05
6.19267e-05
6.13245e-05
6.05628e-05
5.96388e-05
5.85559e-05
5.73267e-05
5.59739e-05
5.45319e-05
5.30453e-05
5.15637e-05
5.01325e-05
4.87797e-05
4.74986e-05
4.62293e-05
4.48377e-05
4.29842e-05
4.02505e-05
3.71927e-05
3.42452e-05
3.16012e-05
2.88263e-05
2.54043e-05
2.42988e-05
2.52621e-05
2.59563e-05
2.44755e-05
1.99342e-05
9.81616e-06
3.08768e-07
1.00362e-06
2.66201e-05
4.9724e-05
5.98896e-05
6.26437e-05
6.17002e-05
5.8568e-05
5.48167e-05
5.1259e-05
4.8177e-05
4.56861e-05
4.37878e-05
4.24186e-05
4.14954e-05
4.09655e-05
4.07881e-05
4.09129e-05
4.12831e-05
4.18453e-05
4.25524e-05
4.3365e-05
4.4254e-05
4.51995e-05
4.61886e-05
4.72128e-05
4.82655e-05
4.93399e-05
5.04286e-05
5.1523e-05
5.2614e-05
5.36925e-05
5.475e-05
5.57789e-05
5.67725e-05
5.77257e-05
5.86344e-05
5.95052e-05
6.03645e-05
6.11008e-05
6.16895e-05
6.23417e-05
6.3003e-05
6.35065e-05
6.39567e-05
6.43313e-05
6.46269e-05
6.4836e-05
6.495e-05
6.49591e-05
6.48518e-05
6.46156e-05
6.42372e-05
6.37033e-05
6.30015e-05
6.21224e-05
6.10614e-05
5.9822e-05
5.84184e-05
5.68785e-05
5.52447e-05
5.35727e-05
5.19244e-05
5.03556e-05
4.88993e-05
4.75457e-05
4.62254e-05
4.47963e-05
4.2511e-05
3.93245e-05
3.62637e-05
3.31672e-05
3.03612e-05
2.69494e-05
2.36932e-05
2.33867e-05
2.37248e-05
2.34629e-05
1.9819e-05
9.96044e-06
3.55556e-07
1.03459e-06
2.68821e-05
5.00324e-05
6.02246e-05
6.31486e-05
6.19473e-05
5.86816e-05
5.47202e-05
5.09866e-05
4.78257e-05
4.53393e-05
4.34952e-05
4.22051e-05
4.13855e-05
4.09826e-05
4.09415e-05
4.11967e-05
4.16837e-05
4.23475e-05
4.31426e-05
4.40337e-05
4.49962e-05
4.60142e-05
4.7077e-05
4.81765e-05
4.9305e-05
5.04538e-05
5.16131e-05
5.27724e-05
5.39213e-05
5.50499e-05
5.61495e-05
5.72132e-05
5.82352e-05
5.92114e-05
6.01389e-05
6.10159e-05
6.18932e-05
6.26777e-05
6.32563e-05
6.39004e-05
6.46004e-05
6.51266e-05
6.56027e-05
6.60092e-05
6.6343e-05
6.65974e-05
6.67646e-05
6.68351e-05
6.67975e-05
6.66385e-05
6.63433e-05
6.58957e-05
6.52794e-05
6.44787e-05
6.34814e-05
6.22812e-05
6.08814e-05
5.9299e-05
5.75685e-05
5.57429e-05
5.38914e-05
5.20897e-05
5.04028e-05
4.88609e-05
4.74322e-05
4.59975e-05
4.43278e-05
4.1564e-05
3.82732e-05
3.50681e-05
3.17423e-05
2.86719e-05
2.4642e-05
2.26402e-05
2.26514e-05
2.27279e-05
1.96999e-05
1.03174e-05
4.15599e-07
1.05514e-06
2.69785e-05
5.00867e-05
6.02742e-05
6.33166e-05
6.22153e-05
5.87038e-05
5.45596e-05
5.06906e-05
4.74796e-05
4.50154e-05
4.32359e-05
4.20356e-05
4.133e-05
4.10568e-05
4.11453e-05
4.15185e-05
4.21091e-05
4.28631e-05
4.37379e-05
4.47028e-05
4.5737e-05
4.68272e-05
4.79633e-05
4.91363e-05
5.03365e-05
5.15527e-05
5.27732e-05
5.39859e-05
5.51795e-05
5.63443e-05
5.74721e-05
5.85569e-05
5.9594e-05
6.05806e-05
6.15143e-05
6.23936e-05
6.32679e-05
6.40919e-05
6.46649e-05
6.52839e-05
6.60104e-05
6.65543e-05
6.70472e-05
6.74771e-05
6.78408e-05
6.81329e-05
6.83467e-05
6.84735e-05
6.85026e-05
6.8421e-05
6.82132e-05
6.78616e-05
6.73468e-05
6.66487e-05
6.57482e-05
6.46297e-05
6.32851e-05
6.17182e-05
5.99505e-05
5.80252e-05
5.60093e-05
5.39888e-05
5.20565e-05
5.02891e-05
4.87196e-05
4.73085e-05
4.59197e-05
4.36098e-05
4.02736e-05
3.70592e-05
3.35786e-05
2.99699e-05
2.62481e-05
2.23524e-05
2.13724e-05
2.11729e-05
1.9399e-05
1.09554e-05
4.96609e-07
1.0653e-06
2.69054e-05
4.98822e-05
6.02013e-05
6.34473e-05
6.22443e-05
5.86344e-05
5.43551e-05
5.03865e-05
4.71485e-05
4.47196e-05
4.30133e-05
4.19114e-05
4.13245e-05
4.11777e-05
4.13856e-05
4.18647e-05
4.25478e-05
4.33831e-05
4.43321e-05
4.53677e-05
4.64723e-05
4.76334e-05
4.88404e-05
5.00825e-05
5.13475e-05
5.26221e-05
5.38927e-05
5.51465e-05
5.63721e-05
5.75604e-05
5.87044e-05
5.97991e-05
6.08415e-05
6.18299e-05
6.27638e-05
6.36436e-05
6.44939e-05
6.53248e-05
6.59376e-05
6.65151e-05
6.72387e-05
6.78019e-05
6.83037e-05
6.87483e-05
6.9133e-05
6.94537e-05
6.9705e-05
6.98797e-05
6.99683e-05
6.99586e-05
6.98357e-05
6.95816e-05
6.91754e-05
6.85939e-05
6.78126e-05
6.68083e-05
6.55619e-05
6.40638e-05
6.23196e-05
6.03573e-05
5.82323e-05
5.60285e-05
5.38505e-05
5.18032e-05
4.99608e-05
4.83308e-05
4.68235e-05
4.52313e-05
4.23054e-05
3.88318e-05
3.54315e-05
3.17471e-05
2.78365e-05
2.3288e-05
2.09558e-05
1.97284e-05
1.8909e-05
1.16391e-05
5.98209e-07
1.0646e-06
2.67321e-05
4.96262e-05
5.99757e-05
6.34383e-05
6.21704e-05
5.84958e-05
5.41231e-05
5.00859e-05
4.68392e-05
4.44555e-05
4.28288e-05
4.18302e-05
4.1362e-05
4.13344e-05
4.16507e-05
4.22249e-05
4.29913e-05
4.39015e-05
4.49205e-05
4.60244e-05
4.71973e-05
4.84265e-05
4.97001e-05
5.10047e-05
5.23259e-05
5.36485e-05
5.49579e-05
5.62412e-05
5.74876e-05
5.8689e-05
5.98396e-05
6.0936e-05
6.19764e-05
6.29606e-05
6.38891e-05
6.47634e-05
6.55858e-05
6.6415e-05
6.70766e-05
6.76141e-05
6.83077e-05
6.88904e-05
6.93945e-05
6.98456e-05
7.02422e-05
7.05816e-05
7.08601e-05
7.10721e-05
7.12097e-05
7.12624e-05
7.12165e-05
7.10548e-05
7.0756e-05
7.02955e-05
6.96453e-05
6.87761e-05
6.76599e-05
6.62744e-05
6.4609e-05
6.26734e-05
6.05059e-05
5.81798e-05
5.58024e-05
5.35023e-05
5.14001e-05
4.95679e-05
4.79892e-05
4.65365e-05
4.41821e-05
4.06267e-05
3.73792e-05
3.33361e-05
2.91952e-05
2.48013e-05
2.08451e-05
1.92244e-05
1.84982e-05
1.22626e-05
7.16158e-07
1.05887e-06
2.64626e-05
4.91945e-05
5.9555e-05
6.32177e-05
6.1994e-05
5.83028e-05
5.38763e-05
4.97974e-05
4.65563e-05
4.42246e-05
4.26818e-05
4.17882e-05
4.14346e-05
4.15173e-05
4.19316e-05
4.25914e-05
4.34338e-05
4.44135e-05
4.54988e-05
4.66683e-05
4.79063e-05
4.91993e-05
5.05332e-05
5.18924e-05
5.32603e-05
5.46207e-05
5.59586e-05
5.72615e-05
5.85196e-05
5.97262e-05
6.08769e-05
6.19697e-05
6.30039e-05
6.39801e-05
6.48993e-05
6.57627e-05
6.65707e-05
6.73854e-05
6.80955e-05
6.85962e-05
6.9249e-05
6.98455e-05
7.03469e-05
7.07971e-05
7.11968e-05
7.15451e-05
7.18397e-05
7.20771e-05
7.22514e-05
7.23542e-05
7.23736e-05
7.22938e-05
7.20948e-05
7.17516e-05
7.12346e-05
7.05107e-05
6.95448e-05
6.83037e-05
6.67619e-05
6.49099e-05
6.27643e-05
6.03789e-05
5.78501e-05
5.53121e-05
5.29134e-05
5.07744e-05
4.89334e-05
4.72987e-05
4.56239e-05
4.24815e-05
3.89219e-05
3.52936e-05
3.08766e-05
2.62617e-05
2.10639e-05
1.87346e-05
1.74966e-05
1.2906e-05
8.38035e-07
1.04626e-06
2.61364e-05
4.85063e-05
5.90216e-05
6.28648e-05
6.17307e-05
5.8068e-05
5.36245e-05
4.95275e-05
4.6303e-05
4.40276e-05
4.25703e-05
4.17802e-05
4.15349e-05
4.17182e-05
4.2221e-05
4.29583e-05
4.38704e-05
4.4915e-05
4.6063e-05
4.72944e-05
4.85932e-05
4.99442e-05
5.13311e-05
5.27363e-05
5.41417e-05
5.55305e-05
5.6888e-05
5.82027e-05
5.94661e-05
6.06728e-05
6.182e-05
6.29069e-05
6.39337e-05
6.49018e-05
6.58124e-05
6.66668e-05
6.74653e-05
6.82546e-05
6.89996e-05
6.9489e-05
7.00913e-05
7.06945e-05
7.11892e-05
7.1632e-05
7.20268e-05
7.23743e-05
7.26742e-05
7.29247e-05
7.31225e-05
7.32614e-05
7.3332e-05
7.33207e-05
7.32091e-05
7.29734e-05
7.25841e-05
7.20059e-05
7.11992e-05
7.01224e-05
6.87373e-05
6.7016e-05
6.49529e-05
6.25774e-05
5.99668e-05
5.72503e-05
5.45958e-05
5.21738e-05
5.00995e-05
4.83743e-05
4.68432e-05
4.4128e-05
4.04202e-05
3.72521e-05
3.23155e-05
2.75609e-05
2.23613e-05
1.86105e-05
1.63643e-05
1.33989e-05
9.36025e-07
1.02666e-06
2.57132e-05
4.77494e-05
5.83953e-05
6.23954e-05
6.1394e-05
5.78018e-05
5.33751e-05
4.92806e-05
4.60812e-05
4.38641e-05
4.24915e-05
4.18009e-05
4.16562e-05
4.19307e-05
4.25133e-05
4.33211e-05
4.42971e-05
4.5402e-05
4.66086e-05
4.78974e-05
4.92514e-05
5.06537e-05
5.20859e-05
5.35286e-05
5.49631e-05
5.63724e-05
5.77428e-05
5.90638e-05
6.03285e-05
6.15329e-05
6.26756e-05
6.37568e-05
6.47777e-05
6.57399e-05
6.6645e-05
6.74944e-05
6.82889e-05
6.9048e-05
6.98072e-05
7.03146e-05
7.08599e-05
7.14629e-05
7.19476e-05
7.23775e-05
7.27602e-05
7.30982e-05
7.33929e-05
7.36449e-05
7.3853e-05
7.40137e-05
7.41203e-05
7.41618e-05
7.41226e-05
7.39807e-05
7.37076e-05
7.32681e-05
7.26201e-05
7.17164e-05
7.05084e-05
6.89527e-05
6.70216e-05
6.47177e-05
6.20911e-05
5.92514e-05
5.63667e-05
5.3635e-05
5.12264e-05
4.92117e-05
4.7515e-05
4.54977e-05
4.18139e-05
3.87538e-05
3.42889e-05
2.9074e-05
2.37302e-05
1.90664e-05
1.57209e-05
1.35957e-05
9.81004e-07
1.00119e-06
2.51874e-05
4.68809e-05
5.76727e-05
6.18313e-05
6.09962e-05
5.75127e-05
5.3134e-05
4.906e-05
4.58919e-05
4.3733e-05
4.24424e-05
4.18454e-05
4.17926e-05
4.21495e-05
4.2804e-05
4.36756e-05
4.47102e-05
4.58705e-05
4.7131e-05
4.84718e-05
4.98749e-05
5.13213e-05
5.2791e-05
5.42636e-05
5.57199e-05
5.71437e-05
5.8522e-05
5.9846e-05
6.11102e-05
6.23121e-05
6.34514e-05
6.45291e-05
6.5547e-05
6.65069e-05
6.74102e-05
6.8258e-05
6.90512e-05
6.9791e-05
7.05471e-05
7.10829e-05
7.15753e-05
7.21722e-05
7.26442e-05
7.30569e-05
7.34213e-05
7.37419e-05
7.4022e-05
7.42644e-05
7.44703e-05
7.4639e-05
7.47665e-05
7.48451e-05
7.48617e-05
7.47974e-05
7.46258e-05
7.43127e-05
7.38157e-05
7.30843e-05
7.20629e-05
7.06954e-05
6.89347e-05
6.67571e-05
6.41819e-05
6.12913e-05
5.82414e-05
5.52473e-05
5.25314e-05
5.02377e-05
4.83466e-05
4.66352e-05
4.34132e-05
4.00773e-05
3.62889e-05
3.03457e-05
2.48159e-05
1.90479e-05
1.58535e-05
1.35848e-05
9.88764e-07
9.71295e-07
2.46282e-05
4.59262e-05
5.68614e-05
6.11885e-05
6.05482e-05
5.72073e-05
5.29052e-05
4.8868e-05
4.57355e-05
4.36331e-05
4.24195e-05
4.1909e-05
4.19394e-05
4.23701e-05
4.30891e-05
4.40183e-05
4.51059e-05
4.63166e-05
4.76255e-05
4.90125e-05
5.04579e-05
5.19413e-05
5.34414e-05
5.49371e-05
5.64095e-05
5.78432e-05
5.92265e-05
6.05521e-05
6.18158e-05
6.30166e-05
6.4155e-05
6.52327e-05
6.62516e-05
6.72133e-05
6.81188e-05
6.89683e-05
6.97612e-05
7.04965e-05
7.12414e-05
7.18066e-05
7.22528e-05
7.28383e-05
7.32954e-05
7.36874e-05
7.40285e-05
7.43251e-05
7.45826e-05
7.48056e-05
7.49981e-05
7.51619e-05
7.52962e-05
7.53964e-05
7.54526e-05
7.5449e-05
7.53622e-05
7.51601e-05
7.48014e-05
7.42346e-05
7.33999e-05
7.22319e-05
7.06674e-05
6.86583e-05
6.6192e-05
6.33161e-05
6.01602e-05
5.69377e-05
5.39081e-05
5.12927e-05
4.91726e-05
4.7426e-05
4.47359e-05
4.10755e-05
3.79657e-05
3.19817e-05
2.60896e-05
1.97694e-05
1.56234e-05
1.33375e-05
9.6912e-07
9.38146e-07
2.40507e-05
4.49047e-05
5.59726e-05
6.04797e-05
6.00591e-05
5.68912e-05
5.26915e-05
4.87056e-05
4.5612e-05
4.35624e-05
4.24196e-05
4.19874e-05
4.20922e-05
4.25886e-05
4.33651e-05
4.43458e-05
4.54808e-05
4.67363e-05
4.80879e-05
4.95146e-05
5.09957e-05
5.25093e-05
5.40333e-05
5.55465e-05
5.70306e-05
5.84712e-05
5.98581e-05
6.11851e-05
6.24498e-05
6.36519e-05
6.47928e-05
6.58746e-05
6.6899e-05
6.78672e-05
6.87793e-05
6.96346e-05
7.04313e-05
7.11673e-05
7.18994e-05
7.24931e-05
7.29024e-05
7.34715e-05
7.39117e-05
7.42806e-05
7.45945e-05
7.48617e-05
7.50897e-05
7.52852e-05
7.54545e-05
7.56023e-05
7.57307e-05
7.58383e-05
7.59187e-05
7.59595e-05
7.59405e-05
7.58327e-05
7.55969e-05
7.51823e-05
7.45274e-05
7.35607e-05
7.22069e-05
7.03972e-05
6.80886e-05
6.52911e-05
6.20983e-05
5.87056e-05
5.53905e-05
5.24348e-05
5.00001e-05
4.80208e-05
4.58427e-05
4.2039e-05
3.93571e-05
3.39179e-05
2.72608e-05
2.08717e-05
1.55348e-05
1.31841e-05
9.35828e-07
9.02841e-07
2.34508e-05
4.38285e-05
5.50171e-05
5.97155e-05
5.95364e-05
5.65685e-05
5.2495e-05
4.85734e-05
4.55206e-05
4.35194e-05
4.24397e-05
4.20769e-05
4.22474e-05
4.28016e-05
4.36288e-05
4.46548e-05
4.58313e-05
4.71259e-05
4.8514e-05
4.9974e-05
5.14842e-05
5.30218e-05
5.45642e-05
5.60904e-05
5.7583e-05
5.90287e-05
6.04187e-05
6.17483e-05
6.3016e-05
6.42226e-05
6.53698e-05
6.64598e-05
6.74941e-05
6.84731e-05
6.93962e-05
7.02615e-05
7.10661e-05
7.18067e-05
7.2524e-05
7.31406e-05
7.35303e-05
7.40758e-05
7.44975e-05
7.48417e-05
7.51256e-05
7.53596e-05
7.55527e-05
7.57141e-05
7.58523e-05
7.59746e-05
7.60863e-05
7.6189e-05
7.62798e-05
7.63499e-05
7.63828e-05
7.63526e-05
7.62231e-05
7.59457e-05
7.54588e-05
7.46883e-05
7.35501e-05
7.1959e-05
6.98452e-05
6.71809e-05
6.40174e-05
6.05176e-05
5.69594e-05
5.36766e-05
5.09294e-05
4.8752e-05
4.68578e-05
4.3238e-05
4.03768e-05
3.57805e-05
2.8436e-05
2.19606e-05
1.56807e-05
1.30358e-05
8.95947e-07
8.65432e-07
2.28464e-05
4.27105e-05
5.40055e-05
5.89047e-05
5.89862e-05
5.62424e-05
5.23166e-05
4.84713e-05
4.54607e-05
4.35021e-05
4.24769e-05
4.21742e-05
4.24015e-05
4.30058e-05
4.3877e-05
4.49421e-05
4.61544e-05
4.74819e-05
4.89003e-05
5.03874e-05
5.19205e-05
5.34764e-05
5.50323e-05
5.6568e-05
5.80669e-05
5.95168e-05
6.09104e-05
6.2244e-05
6.35172e-05
6.47312e-05
6.58883e-05
6.69903e-05
6.80384e-05
6.90322e-05
6.997e-05
7.08488e-05
7.16647e-05
7.24136e-05
7.31153e-05
7.37434e-05
7.41438e-05
7.46482e-05
7.50519e-05
7.53705e-05
7.56229e-05
7.5821e-05
7.59758e-05
7.60983e-05
7.61992e-05
7.62886e-05
7.63746e-05
7.6462e-05
7.65515e-05
7.66377e-05
7.67078e-05
7.67397e-05
7.67004e-05
7.65442e-05
7.62112e-05
7.56265e-05
7.47012e-05
7.33381e-05
7.14446e-05
6.89581e-05
6.58846e-05
6.2343e-05
5.85912e-05
5.49916e-05
5.18891e-05
4.94401e-05
4.74907e-05
4.44076e-05
4.11608e-05
3.74096e-05
2.97691e-05
2.29005e-05
1.59878e-05
1.295e-05
8.54648e-07
8.28256e-07
2.22228e-05
4.1555e-05
5.2945e-05
5.80543e-05
5.84131e-05
5.5915e-05
5.21562e-05
4.83989e-05
4.54317e-05
4.35091e-05
4.25288e-05
4.22765e-05
4.25517e-05
4.31986e-05
4.4107e-05
4.52051e-05
4.6447e-05
4.78014e-05
4.92438e-05
5.07517e-05
5.2302e-05
5.38712e-05
5.54367e-05
5.6979e-05
5.84826e-05
5.99365e-05
6.13343e-05
6.26736e-05
6.39544e-05
6.51788e-05
6.63487e-05
6.74658e-05
6.85307e-05
6.9542e-05
7.04969e-05
7.13914e-05
7.22206e-05
7.29796e-05
7.36689e-05
7.43066e-05
7.4723e-05
7.51859e-05
7.55699e-05
7.58626e-05
7.60829e-05
7.6244e-05
7.63584e-05
7.64388e-05
7.64984e-05
7.65494e-05
7.66027e-05
7.66667e-05
7.67451e-05
7.68363e-05
7.69311e-05
7.70111e-05
7.70471e-05
7.69966e-05
7.68023e-05
7.63904e-05
7.567e-05
7.4536e-05
7.28783e-05
7.06036e-05
6.76732e-05
6.41551e-05
6.0271e-05
5.63917e-05
5.29321e-05
5.01552e-05
4.80119e-05
4.54319e-05
4.1861e-05
3.86687e-05
3.14483e-05
2.38982e-05
1.64612e-05
1.28704e-05
8.13384e-07
7.88003e-07
2.16379e-05
4.03833e-05
5.18458e-05
5.71703e-05
5.78207e-05
5.55872e-05
5.20134e-05
4.83555e-05
4.54321e-05
4.35382e-05
4.25925e-05
4.23805e-05
4.26951e-05
4.33771e-05
4.43162e-05
4.54411e-05
4.67065e-05
4.80817e-05
4.95421e-05
5.1065e-05
5.26271e-05
5.4205e-05
5.57767e-05
5.73234e-05
5.88305e-05
6.02881e-05
6.16909e-05
6.30372e-05
6.43277e-05
6.55643e-05
6.67491e-05
6.78834e-05
6.89668e-05
6.99972e-05
7.09705e-05
7.18816e-05
7.27242e-05
7.34921e-05
7.41798e-05
7.4822e-05
7.5254e-05
7.56801e-05
7.60429e-05
7.63099e-05
7.64985e-05
7.66227e-05
7.66962e-05
7.67334e-05
7.67492e-05
7.67583e-05
7.67743e-05
7.68085e-05
7.68682e-05
7.69553e-05
7.70644e-05
7.71808e-05
7.7279e-05
7.73199e-05
7.72496e-05
7.69964e-05
7.64695e-05
7.55597e-05
7.41443e-05
7.21048e-05
6.93608e-05
6.5926e-05
6.19716e-05
5.78552e-05
5.40457e-05
5.09146e-05
4.84808e-05
4.62226e-05
4.25194e-05
3.97682e-05
3.31696e-05
2.476e-05
1.70917e-05
1.27938e-05
7.74069e-07
7.56551e-07
2.09619e-05
3.91838e-05
5.07116e-05
5.62572e-05
5.72114e-05
5.52592e-05
5.1888e-05
4.8341e-05
4.54628e-05
4.35893e-05
4.26682e-05
4.24857e-05
4.283e-05
4.35393e-05
4.45023e-05
4.56478e-05
4.69308e-05
4.83207e-05
4.97933e-05
5.13257e-05
5.28947e-05
5.44772e-05
5.6052e-05
5.7601e-05
5.91106e-05
6.05718e-05
6.19801e-05
6.33342e-05
6.46353e-05
6.58854e-05
6.70862e-05
6.82384e-05
6.93409e-05
7.03906e-05
7.13825e-05
7.23101e-05
7.31659e-05
7.39426e-05
7.46331e-05
7.52754e-05
7.57228e-05
7.61185e-05
7.64598e-05
7.67019e-05
7.68602e-05
7.69488e-05
7.69824e-05
7.69767e-05
7.69483e-05
7.69139e-05
7.68898e-05
7.68902e-05
7.69256e-05
7.70016e-05
7.71165e-05
7.72595e-05
7.74087e-05
7.75288e-05
7.75689e-05
7.74604e-05
7.71143e-05
7.64197e-05
7.52462e-05
7.34557e-05
7.09316e-05
6.76333e-05
6.36723e-05
5.93719e-05
5.52355e-05
5.17558e-05
4.91095e-05
4.69002e-05
4.32607e-05
4.05678e-05
3.47774e-05
2.57297e-05
1.78164e-05
1.27009e-05
7.38785e-07
7.28955e-07
2.02311e-05
3.79537e-05
4.95453e-05
5.53173e-05
5.65864e-05
5.49306e-05
5.17783e-05
4.83522e-05
4.55175e-05
4.36588e-05
4.27489e-05
4.25861e-05
4.29532e-05
4.36828e-05
4.46633e-05
4.58233e-05
4.71179e-05
4.85169e-05
4.9996e-05
5.15325e-05
5.31038e-05
5.46873e-05
5.62623e-05
5.78117e-05
5.93226e-05
6.0787e-05
6.22006e-05
6.35629e-05
6.48749e-05
6.61385e-05
6.73551e-05
6.85248e-05
6.96458e-05
7.07139e-05
7.17233e-05
7.26664e-05
7.35348e-05
7.43204e-05
7.50157e-05
7.565e-05
7.61144e-05
7.64872e-05
7.68079e-05
7.70267e-05
7.71569e-05
7.72124e-05
7.72085e-05
7.71619e-05
7.70904e-05
7.70129e-05
7.69478e-05
7.69121e-05
7.69196e-05
7.69794e-05
7.70937e-05
7.72555e-05
7.74467e-05
7.76354e-05
7.77742e-05
7.77976e-05
7.76191e-05
7.71285e-05
7.61914e-05
7.46558e-05
7.23749e-05
6.92576e-05
6.53496e-05
6.09203e-05
5.6477e-05
5.26077e-05
4.96648e-05
4.74824e-05
4.40152e-05
4.12142e-05
3.60436e-05
2.69099e-05
1.85354e-05
1.2599e-05
7.08613e-07
7.02742e-07
1.94461e-05
3.6687e-05
4.83452e-05
5.43531e-05
5.59459e-05
5.46006e-05
5.16831e-05
4.83917e-05
4.56107e-05
4.37516e-05
4.28485e-05
4.26908e-05
4.30651e-05
4.38062e-05
4.47977e-05
4.59663e-05
4.72669e-05
4.86692e-05
5.01493e-05
5.16851e-05
5.32542e-05
5.4835e-05
5.64074e-05
5.79552e-05
5.94662e-05
6.09327e-05
6.23511e-05
6.37209e-05
6.5043e-05
6.63192e-05
6.75504e-05
6.8736e-05
6.98735e-05
7.0958e-05
7.19827e-05
7.29393e-05
7.38188e-05
7.46124e-05
7.53123e-05
7.59346e-05
7.64143e-05
7.67722e-05
7.70742e-05
7.72721e-05
7.73771e-05
7.74029e-05
7.73651e-05
7.72809e-05
7.71693e-05
7.70504e-05
7.69453e-05
7.68732e-05
7.68511e-05
7.68914e-05
7.70004e-05
7.7175e-05
7.74008e-05
7.76497e-05
7.78774e-05
7.80215e-05
7.79982e-05
7.76996e-05
7.69901e-05
7.57088e-05
7.36858e-05
7.07848e-05
6.69855e-05
6.24903e-05
5.77848e-05
5.35255e-05
5.02053e-05
4.78011e-05
4.48114e-05
4.16639e-05
3.70993e-05
2.82827e-05
1.90603e-05
1.24837e-05
6.84525e-07
6.77268e-07
1.86583e-05
3.5389e-05
4.70884e-05
5.33581e-05
5.52898e-05
5.4267e-05
5.16009e-05
4.84522e-05
4.56969e-05
4.38596e-05
4.29262e-05
4.27752e-05
4.31633e-05
4.39092e-05
4.49038e-05
4.60747e-05
4.73756e-05
4.87759e-05
5.0252e-05
5.17824e-05
5.33454e-05
5.49201e-05
5.64872e-05
5.80312e-05
5.95405e-05
6.10078e-05
6.24297e-05
6.38055e-05
6.51362e-05
6.64229e-05
6.76663e-05
6.88651e-05
7.0016e-05
7.11136e-05
7.21504e-05
7.31176e-05
7.40056e-05
7.48052e-05
7.55083e-05
7.6119e-05
7.66091e-05
7.69602e-05
7.7246e-05
7.74262e-05
7.75096e-05
7.75096e-05
7.74425e-05
7.73254e-05
7.71779e-05
7.70212e-05
7.68785e-05
7.67717e-05
7.67198e-05
7.6739e-05
7.68397e-05
7.70226e-05
7.72774e-05
7.75797e-05
7.78883e-05
7.81436e-05
7.82647e-05
7.81462e-05
7.76535e-05
7.66214e-05
7.48629e-05
7.2204e-05
6.85609e-05
6.40593e-05
5.91407e-05
5.45103e-05
5.08088e-05
4.81671e-05
4.55394e-05
4.20684e-05
3.80287e-05
2.97509e-05
1.97246e-05
1.23773e-05
6.67093e-07
6.52138e-07
1.78656e-05
3.41218e-05
4.58016e-05
5.23149e-05
5.46345e-05
5.39304e-05
5.15244e-05
4.85303e-05
4.59132e-05
4.40309e-05
4.3098e-05
4.28881e-05
4.3241e-05
4.39873e-05
4.49826e-05
4.61508e-05
4.74465e-05
4.88396e-05
5.03068e-05
5.18268e-05
5.3379e-05
5.49433e-05
5.65018e-05
5.80393e-05
5.95447e-05
6.10108e-05
6.24342e-05
6.3814e-05
6.51507e-05
6.6445e-05
6.7697e-05
6.89049e-05
7.00651e-05
7.11715e-05
7.22163e-05
7.31903e-05
7.40837e-05
7.4887e-05
7.55917e-05
7.61935e-05
7.66862e-05
7.70387e-05
7.73119e-05
7.74785e-05
7.75443e-05
7.75225e-05
7.74317e-05
7.72876e-05
7.71096e-05
7.69197e-05
7.67433e-05
7.66052e-05
7.65252e-05
7.65231e-05
7.66141e-05
7.68021e-05
7.70817e-05
7.74322e-05
7.78152e-05
7.81741e-05
7.84302e-05
7.84808e-05
7.81938e-05
7.74025e-05
7.5909e-05
7.35092e-05
7.00614e-05
6.56105e-05
6.05313e-05
5.55468e-05
5.14325e-05
4.84853e-05
4.61283e-05
4.2417e-05
3.87452e-05
3.106e-05
2.04549e-05
1.23247e-05
6.57627e-07
6.27461e-07
1.70945e-05
3.27427e-05
4.44627e-05
5.12298e-05
5.3967e-05
5.3591e-05
5.14657e-05
4.86834e-05
4.60102e-05
4.41311e-05
4.31619e-05
4.29845e-05
4.33382e-05
4.4048e-05
4.50273e-05
4.61858e-05
4.74713e-05
4.88517e-05
5.03046e-05
5.18103e-05
5.33497e-05
5.49028e-05
5.64514e-05
5.79808e-05
5.94801e-05
6.09424e-05
6.23639e-05
6.37436e-05
6.50816e-05
6.63783e-05
6.76335e-05
6.88451e-05
7.00092e-05
7.11197e-05
7.21682e-05
7.31454e-05
7.40414e-05
7.48465e-05
7.55519e-05
7.61501e-05
7.66367e-05
7.69945e-05
7.72514e-05
7.74079e-05
7.7463e-05
7.74322e-05
7.73249e-05
7.71602e-05
7.69589e-05
7.67409e-05
7.65355e-05
7.63718e-05
7.62666e-05
7.6244e-05
7.63259e-05
7.65171e-05
7.68183e-05
7.72128e-05
7.76652e-05
7.81217e-05
7.8505e-05
7.87151e-05
7.86227e-05
7.8062e-05
7.68292e-05
7.46975e-05
7.14757e-05
6.71278e-05
6.19456e-05
5.66419e-05
5.21155e-05
4.88586e-05
4.64608e-05
4.28031e-05
3.94089e-05
3.21643e-05
2.12163e-05
1.22994e-05
6.53582e-07
6.03265e-07
1.63559e-05
3.13702e-05
4.30722e-05
5.00951e-05
5.32723e-05
5.32425e-05
5.14034e-05
4.8755e-05
4.61833e-05
4.4304e-05
4.32692e-05
4.30373e-05
4.33736e-05
4.40923e-05
4.50581e-05
4.62012e-05
4.74713e-05
4.88376e-05
5.02758e-05
5.17643e-05
5.32794e-05
5.48065e-05
5.63316e-05
5.78409e-05
5.93236e-05
6.07724e-05
6.21837e-05
6.35559e-05
6.48891e-05
6.61834e-05
6.74382e-05
6.86511e-05
6.98179e-05
7.09329e-05
7.19855e-05
7.29664e-05
7.38658e-05
7.46737e-05
7.53812e-05
7.598e-05
7.64631e-05
7.68233e-05
7.70565e-05
7.71948e-05
7.72286e-05
7.71765e-05
7.70531e-05
7.68778e-05
7.66722e-05
7.64588e-05
7.62504e-05
7.60703e-05
7.59439e-05
7.59019e-05
7.59776e-05
7.61705e-05
7.64913e-05
7.69271e-05
7.74446e-05
7.79939e-05
7.84982e-05
7.88595e-05
7.89513e-05
7.86104e-05
7.76305e-05
7.57691e-05
7.27948e-05
6.85953e-05
6.3366e-05
5.77779e-05
5.28283e-05
4.92296e-05
4.67508e-05
4.3244e-05
3.99908e-05
3.29792e-05
2.20368e-05
1.23124e-05
6.52917e-07
5.80016e-07
1.56701e-05
2.99901e-05
4.16679e-05
4.89294e-05
5.25481e-05
5.28765e-05
5.13391e-05
4.88674e-05
4.64188e-05
4.4515e-05
4.34419e-05
4.31273e-05
4.34066e-05
4.40936e-05
4.50302e-05
4.61465e-05
4.73931e-05
4.87266e-05
5.0126e-05
5.15761e-05
5.30664e-05
5.45805e-05
5.60958e-05
5.75987e-05
5.90792e-05
6.05303e-05
6.19474e-05
6.33283e-05
6.46716e-05
6.59762e-05
6.72394e-05
6.84577e-05
6.96256e-05
7.07353e-05
7.17792e-05
7.275e-05
7.36383e-05
7.44335e-05
7.51255e-05
7.57085e-05
7.61781e-05
7.65329e-05
7.67605e-05
7.6923e-05
7.69638e-05
7.69004e-05
7.67505e-05
7.65347e-05
7.6283e-05
7.60364e-05
7.58095e-05
7.56281e-05
7.55195e-05
7.54952e-05
7.5573e-05
7.57653e-05
7.61051e-05
7.65803e-05
7.71588e-05
7.77979e-05
7.84179e-05
7.89234e-05
7.91902e-05
7.9058e-05
7.83212e-05
7.67268e-05
7.4013e-05
7.00004e-05
6.47804e-05
5.89536e-05
5.35817e-05
4.95918e-05
4.69981e-05
4.36722e-05
4.04673e-05
3.37393e-05
2.28565e-05
1.23474e-05
6.59133e-07
5.57528e-07
1.50016e-05
2.8607e-05
4.0166e-05
4.76943e-05
5.17701e-05
5.24957e-05
5.12582e-05
4.90465e-05
4.66587e-05
4.47409e-05
4.36021e-05
4.32309e-05
4.34566e-05
4.40896e-05
4.50049e-05
4.60954e-05
4.73101e-05
4.86261e-05
5.00162e-05
5.1459e-05
5.29375e-05
5.44355e-05
5.59319e-05
5.74167e-05
5.888e-05
6.03142e-05
6.17147e-05
6.30788e-05
6.44055e-05
6.5693e-05
6.69377e-05
6.81358e-05
6.92839e-05
7.03763e-05
7.14057e-05
7.2363e-05
7.32391e-05
7.40247e-05
7.47115e-05
7.52916e-05
7.57591e-05
7.61107e-05
7.6324e-05
7.64944e-05
7.65472e-05
7.65e-05
7.63776e-05
7.61955e-05
7.59634e-05
7.56844e-05
7.53996e-05
7.51457e-05
7.49883e-05
7.4947e-05
7.5044e-05
7.52816e-05
7.56642e-05
7.61784e-05
7.6813e-05
7.75402e-05
7.82714e-05
7.89151e-05
7.93485e-05
7.94146e-05
7.89102e-05
7.75747e-05
7.51264e-05
7.13312e-05
6.61725e-05
6.01583e-05
5.43779e-05
4.99533e-05
4.71152e-05
4.4065e-05
4.08737e-05
3.43951e-05
2.36436e-05
1.2427e-05
6.70182e-07
5.35686e-07
1.43522e-05
2.72813e-05
3.86908e-05
4.64367e-05
5.09268e-05
5.2084e-05
5.11803e-05
4.91958e-05
4.69186e-05
4.49955e-05
4.37851e-05
4.33317e-05
4.349e-05
4.40771e-05
4.49547e-05
4.6021e-05
4.7216e-05
4.85062e-05
4.98649e-05
5.12728e-05
5.27142e-05
5.41752e-05
5.56402e-05
5.70959e-05
5.85319e-05
5.99405e-05
6.13163e-05
6.26568e-05
6.39627e-05
6.52318e-05
6.64613e-05
6.76476e-05
6.87848e-05
6.98671e-05
7.08864e-05
7.18337e-05
7.27001e-05
7.34772e-05
7.41572e-05
7.47335e-05
7.52011e-05
7.55571e-05
7.57606e-05
7.59371e-05
7.60068e-05
7.59637e-05
7.58451e-05
7.56667e-05
7.54484e-05
7.52147e-05
7.49859e-05
7.47725e-05
7.45801e-05
7.44634e-05
7.44752e-05
7.46922e-05
7.50983e-05
7.56839e-05
7.64113e-05
7.72283e-05
7.80655e-05
7.88423e-05
7.94347e-05
7.96891e-05
7.94067e-05
7.83569e-05
7.61876e-05
7.25882e-05
6.75274e-05
6.13802e-05
5.52185e-05
5.03491e-05
4.72283e-05
4.44144e-05
4.11989e-05
3.49918e-05
2.44146e-05
1.25279e-05
6.86382e-07
5.14251e-07
1.37157e-05
2.60178e-05
3.72394e-05
4.50906e-05
5.00302e-05
5.16487e-05
5.11044e-05
4.93548e-05
4.71995e-05
4.52806e-05
4.3996e-05
4.34474e-05
4.35224e-05
4.40453e-05
4.4867e-05
4.58906e-05
4.70496e-05
4.82976e-05
4.96142e-05
5.09843e-05
5.23897e-05
5.38163e-05
5.52511e-05
5.66806e-05
5.80946e-05
5.94851e-05
6.08463e-05
6.21745e-05
6.34652e-05
6.47167e-05
6.59274e-05
6.70941e-05
6.82119e-05
6.92747e-05
7.02751e-05
7.12048e-05
7.20557e-05
7.28195e-05
7.34892e-05
7.40588e-05
7.45238e-05
7.48808e-05
7.50806e-05
7.52563e-05
7.53471e-05
7.53133e-05
7.52049e-05
7.50369e-05
7.48273e-05
7.45976e-05
7.43718e-05
7.41804e-05
7.40563e-05
7.40208e-05
7.40652e-05
7.42251e-05
7.45569e-05
7.51167e-05
7.58855e-05
7.6801e-05
7.77746e-05
7.87012e-05
7.94528e-05
7.98962e-05
7.98463e-05
7.90402e-05
7.71308e-05
7.37842e-05
6.88263e-05
6.26043e-05
5.60923e-05
5.07683e-05
4.7344e-05
4.47138e-05
4.14491e-05
3.55169e-05
2.51579e-05
1.25987e-05
7.07714e-07
4.93028e-07
1.30939e-05
2.48153e-05
3.57503e-05
4.37457e-05
4.89953e-05
5.10994e-05
5.09629e-05
4.95034e-05
4.74971e-05
4.55972e-05
4.42399e-05
4.35849e-05
4.35616e-05
4.40067e-05
4.47686e-05
4.57405e-05
4.68533e-05
4.80635e-05
4.93435e-05
5.06744e-05
5.20413e-05
5.34307e-05
5.48302e-05
5.62274e-05
5.76119e-05
5.89755e-05
6.03119e-05
6.16163e-05
6.28845e-05
6.41138e-05
6.53018e-05
6.64452e-05
6.75394e-05
6.8579e-05
6.95569e-05
7.04658e-05
7.12981e-05
7.20464e-05
7.27042e-05
7.32662e-05
7.37285e-05
7.40881e-05
7.42891e-05
7.44616e-05
7.45752e-05
7.45555e-05
7.44631e-05
7.43123e-05
7.41198e-05
7.39057e-05
7.36933e-05
7.35095e-05
7.33848e-05
7.33527e-05
7.34584e-05
7.37219e-05
7.41366e-05
7.47049e-05
7.54508e-05
7.63717e-05
7.74269e-05
7.8479e-05
7.9394e-05
8.00092e-05
8.01113e-05
7.9471e-05
7.78547e-05
7.48333e-05
7.00807e-05
6.38168e-05
5.69915e-05
5.12099e-05
4.74666e-05
4.49813e-05
4.16272e-05
3.60318e-05
2.58742e-05
1.27473e-05
7.35543e-07
4.71743e-07
1.24887e-05
2.36782e-05
3.42863e-05
4.24069e-05
4.79587e-05
5.05515e-05
5.079e-05
4.96354e-05
4.78056e-05
4.59451e-05
4.4522e-05
4.37526e-05
4.36157e-05
4.39682e-05
4.46582e-05
4.55722e-05
4.66352e-05
4.77996e-05
4.90356e-05
5.03231e-05
5.16474e-05
5.29956e-05
5.43557e-05
5.57161e-05
5.70666e-05
5.83988e-05
5.97059e-05
6.09824e-05
6.22239e-05
6.3427e-05
6.45886e-05
6.57053e-05
6.67728e-05
6.77859e-05
6.87385e-05
6.96239e-05
7.04353e-05
7.11662e-05
7.18106e-05
7.23642e-05
7.28239e-05
7.31877e-05
7.3393e-05
7.3564e-05
7.36994e-05
7.3698e-05
7.3627e-05
7.34993e-05
7.33311e-05
7.31412e-05
7.29519e-05
7.2789e-05
7.26817e-05
7.26629e-05
7.27686e-05
7.30343e-05
7.34997e-05
7.41819e-05
7.50631e-05
7.60769e-05
7.71852e-05
7.83201e-05
7.93507e-05
8.00684e-05
8.032e-05
7.98786e-05
7.84853e-05
7.57671e-05
7.12636e-05
6.49957e-05
5.79046e-05
5.16669e-05
4.75973e-05
4.51311e-05
4.18236e-05
3.65874e-05
2.64999e-05
1.29052e-05
7.68731e-07
4.50372e-07
1.19106e-05
2.26195e-05
3.28558e-05
4.09974e-05
4.68932e-05
4.99434e-05
5.05749e-05
4.97436e-05
4.81179e-05
4.63225e-05
4.48464e-05
4.39592e-05
4.36945e-05
4.39384e-05
4.4543e-05
4.53889e-05
4.63944e-05
4.75072e-05
4.86944e-05
4.99345e-05
5.12122e-05
5.2515e-05
5.38314e-05
5.51506e-05
5.64627e-05
5.7759e-05
5.90324e-05
6.0277e-05
6.14879e-05
6.2661e-05
6.37929e-05
6.488e-05
6.59181e-05
6.69024e-05
6.78275e-05
6.86875e-05
6.94764e-05
7.01884e-05
7.08185e-05
7.1363e-05
7.18201e-05
7.21895e-05
7.24011e-05
7.25736e-05
7.27298e-05
7.27506e-05
7.27051e-05
7.26057e-05
7.24676e-05
7.23087e-05
7.21502e-05
7.20171e-05
7.19376e-05
7.19442e-05
7.2072e-05
7.23575e-05
7.28346e-05
7.35265e-05
7.44389e-05
7.55566e-05
7.68019e-05
7.80684e-05
7.92244e-05
8.01307e-05
8.05851e-05
8.03452e-05
7.90892e-05
7.65418e-05
7.229e-05
6.6119e-05
5.88199e-05
5.2129e-05
4.76894e-05
4.52159e-05
4.19917e-05
3.71293e-05
2.7102e-05
1.30543e-05
8.08698e-07
4.28617e-07
1.13515e-05
2.16387e-05
3.14763e-05
3.95733e-05
4.57171e-05
4.92268e-05
5.02951e-05
4.98159e-05
4.8425e-05
4.6725e-05
4.52158e-05
4.42133e-05
4.38093e-05
4.39279e-05
4.44319e-05
4.51979e-05
4.61371e-05
4.71917e-05
4.83249e-05
4.95131e-05
5.07401e-05
5.19935e-05
5.32621e-05
5.45358e-05
5.5805e-05
5.7061e-05
5.82965e-05
5.95052e-05
6.06817e-05
6.18216e-05
6.29209e-05
6.39759e-05
6.49824e-05
6.59362e-05
6.68324e-05
6.76658e-05
6.84311e-05
6.91235e-05
6.97386e-05
7.02738e-05
7.07284e-05
7.1105e-05
7.13231e-05
7.15003e-05
7.16784e-05
7.1724e-05
7.17075e-05
7.16405e-05
7.15372e-05
7.14148e-05
7.12935e-05
7.1197e-05
7.1153e-05
7.11931e-05
7.13526e-05
7.16687e-05
7.21772e-05
7.29056e-05
7.38643e-05
7.50347e-05
7.63594e-05
7.77402e-05
7.90409e-05
8.00944e-05
8.07062e-05
8.06475e-05
7.96291e-05
7.72534e-05
7.32619e-05
6.71873e-05
5.97272e-05
5.25978e-05
4.7757e-05
4.52145e-05
4.21545e-05
3.76133e-05
2.77087e-05
1.32418e-05
8.55414e-07
4.06468e-07
1.08186e-05
2.0758e-05
3.01564e-05
3.81447e-05
4.44722e-05
4.84138e-05
4.9933e-05
4.98358e-05
4.87144e-05
4.71453e-05
4.56302e-05
4.45226e-05
4.39722e-05
4.39494e-05
4.43362e-05
4.50085e-05
4.58711e-05
4.68598e-05
4.79331e-05
4.90646e-05
5.02368e-05
5.14366e-05
5.26534e-05
5.38773e-05
5.50992e-05
5.63107e-05
5.75042e-05
5.86731e-05
5.98118e-05
6.09153e-05
6.19795e-05
6.30003e-05
6.39739e-05
6.4896e-05
6.57623e-05
6.65685e-05
6.731e-05
6.79825e-05
6.85827e-05
6.91084e-05
6.95608e-05
6.99463e-05
7.01703e-05
7.03552e-05
7.05572e-05
7.06297e-05
7.06449e-05
7.06136e-05
7.05492e-05
7.04679e-05
7.03888e-05
7.03348e-05
7.03326e-05
7.0413e-05
7.06109e-05
7.0964e-05
7.15097e-05
7.22789e-05
7.32869e-05
7.45206e-05
7.59281e-05
7.74124e-05
7.88348e-05
8.0023e-05
8.07791e-05
8.08762e-05
8.00391e-05
7.79116e-05
7.40487e-05
6.8191e-05
6.06069e-05
5.30651e-05
4.78031e-05
4.51872e-05
4.23207e-05
3.80526e-05
2.83043e-05
1.34345e-05
9.09449e-07
3.83552e-07
1.03017e-05
1.99455e-05
2.89392e-05
3.67386e-05
4.31777e-05
4.7531e-05
4.94864e-05
4.979e-05
4.89717e-05
4.75726e-05
4.60863e-05
4.48927e-05
4.41954e-05
4.40174e-05
4.42693e-05
4.48325e-05
4.56063e-05
4.65199e-05
4.75264e-05
4.85959e-05
4.97086e-05
5.08508e-05
5.20117e-05
5.31818e-05
5.43523e-05
5.5515e-05
5.66625e-05
5.77879e-05
5.88854e-05
5.99499e-05
6.09767e-05
6.19617e-05
6.2901e-05
6.37907e-05
6.4627e-05
6.5406e-05
6.61238e-05
6.67769e-05
6.73625e-05
6.78793e-05
6.83298e-05
6.87263e-05
6.89546e-05
6.91505e-05
6.93784e-05
6.94796e-05
6.95287e-05
6.95359e-05
6.95136e-05
6.94772e-05
6.94448e-05
6.94382e-05
6.94831e-05
6.96095e-05
6.98516e-05
7.0247e-05
7.08342e-05
7.16467e-05
7.27035e-05
7.39973e-05
7.54807e-05
7.70595e-05
7.85931e-05
7.99047e-05
8.07913e-05
8.10259e-05
8.03419e-05
7.83949e-05
7.47299e-05
6.90826e-05
6.14338e-05
5.35209e-05
4.78156e-05
4.50323e-05
4.24847e-05
3.84327e-05
2.89055e-05
1.36615e-05
9.71409e-07
3.60254e-07
9.82528e-06
1.93509e-05
2.77548e-05
3.53771e-05
4.18558e-05
4.6539e-05
4.89392e-05
4.96631e-05
4.91807e-05
4.79929e-05
4.65765e-05
4.53257e-05
4.44899e-05
4.41477e-05
4.42476e-05
4.46843e-05
4.53551e-05
4.61827e-05
4.71142e-05
4.81153e-05
4.91635e-05
5.02438e-05
5.13447e-05
5.24569e-05
5.35719e-05
5.46819e-05
5.57795e-05
5.6858e-05
5.79112e-05
5.89339e-05
5.99212e-05
6.0869e-05
6.17732e-05
6.26303e-05
6.34366e-05
6.41888e-05
6.48836e-05
6.55181e-05
6.609e-05
6.65987e-05
6.70481e-05
6.74582e-05
6.76883e-05
6.78986e-05
6.81547e-05
6.8286e-05
6.83708e-05
6.84186e-05
6.84411e-05
6.84526e-05
6.84704e-05
6.85153e-05
6.8612e-05
6.87893e-05
6.90807e-05
6.95233e-05
7.0156e-05
7.10136e-05
7.21189e-05
7.34688e-05
7.50211e-05
7.66845e-05
7.83182e-05
7.97406e-05
8.07434e-05
8.10981e-05
8.05467e-05
7.87691e-05
7.53461e-05
6.98288e-05
6.21862e-05
5.39566e-05
4.78205e-05
4.48243e-05
4.25823e-05
3.87775e-05
2.95064e-05
1.39071e-05
1.04153e-06
3.36581e-07
9.3807e-06
1.88676e-05
2.65256e-05
3.4006e-05
4.04881e-05
4.54476e-05
4.82779e-05
4.94366e-05
4.93217e-05
4.83883e-05
4.70882e-05
4.58186e-05
4.48638e-05
4.43559e-05
4.42894e-05
4.45814e-05
4.5133e-05
4.58615e-05
4.67081e-05
4.76332e-05
4.86111e-05
4.96245e-05
5.06612e-05
5.17115e-05
5.27672e-05
5.38206e-05
5.48647e-05
5.58927e-05
5.68987e-05
5.78771e-05
5.88231e-05
5.97323e-05
6.06008e-05
6.1425e-05
6.22017e-05
6.29278e-05
6.36007e-05
6.42177e-05
6.47773e-05
6.52789e-05
6.5728e-05
6.61552e-05
6.63841e-05
6.6613e-05
6.68979e-05
6.70607e-05
6.71828e-05
6.7273e-05
6.73423e-05
6.74042e-05
6.74751e-05
6.75748e-05
6.77269e-05
6.79593e-05
6.83043e-05
6.87983e-05
6.94797e-05
7.03844e-05
7.15372e-05
7.29389e-05
7.4552e-05
7.6289e-05
7.80093e-05
7.95281e-05
8.06311e-05
8.10864e-05
8.0641e-05
7.8991e-05
7.57318e-05
7.0394e-05
6.28409e-05
5.43482e-05
4.78089e-05
4.45848e-05
4.26291e-05
3.90715e-05
3.00858e-05
1.42039e-05
1.12048e-06
3.13727e-07
9.02104e-06
1.84899e-05
2.55434e-05
3.27027e-05
3.91234e-05
4.4304e-05
4.75102e-05
4.90993e-05
4.93759e-05
4.87381e-05
4.76042e-05
4.63627e-05
4.53201e-05
4.46558e-05
4.4414e-05
4.45443e-05
4.49588e-05
4.55732e-05
4.63229e-05
4.71629e-05
4.80633e-05
4.90042e-05
4.99719e-05
5.09561e-05
5.19485e-05
5.29416e-05
5.39286e-05
5.4903e-05
5.58588e-05
5.67905e-05
5.76933e-05
5.85627e-05
5.93948e-05
6.01862e-05
6.09337e-05
6.16347e-05
6.22867e-05
6.28877e-05
6.34363e-05
6.39324e-05
6.43825e-05
6.48297e-05
6.50545e-05
6.53087e-05
6.56191e-05
6.58154e-05
6.59764e-05
6.61105e-05
6.62281e-05
6.63422e-05
6.64683e-05
6.66253e-05
6.68358e-05
6.71264e-05
6.75284e-05
6.80769e-05
6.88098e-05
6.97626e-05
7.09613e-05
7.24098e-05
7.40748e-05
7.58724e-05
7.76638e-05
7.92621e-05
8.04476e-05
8.0984e-05
8.06221e-05
7.90769e-05
7.59692e-05
7.07894e-05
6.33764e-05
5.46704e-05
4.77766e-05
4.43209e-05
4.26016e-05
3.93187e-05
3.06411e-05
1.45448e-05
1.20828e-06
2.92162e-07
8.74547e-06
1.81041e-05
2.47423e-05
3.15492e-05
3.7755e-05
4.30998e-05
4.66339e-05
4.86397e-05
4.9324e-05
4.90191e-05
4.8102e-05
4.69423e-05
4.58552e-05
4.50568e-05
4.46404e-05
4.45957e-05
4.48551e-05
4.53384e-05
4.5977e-05
4.67207e-05
4.75349e-05
4.83965e-05
4.92897e-05
5.02032e-05
5.11282e-05
5.20572e-05
5.29836e-05
5.39011e-05
5.48038e-05
5.56865e-05
5.65442e-05
5.73725e-05
5.81675e-05
5.89259e-05
5.96447e-05
6.03214e-05
6.09537e-05
6.15401e-05
6.20793e-05
6.25714e-05
6.30254e-05
6.34915e-05
6.37103e-05
6.3997e-05
6.43327e-05
6.4563e-05
6.47635e-05
6.49422e-05
6.51091e-05
6.52765e-05
6.54592e-05
6.56751e-05
6.59458e-05
6.62968e-05
6.6758e-05
6.73634e-05
6.81491e-05
6.915e-05
7.03924e-05
7.18818e-05
7.35881e-05
7.54317e-05
7.72764e-05
7.89346e-05
8.01823e-05
8.07786e-05
8.04757e-05
7.90058e-05
7.60297e-05
7.1078e-05
6.3767e-05
5.49079e-05
4.76993e-05
4.40265e-05
4.25104e-05
3.95156e-05
3.11761e-05
1.49375e-05
1.30539e-06
2.71732e-07
8.53145e-06
1.77521e-05
2.42667e-05
3.04613e-05
3.64216e-05
4.1848e-05
4.56666e-05
4.8055e-05
4.91499e-05
4.9208e-05
4.85562e-05
4.75355e-05
4.64574e-05
4.55613e-05
4.49838e-05
4.47587e-05
4.48476e-05
4.5182e-05
4.56935e-05
4.63275e-05
4.7045e-05
4.78188e-05
4.86308e-05
4.94681e-05
5.0321e-05
5.11818e-05
5.20439e-05
5.29012e-05
5.3748e-05
5.45791e-05
5.53898e-05
5.61756e-05
5.69327e-05
5.76578e-05
5.83481e-05
5.9001e-05
5.96147e-05
6.01876e-05
6.07187e-05
6.12084e-05
6.1678e-05
6.2136e-05
6.23649e-05
6.26946e-05
6.30521e-05
6.33155e-05
6.35552e-05
6.37787e-05
6.39953e-05
6.42164e-05
6.44562e-05
6.47318e-05
6.50636e-05
6.54761e-05
6.59977e-05
6.66606e-05
6.74992e-05
6.85471e-05
6.98293e-05
7.1352e-05
7.30877e-05
7.49606e-05
7.68382e-05
7.85338e-05
7.98212e-05
8.04546e-05
8.01858e-05
7.87602e-05
7.58727e-05
7.10922e-05
6.39613e-05
5.50322e-05
4.75582e-05
4.36958e-05
4.2293e-05
3.96599e-05
3.16901e-05
1.53803e-05
1.41174e-06
2.51921e-07
8.34892e-06
1.7438e-05
2.40138e-05
2.94833e-05
3.51395e-05
4.05702e-05
4.46303e-05
4.73501e-05
4.88426e-05
4.92825e-05
4.89385e-05
4.81143e-05
4.7106e-05
4.61625e-05
4.54531e-05
4.50542e-05
4.49636e-05
4.51328e-05
4.55001e-05
4.60092e-05
4.66171e-05
4.72929e-05
4.80154e-05
4.87697e-05
4.95449e-05
5.03329e-05
5.11266e-05
5.19201e-05
5.27078e-05
5.34847e-05
5.42461e-05
5.49877e-05
5.57057e-05
5.63969e-05
5.70584e-05
5.76879e-05
5.82835e-05
5.88438e-05
5.93679e-05
5.98558e-05
6.03465e-05
6.07838e-05
6.10381e-05
6.14089e-05
6.17843e-05
6.2082e-05
6.23614e-05
6.26297e-05
6.28958e-05
6.31705e-05
6.34672e-05
6.38023e-05
6.41951e-05
6.46688e-05
6.52502e-05
6.59698e-05
6.68598e-05
6.79513e-05
6.92676e-05
7.08143e-05
7.25654e-05
7.44487e-05
7.6336e-05
7.80437e-05
7.93452e-05
7.99915e-05
7.97324e-05
7.83238e-05
7.54944e-05
7.08637e-05
6.39446e-05
5.50184e-05
4.73224e-05
4.33328e-05
4.21084e-05
3.97581e-05
3.21857e-05
1.58761e-05
1.52748e-06
2.32482e-07
8.18202e-06
1.71674e-05
2.37916e-05
2.86856e-05
3.40115e-05
3.93062e-05
4.35352e-05
4.65352e-05
4.83993e-05
4.92264e-05
4.92228e-05
4.86483e-05
4.77732e-05
4.6843e-05
4.60468e-05
4.54968e-05
4.52287e-05
4.52222e-05
4.54293e-05
4.57972e-05
4.6281e-05
4.68464e-05
4.74692e-05
4.81321e-05
4.88228e-05
4.9532e-05
5.02524e-05
5.09779e-05
5.17029e-05
5.24224e-05
5.31318e-05
5.38271e-05
5.45043e-05
5.51604e-05
5.57924e-05
5.63981e-05
5.69756e-05
5.75237e-05
5.80411e-05
5.85286e-05
5.90426e-05
5.94518e-05
5.97396e-05
6.01497e-05
6.05415e-05
6.08732e-05
6.1192e-05
6.15045e-05
6.18192e-05
6.21465e-05
6.2499e-05
6.28921e-05
6.33444e-05
6.38775e-05
6.45167e-05
6.52902e-05
6.62276e-05
6.73572e-05
6.86995e-05
7.02584e-05
7.20084e-05
7.38804e-05
7.57514e-05
7.74428e-05
7.87302e-05
7.93631e-05
7.90892e-05
7.76715e-05
7.48685e-05
7.03294e-05
6.36771e-05
5.48438e-05
4.69781e-05
4.28796e-05
4.19316e-05
3.97886e-05
3.26606e-05
1.6424e-05
1.65231e-06
2.12888e-07
7.94961e-06
1.70457e-05
2.35887e-05
2.82953e-05
3.29991e-05
3.80724e-05
4.23981e-05
4.56188e-05
4.78177e-05
4.90251e-05
4.9384e-05
4.91048e-05
4.8425e-05
4.75754e-05
4.67514e-05
4.60905e-05
4.5663e-05
4.54806e-05
4.55166e-05
4.57282e-05
4.60725e-05
4.65136e-05
4.70246e-05
4.75858e-05
4.81832e-05
4.88064e-05
4.94474e-05
5.00995e-05
5.07571e-05
5.14153e-05
5.20694e-05
5.27154e-05
5.33495e-05
5.39685e-05
5.45696e-05
5.51503e-05
5.5709e-05
5.62442e-05
5.67539e-05
5.72501e-05
5.77686e-05
5.81556e-05
5.84904e-05
5.89269e-05
5.9335e-05
5.97001e-05
6.00569e-05
6.04121e-05
6.07736e-05
6.11512e-05
6.15571e-05
6.20056e-05
6.25142e-05
6.31032e-05
6.37959e-05
6.4618e-05
6.55963e-05
6.67555e-05
6.81125e-05
6.96687e-05
7.13981e-05
7.32342e-05
7.50599e-05
7.67034e-05
7.79458e-05
7.85374e-05
7.82239e-05
7.67742e-05
7.39802e-05
6.95421e-05
6.3101e-05
5.44841e-05
4.65122e-05
4.23071e-05
4.1456e-05
3.97684e-05
3.31068e-05
1.7024e-05
1.78598e-06
1.94216e-07
7.71734e-06
1.70027e-05
2.34031e-05
2.82494e-05
3.22003e-05
3.694e-05
4.12773e-05
4.46385e-05
4.71167e-05
4.86793e-05
4.94063e-05
4.94558e-05
4.90262e-05
4.83248e-05
4.75413e-05
4.68259e-05
4.62754e-05
4.59325e-05
4.57969e-05
4.58423e-05
4.60332e-05
4.63356e-05
4.67214e-05
4.7169e-05
4.76628e-05
4.81909e-05
4.87445e-05
4.93164e-05
4.99007e-05
5.04923e-05
5.10865e-05
5.16792e-05
5.22666e-05
5.28455e-05
5.3413e-05
5.39667e-05
5.45045e-05
5.50255e-05
5.55244e-05
5.60396e-05
5.6534e-05
5.69098e-05
5.72995e-05
5.77578e-05
5.81788e-05
5.85743e-05
5.89665e-05
5.93613e-05
5.97663e-05
6.01907e-05
6.06458e-05
6.11452e-05
6.1705e-05
6.2344e-05
6.30833e-05
6.3946e-05
6.49553e-05
6.61318e-05
6.74884e-05
6.90231e-05
7.07087e-05
7.24811e-05
7.42293e-05
7.57908e-05
7.69549e-05
7.74758e-05
7.70979e-05
7.55928e-05
7.27157e-05
6.84054e-05
6.21997e-05
5.39041e-05
4.59238e-05
4.16696e-05
4.10608e-05
3.97385e-05
3.35146e-05
1.76749e-05
1.92785e-06
1.77416e-07
7.52505e-06
1.7003e-05
2.32794e-05
2.82127e-05
3.16661e-05
3.59202e-05
4.02107e-05
4.36166e-05
4.63082e-05
4.81896e-05
4.9278e-05
4.96771e-05
4.95428e-05
4.90526e-05
4.83811e-05
4.76793e-05
4.706e-05
4.65912e-05
4.62989e-05
4.61785e-05
4.6208e-05
4.63596e-05
4.6607e-05
4.69282e-05
4.73064e-05
4.77287e-05
4.81853e-05
4.86684e-05
4.91718e-05
4.96899e-05
5.02179e-05
5.07518e-05
5.12875e-05
5.18217e-05
5.23515e-05
5.28742e-05
5.33878e-05
5.38911e-05
5.43768e-05
5.49069e-05
5.53766e-05
5.57413e-05
5.61742e-05
5.66527e-05
5.70847e-05
5.75072e-05
5.79306e-05
5.83606e-05
5.8804e-05
5.92697e-05
5.9768e-05
6.03114e-05
6.09148e-05
6.15951e-05
6.23709e-05
6.32623e-05
6.42885e-05
6.54657e-05
6.68022e-05
6.8292e-05
6.99064e-05
7.15836e-05
7.32193e-05
7.4662e-05
7.57128e-05
7.6133e-05
7.56666e-05
7.40271e-05
7.11607e-05
6.69318e-05
6.09988e-05
5.3052e-05
4.5177e-05
4.08759e-05
4.04876e-05
3.96533e-05
3.38784e-05
1.83738e-05
2.07718e-06
1.62773e-07
7.38557e-06
1.70316e-05
2.32473e-05
2.81504e-05
3.16498e-05
3.51039e-05
3.9245e-05
4.26667e-05
4.54613e-05
4.75904e-05
4.90074e-05
4.97572e-05
4.99479e-05
4.97216e-05
4.923e-05
4.86152e-05
4.79947e-05
4.74528e-05
4.70383e-05
4.67687e-05
4.66397e-05
4.66349e-05
4.67339e-05
4.69171e-05
4.71678e-05
4.74726e-05
4.78212e-05
4.82053e-05
4.86181e-05
4.90539e-05
4.95077e-05
4.9975e-05
5.0452e-05
5.0935e-05
5.14209e-05
5.19068e-05
5.23907e-05
5.28698e-05
5.33478e-05
5.3862e-05
5.43198e-05
5.46805e-05
5.51354e-05
5.56262e-05
5.60689e-05
5.65123e-05
5.69606e-05
5.74187e-05
5.78933e-05
5.83922e-05
5.89249e-05
5.95027e-05
6.01388e-05
6.08478e-05
6.16459e-05
6.25494e-05
6.35735e-05
6.47293e-05
6.60203e-05
6.74365e-05
6.89476e-05
7.04942e-05
7.19794e-05
7.32648e-05
7.41668e-05
7.44564e-05
7.38119e-05
7.21093e-05
6.92697e-05
6.50726e-05
5.93658e-05
5.18712e-05
4.42362e-05
3.998e-05
3.9869e-05
3.94617e-05
3.41955e-05
1.9116e-05
2.23289e-06
1.49971e-07
7.29708e-06
1.70419e-05
2.32463e-05
2.80339e-05
3.17498e-05
3.44601e-05
3.82946e-05
4.17638e-05
4.46049e-05
4.69168e-05
4.86171e-05
4.97007e-05
5.02282e-05
5.03033e-05
5.00495e-05
4.9592e-05
4.9044e-05
4.84962e-05
4.80123e-05
4.76292e-05
4.73612e-05
4.72067e-05
4.71554e-05
4.71933e-05
4.73066e-05
4.7483e-05
4.77124e-05
4.79862e-05
4.82975e-05
4.86404e-05
4.90098e-05
4.94009e-05
4.98097e-05
5.02324e-05
5.06657e-05
5.11065e-05
5.15527e-05
5.19994e-05
5.24605e-05
5.29463e-05
5.33936e-05
5.37461e-05
5.42079e-05
5.46996e-05
5.51499e-05
5.56052e-05
5.60688e-05
5.65454e-05
5.70406e-05
5.75614e-05
5.81162e-05
5.87147e-05
5.93681e-05
6.00887e-05
6.08893e-05
6.17825e-05
6.27787e-05
6.38844e-05
6.50981e-05
6.64061e-05
6.77768e-05
6.91537e-05
7.04481e-05
7.15373e-05
7.22562e-05
7.23299e-05
7.155e-05
6.98496e-05
6.69551e-05
6.27942e-05
5.73161e-05
5.03423e-05
4.30708e-05
3.8937e-05
3.91934e-05
3.93238e-05
3.44812e-05
1.98934e-05
2.39375e-06
1.38317e-07
7.22415e-06
1.70024e-05
2.32458e-05
2.79996e-05
3.18408e-05
3.44612e-05
3.75372e-05
4.10058e-05
4.38024e-05
4.6218e-05
4.81421e-05
4.9526e-05
5.03848e-05
5.07817e-05
5.0809e-05
5.057e-05
5.01659e-05
4.96853e-05
4.91989e-05
4.87565e-05
4.8388e-05
4.81075e-05
4.7917e-05
4.78118e-05
4.7784e-05
4.78245e-05
4.7925e-05
4.80778e-05
4.82764e-05
4.85147e-05
4.87879e-05
4.90911e-05
4.94201e-05
4.9771e-05
5.01403e-05
5.05247e-05
5.09218e-05
5.13272e-05
5.17464e-05
5.22116e-05
5.26383e-05
5.297e-05
5.34191e-05
5.39017e-05
5.43483e-05
5.48034e-05
5.52699e-05
5.57515e-05
5.62529e-05
5.67799e-05
5.73395e-05
5.79395e-05
5.85888e-05
5.92969e-05
6.00731e-05
6.09258e-05
6.1861e-05
6.28801e-05
6.39774e-05
6.51363e-05
6.63247e-05
6.74897e-05
6.8552e-05
6.94077e-05
6.98937e-05
6.97154e-05
6.88916e-05
6.70947e-05
6.41713e-05
6.0069e-05
5.48257e-05
4.84104e-05
4.16635e-05
3.77812e-05
3.84226e-05
3.90198e-05
3.47316e-05
2.06942e-05
2.55828e-06
1.27298e-07
7.12572e-06
1.69078e-05
2.32118e-05
2.79603e-05
3.17443e-05
3.45928e-05
3.69484e-05
4.02347e-05
4.31387e-05
4.55806e-05
4.76546e-05
4.92847e-05
5.04464e-05
5.11641e-05
5.14964e-05
5.15211e-05
5.13219e-05
5.09789e-05
5.05618e-05
5.01265e-05
4.97135e-05
4.93492e-05
4.90483e-05
4.88168e-05
4.86551e-05
4.85602e-05
4.85273e-05
4.85514e-05
4.86272e-05
4.87498e-05
4.89145e-05
4.91168e-05
4.93527e-05
4.96182e-05
4.99097e-05
5.02238e-05
5.05574e-05
5.0909e-05
5.12664e-05
5.16895e-05
5.20964e-05
5.24053e-05
5.28085e-05
5.32648e-05
5.36926e-05
5.41312e-05
5.45828e-05
5.50503e-05
5.55373e-05
5.6048e-05
5.65877e-05
5.71621e-05
5.77775e-05
5.84401e-05
5.91556e-05
5.99283e-05
6.07598e-05
6.16475e-05
6.25821e-05
6.35451e-05
6.45054e-05
6.54149e-05
6.62046e-05
6.67982e-05
6.69369e-05
6.66578e-05
6.56748e-05
6.37986e-05
6.08808e-05
5.68796e-05
5.18976e-05
4.6012e-05
4.00056e-05
3.65144e-05
3.75454e-05
3.85282e-05
3.49284e-05
2.15136e-05
2.72499e-06
1.16962e-07
6.99461e-06
1.67628e-05
2.31259e-05
2.78812e-05
3.16505e-05
3.47248e-05
3.69651e-05
3.95461e-05
4.25482e-05
4.50117e-05
4.71973e-05
4.90284e-05
5.04582e-05
5.14803e-05
5.21229e-05
5.24376e-05
5.24883e-05
5.2342e-05
5.20618e-05
5.17032e-05
5.13115e-05
5.0921e-05
5.05562e-05
5.0233e-05
4.99608e-05
4.97439e-05
4.95835e-05
4.94786e-05
4.9427e-05
4.94258e-05
4.94717e-05
4.9561e-05
4.96902e-05
4.98557e-05
5.0054e-05
5.02817e-05
5.05354e-05
5.08129e-05
5.1109e-05
5.14234e-05
5.18229e-05
5.21299e-05
5.24176e-05
5.28159e-05
5.32222e-05
5.36186e-05
5.40287e-05
5.44536e-05
5.48956e-05
5.53574e-05
5.58419e-05
5.63524e-05
5.68923e-05
5.74647e-05
5.80717e-05
5.8714e-05
5.93896e-05
6.00926e-05
6.08117e-05
6.15284e-05
6.22138e-05
6.28261e-05
6.33073e-05
6.35724e-05
6.34916e-05
6.29769e-05
6.18424e-05
5.99138e-05
5.70514e-05
5.32184e-05
4.85649e-05
4.33748e-05
3.8017e-05
3.51616e-05
3.65745e-05
3.80142e-05
3.5036e-05
2.23441e-05
2.89235e-06
1.07925e-07
6.86027e-06
1.6603e-05
2.30007e-05
2.77478e-05
3.1516e-05
3.45995e-05
3.71357e-05
3.93683e-05
4.20468e-05
4.46758e-05
4.68879e-05
4.88533e-05
5.05e-05
5.17929e-05
5.27317e-05
5.33426e-05
5.36685e-05
5.37607e-05
5.36723e-05
5.34535e-05
5.31493e-05
5.27971e-05
5.24274e-05
5.20631e-05
5.17211e-05
5.14132e-05
5.11468e-05
5.09262e-05
5.07536e-05
5.06292e-05
5.0552e-05
5.05204e-05
5.05318e-05
5.05836e-05
5.06725e-05
5.07956e-05
5.09495e-05
5.11314e-05
5.13376e-05
5.15662e-05
5.18124e-05
5.21495e-05
5.23666e-05
5.26119e-05
5.29567e-05
5.3282e-05
5.36125e-05
5.39536e-05
5.4307e-05
5.46729e-05
5.50522e-05
5.54458e-05
5.58546e-05
5.62786e-05
5.67172e-05
5.71682e-05
5.76273e-05
5.8087e-05
5.85357e-05
5.89563e-05
5.93241e-05
5.9605e-05
5.97538e-05
5.96593e-05
5.93319e-05
5.86068e-05
5.73473e-05
5.54088e-05
5.26699e-05
4.90988e-05
4.48544e-05
4.036e-05
3.57484e-05
3.36896e-05
3.55121e-05
3.73557e-05
3.50339e-05
2.3169e-05
3.05926e-06
1.01823e-07
6.79584e-06
1.6516e-05
2.29035e-05
2.75951e-05
3.13483e-05
3.44706e-05
3.71414e-05
3.94399e-05
4.17869e-05
4.43527e-05
4.68065e-05
4.88696e-05
5.06821e-05
5.2202e-05
5.34071e-05
5.4301e-05
5.49067e-05
5.52592e-05
5.53993e-05
5.53694e-05
5.52101e-05
5.49581e-05
5.46455e-05
5.42994e-05
5.39414e-05
5.35885e-05
5.32539e-05
5.29468e-05
5.26737e-05
5.24387e-05
5.2244e-05
5.20901e-05
5.19766e-05
5.19021e-05
5.18645e-05
5.18614e-05
5.18899e-05
5.19472e-05
5.20299e-05
5.21359e-05
5.2259e-05
5.24083e-05
5.25967e-05
5.2742e-05
5.28748e-05
5.30914e-05
5.32896e-05
5.34862e-05
5.36898e-05
5.38948e-05
5.41019e-05
5.43101e-05
5.4518e-05
5.47239e-05
5.49252e-05
5.51185e-05
5.52985e-05
5.54582e-05
5.55872e-05
5.56719e-05
5.56931e-05
5.56254e-05
5.54348e-05
5.5061e-05
5.4444e-05
5.35272e-05
5.21786e-05
5.02899e-05
4.77651e-05
4.45804e-05
4.08747e-05
3.73239e-05
3.38299e-05
3.20271e-05
3.43752e-05
3.66172e-05
3.49258e-05
2.39771e-05
3.22472e-06
1.00128e-07
6.89957e-06
1.66503e-05
2.29763e-05
2.75337e-05
3.1224e-05
3.43763e-05
3.71395e-05
3.96234e-05
4.19927e-05
4.43697e-05
4.68161e-05
4.91336e-05
5.11554e-05
5.28592e-05
5.42912e-05
5.54401e-05
5.63118e-05
5.69262e-05
5.73113e-05
5.74999e-05
5.7526e-05
5.74225e-05
5.72202e-05
5.69463e-05
5.66247e-05
5.62753e-05
5.59144e-05
5.55552e-05
5.52076e-05
5.48792e-05
5.45751e-05
5.42988e-05
5.40518e-05
5.38348e-05
5.36473e-05
5.34879e-05
5.33547e-05
5.32454e-05
5.31573e-05
5.30878e-05
5.30335e-05
5.29916e-05
5.29656e-05
5.29472e-05
5.29127e-05
5.28971e-05
5.2874e-05
5.28519e-05
5.2833e-05
5.2794e-05
5.27505e-05
5.26955e-05
5.26273e-05
5.25435e-05
5.24413e-05
5.23176e-05
5.21681e-05
5.19876e-05
5.17687e-05
5.15025e-05
5.1176e-05
5.07734e-05
5.02703e-05
4.96476e-05
4.88462e-05
4.77683e-05
4.64e-05
4.46951e-05
4.25833e-05
4.0045e-05
3.71444e-05
3.43356e-05
3.17898e-05
3.10119e-05
3.31468e-05
3.58724e-05
3.46903e-05
2.47054e-05
3.38855e-06
1.05691e-07
7.18361e-06
1.72233e-05
2.34407e-05
2.77719e-05
3.13298e-05
3.44814e-05
3.73457e-05
3.99953e-05
4.25636e-05
4.50526e-05
4.73894e-05
4.98052e-05
5.19235e-05
5.39378e-05
5.56179e-05
5.69828e-05
5.809e-05
5.89449e-05
5.95641e-05
5.99704e-05
6.019e-05
6.02504e-05
6.01785e-05
6e-05
5.9738e-05
5.94133e-05
5.90437e-05
5.86446e-05
5.82283e-05
5.7805e-05
5.73824e-05
5.69664e-05
5.6561e-05
5.61688e-05
5.5791e-05
5.5428e-05
5.50792e-05
5.47435e-05
5.44192e-05
5.41041e-05
5.37965e-05
5.3492e-05
5.31934e-05
5.28888e-05
5.25962e-05
5.22562e-05
5.19079e-05
5.16775e-05
5.13227e-05
5.09329e-05
5.05771e-05
5.01913e-05
4.97878e-05
4.9364e-05
4.89187e-05
4.84509e-05
4.7958e-05
4.74383e-05
4.68875e-05
4.63028e-05
4.56764e-05
4.50025e-05
4.42671e-05
4.34556e-05
4.25663e-05
4.15845e-05
4.04386e-05
3.90758e-05
3.74018e-05
3.53848e-05
3.30236e-05
3.08345e-05
2.93172e-05
2.94362e-05
3.24698e-05
3.50788e-05
3.43214e-05
2.53229e-05
3.55267e-06
1.21895e-07
7.80511e-06
1.83487e-05
2.45352e-05
2.85829e-05
3.19724e-05
3.51104e-05
3.80983e-05
4.10048e-05
4.37216e-05
4.62878e-05
4.88793e-05
5.13045e-05
5.35474e-05
5.56698e-05
5.74792e-05
5.91511e-05
6.04626e-05
6.14953e-05
6.22853e-05
6.28483e-05
6.32043e-05
6.33757e-05
6.33858e-05
6.32574e-05
6.30125e-05
6.26714e-05
6.22523e-05
6.17715e-05
6.12429e-05
6.06787e-05
6.00885e-05
5.94798e-05
5.88584e-05
5.82289e-05
5.75943e-05
5.6957e-05
5.63183e-05
5.56786e-05
5.50383e-05
5.43961e-05
5.37529e-05
5.31038e-05
5.24564e-05
5.17936e-05
5.1141e-05
5.04553e-05
4.97298e-05
4.9085e-05
4.84098e-05
4.77286e-05
4.70086e-05
4.62424e-05
4.55031e-05
4.47503e-05
4.39893e-05
4.32206e-05
4.24435e-05
4.166e-05
4.08686e-05
4.00725e-05
3.92674e-05
3.84581e-05
3.76352e-05
3.68035e-05
3.59449e-05
3.50676e-05
3.41296e-05
3.3132e-05
3.20046e-05
3.07782e-05
2.94422e-05
2.82933e-05
2.77921e-05
2.84726e-05
3.1258e-05
3.46655e-05
3.37804e-05
2.57101e-05
3.72e-06
1.52586e-07
8.83076e-06
1.99008e-05
2.59582e-05
2.99662e-05
3.3279e-05
3.6451e-05
3.95273e-05
4.23551e-05
4.50246e-05
4.8127e-05
5.10496e-05
5.36902e-05
5.61493e-05
5.82376e-05
6.00995e-05
6.16992e-05
6.31318e-05
6.42802e-05
6.50872e-05
6.56504e-05
6.59887e-05
6.61223e-05
6.60722e-05
6.58595e-05
6.55049e-05
6.50278e-05
6.44465e-05
6.37777e-05
6.30356e-05
6.22353e-05
6.13843e-05
6.04907e-05
5.95623e-05
5.8606e-05
5.7628e-05
5.66333e-05
5.56262e-05
5.46092e-05
5.35867e-05
5.25573e-05
5.15275e-05
5.04921e-05
4.94687e-05
4.84226e-05
4.74171e-05
4.6336e-05
4.53327e-05
4.43566e-05
4.33415e-05
4.23486e-05
4.13477e-05
4.04195e-05
3.94344e-05
3.84525e-05
3.75224e-05
3.66112e-05
3.57195e-05
3.4854e-05
3.40137e-05
3.32082e-05
3.24332e-05
3.17038e-05
3.10091e-05
3.03718e-05
2.97691e-05
2.92335e-05
2.87218e-05
2.82775e-05
2.78273e-05
2.74436e-05
2.70578e-05
2.68919e-05
2.71294e-05
2.82839e-05
3.08852e-05
3.36901e-05
3.30969e-05
2.54681e-05
3.89949e-06
2.02527e-07
1.0345e-05
2.17927e-05
2.71744e-05
3.05506e-05
3.36976e-05
3.68523e-05
3.9998e-05
4.31332e-05
4.64497e-05
4.96825e-05
5.27235e-05
5.55514e-05
5.80896e-05
6.01977e-05
6.19647e-05
6.32912e-05
6.43766e-05
6.53788e-05
6.60372e-05
6.63592e-05
6.64491e-05
6.6326e-05
6.60104e-05
6.55224e-05
6.48823e-05
6.41091e-05
6.32209e-05
6.22354e-05
6.11657e-05
6.00346e-05
5.8822e-05
5.75504e-05
5.62358e-05
5.4892e-05
5.35316e-05
5.2162e-05
5.07908e-05
4.94225e-05
4.80664e-05
4.67165e-05
4.53933e-05
4.40914e-05
4.28267e-05
4.15426e-05
4.03451e-05
3.91784e-05
3.80201e-05
3.69007e-05
3.58221e-05
3.47905e-05
3.37763e-05
3.28588e-05
3.19281e-05
3.10364e-05
3.02108e-05
2.94303e-05
2.86988e-05
2.80257e-05
2.74076e-05
2.68581e-05
2.63701e-05
2.59659e-05
2.56286e-05
2.53928e-05
2.52266e-05
2.51806e-05
2.51994e-05
2.53541e-05
2.55537e-05
2.58964e-05
2.62609e-05
2.68171e-05
2.75422e-05
2.88525e-05
3.09804e-05
3.33544e-05
3.2376e-05
2.49101e-05
3.99224e-06
2.79161e-07
1.17641e-05
2.2713e-05
2.69649e-05
2.94842e-05
3.22088e-05
3.51716e-05
3.82208e-05
4.13025e-05
4.43264e-05
4.71259e-05
4.97168e-05
5.20789e-05
5.41529e-05
5.59115e-05
5.73262e-05
5.84091e-05
5.90296e-05
5.95221e-05
5.9849e-05
5.98044e-05
5.95263e-05
5.90421e-05
5.83764e-05
5.7552e-05
5.65912e-05
5.55134e-05
5.43389e-05
5.30866e-05
5.17723e-05
5.04104e-05
4.90241e-05
4.76267e-05
4.62134e-05
4.48015e-05
4.34046e-05
4.20224e-05
4.0663e-05
3.93316e-05
3.80352e-05
3.67655e-05
3.55789e-05
3.44384e-05
3.33296e-05
3.227e-05
3.12614e-05
3.02998e-05
2.94e-05
2.85301e-05
2.77641e-05
2.70161e-05
2.63006e-05
2.56712e-05
2.51018e-05
2.45878e-05
2.41399e-05
2.37592e-05
2.34473e-05
2.32029e-05
2.30209e-05
2.29157e-05
2.28797e-05
2.29334e-05
2.30556e-05
2.32821e-05
2.35746e-05
2.39883e-05
2.4459e-05
2.50665e-05
2.57082e-05
2.64882e-05
2.72636e-05
2.81534e-05
2.90733e-05
3.01407e-05
3.16697e-05
3.30893e-05
3.13829e-05
2.40915e-05
4.02636e-06
3.73373e-07
1.23183e-05
2.05058e-05
2.23534e-05
2.37964e-05
2.56414e-05
2.77999e-05
3.0137e-05
3.25308e-05
3.48008e-05
3.68797e-05
3.8754e-05
4.04049e-05
4.18075e-05
4.29608e-05
4.38487e-05
4.44794e-05
4.48195e-05
4.49268e-05
4.49199e-05
4.47475e-05
4.43564e-05
4.3821e-05
4.31621e-05
4.23991e-05
4.15516e-05
4.06334e-05
3.96648e-05
3.86624e-05
3.76344e-05
3.6595e-05
3.55527e-05
3.45326e-05
3.35043e-05
3.25223e-05
3.15814e-05
3.066e-05
2.97758e-05
2.89315e-05
2.81331e-05
2.73733e-05
2.66582e-05
2.59961e-05
2.53761e-05
2.48325e-05
2.43038e-05
2.38238e-05
2.3413e-05
2.30491e-05
2.27412e-05
2.24862e-05
2.22796e-05
2.21258e-05
2.20249e-05
2.19775e-05
2.19829e-05
2.20432e-05
2.21565e-05
2.23273e-05
2.25531e-05
2.28416e-05
2.3183e-05
2.35854e-05
2.4031e-05
2.45513e-05
2.51066e-05
2.57509e-05
2.64156e-05
2.71826e-05
2.79438e-05
2.88037e-05
2.96172e-05
3.04656e-05
3.12788e-05
3.18841e-05
3.27869e-05
3.26599e-05
3.01168e-05
2.24347e-05
3.91718e-06
4.50318e-07
1.13422e-05
1.5215e-05
1.54572e-05
1.62541e-05
1.74321e-05
1.87916e-05
2.02353e-05
2.16879e-05
2.30688e-05
2.43491e-05
2.55112e-05
2.65402e-05
2.74251e-05
2.81667e-05
2.87716e-05
2.92032e-05
2.95062e-05
2.96788e-05
2.9735e-05
2.97225e-05
2.96374e-05
2.94488e-05
2.9198e-05
2.88965e-05
2.85555e-05
2.81791e-05
2.77894e-05
2.73932e-05
2.69815e-05
2.65731e-05
2.61721e-05
2.57873e-05
2.5416e-05
2.50606e-05
2.47331e-05
2.44361e-05
2.41466e-05
2.3887e-05
2.36618e-05
2.34654e-05
2.32954e-05
2.31564e-05
2.30433e-05
2.29642e-05
2.29122e-05
2.28909e-05
2.29058e-05
2.29548e-05
2.30359e-05
2.31477e-05
2.32899e-05
2.34604e-05
2.36598e-05
2.38861e-05
2.4141e-05
2.44219e-05
2.4731e-05
2.50666e-05
2.54294e-05
2.58213e-05
2.62367e-05
2.66936e-05
2.71675e-05
2.76957e-05
2.82181e-05
2.88134e-05
2.93748e-05
3.0031e-05
3.06113e-05
3.12952e-05
3.18476e-05
3.24554e-05
3.29067e-05
3.29568e-05
3.31874e-05
3.09058e-05
2.74414e-05
1.90731e-05
3.57051e-06
5.0553e-07
9.75753e-06
1.1651e-05
1.35812e-05
1.55239e-05
1.73534e-05
1.90123e-05
2.04672e-05
2.1706e-05
2.27347e-05
2.35768e-05
2.42596e-05
2.48095e-05
2.52459e-05
2.5591e-05
2.58936e-05
2.60292e-05
2.61695e-05
2.62758e-05
2.63173e-05
2.63251e-05
2.63134e-05
2.62784e-05
2.62243e-05
2.61569e-05
2.60775e-05
2.59946e-05
2.59007e-05
2.58178e-05
2.57176e-05
2.56318e-05
2.55543e-05
2.54898e-05
2.54185e-05
2.5354e-05
2.53037e-05
2.52649e-05
2.52362e-05
2.52177e-05
2.5211e-05
2.52159e-05
2.52331e-05
2.52619e-05
2.53037e-05
2.53564e-05
2.5423e-05
2.54998e-05
2.55865e-05
2.56819e-05
2.57893e-05
2.59064e-05
2.6037e-05
2.6178e-05
2.63344e-05
2.65016e-05
2.66861e-05
2.68822e-05
2.70965e-05
2.73245e-05
2.75696e-05
2.78337e-05
2.8108e-05
2.84161e-05
2.87138e-05
2.90821e-05
2.93716e-05
2.97816e-05
3.00345e-05
3.04883e-05
3.06733e-05
3.11419e-05
3.12241e-05
3.16573e-05
3.13645e-05
3.11128e-05
3.01252e-05
2.78355e-05
2.29116e-05
1.19621e-05
3.07035e-06
3.11175e-07
6.006e-07
9.16418e-07
1.23807e-06
1.54849e-06
1.83943e-06
2.11055e-06
2.36236e-06
2.59321e-06
2.80175e-06
2.98646e-06
3.14798e-06
3.28588e-06
3.4034e-06
3.49932e-06
3.57956e-06
3.64181e-06
3.68719e-06
3.72233e-06
3.74278e-06
3.75652e-06
3.75636e-06
3.75261e-06
3.74338e-06
3.72767e-06
3.70737e-06
3.68423e-06
3.65799e-06
3.63036e-06
3.601e-06
3.57108e-06
3.54052e-06
3.5104e-06
3.48065e-06
3.45143e-06
3.42312e-06
3.39601e-06
3.37021e-06
3.34595e-06
3.32322e-06
3.30234e-06
3.28313e-06
3.26602e-06
3.25062e-06
3.23758e-06
3.22617e-06
3.21741e-06
3.2101e-06
3.20568e-06
3.20237e-06
3.20254e-06
3.20386e-06
3.20747e-06
3.21214e-06
3.22187e-06
3.22964e-06
3.24542e-06
3.25644e-06
3.27859e-06
3.29298e-06
3.32182e-06
3.33952e-06
3.37511e-06
3.39605e-06
3.43808e-06
3.46554e-06
3.52169e-06
3.55559e-06
3.62343e-06
3.66557e-06
3.73941e-06
3.78999e-06
3.8636e-06
3.92126e-06
3.97787e-06
4.01121e-06
3.99068e-06
3.89211e-06
3.57671e-06
2.63703e-06
)
;

boundaryField
{
    movingWall
    {
        type            nutkWallFunction;
        Cmu             0.09;
        kappa           0.41;
        E               9.8;
        value           uniform 0;
    }
    fixedWalls
    {
        type            nutkWallFunction;
        Cmu             0.09;
        kappa           0.41;
        E               9.8;
        value           uniform 0;
    }
    frontAndBack
    {
        type            empty;
    }
}


// ************************************************************************* //
