/*--------------------------------*- C++ -*----------------------------------*\
  =========                 |
  \\      /  F ield         | OpenFOAM: The Open Source CFD Toolbox
   \\    /   O peration     | Website:  https://openfoam.org
    \\  /    A nd           | Version:  13
     \\/     M anipulation  |
\*---------------------------------------------------------------------------*/
FoamFile
{
    format      ascii;
    class       volScalarField;
    location    "7.4";
    object      nut;
}
// * * * * * * * * * * * * * * * * * * * * * * * * * * * * * * * * * * * * * //

dimensions      [0 2 -1 0 0 0 0];

internalField   nonuniform List<scalar> 
6400
(
9.60114e-10
4.9312e-09
1.19762e-08
1.92977e-08
2.48244e-08
2.7934e-08
2.90713e-08
2.91922e-08
2.9377e-08
3.04695e-08
3.31126e-08
3.82749e-08
4.64275e-08
5.77379e-08
7.16182e-08
8.72977e-08
1.03976e-07
1.21319e-07
1.38521e-07
1.55153e-07
1.71836e-07
1.90004e-07
2.11568e-07
2.37694e-07
2.67346e-07
2.97375e-07
3.27166e-07
3.56731e-07
3.86972e-07
4.18717e-07
4.5156e-07
4.84354e-07
5.1658e-07
5.48296e-07
5.80351e-07
6.12916e-07
6.46692e-07
6.81882e-07
7.18935e-07
7.57965e-07
7.99257e-07
8.43128e-07
8.89833e-07
9.39941e-07
9.93808e-07
1.05323e-06
1.12157e-06
1.20602e-06
1.29232e-06
1.37986e-06
1.46591e-06
1.54954e-06
1.62821e-06
1.69969e-06
1.76141e-06
1.81021e-06
1.83576e-06
1.84596e-06
1.84414e-06
1.81001e-06
1.74887e-06
1.6606e-06
1.54624e-06
1.40998e-06
1.25511e-06
1.08909e-06
9.2001e-07
7.54645e-07
5.99108e-07
4.60229e-07
3.47455e-07
2.52792e-07
1.76308e-07
1.17785e-07
7.56635e-08
4.69753e-08
2.82699e-08
1.62247e-08
7.66716e-09
1.63263e-09
4.64272e-09
3.28265e-07
1.18077e-06
1.99232e-06
2.59341e-06
2.94838e-06
3.11301e-06
3.17325e-06
3.2134e-06
3.29471e-06
3.49293e-06
3.87487e-06
4.40987e-06
5.0305e-06
5.67352e-06
6.27581e-06
6.79241e-06
7.17608e-06
7.41309e-06
7.51848e-06
7.57045e-06
7.63862e-06
7.7892e-06
8.05052e-06
8.36413e-06
8.57876e-06
8.78011e-06
9.01003e-06
9.31452e-06
9.73191e-06
1.02698e-05
1.08613e-05
1.15027e-05
1.21625e-05
1.28612e-05
1.35827e-05
1.43371e-05
1.51183e-05
1.59332e-05
1.67773e-05
1.76447e-05
1.85408e-05
1.94625e-05
2.04367e-05
2.14283e-05
2.24061e-05
2.33423e-05
2.41854e-05
2.50466e-05
2.59242e-05
2.68102e-05
2.76894e-05
2.85466e-05
2.93614e-05
3.01112e-05
3.08437e-05
3.13128e-05
3.16069e-05
3.18155e-05
3.18012e-05
3.14569e-05
3.08061e-05
2.98276e-05
2.8506e-05
2.68464e-05
2.48963e-05
2.27562e-05
2.04488e-05
1.80049e-05
1.53682e-05
1.24723e-05
9.67319e-06
7.20237e-06
5.16204e-06
3.57937e-06
2.43336e-06
1.6265e-06
1.0511e-06
4.75389e-07
8.63626e-09
1.01506e-08
8.49632e-07
3.43617e-06
5.97767e-06
7.92816e-06
9.19965e-06
9.92008e-06
1.02905e-05
1.05189e-05
1.07846e-05
1.12171e-05
1.18935e-05
1.2786e-05
1.37945e-05
1.47916e-05
1.56661e-05
1.63685e-05
1.68748e-05
1.71847e-05
1.73143e-05
1.72864e-05
1.71925e-05
1.71146e-05
1.70925e-05
1.71622e-05
1.74105e-05
1.77282e-05
1.8049e-05
1.83952e-05
1.87614e-05
1.92407e-05
1.99109e-05
2.08935e-05
2.18877e-05
2.30204e-05
2.42074e-05
2.54759e-05
2.67664e-05
2.81095e-05
2.95434e-05
3.09405e-05
3.23781e-05
3.37901e-05
3.51294e-05
3.64101e-05
3.76643e-05
3.88799e-05
4.01037e-05
4.13345e-05
4.25666e-05
4.379e-05
4.49941e-05
4.61625e-05
4.72756e-05
4.8307e-05
4.92229e-05
5.00128e-05
5.05614e-05
5.08109e-05
5.09858e-05
5.0826e-05
5.03483e-05
4.95154e-05
4.82013e-05
4.63331e-05
4.39182e-05
4.11526e-05
3.80258e-05
3.45507e-05
3.07667e-05
2.67232e-05
2.25585e-05
1.84718e-05
1.46653e-05
1.13147e-05
8.48056e-06
6.22841e-06
4.29025e-06
1.78684e-06
2.31004e-08
1.76191e-08
1.39098e-06
5.38503e-06
9.21474e-06
1.21847e-05
1.42321e-05
1.55104e-05
1.62421e-05
1.66873e-05
1.70677e-05
1.75793e-05
1.83437e-05
1.93385e-05
2.04238e-05
2.14377e-05
2.22672e-05
2.28522e-05
2.31898e-05
2.33104e-05
2.32725e-05
2.31428e-05
2.30304e-05
2.30031e-05
2.30993e-05
2.31511e-05
2.31616e-05
2.31242e-05
2.3504e-05
2.42274e-05
2.51941e-05
2.64741e-05
2.76875e-05
2.88875e-05
3.01703e-05
3.14879e-05
3.27843e-05
3.40842e-05
3.54471e-05
3.67447e-05
3.80278e-05
3.92636e-05
4.04799e-05
4.16498e-05
4.27795e-05
4.38645e-05
4.49185e-05
4.59733e-05
4.70288e-05
4.80817e-05
4.9127e-05
5.01572e-05
5.11628e-05
5.21308e-05
5.30447e-05
5.38846e-05
5.46269e-05
5.52453e-05
5.57226e-05
5.59749e-05
5.60437e-05
5.58948e-05
5.54095e-05
5.46224e-05
5.38357e-05
5.25545e-05
5.06378e-05
4.82696e-05
4.54071e-05
4.21284e-05
3.84831e-05
3.45145e-05
3.02871e-05
2.59069e-05
2.15375e-05
1.73826e-05
1.36102e-05
1.03289e-05
7.24195e-06
3.00096e-06
3.84557e-08
2.82566e-08
2.08713e-06
7.47672e-06
1.2403e-05
1.60902e-05
1.85832e-05
2.01188e-05
2.09807e-05
2.14807e-05
2.19364e-05
2.26e-05
2.35568e-05
2.47043e-05
2.58453e-05
2.6803e-05
2.74786e-05
2.78524e-05
2.79649e-05
2.78716e-05
2.76942e-05
2.74345e-05
2.72562e-05
2.70961e-05
2.64689e-05
2.63917e-05
2.68943e-05
2.7836e-05
2.89673e-05
3.01301e-05
3.14309e-05
3.27024e-05
3.39368e-05
3.5151e-05
3.63357e-05
3.74345e-05
3.84583e-05
3.94852e-05
4.04461e-05
4.12755e-05
4.20557e-05
4.2753e-05
4.3399e-05
4.40089e-05
4.46101e-05
4.52259e-05
4.58583e-05
4.64861e-05
4.71218e-05
4.77661e-05
4.84231e-05
4.90942e-05
4.97798e-05
5.04782e-05
5.11849e-05
5.18927e-05
5.25897e-05
5.32587e-05
5.38697e-05
5.43893e-05
5.47614e-05
5.49087e-05
5.48256e-05
5.43192e-05
5.32157e-05
5.2402e-05
5.12658e-05
4.94571e-05
4.71473e-05
4.44027e-05
4.1277e-05
3.78074e-05
3.4018e-05
2.99419e-05
2.56652e-05
2.13904e-05
1.7291e-05
1.34394e-05
9.4515e-06
3.84757e-06
4.90553e-08
4.34487e-08
3.02449e-06
9.94896e-06
1.5892e-05
2.00871e-05
2.27668e-05
2.43151e-05
2.51386e-05
2.56562e-05
2.62417e-05
2.71052e-05
2.8228e-05
2.94264e-05
3.04827e-05
3.12423e-05
3.16441e-05
3.17065e-05
3.1558e-05
3.11358e-05
3.08116e-05
3.02935e-05
2.93983e-05
2.92393e-05
2.99275e-05
3.08848e-05
3.19023e-05
3.30626e-05
3.42243e-05
3.53382e-05
3.64125e-05
3.73368e-05
3.82172e-05
3.90281e-05
3.97259e-05
4.02925e-05
4.07892e-05
4.11912e-05
4.1587e-05
4.18806e-05
4.21392e-05
4.23654e-05
4.25802e-05
4.27761e-05
4.29601e-05
4.31393e-05
4.33123e-05
4.34853e-05
4.36668e-05
4.38655e-05
4.40922e-05
4.43583e-05
4.46759e-05
4.50574e-05
4.5512e-05
4.60407e-05
4.66379e-05
4.73171e-05
4.80484e-05
4.88031e-05
4.95257e-05
5.01896e-05
5.06532e-05
5.08211e-05
5.06905e-05
4.9829e-05
4.93601e-05
4.81582e-05
4.64015e-05
4.41508e-05
4.14966e-05
3.85143e-05
3.52362e-05
3.16464e-05
2.77125e-05
2.35772e-05
1.93732e-05
1.52432e-05
1.07517e-05
4.25289e-06
5.29338e-08
6.45475e-08
4.24706e-06
1.28343e-05
1.96825e-05
2.41919e-05
2.68657e-05
2.82833e-05
2.90078e-05
2.95519e-05
3.02737e-05
3.12779e-05
3.244e-05
3.35331e-05
3.43574e-05
3.48091e-05
3.48831e-05
3.44135e-05
3.39567e-05
3.35099e-05
3.23192e-05
3.1972e-05
3.24314e-05
3.32854e-05
3.40432e-05
3.49405e-05
3.58376e-05
3.67424e-05
3.75291e-05
3.8214e-05
3.88214e-05
3.93561e-05
3.97989e-05
4.0143e-05
4.03932e-05
4.05677e-05
4.069e-05
4.07626e-05
4.08054e-05
4.0788e-05
4.07712e-05
4.07541e-05
4.06798e-05
4.06145e-05
4.05181e-05
4.04235e-05
4.03072e-05
4.01868e-05
4.0056e-05
3.99264e-05
3.98031e-05
3.9701e-05
3.96375e-05
3.96403e-05
3.97503e-05
4.00026e-05
4.03502e-05
4.08962e-05
4.16297e-05
4.25213e-05
4.34923e-05
4.45595e-05
4.55772e-05
4.6505e-05
4.69749e-05
4.70623e-05
4.65312e-05
4.63238e-05
4.51236e-05
4.32734e-05
4.09087e-05
3.81778e-05
3.51931e-05
3.19947e-05
2.85038e-05
2.45892e-05
2.05464e-05
1.61612e-05
1.10525e-05
4.2425e-06
5.14045e-08
9.2808e-08
5.77449e-06
1.60623e-05
2.36683e-05
2.8312e-05
3.08489e-05
3.20713e-05
3.26905e-05
3.32593e-05
3.40596e-05
3.50792e-05
3.61198e-05
3.69468e-05
3.73943e-05
3.74254e-05
3.68962e-05
3.64234e-05
3.53912e-05
3.46376e-05
3.45706e-05
3.51008e-05
3.54952e-05
3.61223e-05
3.67401e-05
3.74873e-05
3.81178e-05
3.86818e-05
3.91146e-05
3.94614e-05
3.97217e-05
3.99054e-05
4.0016e-05
4.00676e-05
4.00753e-05
4.0054e-05
4.00135e-05
3.99555e-05
3.98846e-05
3.98001e-05
3.97148e-05
3.95766e-05
3.94831e-05
3.94042e-05
3.92041e-05
3.90678e-05
3.88826e-05
3.8699e-05
3.84938e-05
3.82741e-05
3.8035e-05
3.77773e-05
3.74972e-05
3.71924e-05
3.6858e-05
3.65183e-05
3.63422e-05
3.63133e-05
3.65973e-05
3.72916e-05
3.81345e-05
3.93093e-05
4.06296e-05
4.20046e-05
4.32882e-05
4.4099e-05
4.43038e-05
4.41041e-05
4.40561e-05
4.26889e-05
4.05853e-05
3.7942e-05
3.49573e-05
3.18147e-05
2.85827e-05
2.50499e-05
2.1021e-05
1.66606e-05
1.12215e-05
4.13218e-06
4.77859e-08
1.29116e-07
7.5901e-06
1.95428e-05
2.76926e-05
3.23529e-05
3.46795e-05
3.56858e-05
3.6197e-05
3.67508e-05
3.75279e-05
3.84218e-05
3.92022e-05
3.96624e-05
3.95381e-05
3.90488e-05
3.85482e-05
3.72327e-05
3.67204e-05
3.67592e-05
3.68162e-05
3.70851e-05
3.75195e-05
3.80361e-05
3.85092e-05
3.89666e-05
3.9288e-05
3.95345e-05
3.96814e-05
3.97746e-05
3.98152e-05
3.98247e-05
3.98132e-05
3.97947e-05
3.97762e-05
3.9761e-05
3.97489e-05
3.97379e-05
3.97256e-05
3.97059e-05
3.9659e-05
3.96247e-05
3.96004e-05
3.95015e-05
3.94086e-05
3.93029e-05
3.91663e-05
3.90124e-05
3.88306e-05
3.86225e-05
3.83828e-05
3.81103e-05
3.77986e-05
3.74412e-05
3.70329e-05
3.65616e-05
3.60291e-05
3.54299e-05
3.47858e-05
3.421e-05
3.43262e-05
3.50139e-05
3.61586e-05
3.7634e-05
3.92794e-05
4.0913e-05
4.19672e-05
4.22567e-05
4.23038e-05
4.23681e-05
4.07431e-05
3.83042e-05
3.5255e-05
3.18856e-05
2.84687e-05
2.50328e-05
2.12224e-05
1.66991e-05
1.09732e-05
3.84274e-06
4.37076e-08
1.73823e-07
9.61667e-06
2.31045e-05
3.16731e-05
3.62558e-05
3.83306e-05
3.91098e-05
3.94886e-05
3.99536e-05
4.0589e-05
4.12285e-05
4.16447e-05
4.14135e-05
4.08656e-05
4.02877e-05
3.9188e-05
3.86203e-05
3.83803e-05
3.81383e-05
3.82955e-05
3.85514e-05
3.88841e-05
3.91988e-05
3.94421e-05
3.9624e-05
3.97108e-05
3.97591e-05
3.9768e-05
3.97755e-05
3.97848e-05
3.98128e-05
3.98604e-05
3.99298e-05
4.0016e-05
4.01127e-05
4.02112e-05
4.0301e-05
4.03893e-05
4.04415e-05
4.04671e-05
4.05074e-05
4.04853e-05
4.04425e-05
4.03742e-05
4.02779e-05
4.01536e-05
4.00056e-05
3.98337e-05
3.96416e-05
3.94269e-05
3.91831e-05
3.89039e-05
3.85778e-05
3.81871e-05
3.77247e-05
3.71672e-05
3.64963e-05
3.57016e-05
3.48054e-05
3.38747e-05
3.29594e-05
3.28513e-05
3.38058e-05
3.52675e-05
3.71531e-05
3.90438e-05
4.03728e-05
4.07669e-05
4.09074e-05
4.09659e-05
3.90707e-05
3.62153e-05
3.2674e-05
2.88477e-05
2.50592e-05
2.11897e-05
1.66604e-05
1.0711e-05
3.57481e-06
4.03821e-08
2.27668e-07
1.16887e-05
2.66074e-05
3.55224e-05
3.99744e-05
4.17743e-05
4.23081e-05
4.25053e-05
4.27891e-05
4.31679e-05
4.34474e-05
4.31268e-05
4.24873e-05
4.18339e-05
4.08983e-05
4.02118e-05
3.9621e-05
3.93136e-05
3.91993e-05
3.93317e-05
3.94786e-05
3.96406e-05
3.9748e-05
3.98013e-05
3.98193e-05
3.98125e-05
3.98239e-05
3.98582e-05
3.99363e-05
4.0053e-05
4.02094e-05
4.03939e-05
4.05975e-05
4.08066e-05
4.10173e-05
4.12373e-05
4.13783e-05
4.14742e-05
4.16487e-05
4.17048e-05
4.17652e-05
4.17681e-05
4.17471e-05
4.16873e-05
4.15945e-05
4.14675e-05
4.13088e-05
4.11185e-05
4.08979e-05
4.0647e-05
4.03669e-05
4.00581e-05
3.97212e-05
3.93558e-05
3.89596e-05
3.85081e-05
3.79497e-05
3.72352e-05
3.63462e-05
3.52751e-05
3.40707e-05
3.28655e-05
3.17921e-05
3.19771e-05
3.34582e-05
3.53605e-05
3.75093e-05
3.90959e-05
3.95911e-05
3.97502e-05
3.96686e-05
3.74275e-05
3.40768e-05
3.00123e-05
2.56832e-05
2.14001e-05
1.66567e-05
1.06985e-05
3.51272e-06
3.93114e-08
2.9326e-07
1.35995e-05
2.9957e-05
3.91808e-05
4.34725e-05
4.49791e-05
4.5236e-05
4.51855e-05
4.51924e-05
4.52137e-05
4.47847e-05
4.40327e-05
4.33236e-05
4.24602e-05
4.1675e-05
4.07544e-05
4.02664e-05
3.99998e-05
3.99079e-05
3.9937e-05
3.99464e-05
3.99557e-05
3.99325e-05
3.99095e-05
3.99093e-05
3.99522e-05
4.00586e-05
4.02242e-05
4.04485e-05
4.0715e-05
4.10122e-05
4.13226e-05
4.16425e-05
4.1975e-05
4.22681e-05
4.24541e-05
4.26703e-05
4.28892e-05
4.30459e-05
4.31521e-05
4.32303e-05
4.32609e-05
4.32568e-05
4.32105e-05
4.31261e-05
4.30025e-05
4.28416e-05
4.26437e-05
4.24098e-05
4.21404e-05
4.18359e-05
4.14958e-05
4.11189e-05
4.07033e-05
4.02468e-05
3.97481e-05
3.92065e-05
3.8618e-05
3.79133e-05
3.69977e-05
3.58245e-05
3.4453e-05
3.29814e-05
3.16413e-05
3.07726e-05
3.19677e-05
3.38345e-05
3.62103e-05
3.79742e-05
3.85313e-05
3.86101e-05
3.82817e-05
3.55714e-05
3.17007e-05
2.71044e-05
2.22091e-05
1.70922e-05
1.09534e-05
3.66335e-06
4.08166e-08
3.66181e-07
1.54926e-05
3.31426e-05
4.26149e-05
4.67205e-05
4.79131e-05
4.78504e-05
4.74792e-05
4.71193e-05
4.65121e-05
4.56122e-05
4.48625e-05
4.39693e-05
4.30579e-05
4.19054e-05
4.11316e-05
4.06946e-05
4.04274e-05
4.02887e-05
4.02047e-05
4.01161e-05
4.00543e-05
4.00167e-05
4.00416e-05
4.01411e-05
4.03234e-05
4.05846e-05
4.09082e-05
4.1279e-05
4.16763e-05
4.2085e-05
4.25031e-05
4.29159e-05
4.32892e-05
4.35959e-05
4.38849e-05
4.4142e-05
4.43888e-05
4.45893e-05
4.47339e-05
4.48408e-05
4.49019e-05
4.49204e-05
4.48937e-05
4.48229e-05
4.47075e-05
4.45486e-05
4.43468e-05
4.41033e-05
4.38191e-05
4.34952e-05
4.31317e-05
4.27277e-05
4.22807e-05
4.17863e-05
4.1239e-05
4.06331e-05
3.99659e-05
3.92411e-05
3.84612e-05
3.75174e-05
3.62961e-05
3.47951e-05
3.31195e-05
3.14608e-05
3.01752e-05
3.06961e-05
3.25736e-05
3.50691e-05
3.6915e-05
3.7457e-05
3.73613e-05
3.65755e-05
3.3334e-05
2.89546e-05
2.37549e-05
1.81576e-05
1.17745e-05
4.13271e-06
4.69988e-08
4.44325e-07
1.73306e-05
3.61212e-05
4.5792e-05
4.96932e-05
5.05495e-05
5.01199e-05
4.93552e-05
4.84533e-05
4.73372e-05
4.65378e-05
4.54551e-05
4.44145e-05
4.3086e-05
4.20348e-05
4.13519e-05
4.09219e-05
4.06257e-05
4.04288e-05
4.028e-05
4.01744e-05
4.0144e-05
4.01964e-05
4.03543e-05
4.06109e-05
4.09568e-05
4.13718e-05
4.18337e-05
4.23233e-05
4.28224e-05
4.33181e-05
4.37997e-05
4.42534e-05
4.46792e-05
4.50702e-05
4.54123e-05
4.57349e-05
4.59859e-05
4.62332e-05
4.64431e-05
4.65839e-05
4.6682e-05
4.67302e-05
4.67274e-05
4.66732e-05
4.65668e-05
4.64085e-05
4.61991e-05
4.59401e-05
4.56335e-05
4.52818e-05
4.48875e-05
4.4452e-05
4.39753e-05
4.34547e-05
4.28836e-05
4.22518e-05
4.15464e-05
4.07563e-05
3.98801e-05
3.89352e-05
3.78974e-05
3.66107e-05
3.4978e-05
3.31605e-05
3.13152e-05
2.98005e-05
2.96677e-05
3.15024e-05
3.40597e-05
3.587e-05
3.62659e-05
3.60324e-05
3.43805e-05
3.06704e-05
2.56378e-05
1.97743e-05
1.30562e-05
5.00742e-06
6.16841e-08
5.25141e-07
1.90723e-05
3.88532e-05
4.86872e-05
5.23732e-05
5.28778e-05
5.20459e-05
5.07924e-05
4.93777e-05
4.84712e-05
4.70237e-05
4.58459e-05
4.43351e-05
4.30313e-05
4.20695e-05
4.14299e-05
4.09866e-05
4.06666e-05
4.0449e-05
4.03128e-05
4.02763e-05
4.03594e-05
4.05621e-05
4.08835e-05
4.13009e-05
4.17933e-05
4.23351e-05
4.2905e-05
4.34853e-05
4.40619e-05
4.46248e-05
4.51657e-05
4.56786e-05
4.61613e-05
4.66094e-05
4.70357e-05
4.74296e-05
4.77313e-05
4.79944e-05
4.82674e-05
4.84755e-05
4.86094e-05
4.86962e-05
4.87209e-05
4.86866e-05
4.85901e-05
4.84314e-05
4.82107e-05
4.79294e-05
4.75902e-05
4.71968e-05
4.67539e-05
4.62666e-05
4.57394e-05
4.51749e-05
4.45717e-05
4.39227e-05
4.3213e-05
4.242e-05
4.15176e-05
4.04865e-05
3.93346e-05
3.80582e-05
3.66254e-05
3.49731e-05
3.30322e-05
3.10874e-05
2.93194e-05
2.87979e-05
3.05305e-05
3.32054e-05
3.47448e-05
3.48686e-05
3.44819e-05
3.18222e-05
2.73225e-05
2.15509e-05
1.46216e-05
6.01261e-06
8.49057e-08
6.06133e-07
2.06816e-05
4.13131e-05
5.12908e-05
5.47522e-05
5.49074e-05
5.35831e-05
5.19338e-05
5.06882e-05
4.88701e-05
4.74373e-05
4.57292e-05
4.4167e-05
4.29166e-05
4.20193e-05
4.13977e-05
4.09507e-05
4.06428e-05
4.04655e-05
4.04161e-05
4.05105e-05
4.07486e-05
4.11159e-05
4.15924e-05
4.21485e-05
4.27596e-05
4.34019e-05
4.4058e-05
4.47141e-05
4.53604e-05
4.599e-05
4.65977e-05
4.71799e-05
4.77339e-05
4.8256e-05
4.87439e-05
4.92103e-05
4.96267e-05
4.99062e-05
5.02069e-05
5.05161e-05
5.06858e-05
5.08167e-05
5.08734e-05
5.0863e-05
5.07799e-05
5.06236e-05
5.03931e-05
5.0089e-05
4.97135e-05
4.92704e-05
4.87655e-05
4.82064e-05
4.76016e-05
4.69602e-05
4.62892e-05
4.55911e-05
4.48604e-05
4.40801e-05
4.32191e-05
4.22338e-05
4.10786e-05
3.97821e-05
3.82925e-05
3.64556e-05
3.46803e-05
3.27701e-05
3.07155e-05
2.87277e-05
2.80245e-05
2.97002e-05
3.23004e-05
3.36532e-05
3.32087e-05
3.22318e-05
2.84824e-05
2.3102e-05
1.62139e-05
7.04316e-06
1.14632e-07
6.85906e-07
2.21056e-05
4.34957e-05
5.36397e-05
5.68027e-05
5.64339e-05
5.48412e-05
5.31512e-05
5.10646e-05
4.92766e-05
4.73482e-05
4.55096e-05
4.3949e-05
4.2757e-05
4.19053e-05
4.13031e-05
4.08854e-05
4.06392e-05
4.05603e-05
4.06473e-05
4.08998e-05
4.12982e-05
4.18162e-05
4.24248e-05
4.30943e-05
4.38022e-05
4.45292e-05
4.52624e-05
4.59922e-05
4.67117e-05
4.74161e-05
4.81012e-05
4.8763e-05
4.93975e-05
5e-05
5.05654e-05
5.11019e-05
5.16027e-05
5.19549e-05
5.22834e-05
5.26629e-05
5.28893e-05
5.30612e-05
5.31545e-05
5.31715e-05
5.31074e-05
5.29599e-05
5.27268e-05
5.24074e-05
5.20022e-05
5.15138e-05
5.09472e-05
5.031e-05
4.96128e-05
4.88684e-05
4.80912e-05
4.72939e-05
4.64847e-05
4.56622e-05
4.48092e-05
4.38878e-05
4.28372e-05
4.15805e-05
4.01652e-05
3.84831e-05
3.62254e-05
3.42478e-05
3.23531e-05
3.01756e-05
2.8001e-05
2.73647e-05
2.89811e-05
3.11947e-05
3.21317e-05
3.1356e-05
2.90062e-05
2.42387e-05
1.7624e-05
7.96773e-06
1.48994e-07
7.62549e-07
2.33787e-05
4.54079e-05
5.5568e-05
5.83534e-05
5.78233e-05
5.62566e-05
5.39737e-05
5.14653e-05
4.92756e-05
4.71376e-05
4.5235e-05
4.3705e-05
4.25686e-05
4.17592e-05
4.11993e-05
4.08529e-05
4.07136e-05
4.07715e-05
4.10148e-05
4.14243e-05
4.19684e-05
4.26149e-05
4.33335e-05
4.40985e-05
4.48915e-05
4.56982e-05
4.65093e-05
4.7318e-05
4.8119e-05
4.89074e-05
4.96783e-05
5.04264e-05
5.11458e-05
5.18304e-05
5.24741e-05
5.308e-05
5.36562e-05
5.40862e-05
5.44495e-05
5.48733e-05
5.51651e-05
5.53735e-05
5.55042e-05
5.55512e-05
5.5511e-05
5.53801e-05
5.51551e-05
5.48334e-05
5.44136e-05
5.38957e-05
5.32824e-05
5.25791e-05
5.17954e-05
5.09448e-05
5.00447e-05
4.91154e-05
4.81768e-05
4.72443e-05
4.63223e-05
4.53954e-05
4.44205e-05
4.3319e-05
4.1978e-05
4.0461e-05
3.83681e-05
3.58897e-05
3.36892e-05
3.17682e-05
2.93932e-05
2.70001e-05
2.68004e-05
2.85048e-05
2.99904e-05
3.01366e-05
2.90307e-05
2.49371e-05
1.87173e-05
8.71323e-06
1.86368e-07
8.33247e-07
2.44647e-05
4.69444e-05
5.70562e-05
5.95957e-05
5.92511e-05
5.70958e-05
5.42778e-05
5.16963e-05
4.91369e-05
4.68571e-05
4.49366e-05
4.34522e-05
4.23714e-05
4.16166e-05
4.11312e-05
4.08937e-05
4.08906e-05
4.11002e-05
4.14972e-05
4.2049e-05
4.27188e-05
4.34743e-05
4.42881e-05
4.51397e-05
4.60148e-05
4.69032e-05
4.7798e-05
4.86931e-05
4.95828e-05
5.04611e-05
5.13213e-05
5.21562e-05
5.29584e-05
5.37206e-05
5.4436e-05
5.51046e-05
5.57467e-05
5.62423e-05
5.66346e-05
5.70941e-05
5.74423e-05
5.76829e-05
5.78475e-05
5.79243e-05
5.79111e-05
5.78034e-05
5.7597e-05
5.72877e-05
5.68718e-05
5.63466e-05
5.57113e-05
5.49678e-05
5.41219e-05
5.31843e-05
5.21716e-05
5.11061e-05
5.00145e-05
4.89251e-05
4.78616e-05
4.68352e-05
4.58339e-05
4.48109e-05
4.36735e-05
4.22763e-05
4.05242e-05
3.80302e-05
3.53787e-05
3.30154e-05
3.09852e-05
2.8278e-05
2.57873e-05
2.61213e-05
2.79897e-05
2.90429e-05
2.795e-05
2.51494e-05
1.94482e-05
9.27668e-06
2.25517e-07
8.95439e-07
2.53357e-05
4.81031e-05
5.8176e-05
6.0826e-05
6.02801e-05
5.78001e-05
5.46752e-05
5.16659e-05
4.89079e-05
4.65422e-05
4.46348e-05
4.32051e-05
4.21871e-05
4.15083e-05
4.1128e-05
4.10237e-05
4.11682e-05
4.15271e-05
4.20641e-05
4.27401e-05
4.35186e-05
4.43701e-05
4.52718e-05
4.62079e-05
4.71677e-05
4.81432e-05
4.91276e-05
5.01144e-05
5.1096e-05
5.20644e-05
5.30109e-05
5.39266e-05
5.4803e-05
5.56323e-05
5.64078e-05
5.71239e-05
5.78178e-05
5.83682e-05
5.87774e-05
5.92602e-05
5.96524e-05
5.99182e-05
6.01103e-05
6.02137e-05
6.02274e-05
6.01467e-05
5.99668e-05
5.96825e-05
5.92882e-05
5.87785e-05
5.81491e-05
5.73973e-05
5.6524e-05
5.55347e-05
5.44412e-05
5.32632e-05
5.20283e-05
5.07707e-05
4.95277e-05
4.83319e-05
4.72009e-05
4.61238e-05
4.50467e-05
4.38586e-05
4.23814e-05
4.03074e-05
3.74907e-05
3.46915e-05
3.22302e-05
2.99725e-05
2.69612e-05
2.48434e-05
2.54545e-05
2.66833e-05
2.68977e-05
2.50602e-05
1.98282e-05
9.62382e-06
2.66436e-07
9.47707e-07
2.59969e-05
4.89328e-05
5.9055e-05
6.17441e-05
6.1016e-05
5.81039e-05
5.47989e-05
5.15329e-05
4.86259e-05
4.62169e-05
4.43435e-05
4.29769e-05
4.20349e-05
4.14549e-05
4.12011e-05
4.124e-05
4.15297e-05
4.20262e-05
4.26871e-05
4.34721e-05
4.43476e-05
4.52884e-05
4.62763e-05
4.7299e-05
4.83477e-05
4.94147e-05
5.04921e-05
5.15712e-05
5.26423e-05
5.3695e-05
5.47189e-05
5.57039e-05
5.66409e-05
5.75223e-05
5.83413e-05
5.90928e-05
5.98183e-05
6.04156e-05
6.08254e-05
6.1315e-05
6.1739e-05
6.2021e-05
6.22316e-05
6.23559e-05
6.23932e-05
6.23394e-05
6.219e-05
6.19391e-05
6.15799e-05
6.11049e-05
6.05066e-05
5.97781e-05
5.89147e-05
5.79153e-05
5.67849e-05
5.55364e-05
5.41931e-05
5.27886e-05
5.13664e-05
4.99741e-05
4.86543e-05
4.74309e-05
4.62917e-05
4.51693e-05
4.39207e-05
4.22496e-05
3.96768e-05
3.67162e-05
3.3864e-05
3.12804e-05
2.86129e-05
2.52668e-05
2.41211e-05
2.50752e-05
2.57806e-05
2.43526e-05
1.98592e-05
9.77664e-06
3.08581e-07
9.89291e-07
2.64516e-05
4.94868e-05
5.96527e-05
6.24299e-05
6.15526e-05
5.84931e-05
5.48186e-05
5.1332e-05
4.83178e-05
4.58971e-05
4.40727e-05
4.27789e-05
4.19283e-05
4.14651e-05
4.13479e-05
4.15284e-05
4.19535e-05
4.25735e-05
4.33443e-05
4.42275e-05
4.51935e-05
4.62215e-05
4.72968e-05
4.84092e-05
4.95499e-05
5.07099e-05
5.18791e-05
5.30462e-05
5.41991e-05
5.53255e-05
5.64137e-05
5.74534e-05
5.84354e-05
5.93525e-05
6.01988e-05
6.09699e-05
6.17065e-05
6.23451e-05
6.27424e-05
6.32185e-05
6.36629e-05
6.3951e-05
6.41702e-05
6.43072e-05
6.4362e-05
6.43318e-05
6.42123e-05
6.39981e-05
6.36818e-05
6.32547e-05
6.27069e-05
6.20279e-05
6.12078e-05
6.02389e-05
5.91182e-05
5.78496e-05
5.64476e-05
5.49396e-05
5.33672e-05
5.17842e-05
5.02503e-05
4.88188e-05
4.75191e-05
4.63375e-05
4.51987e-05
4.39485e-05
4.18112e-05
3.87788e-05
3.58342e-05
3.2827e-05
3.0078e-05
2.67834e-05
2.35424e-05
2.3238e-05
2.35929e-05
2.33497e-05
1.97427e-05
9.92171e-06
3.55148e-07
1.02005e-06
2.67155e-05
4.9799e-05
5.99939e-05
6.29419e-05
6.18073e-05
5.86242e-05
5.47448e-05
5.10882e-05
4.80024e-05
4.55936e-05
4.38297e-05
4.26189e-05
4.18734e-05
4.15374e-05
4.15575e-05
4.18715e-05
4.24197e-05
4.31505e-05
4.40207e-05
4.49952e-05
4.60487e-05
4.7164e-05
4.83285e-05
4.95323e-05
5.07652e-05
5.20158e-05
5.32713e-05
5.45177e-05
5.57411e-05
5.69279e-05
5.8066e-05
5.9145e-05
6.01567e-05
6.10947e-05
6.19547e-05
6.27338e-05
6.34552e-05
6.41106e-05
6.45168e-05
6.49497e-05
6.54036e-05
6.56878e-05
6.59052e-05
6.60456e-05
6.61099e-05
6.60966e-05
6.60028e-05
6.58236e-05
6.55522e-05
6.51793e-05
6.46938e-05
6.40825e-05
6.33315e-05
6.24273e-05
6.13586e-05
6.01199e-05
5.87146e-05
5.71593e-05
5.54871e-05
5.37495e-05
5.20133e-05
5.03509e-05
4.88236e-05
4.74574e-05
4.62171e-05
4.49831e-05
4.35289e-05
4.09149e-05
3.77369e-05
3.46878e-05
3.1442e-05
2.84508e-05
2.44949e-05
2.24839e-05
2.25149e-05
2.26208e-05
1.96229e-05
1.02862e-05
4.15248e-07
1.04048e-06
2.68137e-05
4.98569e-05
6.00486e-05
6.31148e-05
6.20884e-05
5.86635e-05
5.46067e-05
5.08214e-05
4.76928e-05
4.53132e-05
4.36192e-05
4.2501e-05
4.18702e-05
4.16643e-05
4.18158e-05
4.22527e-05
4.29123e-05
4.37436e-05
4.47058e-05
4.57676e-05
4.69076e-05
4.81106e-05
4.93649e-05
5.06592e-05
5.1981e-05
5.33161e-05
5.46489e-05
5.59634e-05
5.72443e-05
5.84775e-05
5.96511e-05
6.07555e-05
6.17834e-05
6.27296e-05
6.35912e-05
6.43669e-05
6.50574e-05
6.57092e-05
6.61333e-05
6.65047e-05
6.69571e-05
6.72286e-05
6.74342e-05
6.75683e-05
6.76327e-05
6.76278e-05
6.75521e-05
6.74022e-05
6.71721e-05
6.68533e-05
6.64342e-05
6.59003e-05
6.52349e-05
6.44198e-05
6.34371e-05
6.22716e-05
6.09154e-05
5.93715e-05
5.76603e-05
5.58232e-05
5.3925e-05
5.2049e-05
5.02841e-05
4.87021e-05
4.73296e-05
4.61194e-05
4.49271e-05
4.28352e-05
3.96622e-05
3.65785e-05
3.32255e-05
2.96954e-05
2.60662e-05
2.22159e-05
2.12298e-05
2.10356e-05
1.93038e-05
1.09274e-05
4.96248e-07
1.05061e-06
2.67424e-05
4.96552e-05
5.99788e-05
6.32526e-05
6.21286e-05
5.86102e-05
5.44243e-05
5.05463e-05
4.73982e-05
4.50604e-05
4.34439e-05
4.24257e-05
4.1914e-05
4.18354e-05
4.21094e-05
4.26583e-05
4.34192e-05
4.43431e-05
4.53922e-05
4.65389e-05
4.77645e-05
4.90548e-05
5.03973e-05
5.17784e-05
5.31828e-05
5.45934e-05
5.59926e-05
5.73628e-05
5.86882e-05
5.99548e-05
6.11514e-05
6.22692e-05
6.3302e-05
6.42456e-05
6.50978e-05
6.58577e-05
6.6525e-05
6.71515e-05
6.75933e-05
6.78951e-05
6.83325e-05
6.85844e-05
6.87693e-05
6.88875e-05
6.89424e-05
6.8936e-05
6.88688e-05
6.87391e-05
6.85427e-05
6.82723e-05
6.79168e-05
6.74619e-05
6.68893e-05
6.61776e-05
6.53037e-05
6.42447e-05
6.29813e-05
6.15031e-05
5.98143e-05
5.79409e-05
5.59361e-05
5.3881e-05
5.18769e-05
5.00246e-05
4.83941e-05
4.69881e-05
4.57142e-05
4.43648e-05
4.16249e-05
3.82689e-05
3.5019e-05
3.14497e-05
2.75945e-05
2.31497e-05
2.08381e-05
1.96263e-05
1.88219e-05
1.16053e-05
5.97577e-07
1.04996e-06
2.65708e-05
4.94013e-05
5.9758e-05
6.32527e-05
6.20651e-05
5.84865e-05
5.42134e-05
5.0274e-05
4.71244e-05
4.48375e-05
4.33041e-05
4.23904e-05
4.19977e-05
4.20399e-05
4.24266e-05
4.30776e-05
4.39316e-05
4.49419e-05
4.6074e-05
4.73036e-05
4.86131e-05
4.99884e-05
5.14149e-05
5.28765e-05
5.4355e-05
5.58309e-05
5.7285e-05
5.86991e-05
6.00572e-05
6.13463e-05
6.25557e-05
6.3678e-05
6.47078e-05
6.56419e-05
6.6479e-05
6.7219e-05
6.78631e-05
6.84471e-05
6.88955e-05
6.91549e-05
6.95448e-05
6.97757e-05
6.99323e-05
7.00259e-05
7.00617e-05
7.00436e-05
6.99742e-05
6.98538e-05
6.96804e-05
6.94485e-05
6.91486e-05
6.87673e-05
6.82862e-05
6.76824e-05
6.69294e-05
6.59983e-05
6.48604e-05
6.34925e-05
6.18823e-05
6.00374e-05
5.79936e-05
5.58212e-05
5.36243e-05
5.15271e-05
4.96445e-05
4.80416e-05
4.66936e-05
4.54663e-05
4.3363e-05
3.99931e-05
3.69028e-05
3.29976e-05
2.89431e-05
2.46302e-05
2.07143e-05
1.91166e-05
1.84134e-05
1.22313e-05
7.15015e-07
1.04433e-06
2.63027e-05
4.89738e-05
5.93432e-05
6.30382e-05
6.18977e-05
5.8307e-05
5.39863e-05
5.00125e-05
4.68754e-05
4.46458e-05
4.31988e-05
4.23909e-05
4.21135e-05
4.22683e-05
4.27581e-05
4.35025e-05
4.44424e-05
4.55341e-05
4.67458e-05
4.80555e-05
4.9446e-05
5.09019e-05
5.24064e-05
5.39404e-05
5.54833e-05
5.70139e-05
5.8512e-05
5.99594e-05
6.13409e-05
6.26439e-05
6.38592e-05
6.49802e-05
6.60025e-05
6.69238e-05
6.77435e-05
6.84626e-05
6.90838e-05
6.96127e-05
7.00522e-05
7.03076e-05
7.06179e-05
7.08276e-05
7.09501e-05
7.10118e-05
7.10198e-05
7.09801e-05
7.08974e-05
7.07745e-05
7.06116e-05
7.04057e-05
7.01495e-05
6.98312e-05
6.94337e-05
6.89341e-05
6.83042e-05
6.75111e-05
6.65191e-05
6.52938e-05
6.38078e-05
6.2049e-05
6.00314e-05
5.78055e-05
5.54645e-05
5.3139e-05
5.09734e-05
4.90822e-05
4.74973e-05
4.61234e-05
4.47209e-05
4.17897e-05
3.8348e-05
3.4904e-05
3.05811e-05
2.60432e-05
2.0925e-05
1.86267e-05
1.73909e-05
1.28711e-05
8.3561e-07
1.0319e-06
2.5979e-05
4.82904e-05
5.88077e-05
6.26925e-05
6.16422e-05
5.8084e-05
5.37523e-05
4.97677e-05
4.66538e-05
4.44851e-05
4.31258e-05
4.2422e-05
4.2254e-05
4.25126e-05
4.30965e-05
4.39266e-05
4.49462e-05
4.61144e-05
4.7402e-05
4.8788e-05
5.0255e-05
5.17855e-05
5.33602e-05
5.49576e-05
5.6555e-05
5.81303e-05
5.9663e-05
6.11354e-05
6.25329e-05
6.38443e-05
6.50613e-05
6.61781e-05
6.71912e-05
6.80988e-05
6.89004e-05
6.9597e-05
7.01905e-05
7.06833e-05
7.11028e-05
7.13563e-05
7.15829e-05
7.17665e-05
7.18509e-05
7.18745e-05
7.18473e-05
7.1777e-05
7.16706e-05
7.15333e-05
7.1368e-05
7.11741e-05
7.09474e-05
7.06784e-05
7.03519e-05
6.99464e-05
6.94336e-05
6.87787e-05
6.79414e-05
6.68788e-05
6.55503e-05
6.39254e-05
6.19951e-05
5.97856e-05
5.73703e-05
5.48749e-05
5.24629e-05
5.02984e-05
4.84872e-05
4.70187e-05
4.5731e-05
4.32988e-05
3.97805e-05
3.67986e-05
3.19764e-05
2.7327e-05
2.22189e-05
1.85132e-05
1.62758e-05
1.33531e-05
9.3168e-07
1.01259e-06
2.55597e-05
4.75365e-05
5.81819e-05
6.22277e-05
6.13115e-05
5.78275e-05
5.35187e-05
4.95435e-05
4.6461e-05
4.43548e-05
4.30821e-05
4.24786e-05
4.24126e-05
4.2766e-05
4.34357e-05
4.43443e-05
4.54378e-05
4.66776e-05
4.80366e-05
4.94941e-05
5.10315e-05
5.26294e-05
5.42658e-05
5.59173e-05
5.756e-05
5.91712e-05
6.07307e-05
6.22217e-05
6.36306e-05
6.49472e-05
6.61642e-05
6.72765e-05
6.82811e-05
6.91763e-05
6.99617e-05
7.06381e-05
7.12069e-05
7.16706e-05
7.20647e-05
7.23139e-05
7.24652e-05
7.26169e-05
7.26604e-05
7.26415e-05
7.25728e-05
7.24642e-05
7.23248e-05
7.21621e-05
7.19817e-05
7.17862e-05
7.15739e-05
7.13385e-05
7.10676e-05
7.07419e-05
7.03344e-05
6.98102e-05
6.91266e-05
6.8235e-05
6.70845e-05
6.56284e-05
6.38356e-05
6.17047e-05
5.92818e-05
5.66729e-05
5.40425e-05
5.15843e-05
4.94615e-05
4.77327e-05
4.62996e-05
4.4562e-05
4.1116e-05
3.82289e-05
3.39289e-05
2.88044e-05
2.35492e-05
1.89393e-05
1.56515e-05
1.35423e-05
9.75389e-07
9.87444e-07
2.50364e-05
4.66701e-05
5.74606e-05
6.16666e-05
6.09179e-05
5.75459e-05
5.32907e-05
4.93428e-05
4.62976e-05
4.42536e-05
4.30645e-05
4.25556e-05
4.25835e-05
4.30231e-05
4.37706e-05
4.47511e-05
4.59125e-05
4.72187e-05
4.86437e-05
5.01666e-05
5.17674e-05
5.34244e-05
5.51138e-05
5.68106e-05
5.84902e-05
6.01299e-05
6.17104e-05
6.32156e-05
6.46332e-05
6.5954e-05
6.71713e-05
6.82808e-05
6.92795e-05
7.01658e-05
7.09391e-05
7.16001e-05
7.21505e-05
7.25934e-05
7.29544e-05
7.31743e-05
7.32899e-05
7.33994e-05
7.33998e-05
7.33353e-05
7.32206e-05
7.30676e-05
7.28872e-05
7.26895e-05
7.24828e-05
7.22724e-05
7.20601e-05
7.18426e-05
7.16107e-05
7.13481e-05
7.10304e-05
7.06239e-05
7.00856e-05
6.93637e-05
6.84e-05
6.71351e-05
6.5518e-05
6.35207e-05
6.11578e-05
5.85074e-05
5.57217e-05
5.30118e-05
5.05953e-05
4.86097e-05
4.70285e-05
4.56236e-05
4.26403e-05
3.94816e-05
3.58673e-05
3.00279e-05
2.46018e-05
1.89131e-05
1.57756e-05
1.35291e-05
9.82746e-07
9.57904e-07
2.44789e-05
4.57169e-05
5.66504e-05
6.10253e-05
6.04724e-05
5.72458e-05
5.30721e-05
4.91674e-05
4.61637e-05
4.41799e-05
4.30697e-05
4.26484e-05
4.27617e-05
4.3279e-05
4.4097e-05
4.51424e-05
4.63657e-05
4.77324e-05
4.92171e-05
5.07984e-05
5.24548e-05
5.41626e-05
5.58965e-05
5.76304e-05
5.93396e-05
6.1002e-05
6.25991e-05
6.4116e-05
6.55413e-05
6.68667e-05
6.80862e-05
6.91957e-05
7.01923e-05
7.10742e-05
7.18405e-05
7.24915e-05
7.30287e-05
7.34553e-05
7.37773e-05
7.39694e-05
7.40598e-05
7.41268e-05
7.40838e-05
7.39722e-05
7.38086e-05
7.36066e-05
7.33792e-05
7.31388e-05
7.28962e-05
7.26596e-05
7.2434e-05
7.22195e-05
7.20104e-05
7.1794e-05
7.15487e-05
7.12436e-05
7.08369e-05
7.02759e-05
6.94982e-05
6.8435e-05
6.70191e-05
6.51975e-05
6.29526e-05
6.0327e-05
5.7446e-05
5.45192e-05
5.1801e-05
4.95039e-05
4.76942e-05
4.62351e-05
4.38409e-05
4.0415e-05
3.7501e-05
3.16525e-05
2.58608e-05
1.96311e-05
1.55322e-05
1.32779e-05
9.6296e-07
9.25147e-07
2.39034e-05
4.46967e-05
5.57624e-05
6.03168e-05
5.99838e-05
5.69324e-05
5.28657e-05
4.90183e-05
4.6059e-05
4.41317e-05
4.30944e-05
4.27529e-05
4.29428e-05
4.35298e-05
4.44106e-05
4.55143e-05
4.6793e-05
4.82136e-05
4.97511e-05
5.13833e-05
5.3087e-05
5.48373e-05
5.66075e-05
5.83712e-05
6.0104e-05
6.17845e-05
6.33952e-05
6.49223e-05
6.63554e-05
6.76869e-05
6.89113e-05
7.00244e-05
7.10231e-05
7.19053e-05
7.26693e-05
7.33147e-05
7.38419e-05
7.42526e-05
7.45496e-05
7.47121e-05
7.47789e-05
7.48057e-05
7.47202e-05
7.45615e-05
7.43478e-05
7.40942e-05
7.38158e-05
7.35269e-05
7.32409e-05
7.29689e-05
7.27188e-05
7.24943e-05
7.22932e-05
7.21064e-05
7.19163e-05
7.1695e-05
7.14033e-05
7.09895e-05
7.03897e-05
6.9529e-05
6.83278e-05
6.67122e-05
6.46337e-05
6.20968e-05
5.91901e-05
5.61052e-05
5.31163e-05
5.04998e-05
4.84065e-05
4.67473e-05
4.48741e-05
4.13247e-05
3.88252e-05
3.3537e-05
2.70065e-05
2.07107e-05
1.54455e-05
1.31259e-05
9.30024e-07
8.9025e-07
2.33055e-05
4.36217e-05
5.48071e-05
5.95518e-05
5.946e-05
5.66099e-05
5.26733e-05
4.88956e-05
4.59828e-05
4.41076e-05
4.31356e-05
4.28652e-05
4.31231e-05
4.37715e-05
4.47079e-05
4.58628e-05
4.71901e-05
4.86576e-05
5.02404e-05
5.19154e-05
5.36583e-05
5.54429e-05
5.7242e-05
5.90291e-05
6.07804e-05
6.24754e-05
6.40976e-05
6.56343e-05
6.70759e-05
6.84154e-05
6.96473e-05
7.07675e-05
7.17724e-05
7.26591e-05
7.34252e-05
7.40692e-05
7.45902e-05
7.4989e-05
7.52676e-05
7.54028e-05
7.54463e-05
7.54364e-05
7.53107e-05
7.51062e-05
7.48425e-05
7.45366e-05
7.42049e-05
7.38641e-05
7.35297e-05
7.32153e-05
7.2932e-05
7.26867e-05
7.24808e-05
7.23092e-05
7.2158e-05
7.20032e-05
7.1809e-05
7.15261e-05
7.1091e-05
7.0426e-05
6.94431e-05
6.80518e-05
6.61761e-05
6.37823e-05
6.09158e-05
5.77348e-05
5.45137e-05
5.15821e-05
4.91935e-05
4.73752e-05
4.58369e-05
4.24837e-05
3.97953e-05
3.53641e-05
2.81409e-05
2.17806e-05
1.55784e-05
1.29736e-05
8.90295e-07
8.53302e-07
2.2703e-05
4.25047e-05
5.37952e-05
5.87391e-05
5.89067e-05
5.62815e-05
5.24957e-05
4.87993e-05
4.59338e-05
4.41053e-05
4.31902e-05
4.29819e-05
4.3299e-05
4.40007e-05
4.49852e-05
4.61843e-05
4.7553e-05
4.906e-05
5.06803e-05
5.239e-05
5.41639e-05
5.59752e-05
5.77962e-05
5.96011e-05
6.13664e-05
6.30729e-05
6.47051e-05
6.62511e-05
6.7702e-05
6.90512e-05
7.02931e-05
7.14234e-05
7.24378e-05
7.33327e-05
7.41045e-05
7.47507e-05
7.52694e-05
7.56606e-05
7.59258e-05
7.6037e-05
7.6054e-05
7.6015e-05
7.58512e-05
7.56032e-05
7.52913e-05
7.49339e-05
7.4549e-05
7.41549e-05
7.37692e-05
7.34081e-05
7.30854e-05
7.28111e-05
7.25903e-05
7.24215e-05
7.2295e-05
7.21908e-05
7.20771e-05
7.19079e-05
7.16217e-05
7.11406e-05
7.03717e-05
6.92123e-05
6.7564e-05
6.53573e-05
6.25918e-05
5.93808e-05
5.59784e-05
5.27426e-05
5.00098e-05
4.79207e-05
4.6311e-05
4.35771e-05
4.05353e-05
3.69532e-05
2.9455e-05
2.26995e-05
1.58786e-05
1.28853e-05
8.49266e-07
8.16549e-07
2.20818e-05
4.13503e-05
5.2734e-05
5.78857e-05
5.83291e-05
5.59494e-05
5.23328e-05
4.8729e-05
4.5912e-05
4.41236e-05
4.32563e-05
4.31003e-05
4.34675e-05
4.42143e-05
4.52394e-05
4.64753e-05
4.78781e-05
4.9417e-05
5.10667e-05
5.28031e-05
5.46002e-05
5.64308e-05
5.82676e-05
6.00849e-05
6.18605e-05
6.35759e-05
6.52166e-05
6.67715e-05
6.82322e-05
6.95922e-05
7.08459e-05
7.19884e-05
7.30147e-05
7.39202e-05
7.47004e-05
7.53516e-05
7.58712e-05
7.62583e-05
7.65147e-05
7.66066e-05
7.65909e-05
7.65323e-05
7.63334e-05
7.60451e-05
7.56882e-05
7.52817e-05
7.48453e-05
7.43987e-05
7.39613e-05
7.35516e-05
7.31858e-05
7.2877e-05
7.26337e-05
7.24581e-05
7.23445e-05
7.22772e-05
7.22284e-05
7.21563e-05
7.20024e-05
7.16903e-05
7.11255e-05
7.01976e-05
6.87904e-05
6.68038e-05
6.41916e-05
6.10156e-05
5.74929e-05
5.39915e-05
5.09209e-05
4.85289e-05
4.67391e-05
4.44972e-05
4.11882e-05
3.8172e-05
3.11052e-05
2.36782e-05
1.63379e-05
1.28003e-05
8.08051e-07
7.76876e-07
2.14975e-05
4.01793e-05
5.16336e-05
5.6998e-05
5.77306e-05
5.56145e-05
5.21842e-05
4.86834e-05
4.59148e-05
4.41593e-05
4.333e-05
4.32169e-05
4.36255e-05
4.44095e-05
4.54675e-05
4.6733e-05
4.81624e-05
4.97253e-05
5.13966e-05
5.31517e-05
5.49645e-05
5.68075e-05
5.86541e-05
6.04791e-05
6.22613e-05
6.3983e-05
6.56306e-05
6.71937e-05
6.86641e-05
7.00352e-05
7.13014e-05
7.24569e-05
7.34963e-05
7.44137e-05
7.52037e-05
7.58615e-05
7.63836e-05
7.67682e-05
7.70162e-05
7.71002e-05
7.7058e-05
7.69743e-05
7.67455e-05
7.64216e-05
7.60238e-05
7.55724e-05
7.50879e-05
7.45914e-05
7.4104e-05
7.36459e-05
7.32359e-05
7.28896e-05
7.26188e-05
7.24294e-05
7.23195e-05
7.22778e-05
7.22807e-05
7.22905e-05
7.22527e-05
7.20939e-05
7.172e-05
7.10165e-05
6.98553e-05
6.81104e-05
6.56939e-05
6.26119e-05
5.90302e-05
5.53031e-05
5.18964e-05
4.91704e-05
4.71182e-05
4.5218e-05
4.1812e-05
3.92336e-05
3.28005e-05
2.45305e-05
1.69563e-05
1.27196e-05
7.6885e-07
7.45874e-07
2.08235e-05
3.89808e-05
5.04979e-05
5.60802e-05
5.71137e-05
5.52772e-05
5.20499e-05
4.86632e-05
4.59448e-05
4.4215e-05
4.3413e-05
4.33312e-05
4.37711e-05
4.45839e-05
4.56672e-05
4.69547e-05
4.84032e-05
4.99825e-05
5.16675e-05
5.34336e-05
5.52547e-05
5.71038e-05
5.89544e-05
6.07826e-05
6.25677e-05
6.42931e-05
6.59456e-05
6.75153e-05
6.89944e-05
7.0376e-05
7.16542e-05
7.28225e-05
7.38747e-05
7.4804e-05
7.5604e-05
7.62689e-05
7.67943e-05
7.71773e-05
7.74178e-05
7.75041e-05
7.74391e-05
7.73298e-05
7.70752e-05
7.67207e-05
7.62874e-05
7.57963e-05
7.52686e-05
7.47266e-05
7.41926e-05
7.36887e-05
7.32354e-05
7.2851e-05
7.25502e-05
7.23423e-05
7.22296e-05
7.22045e-05
7.22482e-05
7.2327e-05
7.23908e-05
7.23697e-05
7.21718e-05
7.16818e-05
7.07638e-05
6.92727e-05
6.70839e-05
6.41486e-05
6.05713e-05
5.66718e-05
5.29513e-05
4.98956e-05
4.76652e-05
4.58441e-05
4.25194e-05
3.99942e-05
3.4385e-05
2.54665e-05
1.76675e-05
1.26218e-05
7.33531e-07
7.18638e-07
2.00945e-05
3.77514e-05
4.93297e-05
5.5135e-05
5.64797e-05
5.49371e-05
5.19281e-05
4.86641e-05
4.59921e-05
4.42794e-05
4.3495e-05
4.34372e-05
4.39012e-05
4.4735e-05
4.58361e-05
4.71383e-05
4.85984e-05
5.01865e-05
5.18777e-05
5.36474e-05
5.54699e-05
5.73187e-05
5.91681e-05
6.09948e-05
6.27791e-05
6.45049e-05
6.61598e-05
6.7734e-05
6.92198e-05
7.06102e-05
7.18986e-05
7.30782e-05
7.41417e-05
7.50817e-05
7.58908e-05
7.65623e-05
7.70911e-05
7.74738e-05
7.77094e-05
7.77996e-05
7.7719e-05
7.75861e-05
7.73099e-05
7.69304e-05
7.64677e-05
7.59431e-05
7.53785e-05
7.47968e-05
7.42214e-05
7.36757e-05
7.31821e-05
7.2761e-05
7.24298e-05
7.22013e-05
7.20812e-05
7.20665e-05
7.21423e-05
7.22795e-05
7.24322e-05
7.25344e-05
7.24976e-05
7.22079e-05
7.15254e-05
7.02917e-05
6.83521e-05
6.56066e-05
6.20927e-05
5.8075e-05
5.40584e-05
5.0625e-05
4.81072e-05
4.63082e-05
4.32093e-05
4.06196e-05
3.56254e-05
2.66346e-05
1.83737e-05
1.25159e-05
7.03328e-07
6.92765e-07
1.93134e-05
3.64861e-05
4.81275e-05
5.41648e-05
5.58293e-05
5.45937e-05
5.18184e-05
4.86907e-05
4.60777e-05
4.43772e-05
4.3596e-05
4.35421e-05
4.40159e-05
4.48617e-05
4.59731e-05
4.72825e-05
4.8747e-05
5.03365e-05
5.20264e-05
5.37925e-05
5.56096e-05
5.7452e-05
5.92947e-05
6.11154e-05
6.28948e-05
6.46176e-05
6.62716e-05
6.78474e-05
6.9337e-05
7.07333e-05
7.20292e-05
7.32172e-05
7.42895e-05
7.52378e-05
7.60541e-05
7.67312e-05
7.72632e-05
7.76467e-05
7.7881e-05
7.79696e-05
7.78837e-05
7.77308e-05
7.74383e-05
7.70396e-05
7.65543e-05
7.60033e-05
7.54089e-05
7.47943e-05
7.41838e-05
7.36021e-05
7.30729e-05
7.26182e-05
7.22582e-05
7.20086e-05
7.18789e-05
7.18701e-05
7.19717e-05
7.2159e-05
7.23901e-05
7.26032e-05
7.27136e-05
7.26099e-05
7.21518e-05
7.11726e-05
6.94947e-05
6.69729e-05
6.35774e-05
5.95042e-05
5.52372e-05
5.14303e-05
4.85615e-05
4.65784e-05
4.39505e-05
4.10389e-05
3.66558e-05
2.79863e-05
1.88897e-05
1.23968e-05
6.79117e-07
6.67598e-07
1.85282e-05
3.51901e-05
4.68687e-05
5.31633e-05
5.5162e-05
5.42447e-05
5.17177e-05
4.87314e-05
4.61467e-05
4.44456e-05
4.3665e-05
4.36292e-05
4.41125e-05
4.4962e-05
4.60756e-05
4.73853e-05
4.88471e-05
5.0431e-05
5.21125e-05
5.38683e-05
5.56738e-05
5.7504e-05
5.93348e-05
6.11445e-05
6.29148e-05
6.46306e-05
6.628e-05
6.78536e-05
6.93433e-05
7.07417e-05
7.20412e-05
7.32338e-05
7.43112e-05
7.52646e-05
7.60854e-05
7.6766e-05
7.73005e-05
7.76851e-05
7.79192e-05
7.80061e-05
7.79224e-05
7.77536e-05
7.74504e-05
7.7039e-05
7.6538e-05
7.59682e-05
7.53519e-05
7.47122e-05
7.4074e-05
7.34632e-05
7.29045e-05
7.2421e-05
7.2035e-05
7.17658e-05
7.1626e-05
7.16205e-05
7.17435e-05
7.19743e-05
7.22754e-05
7.2589e-05
7.2834e-05
7.29026e-05
7.26561e-05
7.19238e-05
7.05119e-05
6.82375e-05
6.50063e-05
6.09362e-05
5.64656e-05
5.22981e-05
4.90611e-05
4.68566e-05
4.46372e-05
4.14164e-05
3.75648e-05
2.94381e-05
1.95429e-05
1.22869e-05
6.61544e-07
6.4278e-07
1.77392e-05
3.39242e-05
4.55798e-05
5.21135e-05
5.44946e-05
5.38917e-05
5.16231e-05
4.87948e-05
4.63366e-05
4.4635e-05
4.38221e-05
4.37188e-05
4.41883e-05
4.50365e-05
4.61463e-05
4.74488e-05
4.89008e-05
5.04723e-05
5.21388e-05
5.38775e-05
5.56646e-05
5.74762e-05
5.92894e-05
6.10832e-05
6.28395e-05
6.45439e-05
6.61843e-05
6.77513e-05
6.92365e-05
7.06322e-05
7.19304e-05
7.31228e-05
7.42006e-05
7.51549e-05
7.59768e-05
7.66588e-05
7.71945e-05
7.75803e-05
7.78151e-05
7.79015e-05
7.78269e-05
7.76459e-05
7.73391e-05
7.69216e-05
7.6412e-05
7.58314e-05
7.52016e-05
7.45452e-05
7.38869e-05
7.32547e-05
7.26739e-05
7.21675e-05
7.17599e-05
7.1474e-05
7.13248e-05
7.13216e-05
7.1463e-05
7.17327e-05
7.20974e-05
7.25028e-05
7.28718e-05
7.31e-05
7.30516e-05
7.25554e-05
7.14075e-05
6.93954e-05
6.63664e-05
6.23556e-05
5.77341e-05
5.32248e-05
4.95926e-05
4.70971e-05
4.51439e-05
4.17387e-05
3.82607e-05
3.0741e-05
2.02613e-05
1.22283e-05
6.51862e-07
6.18393e-07
1.69712e-05
3.25489e-05
4.42392e-05
5.10216e-05
5.38142e-05
5.35336e-05
5.15374e-05
4.88964e-05
4.64176e-05
4.47092e-05
4.38781e-05
4.38214e-05
4.42567e-05
4.50809e-05
4.61764e-05
4.74666e-05
4.89028e-05
5.04546e-05
5.20987e-05
5.38138e-05
5.55775e-05
5.73668e-05
5.91586e-05
6.09324e-05
6.26705e-05
6.43586e-05
6.59848e-05
6.75394e-05
6.90139e-05
7.04004e-05
7.16909e-05
7.28769e-05
7.39498e-05
7.49006e-05
7.57206e-05
7.6402e-05
7.69386e-05
7.73263e-05
7.75634e-05
7.76514e-05
7.759e-05
7.74032e-05
7.70997e-05
7.66836e-05
7.61718e-05
7.5588e-05
7.49538e-05
7.42895e-05
7.36184e-05
7.29731e-05
7.23794e-05
7.18567e-05
7.14323e-05
7.11343e-05
7.09778e-05
7.09768e-05
7.11351e-05
7.14402e-05
7.18636e-05
7.23542e-05
7.28382e-05
7.32149e-05
7.33515e-05
7.30788e-05
7.21881e-05
7.0445e-05
6.76466e-05
6.37462e-05
5.903e-05
5.42111e-05
5.01836e-05
4.74099e-05
4.54172e-05
4.21081e-05
3.89093e-05
3.18318e-05
2.10116e-05
1.21997e-05
6.47695e-07
5.9451e-07
1.62376e-05
3.11792e-05
4.28476e-05
4.98805e-05
5.31062e-05
5.31659e-05
5.14529e-05
4.89709e-05
4.65568e-05
4.48424e-05
4.39683e-05
4.38572e-05
4.43028e-05
4.51126e-05
4.61887e-05
4.74536e-05
4.88668e-05
5.03966e-05
5.20175e-05
5.37062e-05
5.54404e-05
5.71945e-05
5.89521e-05
6.06941e-05
6.24029e-05
6.40641e-05
6.56658e-05
6.71983e-05
6.86533e-05
7.00229e-05
7.12994e-05
7.24745e-05
7.35397e-05
7.44858e-05
7.53042e-05
7.59867e-05
7.65267e-05
7.69195e-05
7.7163e-05
7.72577e-05
7.72066e-05
7.70196e-05
7.67077e-05
7.62892e-05
7.57715e-05
7.51899e-05
7.45632e-05
7.391e-05
7.32531e-05
7.26155e-05
7.20205e-05
7.14889e-05
7.10518e-05
7.07484e-05
7.05875e-05
7.05894e-05
7.07646e-05
7.11024e-05
7.15808e-05
7.21512e-05
7.27431e-05
7.32586e-05
7.35682e-05
7.35057e-05
7.28618e-05
7.13876e-05
6.88394e-05
6.50929e-05
6.03372e-05
5.52418e-05
5.0803e-05
4.77093e-05
4.56857e-05
4.25335e-05
3.94733e-05
3.26433e-05
2.18225e-05
1.22084e-05
6.46953e-07
5.7155e-07
1.55549e-05
2.9803e-05
4.14416e-05
4.87079e-05
5.23678e-05
5.27789e-05
5.136e-05
4.90508e-05
4.67695e-05
4.5032e-05
4.41119e-05
4.39173e-05
4.4313e-05
4.50912e-05
4.61302e-05
4.73809e-05
4.87657e-05
5.02523e-05
5.18223e-05
5.34592e-05
5.51469e-05
5.6866e-05
5.85905e-05
6.03016e-05
6.19827e-05
6.362e-05
6.52017e-05
6.67183e-05
6.81609e-05
6.95212e-05
7.07909e-05
7.19611e-05
7.30224e-05
7.39655e-05
7.47812e-05
7.54614e-05
7.59996e-05
7.63913e-05
7.66352e-05
7.67328e-05
7.66886e-05
7.65105e-05
7.62133e-05
7.58138e-05
7.52895e-05
7.47013e-05
7.40599e-05
7.33977e-05
7.27442e-05
7.21136e-05
7.15351e-05
7.10279e-05
7.06171e-05
7.03193e-05
7.01569e-05
7.01626e-05
7.03561e-05
7.07244e-05
7.12554e-05
7.19011e-05
7.25949e-05
7.32414e-05
7.37129e-05
7.38475e-05
7.34379e-05
7.22272e-05
6.994e-05
6.63838e-05
6.16439e-05
5.63168e-05
5.14657e-05
4.79952e-05
4.587e-05
4.29253e-05
3.99385e-05
3.33928e-05
2.26382e-05
1.2241e-05
6.52986e-07
5.49362e-07
1.48911e-05
2.8425e-05
3.99414e-05
4.7468e-05
5.15771e-05
5.23784e-05
5.12619e-05
4.91866e-05
4.69717e-05
4.52241e-05
4.42422e-05
4.40023e-05
4.43279e-05
4.50689e-05
4.60825e-05
4.72663e-05
4.86049e-05
5.00623e-05
5.1609e-05
5.32218e-05
5.4881e-05
5.65664e-05
5.82582e-05
5.99385e-05
6.15917e-05
6.32045e-05
6.47649e-05
6.62627e-05
6.76884e-05
6.90331e-05
7.02876e-05
7.14428e-05
7.24892e-05
7.34174e-05
7.42186e-05
7.48851e-05
7.54107e-05
7.57916e-05
7.60265e-05
7.61166e-05
7.6066e-05
7.58829e-05
7.55992e-05
7.52429e-05
7.47513e-05
7.42033e-05
7.35959e-05
7.29498e-05
7.22849e-05
7.16255e-05
7.1005e-05
7.04751e-05
7.006e-05
6.97809e-05
6.96558e-05
6.96987e-05
6.99156e-05
7.03108e-05
7.08936e-05
7.16105e-05
7.24013e-05
7.31723e-05
7.37959e-05
7.41148e-05
7.39261e-05
7.29693e-05
7.09457e-05
6.76073e-05
6.29346e-05
5.74259e-05
5.21757e-05
4.82883e-05
4.59421e-05
4.32899e-05
4.03345e-05
3.40438e-05
2.34203e-05
1.23177e-05
6.63963e-07
5.27789e-07
1.42438e-05
2.7104e-05
3.84659e-05
4.62035e-05
5.07212e-05
5.19416e-05
5.11307e-05
4.9296e-05
4.71896e-05
4.54391e-05
4.43898e-05
4.40727e-05
4.4341e-05
4.50263e-05
4.60048e-05
4.71725e-05
4.84844e-05
4.99079e-05
5.1415e-05
5.29841e-05
5.45985e-05
5.62389e-05
5.78881e-05
5.95279e-05
6.11418e-05
6.27154e-05
6.42364e-05
6.56944e-05
6.70801e-05
6.83851e-05
6.96014e-05
7.0721e-05
7.17353e-05
7.26361e-05
7.34157e-05
7.40672e-05
7.45852e-05
7.4966e-05
7.5208e-05
7.53119e-05
7.52805e-05
7.5119e-05
7.48482e-05
7.45283e-05
7.40609e-05
7.35426e-05
7.29745e-05
7.23762e-05
7.17683e-05
7.11702e-05
7.05869e-05
7.00475e-05
6.95853e-05
6.92412e-05
6.90855e-05
6.91331e-05
6.93951e-05
6.98605e-05
7.05021e-05
7.12856e-05
7.2169e-05
7.30596e-05
7.38264e-05
7.43173e-05
7.43359e-05
7.36209e-05
7.18685e-05
6.87541e-05
6.41948e-05
5.8557e-05
5.29324e-05
4.86137e-05
4.60049e-05
4.36128e-05
4.06511e-05
3.46344e-05
2.41892e-05
1.24171e-05
6.80066e-07
5.06614e-07
1.36102e-05
2.58455e-05
3.70161e-05
4.48539e-05
4.98129e-05
5.14876e-05
5.10405e-05
4.94181e-05
4.74256e-05
4.56795e-05
4.45596e-05
4.41524e-05
4.43416e-05
4.49616e-05
4.58754e-05
4.70085e-05
4.82757e-05
4.9645e-05
5.10959e-05
5.26109e-05
5.41712e-05
5.57589e-05
5.73568e-05
5.89475e-05
6.05149e-05
6.20445e-05
6.3524e-05
6.49429e-05
6.6292e-05
6.75631e-05
6.87499e-05
6.98439e-05
7.08362e-05
7.1719e-05
7.24847e-05
7.31269e-05
7.36407e-05
7.40228e-05
7.4272e-05
7.4389e-05
7.43765e-05
7.4238e-05
7.39821e-05
7.37016e-05
7.32667e-05
7.27782e-05
7.22392e-05
7.16685e-05
7.10862e-05
7.05151e-05
6.99848e-05
6.95173e-05
6.91358e-05
6.88422e-05
6.86637e-05
6.86494e-05
6.88541e-05
6.93229e-05
7.00201e-05
7.09074e-05
7.19042e-05
7.2911e-05
7.38125e-05
7.44639e-05
7.46917e-05
7.42311e-05
7.27353e-05
6.98509e-05
6.54108e-05
5.96962e-05
5.37276e-05
4.8967e-05
4.60743e-05
4.38847e-05
4.08943e-05
3.51555e-05
2.49307e-05
1.24871e-05
7.01334e-07
4.8563e-07
1.29911e-05
2.46478e-05
3.5529e-05
4.35036e-05
4.87686e-05
5.09166e-05
5.08738e-05
4.95303e-05
4.76768e-05
4.59469e-05
4.47567e-05
4.42483e-05
4.43439e-05
4.48872e-05
4.57382e-05
4.68e-05
4.80113e-05
4.93296e-05
5.0729e-05
5.21901e-05
5.36949e-05
5.52269e-05
5.67698e-05
5.8308e-05
5.98261e-05
6.13104e-05
6.27486e-05
6.41301e-05
6.54452e-05
6.66851e-05
6.78406e-05
6.89044e-05
6.98694e-05
7.07285e-05
7.1475e-05
7.21032e-05
7.26087e-05
7.29886e-05
7.3242e-05
7.33699e-05
7.33743e-05
7.32573e-05
7.30177e-05
7.27747e-05
7.23785e-05
7.19254e-05
7.1423e-05
7.08885e-05
7.03413e-05
6.98028e-05
6.92969e-05
6.88485e-05
6.84867e-05
6.82501e-05
6.81648e-05
6.82469e-05
6.84832e-05
6.89155e-05
6.95734e-05
7.04867e-05
7.15499e-05
7.26711e-05
7.3728e-05
7.45589e-05
7.49634e-05
7.46939e-05
7.34593e-05
7.08578e-05
6.65585e-05
6.08283e-05
5.45523e-05
4.93442e-05
4.61514e-05
4.41241e-05
4.10675e-05
3.56679e-05
2.56463e-05
1.26339e-05
7.29093e-07
4.64605e-07
1.23904e-05
2.35164e-05
3.40681e-05
4.21608e-05
4.77208e-05
5.03478e-05
5.06618e-05
4.96212e-05
4.79363e-05
4.62415e-05
4.49864e-05
4.43683e-05
4.43556e-05
4.48086e-05
4.55858e-05
4.65839e-05
4.77359e-05
4.8997e-05
5.03387e-05
5.17408e-05
5.31862e-05
5.4659e-05
5.61439e-05
5.76259e-05
5.90905e-05
6.05241e-05
6.19144e-05
6.32508e-05
6.45235e-05
6.57238e-05
6.68431e-05
6.7874e-05
6.88096e-05
6.96434e-05
7.03694e-05
7.09826e-05
7.14793e-05
7.18571e-05
7.21153e-05
7.22551e-05
7.22784e-05
7.21856e-05
7.19697e-05
7.17601e-05
7.14072e-05
7.0994e-05
7.05345e-05
7.00434e-05
6.95392e-05
6.9042e-05
6.85741e-05
6.81601e-05
6.78272e-05
6.76064e-05
6.75299e-05
6.76347e-05
6.79625e-05
6.8519e-05
6.92793e-05
7.02072e-05
7.13022e-05
7.24887e-05
7.36587e-05
7.46159e-05
7.51201e-05
7.50004e-05
7.39873e-05
7.16987e-05
6.76728e-05
6.19405e-05
5.53971e-05
4.97405e-05
4.62405e-05
4.42499e-05
4.12548e-05
3.62222e-05
2.62725e-05
1.27925e-05
7.62259e-07
4.43481e-07
1.18152e-05
2.24628e-05
3.26408e-05
4.07493e-05
4.66458e-05
4.97215e-05
5.04176e-05
4.96886e-05
4.81981e-05
4.6562e-05
4.52529e-05
4.4521e-05
4.43863e-05
4.47342e-05
4.54254e-05
4.63505e-05
4.74365e-05
4.86348e-05
4.99143e-05
5.12536e-05
5.26357e-05
5.40453e-05
5.54682e-05
5.68899e-05
5.82968e-05
5.96756e-05
6.10143e-05
6.23021e-05
6.35293e-05
6.46872e-05
6.57677e-05
6.67635e-05
6.7668e-05
6.84753e-05
6.918e-05
6.97779e-05
7.02656e-05
7.06414e-05
7.0905e-05
7.10577e-05
7.11015e-05
7.10361e-05
7.08485e-05
7.06713e-05
7.03648e-05
6.99951e-05
6.95835e-05
6.91413e-05
6.8686e-05
6.82369e-05
6.78153e-05
6.74447e-05
6.71514e-05
6.6965e-05
6.69177e-05
6.7044e-05
6.73772e-05
6.79445e-05
6.87664e-05
6.98245e-05
7.10557e-05
7.23622e-05
7.36076e-05
7.46554e-05
7.53395e-05
7.53935e-05
7.45123e-05
7.2436e-05
6.86771e-05
6.3005e-05
5.62489e-05
5.01443e-05
4.62883e-05
4.4297e-05
4.1418e-05
3.67634e-05
2.6875e-05
1.29412e-05
8.02173e-07
4.21979e-07
1.12591e-05
2.14879e-05
3.12664e-05
3.93244e-05
4.54623e-05
4.89865e-05
5.01089e-05
4.97201e-05
4.84536e-05
4.69047e-05
4.55595e-05
4.47149e-05
4.44466e-05
4.4674e-05
4.52656e-05
4.61074e-05
4.71196e-05
4.82492e-05
4.9462e-05
5.07346e-05
5.20497e-05
5.33926e-05
5.47497e-05
5.61074e-05
5.74528e-05
5.87732e-05
6.00567e-05
6.12928e-05
6.24718e-05
6.3585e-05
6.46247e-05
6.55839e-05
6.64562e-05
6.72363e-05
6.79195e-05
6.85019e-05
6.89809e-05
6.93552e-05
6.96248e-05
6.97913e-05
6.9857e-05
6.98213e-05
6.96659e-05
6.95206e-05
6.92622e-05
6.89406e-05
6.85801e-05
6.81908e-05
6.77891e-05
6.73935e-05
6.70239e-05
6.67032e-05
6.64567e-05
6.63132e-05
6.63048e-05
6.6466e-05
6.68315e-05
6.74309e-05
6.82803e-05
6.93708e-05
7.06582e-05
7.20573e-05
7.34423e-05
7.46501e-05
7.5486e-05
7.57193e-05
7.50526e-05
7.30737e-05
6.95595e-05
6.40093e-05
5.7098e-05
5.05603e-05
4.63205e-05
4.42881e-05
4.15793e-05
3.72469e-05
2.74834e-05
1.31302e-05
8.48887e-07
4.00077e-07
1.07286e-05
2.06103e-05
2.99496e-05
3.7895e-05
4.42112e-05
4.8159e-05
4.97207e-05
4.97009e-05
4.86913e-05
4.72633e-05
4.59069e-05
4.49579e-05
4.45485e-05
4.46402e-05
4.51172e-05
4.58637e-05
4.67933e-05
4.78477e-05
4.89886e-05
5.01906e-05
5.14353e-05
5.27082e-05
5.39961e-05
5.52865e-05
5.65669e-05
5.78255e-05
5.90508e-05
6.02324e-05
6.13608e-05
6.24275e-05
6.3425e-05
6.43464e-05
6.5186e-05
6.59387e-05
6.66004e-05
6.71677e-05
6.76385e-05
6.80119e-05
6.82883e-05
6.84694e-05
6.8558e-05
6.85541e-05
6.84344e-05
6.83206e-05
6.81112e-05
6.78417e-05
6.75347e-05
6.72013e-05
6.6857e-05
6.65188e-05
6.6206e-05
6.59402e-05
6.57459e-05
6.56512e-05
6.56878e-05
6.58904e-05
6.62946e-05
6.69328e-05
6.78251e-05
6.89686e-05
7.03243e-05
7.18093e-05
7.32954e-05
7.46165e-05
7.55759e-05
7.59453e-05
7.54478e-05
7.3724e-05
7.03277e-05
6.4957e-05
5.79281e-05
5.09779e-05
4.63275e-05
4.4256e-05
4.17444e-05
3.76854e-05
2.80809e-05
1.33236e-05
9.02887e-07
3.77426e-07
1.02145e-05
1.98057e-05
2.87398e-05
3.64907e-05
4.29109e-05
4.72557e-05
4.92469e-05
4.96167e-05
4.88976e-05
4.76279e-05
4.62926e-05
4.5256e-05
4.47037e-05
4.46465e-05
4.49932e-05
4.56309e-05
4.64676e-05
4.74391e-05
4.85025e-05
4.96295e-05
5.08004e-05
5.20001e-05
5.32158e-05
5.44357e-05
5.56482e-05
5.6842e-05
5.80063e-05
5.9131e-05
6.02068e-05
6.12254e-05
6.21795e-05
6.30626e-05
6.38692e-05
6.45947e-05
6.52352e-05
6.57881e-05
6.62516e-05
6.66249e-05
6.69088e-05
6.71053e-05
6.72177e-05
6.7247e-05
6.71663e-05
6.70835e-05
6.69242e-05
6.67088e-05
6.64575e-05
6.61826e-05
6.58984e-05
6.5621e-05
6.53685e-05
6.51617e-05
6.50242e-05
6.49833e-05
6.50698e-05
6.53185e-05
6.57657e-05
6.64453e-05
6.7381e-05
6.85747e-05
6.99923e-05
7.15541e-05
7.31322e-05
7.45569e-05
7.56278e-05
7.61168e-05
7.57544e-05
7.41928e-05
7.09689e-05
6.58231e-05
5.8716e-05
5.13902e-05
4.6301e-05
4.40464e-05
4.18974e-05
3.80681e-05
2.8685e-05
1.35525e-05
9.64851e-07
3.544e-07
9.74024e-06
1.92127e-05
2.75563e-05
3.51306e-05
4.1586e-05
4.62579e-05
4.86774e-05
4.94538e-05
4.90568e-05
4.79856e-05
4.67101e-05
4.56121e-05
4.49235e-05
4.47082e-05
4.49087e-05
4.54225e-05
4.61545e-05
4.7034e-05
4.80134e-05
4.90605e-05
5.01537e-05
5.12771e-05
5.24179e-05
5.35646e-05
5.47064e-05
5.58328e-05
5.69336e-05
5.79992e-05
5.90206e-05
5.99898e-05
6.08997e-05
6.1744e-05
6.25177e-05
6.32163e-05
6.38364e-05
6.43757e-05
6.48327e-05
6.5207e-05
6.54994e-05
6.57121e-05
6.58488e-05
6.59126e-05
6.58732e-05
6.5821e-05
6.57135e-05
6.55523e-05
6.53587e-05
6.51442e-05
6.49224e-05
6.47083e-05
6.45191e-05
6.43746e-05
6.42976e-05
6.43145e-05
6.44554e-05
6.47545e-05
6.52482e-05
6.59715e-05
6.69507e-05
6.81916e-05
6.9665e-05
7.12949e-05
7.29539e-05
7.44697e-05
7.56373e-05
7.62276e-05
7.59803e-05
7.45727e-05
7.15796e-05
6.65526e-05
5.94351e-05
5.17887e-05
4.62829e-05
4.38482e-05
4.19938e-05
3.84155e-05
2.92888e-05
1.37997e-05
1.03495e-06
3.31016e-07
9.29778e-06
1.8735e-05
2.63301e-05
3.37606e-05
4.02167e-05
4.51582e-05
4.7997e-05
4.91947e-05
4.91508e-05
4.83196e-05
4.71484e-05
4.60244e-05
4.52163e-05
4.48403e-05
4.48811e-05
4.52551e-05
4.58685e-05
4.66456e-05
4.7533e-05
4.84945e-05
4.95058e-05
5.05494e-05
5.16123e-05
5.26832e-05
5.37519e-05
5.48086e-05
5.58437e-05
5.68482e-05
5.78136e-05
5.87322e-05
5.95972e-05
6.04026e-05
6.11434e-05
6.18156e-05
6.24161e-05
6.29427e-05
6.33942e-05
6.37705e-05
6.40725e-05
6.43022e-05
6.44636e-05
6.4563e-05
6.45652e-05
6.45435e-05
6.44895e-05
6.43837e-05
6.42489e-05
6.40962e-05
6.39382e-05
6.37891e-05
6.36653e-05
6.35857e-05
6.35723e-05
6.36503e-05
6.38492e-05
6.42023e-05
6.47456e-05
6.55146e-05
6.65371e-05
6.7822e-05
6.93444e-05
7.10323e-05
7.27598e-05
7.43525e-05
7.56009e-05
7.62729e-05
7.61131e-05
7.48154e-05
7.19732e-05
6.71091e-05
6.00632e-05
5.21461e-05
4.62398e-05
4.35795e-05
4.20352e-05
3.87123e-05
2.98725e-05
1.40981e-05
1.1139e-06
3.08456e-07
8.94018e-06
1.83555e-05
2.5356e-05
3.2461e-05
3.88479e-05
4.40024e-05
4.72107e-05
4.88274e-05
4.91609e-05
4.86103e-05
4.75915e-05
4.64856e-05
4.55862e-05
4.50567e-05
4.49289e-05
4.51477e-05
4.56274e-05
4.62897e-05
4.70756e-05
4.79445e-05
4.88686e-05
4.98287e-05
5.08106e-05
5.18031e-05
5.27964e-05
5.37811e-05
5.47486e-05
5.56902e-05
5.65981e-05
5.7465e-05
5.82844e-05
5.90505e-05
5.97586e-05
6.04048e-05
6.09864e-05
6.15012e-05
6.19483e-05
6.23276e-05
6.26399e-05
6.28873e-05
6.30742e-05
6.32115e-05
6.32477e-05
6.32614e-05
6.32647e-05
6.32143e-05
6.31385e-05
6.30479e-05
6.29544e-05
6.28714e-05
6.28145e-05
6.28017e-05
6.2854e-05
6.29957e-05
6.32554e-05
6.36653e-05
6.42607e-05
6.50766e-05
6.61416e-05
6.74667e-05
6.90306e-05
7.07651e-05
7.25467e-05
7.42001e-05
7.55117e-05
7.62459e-05
7.6151e-05
7.49388e-05
7.22278e-05
6.75063e-05
6.05813e-05
5.245e-05
4.61865e-05
4.33067e-05
4.20063e-05
3.89629e-05
3.04316e-05
1.4441e-05
1.20168e-06
2.87166e-07
8.66522e-06
1.79676e-05
2.4557e-05
3.1308e-05
3.74818e-05
4.2794e-05
4.63206e-05
4.83419e-05
4.90688e-05
4.88356e-05
4.80185e-05
4.69819e-05
4.60311e-05
4.53673e-05
4.50704e-05
4.51216e-05
4.5452e-05
4.59854e-05
4.66588e-05
4.74264e-05
4.82569e-05
4.91286e-05
5.0026e-05
5.09372e-05
5.18526e-05
5.27633e-05
5.36611e-05
5.45383e-05
5.53873e-05
5.62013e-05
5.69743e-05
5.77007e-05
5.8376e-05
5.89966e-05
5.95597e-05
6.00635e-05
6.05069e-05
6.08899e-05
6.12134e-05
6.14792e-05
6.16919e-05
6.18743e-05
6.19264e-05
6.19866e-05
6.20512e-05
6.20543e-05
6.20368e-05
6.20081e-05
6.19792e-05
6.19629e-05
6.19736e-05
6.20287e-05
6.21481e-05
6.23554e-05
6.26777e-05
6.31463e-05
6.37951e-05
6.46582e-05
6.57641e-05
6.71247e-05
6.87213e-05
7.04895e-05
7.23087e-05
7.40041e-05
7.53592e-05
7.61346e-05
7.608e-05
7.49242e-05
7.23235e-05
6.77944e-05
6.09701e-05
5.26737e-05
4.60877e-05
4.29974e-05
4.19121e-05
3.91632e-05
3.09708e-05
1.48358e-05
1.29878e-06
2.66992e-07
8.45071e-06
1.76144e-05
2.40875e-05
3.02251e-05
3.61489e-05
4.1542e-05
4.53386e-05
4.77338e-05
4.88586e-05
4.89732e-05
4.84053e-05
4.74932e-05
4.65411e-05
4.57761e-05
4.5321e-05
4.51988e-05
4.53662e-05
4.57558e-05
4.63036e-05
4.69597e-05
4.76887e-05
4.84659e-05
4.92742e-05
5.01007e-05
5.09354e-05
5.17697e-05
5.2596e-05
5.34068e-05
5.41954e-05
5.49553e-05
5.56809e-05
5.6367e-05
5.70093e-05
5.76042e-05
5.81491e-05
5.86421e-05
5.90823e-05
5.94696e-05
5.98047e-05
6.00891e-05
6.03279e-05
6.05539e-05
6.06287e-05
6.07298e-05
6.08538e-05
6.09108e-05
6.09515e-05
6.09846e-05
6.10203e-05
6.10705e-05
6.1149e-05
6.12723e-05
6.14594e-05
6.17328e-05
6.21185e-05
6.26464e-05
6.33487e-05
6.42582e-05
6.5402e-05
6.67919e-05
6.84111e-05
7.01981e-05
7.20364e-05
7.37526e-05
7.51292e-05
7.59233e-05
7.58844e-05
7.47541e-05
7.22252e-05
6.78616e-05
6.11849e-05
5.27945e-05
4.59311e-05
4.26586e-05
4.16927e-05
3.93111e-05
3.14888e-05
1.52809e-05
1.40511e-06
2.47432e-07
8.26724e-06
1.72973e-05
2.38319e-05
2.92478e-05
3.48688e-05
4.02641e-05
4.42926e-05
4.70091e-05
4.85195e-05
4.90013e-05
4.87249e-05
4.79934e-05
4.70979e-05
4.62779e-05
4.56903e-05
4.53996e-05
4.53954e-05
4.56273e-05
4.60355e-05
4.65681e-05
4.7186e-05
4.78613e-05
4.85746e-05
4.93118e-05
5.00623e-05
5.08175e-05
5.15697e-05
5.23122e-05
5.30386e-05
5.3743e-05
5.442e-05
5.50648e-05
5.56733e-05
5.6242e-05
5.67684e-05
5.72506e-05
5.76876e-05
5.80791e-05
5.84258e-05
5.87284e-05
5.89948e-05
5.92605e-05
5.93594e-05
5.95063e-05
5.96817e-05
5.97925e-05
5.98909e-05
5.9985e-05
6.00845e-05
6.02005e-05
6.03462e-05
6.05371e-05
6.07914e-05
6.11304e-05
6.1579e-05
6.21653e-05
6.29197e-05
6.38728e-05
6.50497e-05
6.64611e-05
6.80906e-05
6.98798e-05
7.17158e-05
7.34291e-05
7.48026e-05
7.55914e-05
7.55439e-05
7.44112e-05
7.19188e-05
6.76846e-05
6.11996e-05
5.27872e-05
4.56823e-05
4.2289e-05
4.15167e-05
3.94131e-05
3.19883e-05
1.57791e-05
1.52082e-06
2.28218e-07
8.09617e-06
1.70279e-05
2.36065e-05
2.8452e-05
3.3738e-05
3.90003e-05
4.31936e-05
4.61794e-05
4.80493e-05
4.89042e-05
4.89524e-05
4.84537e-05
4.7676e-05
4.68582e-05
4.6179e-05
4.5739e-05
4.55642e-05
4.56288e-05
4.58842e-05
4.62804e-05
4.67759e-05
4.73402e-05
4.79512e-05
4.85932e-05
4.92548e-05
4.9927e-05
5.06021e-05
5.12736e-05
5.19356e-05
5.25825e-05
5.32092e-05
5.38113e-05
5.43847e-05
5.49262e-05
5.54332e-05
5.59038e-05
5.63369e-05
5.6732e-05
5.70897e-05
5.74092e-05
5.77114e-05
5.79911e-05
5.81264e-05
5.83316e-05
5.85453e-05
5.87087e-05
5.88634e-05
5.9017e-05
5.91786e-05
5.93587e-05
5.95698e-05
5.98266e-05
6.01462e-05
6.0549e-05
6.10583e-05
6.17003e-05
6.25034e-05
6.34952e-05
6.4698e-05
6.61205e-05
6.7746e-05
6.95179e-05
7.1328e-05
7.30116e-05
7.4355e-05
7.5113e-05
7.50326e-05
7.38715e-05
7.13838e-05
6.72249e-05
6.09827e-05
5.26321e-05
4.53356e-05
4.18268e-05
4.13215e-05
3.9446e-05
3.2467e-05
1.63293e-05
1.64562e-06
2.08891e-07
7.86248e-06
1.69043e-05
2.34004e-05
2.80681e-05
3.27249e-05
3.77659e-05
4.20542e-05
4.52523e-05
4.7446e-05
4.86679e-05
4.90631e-05
4.88429e-05
4.82437e-05
4.74923e-05
4.67764e-05
4.62231e-05
4.58926e-05
4.5789e-05
4.58821e-05
4.61296e-05
4.64909e-05
4.69336e-05
4.74334e-05
4.79729e-05
4.85395e-05
4.91236e-05
4.97174e-05
5.03144e-05
5.09088e-05
5.14954e-05
5.20693e-05
5.26264e-05
5.31628e-05
5.36752e-05
5.41611e-05
5.46185e-05
5.50462e-05
5.54434e-05
5.58107e-05
5.61444e-05
5.64945e-05
5.6758e-05
5.69408e-05
5.72105e-05
5.74566e-05
5.76691e-05
5.7877e-05
5.80873e-05
5.83082e-05
5.85496e-05
5.88231e-05
5.91426e-05
5.95243e-05
5.99873e-05
6.05531e-05
6.1246e-05
6.20916e-05
6.31144e-05
6.43331e-05
6.57535e-05
6.73574e-05
6.90899e-05
7.08474e-05
7.2472e-05
7.37556e-05
7.44555e-05
7.43183e-05
7.31056e-05
7.06023e-05
6.65042e-05
6.04711e-05
5.23052e-05
4.48742e-05
4.12554e-05
4.0863e-05
3.94304e-05
3.29173e-05
1.69316e-05
1.77923e-06
1.90499e-07
7.62998e-06
1.68578e-05
2.32112e-05
2.80192e-05
3.19242e-05
3.66325e-05
4.0932e-05
4.42648e-05
4.67283e-05
4.82932e-05
4.9042e-05
4.91339e-05
4.87677e-05
4.81482e-05
4.746e-05
4.68451e-05
4.63911e-05
4.61322e-05
4.6062e-05
4.61524e-05
4.63686e-05
4.66786e-05
4.70572e-05
4.74855e-05
4.79496e-05
4.84391e-05
4.89459e-05
4.94633e-05
4.99858e-05
5.05082e-05
5.10258e-05
5.15345e-05
5.20307e-05
5.25111e-05
5.29731e-05
5.34147e-05
5.38342e-05
5.4231e-05
5.46049e-05
5.4952e-05
5.53461e-05
5.55879e-05
5.58232e-05
5.61448e-05
5.64221e-05
5.6681e-05
5.69388e-05
5.72019e-05
5.74781e-05
5.77764e-05
5.81078e-05
5.84853e-05
5.89238e-05
5.94411e-05
6.00569e-05
6.07931e-05
6.16721e-05
6.27146e-05
6.39355e-05
6.53366e-05
6.68979e-05
6.85657e-05
7.02412e-05
7.17746e-05
7.29667e-05
7.35799e-05
7.33621e-05
7.20755e-05
6.94815e-05
6.54762e-05
5.96439e-05
5.17709e-05
4.43061e-05
4.06139e-05
4.04635e-05
3.94031e-05
3.33283e-05
1.75846e-05
1.92104e-06
1.73957e-07
7.43721e-06
1.68534e-05
2.30838e-05
2.79778e-05
3.1391e-05
3.56113e-05
3.98633e-05
4.32375e-05
4.59073e-05
4.77806e-05
4.88774e-05
4.93033e-05
4.92152e-05
4.87897e-05
4.8198e-05
4.75854e-05
4.70571e-05
4.66728e-05
4.64519e-05
4.63853e-05
4.64495e-05
4.66176e-05
4.68651e-05
4.71727e-05
4.75255e-05
4.79125e-05
4.83252e-05
4.87567e-05
4.92013e-05
4.96539e-05
5.01101e-05
5.05657e-05
5.10171e-05
5.14611e-05
5.1895e-05
5.23165e-05
5.27238e-05
5.31163e-05
5.34905e-05
5.38644e-05
5.42539e-05
5.44954e-05
5.47949e-05
5.51506e-05
5.54541e-05
5.57543e-05
5.60565e-05
5.63668e-05
5.66922e-05
5.70413e-05
5.7424e-05
5.78523e-05
5.834e-05
5.89031e-05
5.95592e-05
6.03275e-05
6.12269e-05
6.22738e-05
6.34786e-05
6.4839e-05
6.63326e-05
6.79066e-05
6.94677e-05
7.08756e-05
7.19428e-05
7.244e-05
7.21195e-05
7.06987e-05
6.80408e-05
6.41118e-05
5.85273e-05
5.09756e-05
4.35848e-05
3.98263e-05
3.98967e-05
3.93233e-05
3.36953e-05
1.82854e-05
2.07028e-06
1.59533e-07
7.29635e-06
1.68761e-05
2.30464e-05
2.79091e-05
3.1371e-05
3.47892e-05
3.88992e-05
4.22836e-05
4.50511e-05
4.71634e-05
4.85772e-05
4.93397e-05
4.95603e-05
4.93811e-05
4.89523e-05
4.84121e-05
4.78724e-05
4.74107e-05
4.70687e-05
4.68589e-05
4.67736e-05
4.67952e-05
4.69041e-05
4.70822e-05
4.73149e-05
4.75908e-05
4.79011e-05
4.82388e-05
4.8598e-05
4.89738e-05
4.93616e-05
4.97575e-05
5.01577e-05
5.05591e-05
5.09585e-05
5.13538e-05
5.17427e-05
5.21253e-05
5.24917e-05
5.28908e-05
5.32658e-05
5.35053e-05
5.38571e-05
5.42346e-05
5.45662e-05
5.48992e-05
5.52379e-05
5.55873e-05
5.59537e-05
5.63448e-05
5.67696e-05
5.72388e-05
5.77648e-05
5.83617e-05
5.90446e-05
5.98294e-05
6.07312e-05
6.1762e-05
6.29272e-05
6.42203e-05
6.56164e-05
6.70638e-05
6.84752e-05
6.97213e-05
7.063e-05
7.09817e-05
7.04995e-05
6.89283e-05
6.6318e-05
6.23913e-05
5.70028e-05
4.98677e-05
4.26805e-05
3.89373e-05
3.92797e-05
3.91398e-05
3.40146e-05
1.90292e-05
2.22589e-06
1.46915e-07
7.20568e-06
1.68787e-05
2.30385e-05
2.77877e-05
3.14675e-05
3.41397e-05
3.79461e-05
4.13781e-05
4.4188e-05
4.64762e-05
4.81636e-05
4.92473e-05
4.97898e-05
4.98952e-05
4.96866e-05
4.92872e-05
4.88062e-05
4.8329e-05
4.79137e-05
4.75918e-05
4.73731e-05
4.72537e-05
4.72223e-05
4.72655e-05
4.73708e-05
4.75274e-05
4.77268e-05
4.7962e-05
4.82272e-05
4.85174e-05
4.88283e-05
4.91558e-05
4.94963e-05
4.98464e-05
5.0203e-05
5.05636e-05
5.09253e-05
5.12897e-05
5.16393e-05
5.20493e-05
5.24054e-05
5.26576e-05
5.30263e-05
5.34143e-05
5.37672e-05
5.41245e-05
5.449e-05
5.48681e-05
5.52645e-05
5.56858e-05
5.61401e-05
5.66366e-05
5.7186e-05
5.77999e-05
5.84908e-05
5.9271e-05
6.01514e-05
6.11393e-05
6.22351e-05
6.34284e-05
6.46924e-05
6.59768e-05
6.72008e-05
6.82482e-05
6.89659e-05
6.91353e-05
6.84159e-05
6.68778e-05
6.41851e-05
6.0265e-05
5.50718e-05
4.84238e-05
4.15638e-05
3.79109e-05
3.86056e-05
3.90079e-05
3.43038e-05
1.98078e-05
2.38664e-06
1.35423e-07
7.12912e-06
1.68309e-05
2.30299e-05
2.77468e-05
3.15532e-05
3.41371e-05
3.71875e-05
4.06173e-05
4.33803e-05
4.57672e-05
4.76705e-05
4.90438e-05
4.99041e-05
5.03159e-05
5.03716e-05
5.01735e-05
4.98202e-05
4.9397e-05
4.89701e-05
4.85845e-05
4.82661e-05
4.80255e-05
4.78629e-05
4.77729e-05
4.77477e-05
4.77792e-05
4.78601e-05
4.79843e-05
4.81463e-05
4.83414e-05
4.85653e-05
4.88141e-05
4.90842e-05
4.93722e-05
4.96748e-05
4.99896e-05
5.03129e-05
5.0647e-05
5.09714e-05
5.13638e-05
5.17116e-05
5.196e-05
5.23269e-05
5.27167e-05
5.30768e-05
5.34445e-05
5.38228e-05
5.42152e-05
5.46263e-05
5.50618e-05
5.55282e-05
5.60331e-05
5.65851e-05
5.71932e-05
5.78667e-05
5.8614e-05
5.94418e-05
6.03526e-05
6.13424e-05
6.23975e-05
6.34898e-05
6.45715e-05
6.55692e-05
6.63816e-05
6.68825e-05
6.67483e-05
6.60076e-05
6.43433e-05
6.15956e-05
5.77067e-05
5.27162e-05
4.65903e-05
4.02167e-05
3.67778e-05
3.78407e-05
3.86927e-05
3.45562e-05
2.06092e-05
2.55106e-06
1.24562e-07
7.02673e-06
1.67274e-05
2.29867e-05
2.76995e-05
3.14497e-05
3.4263e-05
3.6586e-05
3.98456e-05
4.27113e-05
4.51215e-05
4.71687e-05
4.87794e-05
4.99314e-05
5.06503e-05
5.09953e-05
5.10439e-05
5.08787e-05
5.05775e-05
5.02069e-05
4.98191e-05
4.94512e-05
4.91263e-05
4.88568e-05
4.86471e-05
4.84967e-05
4.84028e-05
4.83613e-05
4.83678e-05
4.84181e-05
4.85082e-05
4.86343e-05
4.87928e-05
4.89802e-05
4.91933e-05
4.94287e-05
4.96837e-05
4.99548e-05
5.02428e-05
5.05334e-05
5.08685e-05
5.12208e-05
5.14521e-05
5.17849e-05
5.21641e-05
5.25146e-05
5.2875e-05
5.32473e-05
5.36343e-05
5.40393e-05
5.44666e-05
5.49211e-05
5.54083e-05
5.59344e-05
5.65055e-05
5.71274e-05
5.78048e-05
5.854e-05
5.93314e-05
6.01715e-05
6.10441e-05
6.19212e-05
6.27588e-05
6.34922e-05
6.40364e-05
6.42239e-05
6.39462e-05
6.30356e-05
6.12742e-05
5.85102e-05
5.46965e-05
4.99363e-05
4.43072e-05
3.86315e-05
3.55416e-05
3.69732e-05
3.82148e-05
3.47563e-05
2.14296e-05
2.71766e-06
1.14387e-07
6.89179e-06
1.65728e-05
2.28906e-05
2.76113e-05
3.13483e-05
3.43886e-05
3.65959e-05
3.91533e-05
4.21159e-05
4.45437e-05
4.66987e-05
4.8504e-05
4.99148e-05
5.09264e-05
5.15679e-05
5.1891e-05
5.19593e-05
5.18384e-05
5.15894e-05
5.12655e-05
5.0909e-05
5.05518e-05
5.02161e-05
4.99159e-05
4.96594e-05
4.94504e-05
4.92899e-05
4.91772e-05
4.91105e-05
4.90877e-05
4.91059e-05
4.91624e-05
4.92541e-05
4.9378e-05
4.95311e-05
4.97103e-05
4.99126e-05
5.0136e-05
5.03777e-05
5.06262e-05
5.09606e-05
5.12049e-05
5.14371e-05
5.17723e-05
5.2106e-05
5.24342e-05
5.27746e-05
5.31285e-05
5.34981e-05
5.38857e-05
5.42945e-05
5.47277e-05
5.51887e-05
5.56807e-05
5.62062e-05
5.67662e-05
5.73594e-05
5.79811e-05
5.86212e-05
5.92629e-05
5.988e-05
6.04335e-05
6.08688e-05
6.11269e-05
6.10126e-05
6.05313e-05
5.9459e-05
5.76274e-05
5.48962e-05
5.12252e-05
4.67625e-05
4.17966e-05
3.67278e-05
3.4225e-05
3.60098e-05
3.76974e-05
3.48649e-05
2.22603e-05
2.88492e-06
1.05504e-07
6.7538e-06
1.64031e-05
2.27545e-05
2.74681e-05
3.12054e-05
3.42566e-05
3.67594e-05
3.89618e-05
4.16149e-05
4.42e-05
4.63777e-05
4.8312e-05
4.99323e-05
5.1205e-05
5.21309e-05
5.27365e-05
5.30649e-05
5.31667e-05
5.30937e-05
5.28948e-05
5.26128e-05
5.22835e-05
5.19352e-05
5.15896e-05
5.1262e-05
5.09634e-05
5.07008e-05
5.04782e-05
5.02978e-05
5.01602e-05
5.00646e-05
5.00098e-05
4.99939e-05
5.00143e-05
5.00684e-05
5.01535e-05
5.02667e-05
5.04049e-05
5.05663e-05
5.07454e-05
5.09424e-05
5.12153e-05
5.13812e-05
5.15809e-05
5.18721e-05
5.21333e-05
5.24047e-05
5.26858e-05
5.29779e-05
5.32813e-05
5.3597e-05
5.39261e-05
5.42694e-05
5.46273e-05
5.49995e-05
5.53843e-05
5.57778e-05
5.61734e-05
5.65605e-05
5.69233e-05
5.72389e-05
5.74751e-05
5.75888e-05
5.75011e-05
5.71551e-05
5.64438e-05
5.52295e-05
5.33681e-05
5.07374e-05
4.73028e-05
4.3219e-05
3.89178e-05
3.45559e-05
3.27993e-05
3.49616e-05
3.70458e-05
3.48658e-05
2.30854e-05
3.05177e-06
9.9507e-08
6.68556e-06
1.63056e-05
2.26453e-05
2.73043e-05
3.1028e-05
3.41193e-05
3.67584e-05
3.9022e-05
4.13335e-05
4.38734e-05
4.62835e-05
4.83108e-05
5.00913e-05
5.15834e-05
5.27657e-05
5.36428e-05
5.42377e-05
5.45853e-05
5.47258e-05
5.47007e-05
5.45492e-05
5.43071e-05
5.4005e-05
5.36686e-05
5.33186e-05
5.29712e-05
5.26388e-05
5.23303e-05
5.20521e-05
5.18081e-05
5.16005e-05
5.14303e-05
5.1297e-05
5.11996e-05
5.11363e-05
5.11047e-05
5.11024e-05
5.11265e-05
5.11744e-05
5.12433e-05
5.13279e-05
5.14367e-05
5.15738e-05
5.16765e-05
5.17769e-05
5.19455e-05
5.20943e-05
5.22442e-05
5.24005e-05
5.25577e-05
5.27165e-05
5.28761e-05
5.30351e-05
5.31921e-05
5.33449e-05
5.34901e-05
5.36232e-05
5.37374e-05
5.38232e-05
5.38677e-05
5.38528e-05
5.37543e-05
5.35407e-05
5.31544e-05
5.2533e-05
5.16341e-05
5.03237e-05
4.84962e-05
4.60578e-05
4.29852e-05
3.9419e-05
3.60349e-05
3.27447e-05
3.12062e-05
3.38413e-05
3.63121e-05
3.47582e-05
2.38935e-05
3.2172e-06
9.78341e-08
6.78407e-06
1.64276e-05
2.27036e-05
2.72292e-05
3.08911e-05
3.40135e-05
3.67447e-05
3.91928e-05
4.15257e-05
4.38747e-05
4.62721e-05
4.85644e-05
5.05404e-05
5.22094e-05
5.36105e-05
5.47328e-05
5.55824e-05
5.61792e-05
5.65511e-05
5.67305e-05
5.67506e-05
5.66436e-05
5.64393e-05
5.61643e-05
5.58414e-05
5.54901e-05
5.51262e-05
5.47623e-05
5.44082e-05
5.40713e-05
5.37566e-05
5.34675e-05
5.32058e-05
5.29722e-05
5.27662e-05
5.25866e-05
5.24318e-05
5.22994e-05
5.2187e-05
5.20921e-05
5.20112e-05
5.19425e-05
5.18855e-05
5.18412e-05
5.17627e-05
5.17296e-05
5.16801e-05
5.16184e-05
5.15694e-05
5.14998e-05
5.14254e-05
5.13398e-05
5.12411e-05
5.11269e-05
5.09947e-05
5.08417e-05
5.06638e-05
5.04561e-05
5.02115e-05
4.99216e-05
4.95739e-05
4.91534e-05
4.86385e-05
4.79965e-05
4.7214e-05
4.61549e-05
4.48151e-05
4.31548e-05
4.11071e-05
3.86552e-05
3.58622e-05
3.31597e-05
3.0775e-05
3.02435e-05
3.26418e-05
3.55718e-05
3.45257e-05
2.46213e-05
3.38105e-06
1.03267e-07
7.06275e-06
1.69854e-05
2.31489e-05
2.74481e-05
3.09782e-05
3.41003e-05
3.69318e-05
3.95444e-05
4.20715e-05
4.4522e-05
4.68219e-05
4.91966e-05
5.12841e-05
5.32617e-05
5.48895e-05
5.62222e-05
5.72985e-05
5.8126e-05
5.87212e-05
5.91069e-05
5.93089e-05
5.93543e-05
5.92696e-05
5.90799e-05
5.8808e-05
5.8474e-05
5.80956e-05
5.76876e-05
5.72623e-05
5.68296e-05
5.63972e-05
5.59708e-05
5.55545e-05
5.51508e-05
5.4761e-05
5.43854e-05
5.40237e-05
5.36746e-05
5.33367e-05
5.30076e-05
5.2686e-05
5.23673e-05
5.2054e-05
5.17351e-05
5.1428e-05
5.10685e-05
5.07129e-05
5.04608e-05
5.00947e-05
4.96897e-05
4.932e-05
4.89216e-05
4.85044e-05
4.80674e-05
4.76092e-05
4.71289e-05
4.6624e-05
4.60928e-05
4.55312e-05
4.49366e-05
4.43014e-05
4.36205e-05
4.28806e-05
4.20677e-05
4.11729e-05
4.01959e-05
3.90653e-05
3.77318e-05
3.61038e-05
3.41533e-05
3.18773e-05
2.98192e-05
2.84348e-05
2.87259e-05
3.19855e-05
3.47879e-05
3.41605e-05
2.52384e-05
3.54526e-06
1.19122e-07
7.67591e-06
1.80923e-05
2.42186e-05
2.82322e-05
3.15926e-05
3.46998e-05
3.7653e-05
4.05187e-05
4.32053e-05
4.57254e-05
4.82768e-05
5.06492e-05
5.28586e-05
5.49319e-05
5.67167e-05
5.83472e-05
5.9603e-05
6.06047e-05
6.13652e-05
6.19011e-05
6.22326e-05
6.23822e-05
6.23728e-05
6.22273e-05
6.19672e-05
6.16125e-05
6.11813e-05
6.06897e-05
6.01515e-05
5.95785e-05
5.89802e-05
5.8364e-05
5.77357e-05
5.70998e-05
5.64594e-05
5.58168e-05
5.51733e-05
5.45293e-05
5.38853e-05
5.32398e-05
5.2594e-05
5.19427e-05
5.12938e-05
5.06289e-05
4.99773e-05
4.9287e-05
4.85658e-05
4.79191e-05
4.72433e-05
4.65536e-05
4.58402e-05
4.50773e-05
4.43347e-05
4.35826e-05
4.28222e-05
4.20542e-05
4.12776e-05
4.04944e-05
3.97031e-05
3.89073e-05
3.81025e-05
3.72942e-05
3.64729e-05
3.56449e-05
3.47909e-05
3.39219e-05
3.29974e-05
3.20224e-05
3.09292e-05
2.97534e-05
2.84869e-05
2.74296e-05
2.70371e-05
2.78594e-05
3.08085e-05
3.43809e-05
3.36264e-05
2.56255e-05
3.71275e-06
1.49201e-07
8.69121e-06
1.96271e-05
2.56203e-05
2.95877e-05
3.2868e-05
3.60069e-05
3.90489e-05
4.18471e-05
4.44718e-05
4.75241e-05
5.04014e-05
5.29931e-05
5.54153e-05
5.74489e-05
5.92812e-05
6.08323e-05
6.22437e-05
6.33463e-05
6.41196e-05
6.46533e-05
6.49654e-05
6.50756e-05
6.50047e-05
6.47738e-05
6.44032e-05
6.39125e-05
6.33195e-05
6.26409e-05
6.18913e-05
6.10843e-05
6.02273e-05
5.93291e-05
5.83974e-05
5.74392e-05
5.64607e-05
5.54667e-05
5.44615e-05
5.34477e-05
5.24291e-05
5.1405e-05
5.03813e-05
4.93533e-05
4.83374e-05
4.72996e-05
4.63041e-05
4.52332e-05
4.42395e-05
4.32699e-05
4.22635e-05
4.12817e-05
4.02834e-05
3.93699e-05
3.83968e-05
3.74219e-05
3.65013e-05
3.55994e-05
3.4716e-05
3.38582e-05
3.3025e-05
3.22263e-05
3.14575e-05
3.07345e-05
3.0046e-05
2.94158e-05
2.88208e-05
2.82954e-05
2.77965e-05
2.73709e-05
2.69467e-05
2.66007e-05
2.62669e-05
2.61704e-05
2.64984e-05
2.7756e-05
3.0489e-05
3.34285e-05
3.29524e-05
2.53873e-05
3.89245e-06
1.9822e-07
1.01947e-05
2.15066e-05
2.68221e-05
3.01619e-05
3.32763e-05
3.63968e-05
3.95056e-05
4.25983e-05
4.58634e-05
4.90545e-05
5.20532e-05
5.48376e-05
5.73409e-05
5.94117e-05
6.11335e-05
6.24214e-05
6.34944e-05
6.4466e-05
6.50791e-05
6.53763e-05
6.54429e-05
6.52987e-05
6.49641e-05
6.44596e-05
6.38052e-05
6.30199e-05
6.21219e-05
6.11282e-05
6.00543e-05
5.89135e-05
5.76914e-05
5.64153e-05
5.50991e-05
5.37563e-05
5.23989e-05
5.10342e-05
4.96694e-05
4.83093e-05
4.69622e-05
4.56242e-05
4.4314e-05
4.30267e-05
4.17731e-05
4.05069e-05
3.93251e-05
3.81717e-05
3.70296e-05
3.59267e-05
3.48636e-05
3.3849e-05
3.28456e-05
3.19442e-05
3.1029e-05
3.0152e-05
2.9341e-05
2.85741e-05
2.78548e-05
2.71933e-05
2.65864e-05
2.60475e-05
2.55695e-05
2.51751e-05
2.48473e-05
2.46214e-05
2.44654e-05
2.4431e-05
2.4463e-05
2.46343e-05
2.48554e-05
2.52266e-05
2.56299e-05
2.62367e-05
2.70275e-05
2.84172e-05
3.06396e-05
3.31166e-05
3.22437e-05
2.48345e-05
3.98551e-06
2.73725e-07
1.16085e-05
2.2432e-05
2.66236e-05
2.91067e-05
3.18008e-05
3.47295e-05
3.77411e-05
4.07806e-05
4.37631e-05
4.65243e-05
4.90777e-05
5.1403e-05
5.3442e-05
5.51665e-05
5.65448e-05
5.75976e-05
5.81799e-05
5.86644e-05
5.89567e-05
5.88863e-05
5.85855e-05
5.80812e-05
5.73976e-05
5.6558e-05
5.55838e-05
5.44952e-05
5.33124e-05
5.2054e-05
5.07351e-05
4.93741e-05
4.79901e-05
4.65961e-05
4.51864e-05
4.37809e-05
4.23919e-05
4.10191e-05
3.96706e-05
3.83509e-05
3.70705e-05
3.58223e-05
3.46553e-05
3.35289e-05
3.24387e-05
3.13965e-05
3.04055e-05
2.94613e-05
2.85798e-05
2.77263e-05
2.69788e-05
2.62453e-05
2.55461e-05
2.49328e-05
2.43789e-05
2.38783e-05
2.34436e-05
2.30759e-05
2.27757e-05
2.25448e-05
2.2376e-05
2.22825e-05
2.22581e-05
2.23231e-05
2.24565e-05
2.26944e-05
2.29984e-05
2.34242e-05
2.39081e-05
2.453e-05
2.51895e-05
2.59899e-05
2.67926e-05
2.77152e-05
2.86796e-05
2.97988e-05
3.13936e-05
3.28903e-05
3.12666e-05
2.40197e-05
4.01978e-06
3.66957e-07
1.21656e-05
2.02458e-05
2.20539e-05
2.34701e-05
2.52872e-05
2.74152e-05
2.9719e-05
3.2078e-05
3.43168e-05
3.63629e-05
3.82049e-05
3.98245e-05
4.11967e-05
4.23208e-05
4.31809e-05
4.37859e-05
4.41007e-05
4.41829e-05
4.41665e-05
4.39714e-05
4.35639e-05
4.30147e-05
4.23441e-05
4.15726e-05
4.07174e-05
3.97953e-05
3.88257e-05
3.78232e-05
3.67971e-05
3.57625e-05
3.47271e-05
3.37166e-05
3.26966e-05
3.17274e-05
3.07993e-05
2.98911e-05
2.90197e-05
2.81918e-05
2.74059e-05
2.66596e-05
2.5962e-05
2.53126e-05
2.47149e-05
2.41816e-05
2.36677e-05
2.32066e-05
2.28113e-05
2.24619e-05
2.21687e-05
2.19276e-05
2.17347e-05
2.1594e-05
2.15061e-05
2.14709e-05
2.14886e-05
2.15601e-05
2.16852e-05
2.18662e-05
2.21029e-05
2.24003e-05
2.27535e-05
2.31667e-05
2.36228e-05
2.41533e-05
2.47189e-05
2.5373e-05
2.60485e-05
2.68255e-05
2.75991e-05
2.84709e-05
2.9301e-05
3.01666e-05
3.10055e-05
3.16394e-05
3.25831e-05
3.25052e-05
3.0021e-05
2.23772e-05
3.91129e-06
4.43334e-07
1.11989e-05
1.50028e-05
1.52262e-05
1.6007e-05
1.71654e-05
1.85034e-05
1.99242e-05
2.13535e-05
2.2712e-05
2.39694e-05
2.51089e-05
2.61162e-05
2.69806e-05
2.77017e-05
2.82896e-05
2.87055e-05
2.89942e-05
2.91514e-05
2.91992e-05
2.918e-05
2.90867e-05
2.8893e-05
2.86385e-05
2.83364e-05
2.79928e-05
2.76204e-05
2.72362e-05
2.6841e-05
2.64357e-05
2.60332e-05
2.5642e-05
2.5265e-05
2.49041e-05
2.45553e-05
2.42459e-05
2.39532e-05
2.36731e-05
2.34286e-05
2.32148e-05
2.30289e-05
2.28706e-05
2.27417e-05
2.26404e-05
2.25717e-05
2.25307e-05
2.25185e-05
2.25427e-05
2.26014e-05
2.2692e-05
2.28135e-05
2.29653e-05
2.31452e-05
2.33538e-05
2.35893e-05
2.38529e-05
2.41425e-05
2.44597e-05
2.48034e-05
2.51736e-05
2.55731e-05
2.59949e-05
2.64572e-05
2.69371e-05
2.74712e-05
2.79995e-05
2.86002e-05
2.91679e-05
2.98289e-05
3.04162e-05
3.11046e-05
3.16658e-05
3.22802e-05
3.27437e-05
3.28062e-05
3.30575e-05
3.08029e-05
2.73592e-05
1.90262e-05
3.56444e-06
4.98943e-07
9.64731e-06
1.15052e-05
1.34235e-05
1.53526e-05
1.71707e-05
1.88193e-05
2.02649e-05
2.14953e-05
2.25163e-05
2.33512e-05
2.4027e-05
2.45703e-05
2.50015e-05
2.53376e-05
2.56384e-05
2.57711e-05
2.59067e-05
2.60099e-05
2.60491e-05
2.60563e-05
2.60443e-05
2.60097e-05
2.59567e-05
2.5891e-05
2.58144e-05
2.57333e-05
2.56448e-05
2.55628e-05
2.54695e-05
2.5385e-05
2.53204e-05
2.52548e-05
2.51872e-05
2.51306e-05
2.50866e-05
2.50538e-05
2.50305e-05
2.50181e-05
2.50173e-05
2.50282e-05
2.50511e-05
2.5086e-05
2.51329e-05
2.51916e-05
2.52629e-05
2.53459e-05
2.54379e-05
2.55387e-05
2.56507e-05
2.57724e-05
2.5907e-05
2.6052e-05
2.62117e-05
2.63823e-05
2.65694e-05
2.67685e-05
2.69849e-05
2.72155e-05
2.74622e-05
2.77286e-05
2.8004e-05
2.83141e-05
2.86118e-05
2.89825e-05
2.92745e-05
2.96852e-05
2.99416e-05
3.03952e-05
3.05843e-05
3.10501e-05
3.11383e-05
3.1569e-05
3.12785e-05
3.10278e-05
3.00435e-05
2.77621e-05
2.28607e-05
1.19373e-05
3.06458e-06
3.07144e-07
5.93247e-07
9.05123e-07
1.2234e-06
1.53072e-06
1.81901e-06
2.08781e-06
2.33758e-06
2.56657e-06
2.77348e-06
2.95668e-06
3.11691e-06
3.25357e-06
3.37012e-06
3.46503e-06
3.54444e-06
3.60611e-06
3.65097e-06
3.68571e-06
3.70589e-06
3.71945e-06
3.71929e-06
3.71561e-06
3.70659e-06
3.69103e-06
3.67127e-06
3.64837e-06
3.62288e-06
3.59559e-06
3.56713e-06
3.53767e-06
3.50804e-06
3.47872e-06
3.44976e-06
3.42136e-06
3.39399e-06
3.36776e-06
3.34297e-06
3.31958e-06
3.29794e-06
3.27789e-06
3.25983e-06
3.24349e-06
3.22932e-06
3.21694e-06
3.20686e-06
3.19859e-06
3.19275e-06
3.18861e-06
3.18694e-06
3.18753e-06
3.1895e-06
3.19423e-06
3.19943e-06
3.20994e-06
3.21855e-06
3.23464e-06
3.24675e-06
3.26891e-06
3.28433e-06
3.31316e-06
3.33166e-06
3.36733e-06
3.38882e-06
3.43081e-06
3.45819e-06
3.51417e-06
3.548e-06
3.6157e-06
3.65776e-06
3.73146e-06
3.78179e-06
3.85534e-06
3.91258e-06
3.96902e-06
4.00188e-06
3.98131e-06
3.88295e-06
3.56847e-06
2.63139e-06
)
;

boundaryField
{
    movingWall
    {
        type            nutkWallFunction;
        Cmu             0.09;
        kappa           0.41;
        E               9.8;
        value           uniform 0;
    }
    fixedWalls
    {
        type            nutkWallFunction;
        Cmu             0.09;
        kappa           0.41;
        E               9.8;
        value           uniform 0;
    }
    frontAndBack
    {
        type            empty;
    }
}


// ************************************************************************* //
