/*--------------------------------*- C++ -*----------------------------------*\
  =========                 |
  \\      /  F ield         | OpenFOAM: The Open Source CFD Toolbox
   \\    /   O peration     | Website:  https://openfoam.org
    \\  /    A nd           | Version:  13
     \\/     M anipulation  |
\*---------------------------------------------------------------------------*/
FoamFile
{
    format      ascii;
    class       volScalarField;
    location    "3.1";
    object      k;
}
// * * * * * * * * * * * * * * * * * * * * * * * * * * * * * * * * * * * * * //

dimensions      [0 2 -2 0 0 0 0];

internalField   nonuniform List<scalar> 
6400
(
4.3198e-07
2.18693e-06
5.09477e-06
8.14193e-06
1.06627e-05
1.24612e-05
1.36672e-05
1.45615e-05
1.54432e-05
1.65675e-05
1.81671e-05
2.03506e-05
2.32246e-05
2.68294e-05
3.11402e-05
3.60761e-05
4.15344e-05
4.73659e-05
5.34005e-05
5.95058e-05
6.57107e-05
7.2345e-05
7.99818e-05
8.90806e-05
9.97274e-05
0.000111392
0.000123188
0.000135085
0.000147267
0.000159998
0.000173388
0.000187222
0.000200794
0.000214141
0.000227161
0.000240158
0.000253229
0.000266616
0.000280459
0.000294939
0.000310171
0.000326264
0.000343367
0.000361602
0.000380927
0.000401382
0.000423165
0.000447058
0.00047458
0.000509445
0.000543788
0.000579048
0.000613508
0.00064674
0.000677537
0.000704706
0.000726862
0.000741014
0.000747729
0.00074964
0.000739129
0.000716107
0.000680855
0.000634277
0.000577399
0.000512514
0.000442318
0.000370954
0.00030167
0.0002363
0.00017773
0.000131345
9.32215e-05
6.32492e-05
4.10941e-05
2.5566e-05
1.51751e-05
8.39925e-06
3.79023e-06
7.93921e-07
2.10229e-06
1.76411e-05
4.12983e-05
6.44677e-05
8.31507e-05
9.67033e-05
0.000106327
0.000113875
0.000121259
0.000130169
0.000142
0.000157983
0.000178767
0.000204437
0.000234624
0.000268716
0.000305979
0.000345526
0.000386414
0.000427973
0.000470467
0.000515674
0.000566713
0.000625906
0.000693222
0.00076535
0.000837526
0.000908902
0.000979347
0.00104936
0.00111868
0.00118628
0.00124892
0.00130711
0.0013604
0.00141048
0.00145788
0.00150389
0.00154925
0.00159492
0.00164155
0.00168973
0.00174009
0.00179306
0.00184849
0.00190618
0.00196582
0.0020274
0.00208922
0.00214979
0.00221485
0.00228082
0.0023479
0.00241323
0.00247517
0.00253066
0.00257687
0.00260513
0.00261583
0.00261438
0.00258621
0.00252746
0.00243654
0.00231391
0.00216053
0.00197878
0.00177701
0.0015642
0.0013458
0.00112992
0.000923963
0.000728268
0.00055277
0.000403055
0.000281725
0.000187539
0.000117901
6.83802e-05
3.15177e-05
4.12528e-06
4.60856e-06
3.86486e-05
8.68331e-05
0.00012883
0.000160487
0.000183425
0.000200914
0.0002164
0.000233104
0.000253871
0.00028113
0.000316647
0.000361372
0.000415386
0.000478092
0.00054853
0.000625558
0.0007078
0.000793722
0.000881802
0.000970707
0.00105923
0.00114651
0.00123062
0.00130819
0.00137623
0.00143379
0.00148042
0.00151811
0.00155038
0.00157994
0.00160902
0.00163857
0.0016693
0.00170012
0.00173284
0.00176756
0.00180514
0.00184586
0.00189024
0.00193863
0.00199095
0.00204748
0.00210809
0.0021729
0.00224196
0.00231534
0.00239264
0.00247338
0.0025579
0.00264595
0.00273597
0.00282694
0.00291681
0.00300345
0.00308391
0.00315477
0.003212
0.00324708
0.00325975
0.00325205
0.00320898
0.00312758
0.00300654
0.00284508
0.00264287
0.00240956
0.00215557
0.00188771
0.00161684
0.00135315
0.00110469
0.000878182
0.000678681
0.000508754
0.000368346
0.000255002
0.000162434
7.95472e-05
1.04974e-05
7.86844e-06
6.43087e-05
0.000136212
0.000193191
0.000234959
0.000266324
0.000292432
0.000318046
0.000347466
0.000384449
0.000432034
0.000492154
0.000565399
0.000651036
0.000747335
0.000851935
0.000961904
0.00107384
0.00118401
0.00128853
0.00138402
0.00146747
0.00153679
0.00159116
0.00162961
0.0016532
0.00166596
0.00167353
0.00168176
0.00169194
0.00170409
0.00171903
0.00173568
0.00175603
0.00178003
0.00180791
0.0018397
0.00187565
0.00191579
0.00196002
0.00200858
0.0020614
0.00211862
0.00218023
0.00224628
0.00231663
0.00239099
0.00246981
0.00255316
0.00264074
0.00273206
0.00282618
0.00292205
0.00301809
0.0031123
0.00320196
0.00328374
0.00335373
0.00340733
0.00343406
0.00344079
0.00341801
0.00336245
0.00326822
0.0031306
0.00294638
0.00271751
0.00245691
0.00217439
0.00188199
0.0015921
0.00131591
0.00106239
0.000837393
0.00064383
0.000481752
0.000347802
0.000233817
0.000122101
1.66885e-05
1.21988e-05
9.66573e-05
0.000192647
0.00026401
0.00031596
0.000356549
0.000392807
0.000430883
0.000476175
0.000533178
0.000605046
0.000693068
0.000796427
0.00091241
0.00103695
0.00116509
0.0012913
0.00140974
0.00151485
0.00160162
0.00166832
0.00171205
0.00173213
0.00173781
0.00173271
0.00172171
0.00171261
0.00170635
0.00170378
0.00170348
0.00170891
0.00171855
0.00173232
0.00174992
0.00177124
0.0017962
0.00182476
0.00185677
0.00189199
0.00193046
0.00197216
0.00201709
0.00206533
0.00211699
0.00217229
0.00223154
0.00229523
0.00236327
0.00243581
0.00251282
0.00259425
0.00267979
0.00276894
0.00286092
0.00295457
0.00304822
0.0031393
0.0032247
0.00330054
0.00336171
0.00339682
0.00340802
0.0033848
0.00332251
0.00321693
0.00307684
0.00288073
0.0026378
0.00236004
0.00206056
0.00175439
0.00145664
0.00118028
0.00093423
0.00072288
0.000546421
0.000400842
0.00027603
0.00014958
2.06839e-05
1.80151e-05
0.000137729
0.000259232
0.000345674
0.000408824
0.000459979
0.000508136
0.000560906
0.000624648
0.00070407
0.000801544
0.00091657
0.00104576
0.00118339
0.00132232
0.00145482
0.00157323
0.00167057
0.00174336
0.00178305
0.00179687
0.00179468
0.00177262
0.00175051
0.00172999
0.00171212
0.00169735
0.00168668
0.00168097
0.00167889
0.00168041
0.00168628
0.00169523
0.00170732
0.00172214
0.00173967
0.00175961
0.00178164
0.00180573
0.00183192
0.00186025
0.00189084
0.00192383
0.00195946
0.00199798
0.00203971
0.00208492
0.00213382
0.00218689
0.00224454
0.00230724
0.00237537
0.0024492
0.00252872
0.00261369
0.00270351
0.00279721
0.00289275
0.00298777
0.00307801
0.0031583
0.00322073
0.00325026
0.00325503
0.00321184
0.0031194
0.00298374
0.00277981
0.00252401
0.00222837
0.00191021
0.00158942
0.00128508
0.00101193
0.000778163
0.000585154
0.000428253
0.000295532
0.000162189
2.22013e-05
2.57238e-05
0.000188885
0.000337746
0.000440345
0.000515867
0.00057886
0.000640351
0.000709295
0.000792537
0.000894127
0.00101454
0.00115038
0.00129489
0.00143909
0.00157315
0.0016878
0.00177601
0.00182679
0.001845
0.00184176
0.00181487
0.00178648
0.00175405
0.00172382
0.0016954
0.00166952
0.00164934
0.00163454
0.00162447
0.00161867
0.00161619
0.00161584
0.00161875
0.00162419
0.00163177
0.00164106
0.00165189
0.00166407
0.00167764
0.00169255
0.00170876
0.0017264
0.0017456
0.00176654
0.00178942
0.00181451
0.00184212
0.00187266
0.00190667
0.00194477
0.00198762
0.00203601
0.00209093
0.00215335
0.00222411
0.00230393
0.00239332
0.00249167
0.00259734
0.0027085
0.00282193
0.00293178
0.00302986
0.00309955
0.00312811
0.00311907
0.00304765
0.00291632
0.00270382
0.00242759
0.00210493
0.00175997
0.00141942
0.00110704
0.000838647
0.000619598
0.00044539
0.000302407
0.000164422
2.19877e-05
3.56829e-05
0.000250809
0.000428827
0.000548698
0.000637549
0.000713174
0.000788574
0.000873687
0.000975103
0.0010952
0.00123156
0.00137734
0.00152243
0.00165537
0.00176527
0.00184162
0.00187621
0.00188247
0.00185981
0.00182817
0.00178688
0.00174287
0.00169713
0.00165826
0.00162465
0.00159828
0.00157737
0.00156113
0.00154877
0.00153969
0.00153329
0.00152973
0.0015283
0.0015281
0.00152989
0.001533
0.00153737
0.00154276
0.00154915
0.00155656
0.00156496
0.00157444
0.00158507
0.00159698
0.00161036
0.00162543
0.00164245
0.00166175
0.00168374
0.00170895
0.00173793
0.00177138
0.00181013
0.00185516
0.0019078
0.00196963
0.00204248
0.0021287
0.00222913
0.0023419
0.00246813
0.00260395
0.00274313
0.00287791
0.00299303
0.00305286
0.00306699
0.00301956
0.00289231
0.00266149
0.00235345
0.00199307
0.00161371
0.00125029
0.000930946
0.000670311
0.000467318
0.000307582
0.000163367
2.12934e-05
4.81433e-05
0.000323399
0.000532209
0.000670251
0.000772882
0.000861105
0.000949662
0.00104894
0.00116444
0.00129604
0.00143798
0.00158012
0.00171003
0.0018156
0.00188091
0.00190521
0.00190232
0.00187263
0.00183011
0.00177563
0.00171598
0.00166198
0.00161619
0.00157779
0.0015457
0.0015198
0.00149854
0.00148133
0.00146751
0.00145667
0.00144843
0.00144256
0.00143868
0.00143679
0.00143618
0.00143674
0.00143886
0.00144202
0.00144622
0.00145139
0.00145751
0.00146461
0.00147275
0.00148202
0.00149258
0.00150463
0.00151841
0.00153418
0.00155224
0.00157288
0.00159642
0.00162318
0.00165349
0.00168774
0.00172655
0.00177069
0.00182144
0.001881
0.00195287
0.0020436
0.00215475
0.00228856
0.00243814
0.00260361
0.00277222
0.00292797
0.00302385
0.00305543
0.00302771
0.00289736
0.00263704
0.00228596
0.00187943
0.00146233
0.0010782
0.000757239
0.000508579
0.000320207
0.000163874
2.11609e-05
6.32466e-05
0.000405554
0.000646704
0.000803469
0.000919638
0.00101933
0.00111871
0.00122802
0.00135104
0.00148472
0.00162016
0.00174488
0.00184579
0.00190406
0.00192307
0.00191187
0.0018802
0.00182554
0.00175628
0.001688
0.00162748
0.00157556
0.0015321
0.00149574
0.00146544
0.00144047
0.00141977
0.00140292
0.00138945
0.00137903
0.00137136
0.00136612
0.00136348
0.00136253
0.00136254
0.00136463
0.00136793
0.00137232
0.00137769
0.00138396
0.0013911
0.00139913
0.00140808
0.00141806
0.0014292
0.00144165
0.00145561
0.00147129
0.0014889
0.00150864
0.00153071
0.00155531
0.00158258
0.00161259
0.00164551
0.00168155
0.00172101
0.00176484
0.00181467
0.0018731
0.00194428
0.00203569
0.00216191
0.0023206
0.00250337
0.00270384
0.00289758
0.00302747
0.00307377
0.00305603
0.00291048
0.00260822
0.00220385
0.00174662
0.00129476
0.000898135
0.000584018
0.000349678
0.000169894
2.18487e-05
8.17502e-05
0.00049489
0.000770441
0.00094592
0.00107454
0.0011834
0.00128972
0.00140318
0.00152548
0.00165083
0.00176802
0.00186378
0.00191762
0.0019337
0.00191913
0.00188213
0.00181693
0.00173805
0.00166337
0.00159603
0.0015387
0.00149045
0.00145018
0.00141654
0.00138862
0.0013657
0.00134712
0.00133252
0.0013215
0.00131373
0.0013092
0.00130724
0.00130685
0.00130842
0.0013116
0.00131626
0.0013219
0.00132846
0.00133578
0.00134382
0.00135256
0.00136203
0.0013723
0.00138349
0.00139572
0.00140916
0.00142399
0.00144038
0.00145854
0.00147863
0.00150084
0.00152532
0.0015522
0.00158162
0.00161338
0.00164725
0.0016829
0.00172039
0.00176019
0.00180298
0.00185126
0.00190936
0.00198446
0.00208757
0.00224074
0.00243802
0.0026639
0.00289408
0.00305244
0.0031087
0.00308818
0.00291014
0.00255177
0.00208542
0.0015792
0.00110264
0.000707011
0.000408994
0.000188488
2.42189e-05
0.000103442
0.000590475
0.000901094
0.00109447
0.00123359
0.00134825
0.00145646
0.00156707
0.00167986
0.001787
0.00187631
0.00192712
0.00194183
0.00192608
0.00188424
0.00181112
0.0017258
0.00164335
0.00157006
0.001507
0.00145428
0.0014103
0.0013738
0.00134368
0.00131921
0.00129978
0.00128488
0.00127412
0.00126721
0.00126392
0.0012629
0.00126366
0.00126667
0.00127117
0.00127687
0.00128349
0.00129077
0.00129863
0.00130699
0.00131587
0.00132529
0.00133535
0.00134616
0.00135789
0.00137072
0.00138483
0.00140045
0.00141779
0.00143705
0.00145842
0.00148206
0.00150807
0.00153645
0.00156714
0.00159996
0.00163469
0.00167118
0.00170845
0.00174604
0.0017833
0.00182133
0.00186247
0.00191071
0.00197296
0.0020619
0.00219674
0.0024006
0.00264925
0.00291246
0.00308923
0.00314751
0.00310783
0.00287443
0.00244356
0.00191256
0.00136632
0.000882757
0.000505101
0.000227775
2.96024e-05
0.000127578
0.000691065
0.00103577
0.00124547
0.00139244
0.00150879
0.00161316
0.00171367
0.00180872
0.00188955
0.00193705
0.00195083
0.00193382
0.00188912
0.0018105
0.00172023
0.00163077
0.00155049
0.00148186
0.00142429
0.00137669
0.00133744
0.00130541
0.00127974
0.00125976
0.00124489
0.00123458
0.00122884
0.00122645
0.00122602
0.00122796
0.00123169
0.00123685
0.0012429
0.00124959
0.00125673
0.00126419
0.00127195
0.00128004
0.00128853
0.00129754
0.00130722
0.00131775
0.00132934
0.0013422
0.00135657
0.0013727
0.00139085
0.00141125
0.00143414
0.00145971
0.00148807
0.00151925
0.00155314
0.00158944
0.00162766
0.00166712
0.00170702
0.00174636
0.00178321
0.00181852
0.0018535
0.00189093
0.00193277
0.00198566
0.00206372
0.00218635
0.0023887
0.00265837
0.00294961
0.00312931
0.00317725
0.00309938
0.00277744
0.00226446
0.00167203
0.00110531
0.000638772
0.000288136
3.85449e-05
0.000153505
0.000794332
0.00117115
0.00139506
0.00154675
0.00166034
0.00175508
0.00183876
0.00190929
0.00195196
0.0019644
0.00194529
0.00189915
0.00181759
0.00172271
0.00162677
0.0015391
0.00146392
0.00140123
0.00134955
0.0013074
0.00127336
0.00124646
0.00122588
0.00121094
0.00120091
0.00119589
0.00119403
0.00119387
0.00119619
0.00120008
0.00120503
0.00121066
0.00121663
0.00122279
0.00122907
0.00123546
0.00124205
0.00124893
0.00125626
0.00126421
0.00127298
0.00128278
0.00129384
0.0013064
0.00132072
0.00133706
0.00135571
0.00137695
0.00140107
0.00142832
0.00145892
0.00149298
0.00153052
0.0015713
0.00161487
0.00166041
0.00170678
0.00175251
0.00179819
0.00183782
0.00186957
0.00189787
0.00192758
0.00196516
0.00201339
0.00208392
0.00220024
0.00240136
0.00268986
0.0030029
0.00316263
0.00318766
0.0030411
0.00260133
0.00199734
0.00136171
0.000803964
0.000366864
5.06073e-05
0.000180438
0.00089772
0.00130388
0.00153951
0.00169258
0.00179898
0.00187873
0.00193988
0.00197542
0.00198494
0.00196351
0.00191732
0.0018344
0.00173503
0.00163256
0.00153711
0.00145437
0.00138552
0.00132917
0.00128354
0.00124711
0.00121862
0.00119712
0.00118174
0.00117167
0.0011667
0.00116488
0.0011647
0.00116666
0.00117009
0.00117428
0.00117884
0.00118353
0.00118819
0.00119279
0.00119739
0.00120209
0.00120703
0.00121239
0.00121835
0.00122512
0.0012329
0.00124191
0.00125237
0.00126452
0.00127861
0.00129489
0.00131368
0.00133527
0.00136
0.00138822
0.00142023
0.00145632
0.00149666
0.00154125
0.00158984
0.0016418
0.00169604
0.00175095
0.00180434
0.00185615
0.0019021
0.00193353
0.00195545
0.00197464
0.00200416
0.00205041
0.00211535
0.00223005
0.00243757
0.00274756
0.0030557
0.00318916
0.0031672
0.00289033
0.00232009
0.00163863
0.000992547
0.000459314
6.50909e-05
0.000207467
0.000998624
0.00143078
0.00167546
0.0018267
0.00192183
0.00198212
0.00201175
0.00201769
0.00199425
0.00194457
0.00186201
0.00175896
0.00164969
0.0015458
0.00145441
0.00137803
0.00131586
0.00126593
0.00122638
0.00119575
0.00117282
0.00115651
0.00114579
0.0011403
0.00113809
0.00113763
0.00113873
0.00114121
0.00114425
0.00114743
0.00115053
0.00115345
0.0011562
0.00115887
0.0011616
0.00116455
0.00116794
0.00117193
0.00117674
0.00118255
0.00118956
0.00119796
0.00120794
0.00121972
0.00123351
0.00124956
0.00126816
0.00128963
0.00131432
0.00134265
0.00137503
0.00141188
0.00145359
0.00150041
0.00155241
0.00160932
0.00167039
0.00173425
0.00179876
0.00186098
0.00191953
0.00197129
0.00200342
0.00201916
0.00203018
0.00204875
0.00209077
0.0021547
0.00227273
0.00249388
0.00282587
0.0031019
0.00319359
0.00307886
0.00261782
0.00192482
0.00119829
0.000560928
8.11151e-05
0.000233872
0.00109478
0.00154918
0.00180035
0.00194715
0.00202647
0.00205993
0.00206453
0.0020393
0.00198423
0.00190253
0.0017958
0.00167989
0.00156677
0.00146543
0.00137991
0.00131034
0.00125485
0.00121123
0.00117763
0.00115258
0.00113474
0.00112291
0.00111626
0.00111327
0.00111231
0.00111228
0.00111352
0.00111522
0.0011169
0.00111835
0.00111952
0.00112045
0.00112127
0.00112214
0.00112324
0.00112479
0.001127
0.00113004
0.00113409
0.00113932
0.00114588
0.00115392
0.00116362
0.00117513
0.00118864
0.00120437
0.00122258
0.00124358
0.00126774
0.00129548
0.0013273
0.00136375
0.00140536
0.00145266
0.00150605
0.00156567
0.00163128
0.001702
0.00177618
0.00185112
0.00192302
0.00198886
0.00204615
0.00207459
0.0020864
0.00209083
0.00209944
0.00213425
0.0022006
0.00232749
0.00257552
0.00292757
0.00312735
0.00315042
0.00287118
0.00220902
0.00141664
0.000667869
9.77583e-05
0.000258893
0.00118425
0.00165694
0.00191246
0.00204983
0.00210865
0.00212069
0.00209658
0.00203847
0.00195693
0.00184733
0.00172476
0.00160192
0.0014892
0.00139266
0.00131375
0.001251
0.00120197
0.00116438
0.00113637
0.00111636
0.00110288
0.00109455
0.00109028
0.00108833
0.00108757
0.00108738
0.00108764
0.00108777
0.00108771
0.00108724
0.00108651
0.00108565
0.00108485
0.00108444
0.00108435
0.00108494
0.00108643
0.00108896
0.00109265
0.00109763
0.00110402
0.00111194
0.00112152
0.00113288
0.00114616
0.00116157
0.00117931
0.00119967
0.00122301
0.00124976
0.00128042
0.00131561
0.00135601
0.00140232
0.00145524
0.00151532
0.00158284
0.00165755
0.00173847
0.00182358
0.00190957
0.00199167
0.00206547
0.0021241
0.00214808
0.00215443
0.00215257
0.00215078
0.00218107
0.00225176
0.00239648
0.00268601
0.00301684
0.00314898
0.00302923
0.00247529
0.00164273
0.000776132
0.000115041
0.000281992
0.00126512
0.00175223
0.00200865
0.00213311
0.00217334
0.00216471
0.00211153
0.00202639
0.00191467
0.00178605
0.00165318
0.00152789
0.00141829
0.0013277
0.00125553
0.00119935
0.00115642
0.00112442
0.00110139
0.00108561
0.00107545
0.00106942
0.00106615
0.00106427
0.00106299
0.00106187
0.00106068
0.00105914
0.00105726
0.00105507
0.00105276
0.00105053
0.00104859
0.00104725
0.00104667
0.00104663
0.0010478
0.00105013
0.00105374
0.0010587
0.0010651
0.00107304
0.0010826
0.00109387
0.00110699
0.00112209
0.00113938
0.00115909
0.00118154
0.00120715
0.0012364
0.00126993
0.00130845
0.00135282
0.00140393
0.00146267
0.00152977
0.00160564
0.00169006
0.00178182
0.00187843
0.00197573
0.00206778
0.00214859
0.0022047
0.00222262
0.00222431
0.00220941
0.00220066
0.00222975
0.00231023
0.00248814
0.0028213
0.00305584
0.00308743
0.00271213
0.00187429
0.000885642
0.000132648
0.00030287
0.00133581
0.00183382
0.00208658
0.00219781
0.00222345
0.00219085
0.00210962
0.0019993
0.00186511
0.00172254
0.00158386
0.00145928
0.0013544
0.00127018
0.00120458
0.00115456
0.00111724
0.00109019
0.00107135
0.00105882
0.00105089
0.00104602
0.0010429
0.00104049
0.00103822
0.0010358
0.00103306
0.00102992
0.00102651
0.00102297
0.00101953
0.00101639
0.00101377
0.00101191
0.00101103
0.00101083
0.00101186
0.00101418
0.00101782
0.00102284
0.00102931
0.00103728
0.00104684
0.00105805
0.00107102
0.00108586
0.00110274
0.00112186
0.00114351
0.00116804
0.00119591
0.00122773
0.0012642
0.00130621
0.00135478
0.00141102
0.00147604
0.00155079
0.00163579
0.0017308
0.00183431
0.00194311
0.00205189
0.00215296
0.00223965
0.002287
0.00229891
0.00229025
0.00225934
0.00224501
0.00228135
0.00237964
0.00261923
0.00295286
0.00308558
0.00289512
0.00210792
0.00100265
0.000151462
0.000320801
0.00139605
0.00190012
0.00214737
0.00224587
0.00225829
0.00220274
0.00209875
0.00196279
0.0018116
0.00165949
0.00151844
0.00139667
0.00129733
0.00121948
0.00116008
0.00111571
0.00108338
0.00106055
0.00104501
0.00103478
0.00102814
0.0010236
0.00102007
0.00101677
0.00101332
0.00100954
0.0010054
0.00100096
0.000996402
0.000991925
0.000987747
0.000984073
0.000981083
0.000978982
0.000977981
0.000977743
0.00097873
0.00098106
0.000984723
0.000989761
0.000996226
0.00100418
0.00101368
0.00102479
0.00103759
0.00105219
0.00106872
0.00108735
0.00110833
0.00113197
0.00115867
0.00118897
0.00122354
0.00126324
0.00130909
0.00136233
0.0014243
0.00149637
0.00157972
0.00167499
0.00178182
0.00189825
0.00202013
0.00214063
0.00225004
0.00233563
0.00237013
0.0023747
0.00234712
0.00230032
0.00228264
0.00233302
0.00247114
0.00278323
0.00299451
0.00298289
0.0023395
0.00114127
0.000174277
0.000335553
0.00144563
0.0019512
0.00219194
0.00227825
0.00227839
0.00220095
0.00207584
0.00192084
0.00175673
0.00159868
0.00145778
0.00134009
0.00124659
0.00117487
0.00112119
0.0010819
0.00105388
0.00103447
0.00102139
0.00101264
0.00100655
0.00100183
0.000997573
0.000993252
0.000988629
0.000983653
0.00097839
0.000972989
0.00096765
0.000962579
0.000957971
0.000954001
0.000950813
0.00094857
0.00094749
0.000947214
0.000948111
0.00095036
0.000953933
0.000958864
0.000965202
0.000973009
0.000982341
0.000993262
0.00100585
0.00102019
0.00103641
0.00105465
0.00107513
0.00109809
0.00112389
0.001153
0.001186
0.0012237
0.00126707
0.00131733
0.00137594
0.00144453
0.00152476
0.00161803
0.00172506
0.00184521
0.00197577
0.00211115
0.00224237
0.0023569
0.00243292
0.00245393
0.00244399
0.00238937
0.00233459
0.00232353
0.00239946
0.00261779
0.00292155
0.00300727
0.00256407
0.00131426
0.000204138
0.000346885
0.00148429
0.00198741
0.00222076
0.00229817
0.00228459
0.00219151
0.00204594
0.00187581
0.00170234
0.00154119
0.00140218
0.00128926
0.00120159
0.00113561
0.00108711
0.00105228
0.00102786
0.00101113
0.000999771
0.000991844
0.000985825
0.000980618
0.000975535
0.000970226
0.000964588
0.000958663
0.000952583
0.000946528
0.000940693
0.000935261
0.000930396
0.000926236
0.000922897
0.000920478
0.000919244
0.000918869
0.000919536
0.000921547
0.000924862
0.000929517
0.000935564
0.000943072
0.000952104
0.000962729
0.000975024
0.000989078
0.001005
0.00102292
0.00104301
0.0010655
0.00109068
0.00111894
0.00115079
0.00118694
0.00122826
0.00127592
0.00133136
0.00139631
0.00147271
0.00156256
0.00166749
0.00178817
0.00192347
0.00206948
0.00221862
0.00235916
0.00247333
0.00252633
0.00253505
0.00249756
0.00240867
0.00235865
0.00237291
0.00249509
0.00280426
0.00297241
0.0027545
0.00151949
0.000241314
0.000354721
0.00151241
0.00201008
0.00223581
0.0023055
0.00228045
0.0021718
0.00201128
0.00182953
0.00164971
0.0014876
0.00135162
0.00124377
0.00116169
0.00110099
0.00105712
0.0010261
0.00100462
0.000989918
0.000979695
0.000972135
0.000965893
0.000960078
0.000954192
0.000948033
0.000941592
0.000934974
0.000928336
0.000921856
0.000915705
0.000910033
0.000904968
0.000900616
0.000897067
0.0008944
0.000892843
0.00089226
0.00089253
0.000894116
0.000896988
0.000901189
0.000906774
0.000913825
0.000922418
0.00093263
0.000944545
0.000958255
0.000973864
0.000991496
0.0010113
0.00103347
0.00105826
0.00108598
0.00111709
0.00115215
0.00119196
0.00123756
0.00129029
0.00135187
0.00142437
0.00151013
0.00161149
0.00173024
0.00186682
0.00201916
0.00218144
0.00234301
0.00248792
0.00258788
0.00261744
0.0026036
0.00252355
0.00241324
0.00237412
0.00243697
0.00266819
0.00289352
0.00286167
0.00174118
0.000282376
0.000359258
0.00153062
0.00201998
0.00223777
0.00230241
0.00226797
0.00214572
0.00197362
0.00178337
0.00159966
0.00143817
0.00130589
0.00120314
0.0011263
0.00107039
0.00103058
0.00100279
0.000983656
0.000970425
0.000960898
0.000953407
0.0009468
0.000940376
0.000933793
0.000926957
0.000919924
0.000912825
0.000905815
0.000899051
0.000892668
0.000886784
0.000881494
0.000876883
0.000873025
0.000869997
0.000867913
0.000866918
0.000866725
0.000867685
0.000869938
0.000873516
0.000878483
0.000884932
0.000892954
0.000902639
0.000914081
0.00092738
0.000942643
0.00095999
0.000979561
0.00100152
0.00102609
0.00105353
0.00108421
0.00111862
0.00115742
0.00120153
0.00125216
0.00131091
0.00137984
0.00146144
0.0015585
0.00167371
0.00180892
0.00196398
0.00213527
0.00231421
0.00248632
0.00262699
0.00269252
0.00270195
0.00264495
0.00251208
0.00241925
0.00241498
0.00255797
0.00283949
0.00290065
0.00198226
0.000328301
0.000359945
0.00153967
0.00201925
0.00223219
0.00229159
0.00224637
0.0021149
0.00193434
0.00173832
0.00155272
0.00139295
0.00126471
0.00116689
0.00109489
0.00104326
0.00100697
0.000981861
0.000964566
0.000952387
0.000943248
0.000935658
0.000928647
0.00092168
0.000914535
0.000907193
0.000899741
0.000892311
0.00088504
0.000878052
0.000871449
0.000865318
0.000859731
0.000854757
0.000850465
0.000846928
0.000844223
0.000842522
0.000841838
0.000842026
0.000843504
0.000846316
0.000850533
0.000856258
0.000863595
0.000872651
0.000883531
0.000896346
0.000911212
0.00092825
0.000947596
0.000969403
0.000993857
0.00102119
0.0010517
0.0010858
0.00112404
0.0011672
0.00121633
0.00127289
0.00133881
0.00141658
0.00150921
0.00162001
0.00175196
0.00190667
0.00208272
0.00227382
0.00246701
0.00264161
0.00275689
0.00278994
0.0027621
0.00263917
0.00247462
0.00241477
0.00248536
0.00276008
0.00290291
0.00222354
0.000375938
0.000358537
0.0015417
0.0020126
0.00221755
0.00227083
0.00221873
0.00208073
0.00189452
0.00169508
0.00150914
0.00135183
0.00122774
0.00113458
0.00106698
0.00101913
0.000985856
0.00096296
0.000947091
0.000935646
0.000926697
0.000918927
0.000911536
0.00090412
0.000896545
0.000888835
0.000881086
0.000873414
0.000865929
0.00085872
0.00085186
0.000845414
0.000839437
0.000833992
0.000829147
0.000824979
0.000821575
0.000819031
0.000817558
0.000817071
0.00081764
0.000819571
0.000822936
0.00082784
0.000834403
0.000842742
0.000852979
0.000865238
0.000879644
0.000896327
0.000915426
0.000937089
0.000961485
0.000988816
0.00101934
0.00105338
0.00109141
0.00113406
0.00118225
0.00123725
0.00130081
0.00137531
0.0014638
0.00156992
0.00169751
0.0018497
0.0020273
0.00222674
0.00243782
0.00264249
0.00280382
0.00286986
0.00287165
0.00277349
0.00258018
0.00245695
0.00245637
0.00265434
0.00284498
0.00243456
0.000419181
0.000354999
0.00153911
0.00199719
0.00219407
0.00224334
0.00218638
0.00204435
0.00185498
0.00165411
0.00146904
0.00131466
0.00119465
0.0011058
0.00104216
0.000997616
0.000966911
0.000945821
0.000931049
0.000920109
0.000911231
0.00090326
0.000895539
0.000887768
0.000879871
0.000871893
0.00086392
0.000856045
0.000848346
0.000840884
0.00083371
0.00082687
0.000820414
0.000814403
0.000808908
0.000804016
0.000799823
0.000796437
0.000793974
0.000792709
0.000792429
0.000793389
0.000795833
0.000799853
0.000805574
0.00081313
0.000822656
0.000834288
0.000848166
0.000864434
0.000883236
0.000904725
0.000929064
0.000956438
0.000987064
0.00102122
0.00105929
0.0011018
0.00114951
0.00120351
0.00126536
0.00133724
0.0014221
0.0015237
0.00164642
0.00179456
0.00197092
0.00217446
0.00239754
0.00262346
0.00282572
0.0029427
0.00296898
0.00290273
0.00271169
0.00250409
0.00244979
0.00258721
0.00279383
0.00259839
0.000453373
0.000349441
0.00153183
0.00197465
0.00216452
0.00221048
0.00215051
0.00200667
0.00181633
0.00161569
0.00143242
0.00128122
0.00116511
0.00108019
0.00102007
0.000978403
0.000949865
0.000930241
0.000916312
0.000905719
0.000896843
0.00088868
0.000880688
0.000872642
0.000864503
0.000856315
0.000848151
0.000840075
0.000832138
0.000824377
0.000816825
0.000809522
0.000802515
0.000795868
0.000789661
0.000783988
0.000778957
0.000774687
0.000771301
0.000769006
0.00076799
0.000767972
0.000769459
0.000772557
0.000777399
0.000784127
0.000792886
0.000803829
0.000817112
0.000832891
0.000851327
0.000872581
0.000896822
0.000924226
0.000954992
0.000989357
0.00102763
0.00107025
0.00111784
0.00117132
0.00123204
0.00130195
0.00138381
0.00148132
0.00159914
0.00174243
0.0019157
0.00212057
0.00235266
0.00259822
0.00283181
0.00300125
0.00305831
0.00302782
0.00285647
0.00259119
0.00246468
0.00252164
0.00274512
0.00268918
0.000471711
0.000341948
0.00151902
0.00194708
0.00213016
0.00217347
0.00211212
0.00196844
0.00177901
0.00157999
0.00139921
0.0012513
0.00113884
0.00105745
0.00100041
0.000961222
0.0009345
0.000916063
0.000902781
0.000892426
0.00088352
0.000875186
0.000866974
0.000858713
0.00085038
0.000842013
0.000833663
0.000825368
0.000817157
0.00080905
0.00080107
0.000793252
0.000785648
0.000778328
0.00077138
0.00076491
0.000759036
0.000753888
0.000749606
0.000746334
0.000744329
0.000743588
0.0007441
0.000746269
0.000750218
0.000756093
0.00076405
0.000774254
0.000786875
0.00080209
0.000820075
0.000841011
0.000865076
0.000892453
0.000923333
0.000957928
0.000996499
0.0010394
0.00108713
0.00114047
0.00120055
0.00126908
0.00134859
0.00144259
0.00155578
0.00169384
0.0018626
0.00206602
0.00230292
0.00256302
0.00282393
0.0030422
0.00313894
0.00314143
0.0029958
0.00271403
0.00250355
0.0024889
0.00269974
0.0027298
0.000478977
0.000333023
0.00150308
0.00191564
0.00209212
0.00213339
0.00207208
0.00193023
0.00174332
0.00154705
0.0013693
0.00122467
0.00111556
0.0010373
0.000982934
0.00094585
0.00092064
0.00090316
0.000890375
0.000880182
0.000871231
0.000862748
0.000854356
0.000845918
0.000837417
0.000828879
0.000820332
0.000811794
0.000803275
0.000794785
0.000786343
0.000777985
0.000769767
0.000761768
0.000754087
0.000746838
0.00074015
0.000734162
0.000729021
0.000724875
0.000721876
0.000720358
0.00072006
0.000721312
0.000724381
0.000729402
0.000736539
0.000745967
0.000757871
0.000772446
0.000789891
0.000810407
0.000834196
0.000861453
0.000892375
0.000927164
0.000966048
0.00100932
0.00105738
0.00111085
0.00117069
0.00123837
0.00131613
0.00140724
0.00151628
0.00164916
0.00181267
0.00201276
0.00225132
0.00252153
0.00280328
0.00306118
0.00321389
0.00324603
0.00313691
0.00285464
0.00255528
0.00247617
0.00264647
0.00274167
0.00048059
0.000323003
0.00148482
0.00188136
0.00205143
0.0020912
0.0020311
0.00189251
0.00170945
0.00151688
0.00134253
0.00120111
0.00109503
0.00101949
0.00096741
0.000932099
0.000908134
0.000891421
0.000879017
0.000868933
0.000859929
0.000851316
0.000842771
0.000834177
0.000825517
0.000816801
0.000808042
0.000799238
0.000790388
0.000781495
0.000772579
0.000763679
0.00075486
0.000746207
0.00073783
0.000729852
0.000722409
0.000715648
0.000709716
0.000704766
0.000700945
0.000698534
0.000697592
0.000697992
0.000700217
0.000704406
0.000710725
0.000719356
0.000730499
0.000744367
0.000761182
0.000781172
0.000804565
0.000831584
0.000862441
0.000897343
0.000936502
0.000980163
0.00102865
0.00108246
0.00114238
0.00120964
0.00128619
0.00137503
0.00148047
0.00160846
0.00176637
0.00196179
0.00219956
0.00247686
0.00277742
0.00306703
0.00327482
0.00334111
0.00327166
0.00300461
0.0026382
0.00247894
0.00258395
0.00274196
0.000479397
0.000312111
0.00146498
0.00184517
0.00200897
0.0020477
0.00198977
0.00185561
0.00167751
0.0014894
0.00131875
0.00118043
0.00107704
0.00100382
0.000953651
0.000919804
0.000896852
0.000880746
0.00086863
0.000858615
0.000849553
0.000840823
0.000832139
0.000823399
0.000814579
0.000805678
0.000796691
0.000787606
0.000778415
0.000769118
0.000759738
0.00075032
0.000740936
0.000731681
0.000722672
0.000714039
0.000705925
0.00069848
0.000691855
0.000686205
0.000681681
0.000678451
0.000676847
0.000676572
0.000678005
0.000681404
0.000686926
0.000694758
0.000705112
0.000718218
0.000734322
0.00075368
0.000776555
0.000803201
0.000833862
0.000868762
0.000908114
0.000952134
0.00100109
0.00105536
0.00111558
0.00118276
0.00125859
0.00134571
0.00144815
0.00157168
0.00172398
0.00191379
0.00214851
0.00242924
0.00274425
0.00306353
0.00332325
0.00342839
0.00339874
0.00315211
0.00275026
0.00250544
0.00253734
0.00271379
0.000472077
0.000300859
0.00144435
0.00180789
0.00196552
0.00200358
0.00194858
0.00181979
0.00164754
0.00146452
0.00129779
0.00116243
0.00106138
0.000990095
0.000941492
0.000908826
0.000886678
0.000871043
0.000859139
0.000849161
0.000840036
0.000831195
0.00082238
0.000813494
0.000804511
0.000795416
0.000786194
0.000776825
0.000767298
0.000757615
0.000747801
0.000737909
0.000728019
0.000718233
0.000708674
0.00069948
0.000690796
0.000682773
0.000675565
0.000669323
0.000664196
0.000660331
0.000658029
0.000657233
0.000657955
0.000660622
0.000665387
0.000672437
0.000681992
0.000694297
0.000709621
0.000728253
0.00075049
0.000776628
0.000806949
0.000841709
0.000881138
0.000925444
0.000974849
0.00102965
0.00109033
0.0011577
0.00123319
0.00131911
0.00141912
0.00153873
0.00168563
0.00186937
0.00209946
0.00238062
0.00270544
0.00304672
0.00335466
0.00350898
0.00351726
0.00330073
0.00288266
0.00253652
0.00249897
0.00267452
0.000462283
0.000288923
0.00142343
0.00177022
0.00192172
0.00195941
0.00190793
0.00178522
0.00161957
0.00144212
0.00127947
0.00114693
0.0010479
0.000978169
0.000930792
0.000899041
0.000877508
0.000862224
0.000850467
0.000840499
0.000831305
0.000822356
0.000813411
0.00080438
0.00079523
0.000785938
0.000776482
0.00076684
0.000756997
0.00074696
0.00073676
0.000726455
0.000716133
0.000705902
0.00069589
0.000686238
0.000677094
0.000668609
0.000660935
0.00065422
0.000648606
0.000644235
0.000641325
0.000640069
0.000640193
0.000642205
0.000646266
0.000652566
0.00066133
0.000672815
0.000687312
0.000705139
0.000726631
0.000752131
0.000781968
0.000816443
0.000855816
0.000900305
0.000950106
0.00100545
0.00106669
0.00113447
0.00120993
0.00129509
0.00139321
0.00150945
0.00165132
0.00182884
0.00205321
0.00233262
0.00266457
0.00302637
0.00336898
0.00358322
0.00362689
0.00344837
0.00302815
0.00258879
0.00247291
0.00262213
0.000450051
0.000278014
0.00140218
0.00173279
0.00187815
0.00191567
0.00186811
0.00175204
0.00159353
0.00142205
0.00126363
0.00113377
0.00103644
0.000967905
0.000921429
0.000890342
0.000869249
0.000854207
0.000842539
0.000832557
0.000823288
0.000814231
0.000805158
0.000795982
0.000786665
0.000777181
0.000767503
0.000757607
0.000747483
0.000737139
0.000726612
0.000715968
0.000705298
0.000694716
0.000684354
0.000674353
0.000664864
0.000656035
0.000648013
0.000640943
0.000634962
0.000630206
0.000626813
0.000625089
0.000624776
0.000626209
0.000629631
0.000635227
0.000643225
0.00065389
0.000667533
0.000684498
0.00070516
0.000729909
0.000759129
0.000793175
0.000832352
0.000876904
0.000927022
0.000982884
0.00104474
0.00111307
0.00118878
0.00127355
0.00137027
0.00148366
0.00162096
0.00179232
0.00201016
0.0022857
0.00262131
0.00299962
0.00337408
0.00364622
0.00372897
0.00359237
0.00317769
0.00266106
0.00245956
0.00256266
0.000436848
0.000268963
0.00137895
0.0016958
0.00183523
0.00187275
0.00182938
0.00172031
0.00156936
0.0014042
0.00125011
0.00112281
0.00102688
0.000959192
0.000913305
0.000882639
0.00086182
0.00084692
0.000835287
0.000825268
0.000815917
0.000806752
0.000797554
0.000788237
0.00077876
0.000769095
0.000759215
0.000749098
0.000738735
0.00072814
0.000717356
0.000706453
0.000695525
0.00068469
0.000674081
0.000663842
0.000654118
0.000645057
0.000636801
0.000629488
0.000623246
0.000618202
0.000614476
0.000612327
0.000611667
0.000612608
0.000615462
0.000620411
0.000627682
0.000637547
0.00065033
0.000666401
0.000686172
0.000710082
0.000738571
0.000772058
0.000810904
0.000855395
0.000905736
0.000962074
0.00102458
0.00109356
0.00116972
0.00125441
0.00135016
0.00146124
0.00159445
0.00175988
0.00197075
0.00224083
0.00257726
0.00296871
0.00337377
0.00369897
0.00382398
0.00373202
0.00332945
0.00275604
0.00245473
0.00249843
0.000423585
0.000260449
0.0013543
0.00165941
0.00179332
0.00183097
0.00179193
0.0016901
0.00154698
0.00138841
0.00123877
0.00111391
0.00101911
0.000951944
0.00090634
0.000875859
0.000855152
0.000840294
0.000828646
0.000818567
0.000809129
0.000799858
0.00079054
0.000781089
0.000771465
0.000761639
0.000751587
0.000741287
0.000730737
0.000719955
0.000708987
0.000697906
0.000686811
0.000675821
0.000665067
0.000654691
0.000644839
0.00063565
0.000627263
0.000619806
0.000613402
0.000608166
0.000604207
0.000601722
0.00060077
0.000601304
0.000603665
0.00060803
0.000614624
0.000623724
0.000635662
0.000650833
0.00066968
0.00069269
0.000720362
0.000753181
0.000791577
0.000835891
0.000886357
0.000943111
0.00100625
0.00107597
0.00115274
0.00123764
0.00133279
0.00144201
0.00157165
0.00173149
0.0019352
0.00219857
0.00253309
0.0029334
0.00336295
0.00374026
0.00391209
0.00386545
0.0034787
0.00287369
0.00245734
0.00243302
0.00041129
0.000252003
0.0013287
0.00162395
0.00175256
0.00179059
0.00175592
0.00166143
0.00152633
0.00137457
0.00122948
0.00110696
0.00101305
0.00094609
0.000900476
0.000869946
0.000849189
0.000834276
0.000822559
0.0008124
0.000802869
0.000793496
0.000784067
0.000774495
0.000764742
0.000754782
0.000744591
0.000734156
0.000723474
0.000712571
0.000701493
0.000690318
0.000679144
0.000668088
0.000657284
0.000646867
0.000636979
0.000627756
0.000619327
0.000611816
0.000605334
0.000599989
0.000595879
0.000593146
0.000591945
0.000592149
0.000594087
0.000597933
0.000603908
0.000612289
0.000623418
0.000637703
0.000655621
0.0006777
0.000704498
0.00073657
0.000774419
0.000818454
0.000868955
0.000926064
0.000989835
0.00106034
0.00113785
0.00122317
0.00131806
0.00142586
0.00155241
0.00170707
0.00190364
0.00215945
0.00248998
0.00289617
0.00334732
0.00377001
0.00399528
0.00399346
0.00363211
0.00300233
0.00247782
0.002371
0.000400868
0.000243507
0.00130234
0.00158966
0.00171324
0.00175162
0.00172146
0.00163426
0.0015073
0.00136254
0.00122209
0.00110187
0.00100865
0.000941602
0.000895681
0.000864863
0.000843889
0.000828818
0.000816981
0.000806718
0.00079709
0.000787621
0.000778093
0.000768418
0.00075856
0.000748496
0.000738208
0.000727684
0.000716929
0.00070597
0.000694856
0.000683665
0.000672493
0.000661458
0.000650687
0.000640313
0.000630472
0.000621293
0.000612899
0.000605405
0.000598916
0.000593529
0.000589336
0.000586434
0.000585014
0.000584958
0.000586536
0.000589925
0.000595341
0.00060306
0.000613428
0.000626865
0.000643873
0.00066502
0.000690919
0.000722195
0.000759428
0.000803105
0.000853563
0.00091097
0.000975349
0.00104667
0.00112504
0.00121098
0.00130589
0.00141266
0.00153658
0.00168649
0.00187606
0.0021237
0.00244836
0.0028573
0.00332679
0.00378677
0.00407488
0.00411393
0.00378514
0.00313718
0.00251132
0.00231526
0.000392521
0.000234943
0.00127533
0.00155662
0.00167556
0.00171412
0.00168852
0.00160875
0.00148986
0.00135218
0.00121647
0.00109849
0.00100578
0.000938427
0.000891935
0.000860594
0.00083923
0.000823892
0.000811873
0.00080148
0.000791752
0.000782194
0.000772583
0.000762827
0.000752892
0.000742759
0.000732415
0.000721853
0.000711082
0.000700131
0.00068905
0.000677914
0.00066682
0.00065588
0.000645216
0.000634957
0.000625231
0.000616161
0.000607864
0.000600446
0.000594004
0.000588627
0.000584399
0.000581402
0.000579788
0.000579527
0.0005808
0.00058379
0.000588707
0.000595825
0.000605489
0.000618131
0.00063427
0.00065451
0.000679516
0.000709977
0.000746557
0.000789822
0.00084018
0.000897838
0.000962807
0.00103498
0.00111429
0.00120102
0.00129621
0.00140228
0.001524
0.00166961
0.00185243
0.00209152
0.00240877
0.00281749
0.00330154
0.00379492
0.00414537
0.00422963
0.00393923
0.00327807
0.00255969
0.00226575
0.000386302
0.000226394
0.00124783
0.00152486
0.00163965
0.0016783
0.00165712
0.00158483
0.00147392
0.00134338
0.00121256
0.00109699
0.00100476
0.000936582
0.000889242
0.000857139
0.000835206
0.000819481
0.000807212
0.000796659
0.000786823
0.000777185
0.000767507
0.000757695
0.000747714
0.000737548
0.000727192
0.000716641
0.00070591
0.000695026
0.00068404
0.000673026
0.000662075
0.000651294
0.0006408
0.000630715
0.000621161
0.000612252
0.000604098
0.000596799
0.000590444
0.000585116
0.00058089
0.000577843
0.00057608
0.000575642
0.000576658
0.000579299
0.000583776
0.000590356
0.000599382
0.000611292
0.000626621
0.000646002
0.000670145
0.000699805
0.000735722
0.00077855
0.000828773
0.000886651
0.000952197
0.00102524
0.00110558
0.00119324
0.00128893
0.0013946
0.00151452
0.00165626
0.00183264
0.00206301
0.00237161
0.00277757
0.00327298
0.00379752
0.00420796
0.00433957
0.00409234
0.00342176
0.00262192
0.00222414
0.000383167
0.000217942
0.00121995
0.00149436
0.00160557
0.0016443
0.00162727
0.00156244
0.00145942
0.00133604
0.00121022
0.00109726
0.00100526
0.000936545
0.000887707
0.00085454
0.000831833
0.000815586
0.000802987
0.000792235
0.00078228
0.000772568
0.000762842
0.000752999
0.000743003
0.000732843
0.000722516
0.000712025
0.000701383
0.00069062
0.000679787
0.00066895
0.000658198
0.000647631
0.000637359
0.000627497
0.000618157
0.000609449
0.000601474
0.000594325
0.000588086
0.000582831
0.000578633
0.000575562
0.000573695
0.000573105
0.000573898
0.000576232
0.000580324
0.00058643
0.000594884
0.000606136
0.000620726
0.000639312
0.000662648
0.000691545
0.00072682
0.000769211
0.00081929
0.000877373
0.000943492
0.00101744
0.00109886
0.00118756
0.00128403
0.0013897
0.00150798
0.00164626
0.00181655
0.00203815
0.00233711
0.00273791
0.00324136
0.00379496
0.00426199
0.0044442
0.00424483
0.00356727
0.00269977
0.00218921
0.000382011
0.000209617
0.00119166
0.0014651
0.0015734
0.0016122
0.00159902
0.00154151
0.00144628
0.0013301
0.00120955
0.00109861
0.00100689
0.000937339
0.000887613
0.000852906
0.000829162
0.00081223
0.000799204
0.000788202
0.000778109
0.000768326
0.000758568
0.000748719
0.00073874
0.000728622
0.000718364
0.000707975
0.000697469
0.000686876
0.000676243
0.000665633
0.000655126
0.000644818
0.000634809
0.000625206
0.000616115
0.000607638
0.000599868
0.00059289
0.000586783
0.000581617
0.000577461
0.000574384
0.000572461
0.000571769
0.000572376
0.000574424
0.000578168
0.000583838
0.000591785
0.000602457
0.000616388
0.000634258
0.000656861
0.000685055
0.00071973
0.000761714
0.00081166
0.000869955
0.000936651
0.00101153
0.00109409
0.00118413
0.0012816
0.00138747
0.00150465
0.00163943
0.00180401
0.00201692
0.00230546
0.00269886
0.00320666
0.00378478
0.004307
0.00454376
0.00439609
0.00372013
0.00278565
0.0021622
0.000382651
0.000201505
0.00116309
0.00143691
0.00154312
0.00158206
0.0015724
0.00152199
0.00143441
0.00132542
0.00121002
0.00110163
0.00101028
0.000939472
0.000888293
0.000852374
0.000827288
0.000809468
0.00079589
0.000784568
0.000774305
0.000764446
0.000754669
0.000744836
0.000734903
0.00072486
0.00071471
0.000704462
0.000694132
0.000683749
0.000673356
0.000663012
0.00065279
0.000642775
0.000633064
0.000623752
0.000614939
0.000606713
0.000599165
0.000592371
0.000586403
0.00058133
0.000577221
0.000574143
0.000572174
0.000571397
0.000571866
0.000573698
0.000577172
0.000582479
0.000589966
0.000600091
0.000613424
0.000630664
0.000652625
0.000680194
0.000714335
0.000755958
0.000805809
0.000864342
0.00093162
0.00100747
0.0010914
0.00118272
0.00128089
0.00138697
0.00150358
0.00163597
0.00179482
0.0019992
0.00227679
0.00266096
0.00317008
0.00376991
0.00434272
0.00463829
0.00454519
0.00387722
0.00288349
0.00214348
0.000387195
0.000193618
0.00113419
0.00140967
0.00151464
0.00155386
0.0015474
0.00150382
0.00142372
0.00132185
0.00121152
0.00110623
0.00101535
0.000943421
0.000890194
0.000852764
0.000826269
0.000807366
0.000793091
0.000781359
0.00077088
0.000760928
0.000751135
0.000741336
0.000731474
0.000721535
0.000711523
0.000701449
0.000691329
0.000681191
0.000671073
0.000661028
0.000651123
0.000641434
0.000632047
0.000623051
0.000614537
0.000606574
0.000599234
0.0005926
0.000586761
0.000581787
0.00057774
0.000574684
0.000572685
0.000571827
0.000572163
0.000573767
0.000577005
0.000582054
0.000589238
0.000598949
0.000611781
0.000628453
0.000649812
0.00067683
0.000710516
0.000751848
0.000801654
0.00086048
0.000928508
0.00100542
0.00109042
0.00118268
0.00128201
0.00138866
0.00150462
0.00163491
0.0017888
0.00198484
0.00225108
0.00262434
0.00313156
0.00375002
0.00436865
0.00472832
0.00469168
0.00403969
0.00299093
0.00213437
0.000394155
0.000185842
0.00110451
0.00138346
0.00148805
0.00152766
0.00152407
0.00148699
0.00141411
0.00131934
0.00121456
0.00111228
0.00102203
0.000948997
0.000893844
0.000854155
0.000826358
0.000806038
0.000790875
0.000778617
0.000767856
0.00075778
0.000747962
0.000738205
0.000728431
0.00071862
0.000708774
0.000698903
0.000689023
0.000679159
0.000669344
0.000659624
0.00065006
0.00064072
0.000631685
0.000623014
0.000614747
0.000607004
0.000599879
0.000593455
0.000587785
0.00058293
0.000578952
0.000575914
0.000573888
0.000572963
0.000573196
0.000574607
0.000577607
0.000582385
0.000589253
0.000598667
0.000611186
0.00062749
0.000648424
0.000675022
0.00070836
0.000749497
0.000799341
0.000858512
0.000927183
0.00100484
0.00109095
0.00118471
0.0012853
0.00139263
0.00150818
0.00163625
0.00178598
0.00197365
0.00222831
0.00258923
0.00309136
0.00372394
0.00438383
0.00481451
0.00483436
0.00420684
0.00310911
0.00213122
0.000404446
0.000178085
0.00107364
0.00135808
0.0014632
0.00150338
0.00150234
0.00147129
0.0014057
0.00131784
0.00121872
0.00111974
0.00103035
0.000956286
0.000899101
0.000857111
0.000827226
0.000805754
0.000789396
0.000776427
0.000765277
0.000755021
0.000745156
0.000735439
0.000725765
0.000716099
0.00070644
0.000696794
0.000687176
0.000677606
0.000668113
0.000658737
0.000649533
0.000640563
0.000631836
0.000623432
0.000615476
0.000608034
0.00060117
0.000594943
0.000589423
0.000584673
0.000580755
0.000577734
0.000575686
0.000574705
0.000574862
0.000576114
0.000578913
0.000583475
0.000590089
0.0005992
0.00061138
0.000627363
0.000648032
0.000674395
0.000707552
0.000748599
0.000798492
0.000857899
0.000927069
0.00100581
0.00109335
0.00118859
0.00129048
0.00139859
0.00151392
0.00164007
0.00178531
0.00196529
0.00220838
0.00255585
0.00305016
0.00369314
0.00439013
0.00489536
0.00497306
0.00437933
0.00323768
0.00213659
0.000418419
0.000170313
0.00104133
0.0013334
0.00144006
0.00148102
0.00148237
0.00145663
0.00139834
0.00131745
0.00122399
0.00112855
0.0010403
0.000965372
0.000906132
0.000861715
0.000829403
0.000806267
0.000788837
0.000774925
0.000763235
0.000752709
0.000742751
0.000733052
0.000723474
0.00071396
0.000704498
0.00069509
0.000685747
0.000676484
0.000667327
0.000658312
0.000649486
0.000640815
0.000632416
0.000624378
0.000616748
0.000609583
0.000602954
0.000596923
0.000591555
0.000586913
0.000583058
0.000580061
0.000578
0.000576976
0.000577079
0.000578207
0.000580843
0.000585243
0.000591668
0.000600566
0.000612512
0.000628239
0.000648644
0.000674767
0.000707757
0.000748772
0.00079885
0.000858738
0.000928734
0.00100858
0.00109746
0.00119416
0.00129739
0.00140638
0.00152162
0.00164608
0.00178712
0.00195961
0.00219114
0.00252419
0.00300814
0.00365806
0.00439123
0.00496719
0.00510769
0.00455647
0.00337693
0.00215399
0.000436306
0.000162467
0.00100723
0.00130904
0.00141847
0.00146052
0.00146424
0.00144305
0.00139187
0.00131775
0.00123019
0.00113864
0.00105188
0.000976333
0.000915094
0.000868123
0.000833335
0.000807882
0.000789172
0.000774315
0.000761867
0.000750936
0.0007408
0.000731074
0.000721568
0.000712197
0.000702932
0.000693766
0.000684703
0.000675756
0.000666946
0.000658305
0.00064977
0.000641473
0.000633459
0.00062576
0.000618437
0.000611549
0.000605158
0.000599325
0.000594112
0.000589581
0.000585797
0.000582832
0.000580769
0.000579719
0.000579788
0.000580828
0.000583343
0.00058763
0.000593932
0.000602697
0.000614508
0.000630103
0.00065039
0.000676434
0.000709416
0.000750542
0.000800903
0.000861304
0.000932084
0.00101299
0.00110318
0.0012013
0.00130588
0.0014158
0.00153106
0.00165402
0.00179126
0.00195667
0.00217638
0.0024942
0.00296532
0.00361805
0.00438317
0.0050298
0.00523706
0.00473756
0.00352641
0.00218004
0.000458308
0.00015454
0.000971236
0.00128484
0.00139836
0.00144186
0.00144793
0.00143069
0.00138621
0.00131864
0.00123718
0.00114987
0.00106504
0.000989219
0.000926135
0.000876554
0.000839073
0.000811226
0.000790495
0.000774606
0.000761409
0.000749845
0.000739396
0.000729562
0.00072008
0.000710825
0.000701742
0.00069281
0.000684027
0.0006754
0.000666945
0.00065858
0.000650431
0.000642515
0.000634854
0.000627492
0.000620479
0.00061387
0.00060772
0.000602088
0.000597036
0.000592624
0.000588921
0.000586
0.000583952
0.000582895
0.000582952
0.000583938
0.000586378
0.000590604
0.000596847
0.00060556
0.00061733
0.000632905
0.0006532
0.0006793
0.000712407
0.000753762
0.000804498
0.000865465
0.00093704
0.00101899
0.00111043
0.00120993
0.00131582
0.00142665
0.001542
0.00166358
0.00179713
0.00195562
0.0021637
0.00246575
0.00292196
0.00357382
0.00436718
0.00508263
0.00536056
0.00492168
0.00368657
0.00221822
0.000485055
0.000146543
0.000933348
0.00126049
0.00137947
0.00142495
0.00143333
0.00141959
0.00138137
0.00132035
0.00124491
0.00116216
0.00107971
0.00100405
0.000939386
0.000887233
0.000846908
0.000816439
0.000793432
0.000775844
0.000761776
0.000749714
0.000738777
0.000728656
0.000719098
0.000709899
0.000700961
0.000692244
0.000683738
0.000675418
0.000667206
0.000659208
0.000651426
0.000643866
0.000636555
0.000629527
0.000622824
0.000616495
0.000610591
0.000605168
0.000600284
0.000596003
0.000592394
0.000589535
0.000587522
0.000586483
0.00058655
0.000587522
0.000589937
0.000594157
0.000600406
0.000609147
0.000620972
0.000636635
0.000657062
0.000683346
0.000716708
0.000758409
0.000809611
0.000871196
0.000943575
0.00102653
0.00111915
0.00121994
0.00132706
0.00143876
0.0015542
0.00167447
0.00180445
0.00195591
0.00215279
0.00243865
0.00287796
0.00352521
0.0043432
0.00512502
0.00547745
0.00510805
0.00385662
0.00226703
0.000516613
0.000138475
0.000893541
0.00123552
0.00136176
0.00140981
0.00142045
0.00140974
0.00137731
0.00132261
0.00125325
0.00117535
0.00109578
0.00102081
0.000954941
0.000900372
0.000857135
0.000823819
0.000798362
0.000778677
0.000763138
0.000750265
0.000738957
0.000728607
0.000718867
0.000709615
0.000700744
0.00069218
0.000683842
0.000675708
0.000667815
0.000660157
0.000652715
0.000645501
0.000638531
0.000631832
0.000625439
0.000619392
0.000613738
0.000608532
0.000603829
0.000599694
0.000596197
0.000593422
0.000591469
0.000590481
0.000590581
0.000591582
0.000594029
0.000598302
0.000604629
0.00061348
0.000625456
0.000641318
0.000661998
0.000688596
0.000722339
0.000764499
0.000816252
0.0008785
0.000951673
0.00103557
0.00112927
0.00123122
0.00133943
0.00145191
0.0015674
0.0016864
0.00181298
0.0019578
0.00214341
0.00241266
0.00283323
0.00347209
0.00431077
0.00515545
0.0055879
0.00529458
0.00403656
0.00232823
0.000553633
0.000130373
0.000851984
0.00120954
0.00134449
0.00139619
0.00140922
0.00140117
0.00137402
0.00132536
0.00126207
0.00118931
0.00111312
0.00103941
0.000972847
0.000916151
0.000870047
0.000833729
0.000805544
0.000783604
0.000766177
0.000751954
0.000739885
0.000729115
0.00071919
0.000709858
0.000700981
0.000692471
0.00068428
0.00067639
0.000668785
0.000661424
0.000654301
0.000647414
0.000640773
0.000634395
0.000628307
0.000622543
0.000617146
0.000612166
0.000607659
0.000603688
0.000600327
0.000597661
0.000595802
0.000594905
0.000595065
0.000596139
0.000598684
0.000603075
0.000609555
0.000618604
0.000630833
0.000647007
0.000668064
0.000695102
0.000729349
0.000772073
0.000824449
0.000887385
0.000961322
0.00104607
0.0011407
0.00124363
0.00135274
0.00146585
0.00158131
0.00169904
0.00182231
0.00196061
0.0021351
0.00238748
0.00278766
0.0034143
0.00426944
0.00517032
0.00569101
0.00548078
0.0042259
0.00240214
0.000596298
0.000122394
0.000809537
0.00118317
0.00132727
0.0013838
0.00139953
0.00139388
0.00137152
0.00132854
0.00127125
0.00120384
0.00113153
0.00105974
0.000993088
0.0009347
0.000885914
0.000846544
0.000815409
0.000790901
0.0007714
0.00075551
0.000742169
0.000730629
0.000720279
0.000710728
0.00070177
0.000693286
0.000685235
0.000677541
0.000670157
0.000663055
0.000656216
0.000649632
0.0006433
0.000637229
0.00063144
0.000625959
0.000620824
0.000616081
0.000611785
0.000608
0.0006048
0.000602276
0.000600547
0.000599792
0.00060004
0.000601239
0.000603957
0.000608538
0.000615253
0.000624593
0.000637178
0.000653781
0.000675336
0.000702939
0.000737805
0.000781185
0.000834239
0.000897864
0.000972499
0.00105796
0.00115334
0.00125701
0.0013668
0.00148032
0.00159559
0.001712
0.00183199
0.00196393
0.00212742
0.00236275
0.00274108
0.00335166
0.00421846
0.00517529
0.00578646
0.00566413
0.00442433
0.00249044
0.000645129
0.000114722
0.000767117
0.00115547
0.00130995
0.00137232
0.00139122
0.00138776
0.00136967
0.00133223
0.00128071
0.0012188
0.00115083
0.00108161
0.00101558
0.000956075
0.000904956
0.000862625
0.000828416
0.000801073
0.000779161
0.000761342
0.000746521
0.000733834
0.000722697
0.000712678
0.000703484
0.000694931
0.000686889
0.00067928
0.000672046
0.000665145
0.000658545
0.000652224
0.000646172
0.000640388
0.000634884
0.000629681
0.000624811
0.000620315
0.000616247
0.00061267
0.000609661
0.000607314
0.000605759
0.000605204
0.000605572
0.000606952
0.000609929
0.000614778
0.000621817
0.000631548
0.000644599
0.000661746
0.00068392
0.000712204
0.00074779
0.000791898
0.000845658
0.000909939
0.00098517
0.00107117
0.00116705
0.00127118
0.00138135
0.00149501
0.00160989
0.00172486
0.00184157
0.00196727
0.00211992
0.00233812
0.00269335
0.00328394
0.00415635
0.0051671
0.00587244
0.0058428
0.0046313
0.00259332
0.000700212
0.000107444
0.000725365
0.00112578
0.00129252
0.00136165
0.00138415
0.0013827
0.00136839
0.00133639
0.0012904
0.00123403
0.00117078
0.00110479
0.00104015
0.000980251
0.000927319
0.000882289
0.00084502
0.000814663
0.000790042
0.000769942
0.000753286
0.000739193
0.000727007
0.00071624
0.000706546
0.000697684
0.000689487
0.000681838
0.000674652
0.000667868
0.000661436
0.000655324
0.000649509
0.00064398
0.000638739
0.000633802
0.000629193
0.000624951
0.000621125
0.000617779
0.000614992
0.000612862
0.000611532
0.000611235
0.00061176
0.000613389
0.000616716
0.000621919
0.000629377
0.000639604
0.000653232
0.000671038
0.000693946
0.000723014
0.0007594
0.000804281
0.000858739
0.000923601
0.000999276
0.00108559
0.00118167
0.00128592
0.0013961
0.00150958
0.00162381
0.00173718
0.00185057
0.00197014
0.00211205
0.00231316
0.00264432
0.00321133
0.00408234
0.00513785
0.00594815
0.00601476
0.00484674
0.00271286
0.000761889
0.000100547
0.000684483
0.00109357
0.00127407
0.00135126
0.00137809
0.00137877
0.00136772
0.00134084
0.0013002
0.00124938
0.00119118
0.00112902
0.00106658
0.00100711
0.000953052
0.000905779
0.000865641
0.000832228
0.000804685
0.000781987
0.000763138
0.00074727
0.00073369
0.000721864
0.000711392
0.000701984
0.000693427
0.000685566
0.000678286
0.000671499
0.000665139
0.000659156
0.000653513
0.000648189
0.000643176
0.00063848
0.000634121
0.000630132
0.000626559
0.000623465
0.000620929
0.000619057
0.000618011
0.000618014
0.000618746
0.000620727
0.000624473
0.000630125
0.000638106
0.000648935
0.000663252
0.000681827
0.000705568
0.000735502
0.00077274
0.0008184
0.000873501
0.000938817
0.00101473
0.00110106
0.00119699
0.00130095
0.00141073
0.00152364
0.0016369
0.00174847
0.00185845
0.0019716
0.00210325
0.00228737
0.00259376
0.00313421
0.00399814
0.00509307
0.00600876
0.0061797
0.00506986
0.00284956
0.000830097
9.40303e-05
0.000644839
0.00105843
0.00125384
0.00134017
0.0013724
0.00137608
0.00136773
0.00134552
0.00131001
0.00126472
0.00121179
0.00115404
0.00109457
0.00103643
0.000982094
0.000933231
0.000890622
0.000854295
0.000823754
0.000798226
0.000776859
0.000758849
0.000743504
0.000730264
0.000718689
0.000708442
0.000699268
0.000690973
0.000683408
0.000676459
0.000670034
0.000664067
0.000658504
0.000653311
0.000648469
0.000643974
0.000639839
0.00063609
0.000632771
0.000629942
0.000627684
0.000626113
0.000625436
0.000625672
0.000626748
0.000629211
0.000633431
0.000639628
0.000648232
0.000659769
0.000674877
0.000694318
0.00071897
0.000749821
0.000787919
0.000834312
0.000889942
0.000955522
0.0010314
0.0011174
0.00121274
0.00131595
0.00142485
0.00153674
0.00164866
0.0017582
0.00186478
0.00197182
0.00209308
0.00226028
0.00254126
0.00305212
0.00390254
0.00502952
0.00604472
0.00633388
0.00530011
0.0030043
0.000904938
8.77299e-05
0.000605937
0.0010212
0.00123151
0.00132808
0.00136667
0.00137411
0.00136808
0.00135029
0.00131974
0.0012799
0.00123244
0.00117955
0.00112383
0.00106794
0.00101427
0.000964654
0.000920195
0.000881313
0.000847886
0.000819439
0.000795321
0.000774845
0.00075737
0.000742341
0.000729297
0.000717872
0.000707771
0.000698766
0.000690674
0.00068335
0.00067668
0.000670574
0.000664962
0.000659794
0.000655037
0.000650678
0.00064672
0.000643182
0.000640103
0.000637542
0.000635579
0.000634348
0.000634089
0.000634578
0.000636069
0.00063912
0.000643898
0.000650731
0.000660053
0.000672392
0.000688379
0.000708754
0.000734361
0.000766131
0.000805042
0.000852056
0.00090803
0.000973607
0.0010491
0.00113434
0.00122862
0.00133054
0.00143802
0.00154837
0.00165853
0.00176569
0.00186814
0.00196958
0.0020808
0.00223132
0.0024865
0.00296516
0.00379623
0.00494909
0.00605905
0.00647594
0.00553571
0.00317777
0.000986257
8.17525e-05
0.0005684
0.000982154
0.00120585
0.0013143
0.00136042
0.0013725
0.00136889
0.00135526
0.00132935
0.00129485
0.00125296
0.00120533
0.00115402
0.00110129
0.00104931
0.000999925
0.000954443
0.000913605
0.000877637
0.000846378
0.000819426
0.000796262
0.000776346
0.000759168
0.000744282
0.000731307
0.000719928
0.000709887
0.000700972
0.00069301
0.000685862
0.000679415
0.000673579
0.000668288
0.000663495
0.000659173
0.000655315
0.000651933
0.00064906
0.00064675
0.000645085
0.000644249
0.000644359
0.000645181
0.000647205
0.000650857
0.000656277
0.00066383
0.000673951
0.000687164
0.000704085
0.000725421
0.000751971
0.000784599
0.000824199
0.00087164
0.000927688
0.000992913
0.00106759
0.00115159
0.00124425
0.00134429
0.00144975
0.00155801
0.00166583
0.00176979
0.00186891
0.0019645
0.00206586
0.00219997
0.00242914
0.00287298
0.00367812
0.00484961
0.00605917
0.00660176
0.00577603
0.00337226
0.00107391
7.62247e-05
0.000532986
0.000941374
0.00117606
0.00129749
0.00135232
0.00137044
0.00136954
0.00136003
0.00133909
0.00130966
0.00127333
0.00123123
0.00118491
0.00113617
0.00108689
0.00103881
0.000993303
0.000951336
0.000913421
0.000879702
0.000850041
0.000824131
0.000801578
0.000781965
0.000764895
0.000750004
0.000736976
0.000725539
0.000715462
0.000706549
0.000698638
0.000691596
0.000685313
0.000679704
0.000674708
0.000670283
0.000666412
0.000663097
0.000660364
0.00065826
0.000656872
0.00065647
0.000656845
0.000658092
0.00066074
0.000665006
0.00067112
0.000679444
0.000690409
0.000704525
0.000722378
0.000744639
0.000772044
0.000805381
0.000845454
0.000893031
0.000948785
0.00101322
0.00108658
0.00116876
0.00125918
0.00135669
0.00145948
0.00156489
0.00166939
0.00177078
0.00186621
0.00195586
0.00204758
0.0021657
0.00236902
0.00277567
0.00354776
0.00472635
0.00601677
0.00670632
0.00601812
0.00358753
0.00116733
7.12563e-05
0.000500391
0.000899089
0.00114205
0.00127713
0.00134194
0.00136706
0.00137014
0.00136425
0.00134861
0.00132429
0.00129354
0.00125719
0.00121633
0.00117232
0.0011267
0.00108101
0.00103659
0.000994502
0.000955475
0.000919906
0.000887916
0.000859426
0.000834223
0.000812024
0.00079252
0.000775401
0.000760377
0.000747184
0.000735585
0.000725374
0.000716375
0.000708437
0.000701432
0.000695261
0.000689845
0.000685131
0.000681088
0.000677708
0.000675008
0.00067303
0.000671868
0.00067185
0.000672469
0.000674152
0.000677415
0.000682306
0.000689123
0.000698219
0.000710012
0.000724986
0.000743693
0.000766747
0.000794818
0.000828608
0.000868824
0.000916135
0.000971126
0.00103424
0.00110569
0.00118541
0.00127292
0.00136721
0.00146659
0.00156803
0.00166983
0.00176786
0.00185905
0.00194282
0.00202522
0.00212793
0.00230609
0.00267348
0.00340619
0.00458375
0.00594885
0.0067892
0.00625976
0.00382541
0.00126613
6.6827e-05
0.000470724
0.000855734
0.00110377
0.00125146
0.00132755
0.00136106
0.00136986
0.00136758
0.00135768
0.00133867
0.00131366
0.00128326
0.00124824
0.00120959
0.0011685
0.00112625
0.00108405
0.00104297
0.00100386
0.000967288
0.000933613
0.000902969
0.000875341
0.000850608
0.000828581
0.000809041
0.000791753
0.000776489
0.00076303
0.000751175
0.000740744
0.000731578
0.00072354
0.000716518
0.00071042
0.00070518
0.000700756
0.000697129
0.000694307
0.00069232
0.000691312
0.000691463
0.000692352
0.000694462
0.000698215
0.000703674
0.000711129
0.000720916
0.000733428
0.000749115
0.000768479
0.000792076
0.000820496
0.000854353
0.000894258
0.000940786
0.000994439
0.0010556
0.00112449
0.00120105
0.00128494
0.00137529
0.00147001
0.00156803
0.00166583
0.00175985
0.00184664
0.00192463
0.00199814
0.0020861
0.00223982
0.00256758
0.00325252
0.00441664
0.005843
0.00683761
0.00649572
0.00408524
0.00136936
6.28569e-05
0.000443715
0.000811912
0.0010614
0.00121975
0.00130815
0.0013515
0.00136806
0.00137036
0.00136561
0.0013531
0.0013339
0.00130965
0.00128081
0.00124805
0.00121224
0.00117436
0.00113547
0.00109656
0.00105849
0.00102196
0.00098748
0.00095537
0.000925806
0.000898837
0.000874419
0.000852447
0.000832775
0.000815236
0.000799654
0.000785854
0.00077367
0.000762948
0.000753552
0.000745363
0.000738283
0.000732237
0.000727172
0.00072306
0.0007199
0.000717708
0.00071664
0.000716842
0.000717864
0.000720223
0.000724311
0.000730179
0.000738093
0.000748367
0.000761359
0.000777473
0.000797157
0.000820896
0.000849204
0.000882604
0.000921617
0.000966731
0.00101838
0.00107689
0.00114249
0.00121516
0.00129467
0.00137999
0.00147024
0.00156339
0.00165653
0.00174609
0.00182827
0.00190062
0.00196575
0.00203982
0.00217015
0.00245838
0.00309059
0.00422944
0.00570398
0.00685731
0.00672326
0.00436788
0.00147632
5.92929e-05
0.000419149
0.000768322
0.0010155
0.00118188
0.00128251
0.00133684
0.00136314
0.00137204
0.00137226
0.00136691
0.00135458
0.00133675
0.00131442
0.00128801
0.00125809
0.00122542
0.00119083
0.00115518
0.00111931
0.00108395
0.0010497
0.00101703
0.000986261
0.000957612
0.000931184
0.000907003
0.000885029
0.000865181
0.00084735
0.000831409
0.000817225
0.000804666
0.000793608
0.000783938
0.000775559
0.000768393
0.00076238
0.000757485
0.000753697
0.000751024
0.000749555
0.000749626
0.000750538
0.000752821
0.000756963
0.000762934
0.00077098
0.000781378
0.000794444
0.000810534
0.000830033
0.000853358
0.000880942
0.000913228
0.000950652
0.000993627
0.00104252
0.00109764
0.00115919
0.0012272
0.00130158
0.00138132
0.00146599
0.00155356
0.00164139
0.00172599
0.00180335
0.00187025
0.00192768
0.00198897
0.0020975
0.00234726
0.00292306
0.00402306
0.00552859
0.00685783
0.00693486
0.0046713
0.00158578
5.6134e-05
0.000397065
0.000725768
0.000966971
0.0011382
0.00124973
0.00131607
0.00135301
0.00137106
0.00137896
0.00137966
0.00137536
0.00136512
0.00134971
0.00133008
0.00130662
0.00127984
0.0012504
0.00121901
0.00118642
0.00115335
0.00112043
0.00108823
0.00105718
0.00102763
0.000999809
0.00097388
0.000949916
0.000927936
0.000907912
0.000889785
0.000873473
0.000858882
0.000845915
0.000834478
0.000824483
0.000815857
0.000808541
0.000802496
0.000797702
0.000794164
0.000791904
0.000791285
0.000791862
0.00079366
0.000797338
0.000802928
0.000810593
0.000820569
0.000833127
0.000848567
0.000867216
0.000889421
0.000915543
0.000945951
0.000981007
0.00102106
0.00106643
0.00111738
0.00117412
0.00123671
0.00130486
0.00137867
0.00145694
0.00153819
0.00162005
0.00169921
0.00177157
0.00183333
0.00188404
0.00193421
0.002023
0.0022367
0.00275508
0.00380323
0.00531882
0.00679521
0.00712467
0.00499456
0.00169686
5.34446e-05
0.000377868
0.000685236
0.000917071
0.00108962
0.00121002
0.00128854
0.0013374
0.00136727
0.00138438
0.00139359
0.0013967
0.00139453
0.00138764
0.00137531
0.00135883
0.00133855
0.00131498
0.00128869
0.00126034
0.00123059
0.00120008
0.00116941
0.00113908
0.00110953
0.00108111
0.00105409
0.00102865
0.00100491
0.000982925
0.000962723
0.000944282
0.000927559
0.000912498
0.000899034
0.000887103
0.000876644
0.000867607
0.000859955
0.000853668
0.000848747
0.000845204
0.000843148
0.000842903
0.000843773
0.000846202
0.000850753
0.000857357
0.000866196
0.0008775
0.000891522
0.00090853
0.000928809
0.000952655
0.000980368
0.00101225
0.00104859
0.00108967
0.00113572
0.00118695
0.00124346
0.00130517
0.00137192
0.00144303
0.00151726
0.00159255
0.00166583
0.00173312
0.00179028
0.00183562
0.00187698
0.00194908
0.00213053
0.00259343
0.00357841
0.00509156
0.00669167
0.00728937
0.00533288
0.00180826
5.13204e-05
0.000361994
0.000647834
0.000867377
0.00103774
0.00116447
0.0012544
0.00131639
0.001359
0.00138792
0.00140769
0.00142044
0.00142719
0.00142822
0.00142485
0.00141644
0.00140319
0.00138611
0.00136563
0.00134233
0.0013168
0.00128965
0.00126148
0.00123284
0.00120421
0.00117602
0.00114863
0.00112231
0.00109726
0.00107365
0.00105156
0.00103105
0.00101213
0.000994795
0.000979028
0.000964795
0.000952061
0.000940794
0.000930971
0.000922578
0.000915618
0.000910107
0.000906092
0.000903698
0.000903161
0.000903947
0.000906373
0.000911127
0.000917991
0.000927207
0.000938978
0.000953513
0.000971042
0.000991801
0.00101603
0.00104398
0.0010759
0.001112
0.00115252
0.00119764
0.00124751
0.00130208
0.00136129
0.00142474
0.00149145
0.00155973
0.0016269
0.00168928
0.0017427
0.00178466
0.00182063
0.00188085
0.00203553
0.00244572
0.00335995
0.00484841
0.00653793
0.00742041
0.00567912
0.00191914
5.01525e-05
0.000349068
0.000614716
0.00081982
0.000984847
0.00111525
0.0012153
0.00129068
0.00134742
0.00139028
0.00142283
0.00144722
0.00146461
0.00147565
0.00148104
0.00148054
0.00147614
0.00146644
0.00145236
0.00143474
0.00141412
0.00139107
0.00136616
0.00133995
0.00131295
0.00128565
0.00125846
0.00123172
0.00120572
0.00118069
0.0011568
0.00113417
0.00111289
0.00109302
0.00107458
0.00105758
0.00104202
0.00102792
0.00101526
0.00100405
0.000994303
0.000986048
0.00097932
0.000974186
0.000970781
0.000969125
0.00096941
0.000971143
0.000975125
0.000981477
0.000990232
0.00100154
0.00101559
0.00103257
0.00105267
0.00107608
0.00110301
0.00113364
0.00116819
0.00120683
0.00124971
0.00129678
0.00134816
0.00140378
0.00146284
0.00152405
0.00158527
0.00164338
0.00169455
0.00173604
0.00177306
0.00183155
0.00197386
0.00233987
0.00316841
0.00460822
0.00635487
0.00752022
0.00602997
0.00202871
4.99687e-05
0.000340878
0.0005876
0.000776885
0.000934157
0.00106589
0.00117463
0.00126332
0.00133544
0.00139437
0.00144154
0.00147965
0.00150966
0.00153223
0.00154801
0.00155723
0.00156067
0.00155881
0.00155249
0.00154091
0.00152557
0.00150694
0.00148558
0.00146205
0.00143691
0.00141066
0.00138376
0.00135664
0.00132965
0.00130308
0.00127718
0.00125216
0.00122816
0.0012053
0.00118368
0.00116336
0.00114439
0.0011268
0.00111064
0.00109593
0.00108271
0.00107101
0.00106087
0.00105235
0.00104554
0.00104049
0.00103729
0.00103622
0.00103695
0.0010395
0.00104469
0.00105222
0.00106231
0.00107507
0.00109065
0.0011092
0.00113089
0.00115589
0.00118438
0.00121654
0.00125256
0.00129279
0.00133708
0.00138509
0.00143682
0.00149172
0.00154854
0.00160518
0.00165887
0.00170736
0.00175125
0.0018123
0.00195133
0.00229627
0.0030532
0.00439488
0.00616621
0.007581
0.00636644
0.0021364
5.13348e-05
0.000340384
0.000569344
0.000742132
0.000890304
0.0010219
0.00113838
0.00124047
0.00132976
0.0014046
0.0014686
0.0015226
0.00156722
0.00160294
0.00163045
0.00165018
0.00166277
0.00166869
0.00166821
0.00166356
0.0016534
0.00163866
0.00162029
0.00159888
0.001575
0.00154924
0.00152209
0.00149405
0.00146552
0.00143689
0.00140848
0.00138055
0.00135334
0.00132702
0.00130174
0.00127764
0.00125479
0.00123329
0.0012132
0.00119458
0.00117748
0.00116195
0.00114804
0.0011358
0.00112531
0.0011166
0.00110977
0.00110494
0.00110206
0.00110169
0.00110291
0.00110629
0.00111241
0.00112095
0.00113211
0.001146
0.00116276
0.00118257
0.0012056
0.00123206
0.00126216
0.0012962
0.00133455
0.00137746
0.00142494
0.00147679
0.00153233
0.00159016
0.00164819
0.00170452
0.00176189
0.0018365
0.00198201
0.00230522
0.00301429
0.00428456
0.0060213
0.00762941
0.0066829
0.00224346
5.47342e-05
0.000348545
0.000564544
0.000720959
0.000860156
0.000991508
0.00111572
0.00123191
0.00133581
0.00142781
0.00151049
0.00158183
0.00164217
0.00169185
0.00173145
0.0017615
0.00178272
0.00179576
0.00180101
0.00179979
0.001794
0.00178202
0.00176526
0.00174462
0.0017208
0.00169441
0.00166605
0.00163626
0.00160552
0.00157429
0.00154293
0.00151179
0.00148115
0.00145125
0.00142228
0.0013944
0.00136776
0.00134247
0.00131862
0.00129628
0.00127553
0.00125642
0.00123901
0.00122335
0.00120949
0.0011975
0.00118744
0.00117938
0.00117332
0.00116945
0.00116795
0.00116863
0.00117103
0.00117608
0.00118384
0.00119428
0.00120756
0.00122386
0.0012434
0.00126646
0.00129336
0.00132451
0.00136041
0.00140161
0.00144864
0.00150196
0.00156184
0.00162822
0.00170064
0.00177911
0.00186643
0.00197596
0.00214598
0.00246771
0.00310187
0.00425558
0.00595897
0.00766058
0.00694913
0.00235087
6.14993e-05
0.000370115
0.000574456
0.000720697
0.000852904
0.000984928
0.00111601
0.00124073
0.00135857
0.00147035
0.00157029
0.00165777
0.00173245
0.0017945
0.00184442
0.00188288
0.00191075
0.00192881
0.00193791
0.00193842
0.00193424
0.00192373
0.00190708
0.00188602
0.00186129
0.0018336
0.00180361
0.00177189
0.001739
0.00170542
0.00167157
0.00163783
0.00160451
0.00157189
0.00154019
0.0015096
0.00148027
0.00145235
0.00142594
0.00140111
0.00137796
0.00135657
0.00133698
0.00131922
0.0013034
0.00128962
0.00127786
0.00126823
0.00126066
0.00125552
0.0012526
0.00125271
0.00125432
0.0012584
0.00126588
0.00127636
0.00129004
0.00130722
0.00132826
0.0013536
0.00138378
0.0014194
0.00146125
0.00151023
0.00156733
0.00163374
0.00171052
0.00179892
0.00189967
0.00201455
0.00214593
0.00230499
0.00251674
0.00284949
0.00342297
0.00442766
0.0059675
0.0077148
0.00712025
0.00246458
7.30989e-05
0.00040948
0.000602148
0.000735913
0.000864211
0.000997125
0.00113308
0.00126919
0.0014022
0.00152621
0.00163829
0.00173705
0.00182173
0.00189225
0.00194905
0.00199294
0.00202492
0.00204605
0.00205741
0.00205925
0.00205559
0.00204591
0.00202964
0.0020087
0.00198396
0.00195616
0.00192598
0.00189406
0.00186096
0.00182721
0.0017932
0.00175933
0.00172593
0.00169326
0.00166158
0.00163107
0.00160195
0.00157434
0.00154834
0.00152408
0.00150169
0.00148124
0.00146284
0.00144647
0.00143239
0.00142085
0.00141159
0.00140484
0.00140038
0.00139965
0.00140101
0.00140492
0.00141279
0.001424
0.00143898
0.00145807
0.00148169
0.00151032
0.00154443
0.0015847
0.00163187
0.00168682
0.00175046
0.00182407
0.00190883
0.00200648
0.00211785
0.00224526
0.00238878
0.00255197
0.0027339
0.00294541
0.00319594
0.00353911
0.00405022
0.00491913
0.00625787
0.00783937
0.00721209
0.00253108
9.18161e-05
0.00046971
0.00065201
0.000773689
0.000897877
0.00103323
0.00117494
0.00131775
0.00145593
0.00158522
0.00170276
0.00180691
0.00189665
0.00197181
0.00203283
0.00208056
0.0021161
0.00214068
0.00215569
0.00216157
0.00216047
0.00215487
0.00214282
0.0021261
0.00210582
0.00208264
0.00205727
0.00203036
0.0020025
0.00197417
0.00194573
0.00191762
0.00189019
0.00186375
0.00183849
0.0018147
0.00179269
0.00177243
0.00175411
0.001738
0.00172423
0.00171294
0.00170431
0.0016984
0.00169553
0.00169617
0.00169905
0.00170556
0.00171628
0.00173128
0.00175069
0.00177454
0.00180351
0.0018379
0.00187814
0.0019246
0.00197772
0.00203816
0.00210648
0.00218335
0.0022693
0.00236517
0.00247162
0.00258937
0.00271903
0.00286282
0.00301956
0.00319322
0.00338018
0.00358782
0.00380713
0.00405516
0.00432028
0.00465797
0.00508749
0.00579743
0.00682643
0.00804564
0.00724881
0.0025563
0.000119322
0.000540387
0.000708901
0.000833451
0.000967561
0.00111362
0.00126635
0.00141939
0.00156663
0.00170433
0.00182976
0.00194149
0.002039
0.00212236
0.00219211
0.00224917
0.00229466
0.00232974
0.00235543
0.00237289
0.00238317
0.00238889
0.00238898
0.0023865
0.00238059
0.00237192
0.00236172
0.00235057
0.00233905
0.00232763
0.00231672
0.00230677
0.00229813
0.00229124
0.00228622
0.0022836
0.00228405
0.0022863
0.00229153
0.00230051
0.00231292
0.00232903
0.00234904
0.00237322
0.00240187
0.00243564
0.00247447
0.00251862
0.00256847
0.00262422
0.00268611
0.00275434
0.00282907
0.00291045
0.00299872
0.00309392
0.00319641
0.00330693
0.00342535
0.00355181
0.00368619
0.00382884
0.00397963
0.00413938
0.0043071
0.00448509
0.00467035
0.00487025
0.00507544
0.00530051
0.00552321
0.00577651
0.00601809
0.00632501
0.00664194
0.00716846
0.00777511
0.00835894
0.00718245
0.00250846
0.000149254
0.000611607
0.000822884
0.0010072
0.00120754
0.00141912
0.00163491
0.00184591
0.00204507
0.0022288
0.00239538
0.00254445
0.00267658
0.00279272
0.00289412
0.00298225
0.00305864
0.00312469
0.00318173
0.00323131
0.00327431
0.00331255
0.00334653
0.00337802
0.0034075
0.0034354
0.00346251
0.00348949
0.00351689
0.00354526
0.00357504
0.00360664
0.00364036
0.00367657
0.00371552
0.00375739
0.00380272
0.00385134
0.00390342
0.00395931
0.0040191
0.00408306
0.00415101
0.00422361
0.00430197
0.00438569
0.00447455
0.00456823
0.00466652
0.00476927
0.00487628
0.00498757
0.00510294
0.00522236
0.00534566
0.00547298
0.0056041
0.00573864
0.00587675
0.0060186
0.00616455
0.00631444
0.0064693
0.00662807
0.00679302
0.00696195
0.00713745
0.00732184
0.00751175
0.00771487
0.00791095
0.00813479
0.00832764
0.00857383
0.00875211
0.00902132
0.00896199
0.00856009
0.00671986
0.00229595
0.000192201
0.000821951
0.00134857
0.00189514
0.00242628
0.00294912
0.00345677
0.0039292
0.00435307
0.00472404
0.00504413
0.00531829
0.00555211
0.00575103
0.00592024
0.00606453
0.00618817
0.0062948
0.00638755
0.00646915
0.00654191
0.00660758
0.00666778
0.0067238
0.00677688
0.00682795
0.00687778
0.00692698
0.00697606
0.0070255
0.00707571
0.00712697
0.00717958
0.00723366
0.00728946
0.00734696
0.00740636
0.00746763
0.00753095
0.00759612
0.00766345
0.00773257
0.00780399
0.00787708
0.00795114
0.00802606
0.00810188
0.00817876
0.0082568
0.00833625
0.00841716
0.00849988
0.00858432
0.00867122
0.00876018
0.00885203
0.00894617
0.0090434
0.00914317
0.00924584
0.00935178
0.00945959
0.00957276
0.00968456
0.00980748
0.0099202
0.0100603
0.0101667
0.0103071
0.0103897
0.0105162
0.0105663
0.0106371
0.0106071
0.0105075
0.0101958
0.00951252
0.00813245
0.00531594
0.0020179
0.00011823
0.000238731
0.000380281
0.000516182
0.000647615
0.000771661
0.000890211
0.00100402
0.00111264
0.00121506
0.00131034
0.00139797
0.00147787
0.00155019
0.00161522
0.00167333
0.00172497
0.00177062
0.00181075
0.00184587
0.00187649
0.00190306
0.00192606
0.00194589
0.00196296
0.00197766
0.0019903
0.00200121
0.00201066
0.00201893
0.00202624
0.0020328
0.00203879
0.00204441
0.00204977
0.00205505
0.00206033
0.00206576
0.00207138
0.00207734
0.00208364
0.00209045
0.00209769
0.00210561
0.002114
0.00212306
0.00213257
0.00214274
0.00215341
0.00216474
0.00217672
0.00218934
0.00220285
0.00221691
0.00223225
0.00224789
0.00226542
0.0022827
0.00230278
0.00232164
0.0023446
0.00236475
0.00239075
0.00241156
0.00244018
0.00246075
0.00249052
0.00251148
0.00254789
0.00257314
0.00261284
0.00264017
0.00267925
0.00270198
0.00273225
0.00273044
0.00270689
0.00262689
0.00240115
0.00175826
)
;

boundaryField
{
    movingWall
    {
        type            kqRWallFunction;
        value           nonuniform List<scalar> 
80
(
0.00011823
0.000238731
0.000380281
0.000516182
0.000647615
0.000771661
0.000890211
0.00100402
0.00111264
0.00121506
0.00131034
0.00139797
0.00147787
0.00155019
0.00161522
0.00167333
0.00172497
0.00177062
0.00181075
0.00184587
0.00187649
0.00190306
0.00192606
0.00194589
0.00196296
0.00197766
0.0019903
0.00200121
0.00201066
0.00201893
0.00202624
0.0020328
0.00203879
0.00204441
0.00204977
0.00205505
0.00206033
0.00206576
0.00207138
0.00207734
0.00208364
0.00209045
0.00209769
0.00210561
0.002114
0.00212306
0.00213257
0.00214274
0.00215341
0.00216474
0.00217672
0.00218934
0.00220285
0.00221691
0.00223225
0.00224789
0.00226542
0.0022827
0.00230278
0.00232164
0.0023446
0.00236475
0.00239075
0.00241156
0.00244018
0.00246075
0.00249052
0.00251148
0.00254789
0.00257314
0.00261284
0.00264017
0.00267925
0.00270198
0.00273225
0.00273044
0.00270689
0.00262689
0.00240115
0.00175826
)
;
    }
    fixedWalls
    {
        type            kqRWallFunction;
        value           nonuniform List<scalar> 
240
(
4.3198e-07
2.10229e-06
4.60856e-06
7.86844e-06
1.21988e-05
1.80151e-05
2.57238e-05
3.56829e-05
4.81433e-05
6.32466e-05
8.17502e-05
0.000103442
0.000127578
0.000153505
0.000180438
0.000207467
0.000233872
0.000258893
0.000281992
0.00030287
0.000320801
0.000335553
0.000346885
0.000354721
0.000359258
0.000359945
0.000358537
0.000354999
0.000349441
0.000341948
0.000333023
0.000323003
0.000312111
0.000300859
0.000288923
0.000278014
0.000268963
0.000260449
0.000252003
0.000243507
0.000234943
0.000226394
0.000217942
0.000209617
0.000201505
0.000193618
0.000185842
0.000178085
0.000170313
0.000162467
0.00015454
0.000146543
0.000138475
0.000130373
0.000122394
0.000114722
0.000107444
0.000100547
9.40303e-05
8.77299e-05
8.17525e-05
7.62247e-05
7.12563e-05
6.6827e-05
6.28569e-05
5.92929e-05
5.6134e-05
5.34446e-05
5.13204e-05
5.01525e-05
4.99687e-05
5.13348e-05
5.47342e-05
6.14993e-05
7.30989e-05
9.18161e-05
0.000119322
0.000149254
0.000192201
0.00011823
7.93921e-07
4.12528e-06
1.04974e-05
1.66885e-05
2.06839e-05
2.22013e-05
2.19877e-05
2.12934e-05
2.11609e-05
2.18487e-05
2.42189e-05
2.96024e-05
3.85449e-05
5.06073e-05
6.50909e-05
8.11151e-05
9.77583e-05
0.000115041
0.000132648
0.000151462
0.000174277
0.000204138
0.000241314
0.000282376
0.000328301
0.000375938
0.000419181
0.000453373
0.000471711
0.000478977
0.00048059
0.000479397
0.000472077
0.000462283
0.000450051
0.000436848
0.000423585
0.00041129
0.000400868
0.000392521
0.000386302
0.000383167
0.000382011
0.000382651
0.000387195
0.000394155
0.000404446
0.000418419
0.000436306
0.000458308
0.000485055
0.000516613
0.000553633
0.000596298
0.000645129
0.000700212
0.000761889
0.000830097
0.000904938
0.000986257
0.00107391
0.00116733
0.00126613
0.00136936
0.00147632
0.00158578
0.00169686
0.00180826
0.00191914
0.00202871
0.0021364
0.00224346
0.00235087
0.00246458
0.00253108
0.0025563
0.00250846
0.00229595
0.0020179
0.00175826
4.3198e-07
2.18693e-06
5.09477e-06
8.14193e-06
1.06627e-05
1.24612e-05
1.36672e-05
1.45615e-05
1.54432e-05
1.65675e-05
1.81671e-05
2.03506e-05
2.32246e-05
2.68294e-05
3.11402e-05
3.60761e-05
4.15344e-05
4.73659e-05
5.34005e-05
5.95058e-05
6.57107e-05
7.2345e-05
7.99818e-05
8.90806e-05
9.97274e-05
0.000111392
0.000123188
0.000135085
0.000147267
0.000159998
0.000173388
0.000187222
0.000200794
0.000214141
0.000227161
0.000240158
0.000253229
0.000266616
0.000280459
0.000294939
0.000310171
0.000326264
0.000343367
0.000361602
0.000380927
0.000401382
0.000423165
0.000447058
0.00047458
0.000509445
0.000543788
0.000579048
0.000613508
0.00064674
0.000677537
0.000704706
0.000726862
0.000741014
0.000747729
0.00074964
0.000739129
0.000716107
0.000680855
0.000634277
0.000577399
0.000512514
0.000442318
0.000370954
0.00030167
0.0002363
0.00017773
0.000131345
9.32215e-05
6.32492e-05
4.10941e-05
2.5566e-05
1.51751e-05
8.39925e-06
3.79023e-06
7.93921e-07
)
;
    }
    frontAndBack
    {
        type            empty;
    }
}


// ************************************************************************* //
