/*--------------------------------*- C++ -*----------------------------------*\
  =========                 |
  \\      /  F ield         | OpenFOAM: The Open Source CFD Toolbox
   \\    /   O peration     | Website:  https://openfoam.org
    \\  /    A nd           | Version:  13
     \\/     M anipulation  |
\*---------------------------------------------------------------------------*/
FoamFile
{
    format      ascii;
    class       volScalarField;
    location    "8.3";
    object      nut;
}
// * * * * * * * * * * * * * * * * * * * * * * * * * * * * * * * * * * * * * //

dimensions      [0 2 -1 0 0 0 0];

internalField   nonuniform List<scalar> 
6400
(
9.9554e-10
5.11273e-09
1.24259e-08
2.00051e-08
2.57043e-08
2.88923e-08
3.00379e-08
3.01316e-08
3.02897e-08
3.13549e-08
3.39764e-08
3.91529e-08
4.73449e-08
5.87407e-08
7.27359e-08
8.85561e-08
1.05392e-07
1.22918e-07
1.40301e-07
1.57123e-07
1.74063e-07
1.92574e-07
2.146e-07
2.41253e-07
2.71366e-07
3.01684e-07
3.31791e-07
3.61684e-07
3.92307e-07
4.24476e-07
4.5773e-07
4.90961e-07
5.23636e-07
5.55868e-07
5.88454e-07
6.21595e-07
6.55961e-07
6.91766e-07
7.29441e-07
7.69095e-07
8.11016e-07
8.55531e-07
9.02889e-07
9.53607e-07
1.00814e-06
1.06836e-06
1.13784e-06
1.22417e-06
1.31026e-06
1.39821e-06
1.48415e-06
1.5676e-06
1.64582e-06
1.71668e-06
1.77753e-06
1.82523e-06
1.84934e-06
1.8589e-06
1.85457e-06
1.81853e-06
1.75525e-06
1.66498e-06
1.54864e-06
1.41116e-06
1.25489e-06
1.08803e-06
9.18595e-07
7.53022e-07
5.97444e-07
4.59029e-07
3.4631e-07
2.51748e-07
1.75411e-07
1.17138e-07
7.52281e-08
4.66946e-08
2.81e-08
1.61334e-08
7.62878e-09
1.62582e-09
4.80881e-09
3.38407e-07
1.21643e-06
2.04833e-06
2.66169e-06
3.0218e-06
3.18651e-06
3.24357e-06
3.27746e-06
3.35005e-06
3.53765e-06
3.91211e-06
4.44237e-06
5.0605e-06
5.7033e-06
6.30742e-06
6.82677e-06
7.21248e-06
7.45059e-06
7.5569e-06
7.61347e-06
7.68702e-06
7.8454e-06
8.1145e-06
8.43156e-06
8.64111e-06
8.84501e-06
9.07938e-06
9.39114e-06
9.81834e-06
1.03641e-05
1.09646e-05
1.1614e-05
1.22835e-05
1.29912e-05
1.37224e-05
1.44861e-05
1.52767e-05
1.61009e-05
1.69536e-05
1.78286e-05
1.8732e-05
1.96649e-05
2.06464e-05
2.16432e-05
2.26204e-05
2.35535e-05
2.43862e-05
2.52564e-05
2.61327e-05
2.70198e-05
2.78971e-05
2.87511e-05
2.95606e-05
3.03036e-05
3.10325e-05
3.14781e-05
3.17734e-05
3.19622e-05
3.19292e-05
3.15599e-05
3.08893e-05
2.98852e-05
2.85458e-05
2.68675e-05
2.49067e-05
2.27584e-05
2.04423e-05
1.79919e-05
1.53319e-05
1.24289e-05
9.63151e-06
7.16526e-06
5.13546e-06
3.55918e-06
2.41928e-06
1.61658e-06
1.04442e-06
4.72209e-07
8.59393e-09
1.05001e-08
8.72166e-07
3.5176e-06
6.10455e-06
8.08245e-06
9.36494e-06
1.00832e-05
1.04418e-05
1.06484e-05
1.08855e-05
1.12922e-05
1.19489e-05
1.28304e-05
1.38355e-05
1.48342e-05
1.57148e-05
1.64256e-05
1.694e-05
1.72566e-05
1.73908e-05
1.7365e-05
1.72765e-05
1.72055e-05
1.71915e-05
1.72708e-05
1.75346e-05
1.78581e-05
1.81885e-05
1.85448e-05
1.89234e-05
1.94227e-05
2.01231e-05
2.11183e-05
2.21334e-05
2.32819e-05
2.4486e-05
2.57697e-05
2.70715e-05
2.84289e-05
2.98793e-05
3.12816e-05
3.27315e-05
3.41402e-05
3.54807e-05
3.676e-05
3.80171e-05
3.92368e-05
4.04632e-05
4.16982e-05
4.29307e-05
4.41542e-05
4.53558e-05
4.65196e-05
4.76252e-05
4.86455e-05
4.95452e-05
5.03354e-05
5.0854e-05
5.10885e-05
5.12441e-05
5.10624e-05
5.05619e-05
4.96903e-05
4.83477e-05
4.64426e-05
4.40025e-05
4.12171e-05
3.80687e-05
3.45722e-05
3.07657e-05
2.67028e-05
2.25242e-05
1.84288e-05
1.46205e-05
1.12713e-05
8.43832e-06
6.19016e-06
4.25724e-06
1.77176e-06
2.29865e-08
1.81999e-08
1.42401e-06
5.49077e-06
9.37443e-06
1.23761e-05
1.44342e-05
1.57052e-05
1.64163e-05
1.68294e-05
1.71774e-05
1.76625e-05
1.84095e-05
1.93965e-05
2.04815e-05
2.1501e-05
2.23385e-05
2.29325e-05
2.3279e-05
2.34077e-05
2.33775e-05
2.32563e-05
2.31538e-05
2.31387e-05
2.32521e-05
2.33134e-05
2.33299e-05
2.3324e-05
2.37346e-05
2.44851e-05
2.54859e-05
2.67797e-05
2.80088e-05
2.92282e-05
3.05282e-05
3.18605e-05
3.31665e-05
3.448e-05
3.58595e-05
3.71596e-05
3.84533e-05
3.96923e-05
4.0914e-05
4.20844e-05
4.32164e-05
4.43006e-05
4.5358e-05
4.64144e-05
4.74707e-05
4.85233e-05
4.95664e-05
5.05933e-05
5.15937e-05
5.25547e-05
5.34596e-05
5.42888e-05
5.50188e-05
5.56242e-05
5.60789e-05
5.63119e-05
5.63647e-05
5.61946e-05
5.56644e-05
5.48916e-05
5.40845e-05
5.27661e-05
5.08153e-05
4.84122e-05
4.55239e-05
4.22203e-05
3.85482e-05
3.45509e-05
3.02943e-05
2.58887e-05
2.14993e-05
1.7332e-05
1.35532e-05
1.02716e-05
7.19135e-06
2.97981e-06
3.83278e-08
2.91463e-08
2.13217e-06
7.6025e-06
1.25834e-05
1.62984e-05
1.87954e-05
2.03162e-05
2.11513e-05
2.16199e-05
2.20479e-05
2.26919e-05
2.3638e-05
2.47824e-05
2.5926e-05
2.68902e-05
2.75743e-05
2.79579e-05
2.80807e-05
2.79994e-05
2.78351e-05
2.75974e-05
2.74329e-05
2.72815e-05
2.66719e-05
2.66263e-05
2.71698e-05
2.81323e-05
2.9285e-05
3.04575e-05
3.17748e-05
3.30688e-05
3.43196e-05
3.55502e-05
3.67491e-05
3.78578e-05
3.88949e-05
3.99394e-05
4.09041e-05
4.1743e-05
4.25315e-05
4.32362e-05
4.38911e-05
4.45069e-05
4.51157e-05
4.57391e-05
4.63744e-05
4.70052e-05
4.76425e-05
4.82874e-05
4.89436e-05
4.96125e-05
5.02944e-05
5.09873e-05
5.16867e-05
5.23856e-05
5.30721e-05
5.37267e-05
5.43203e-05
5.48211e-05
5.51702e-05
5.53012e-05
5.51726e-05
5.46171e-05
5.34968e-05
5.26928e-05
5.15024e-05
4.9666e-05
4.73333e-05
4.45657e-05
4.14133e-05
3.79115e-05
3.4085e-05
2.99696e-05
2.56562e-05
2.13553e-05
1.72356e-05
1.3375e-05
9.39313e-06
3.82605e-06
4.89803e-08
4.47497e-08
3.08345e-06
1.00937e-05
1.6087e-05
2.03019e-05
2.29774e-05
2.45051e-05
2.53007e-05
2.57912e-05
2.6356e-05
2.7207e-05
2.83246e-05
2.95236e-05
3.05843e-05
3.13512e-05
3.17624e-05
3.18359e-05
3.16986e-05
3.12984e-05
3.0991e-05
3.04746e-05
2.9612e-05
2.94817e-05
3.02086e-05
3.11925e-05
3.22282e-05
3.34122e-05
3.45962e-05
3.57353e-05
3.68286e-05
3.7785e-05
3.8684e-05
3.95079e-05
4.02127e-05
4.08007e-05
4.13043e-05
4.17207e-05
4.21323e-05
4.2431e-05
4.27006e-05
4.29337e-05
4.31557e-05
4.33581e-05
4.35475e-05
4.37298e-05
4.39044e-05
4.40777e-05
4.4258e-05
4.44545e-05
4.46778e-05
4.49395e-05
4.52518e-05
4.5627e-05
4.60733e-05
4.65886e-05
4.71777e-05
4.78429e-05
4.85588e-05
4.9292e-05
4.99902e-05
5.06571e-05
5.10471e-05
5.11759e-05
5.09693e-05
5.01306e-05
4.96349e-05
4.84086e-05
4.66312e-05
4.4362e-05
4.16861e-05
3.86758e-05
3.53624e-05
3.17283e-05
2.77456e-05
2.3566e-05
1.93299e-05
1.51873e-05
1.07034e-05
4.2364e-06
5.29573e-08
6.63806e-08
4.32131e-06
1.2996e-05
1.98874e-05
2.44081e-05
2.70711e-05
2.84655e-05
2.9164e-05
2.96865e-05
3.03939e-05
3.13912e-05
3.25521e-05
3.36481e-05
3.4478e-05
3.49373e-05
3.50224e-05
3.45777e-05
3.41412e-05
3.36958e-05
3.25232e-05
3.22065e-05
3.2715e-05
3.35925e-05
3.43943e-05
3.53149e-05
3.62394e-05
3.71729e-05
3.79862e-05
3.86968e-05
3.93206e-05
3.98694e-05
4.03338e-05
4.06951e-05
4.0964e-05
4.11585e-05
4.12967e-05
4.13873e-05
4.14451e-05
4.14435e-05
4.14369e-05
4.14257e-05
4.13632e-05
4.13013e-05
4.12093e-05
4.11121e-05
4.09922e-05
4.08634e-05
4.07211e-05
4.05781e-05
4.04394e-05
4.03209e-05
4.02418e-05
4.02332e-05
4.03421e-05
4.05646e-05
4.09073e-05
4.14447e-05
4.217e-05
4.30444e-05
4.4006e-05
4.50552e-05
4.60495e-05
4.692e-05
4.73251e-05
4.73957e-05
4.68739e-05
4.65961e-05
4.53717e-05
4.35045e-05
4.11221e-05
3.83691e-05
3.53594e-05
3.21279e-05
2.85869e-05
2.46182e-05
2.05286e-05
1.61107e-05
1.10017e-05
4.22785e-06
5.14636e-08
9.53059e-08
5.86493e-06
1.62385e-05
2.38797e-05
2.85279e-05
3.10498e-05
3.22488e-05
3.28453e-05
3.33975e-05
3.41883e-05
3.52049e-05
3.62473e-05
3.70796e-05
3.7536e-05
3.75734e-05
3.70718e-05
3.6616e-05
3.55841e-05
3.48618e-05
3.48475e-05
3.54176e-05
3.58393e-05
3.6503e-05
3.71511e-05
3.79252e-05
3.85858e-05
3.91778e-05
3.96375e-05
4.00098e-05
4.02938e-05
4.05033e-05
4.06416e-05
4.0719e-05
4.07535e-05
4.07577e-05
4.07414e-05
4.07072e-05
4.06572e-05
4.05918e-05
4.05222e-05
4.0402e-05
4.03212e-05
4.02334e-05
4.00498e-05
3.99056e-05
3.97173e-05
3.95221e-05
3.93031e-05
3.90615e-05
3.87962e-05
3.85051e-05
3.81845e-05
3.78302e-05
3.74345e-05
3.70812e-05
3.68679e-05
3.68283e-05
3.71265e-05
3.77957e-05
3.86437e-05
3.98143e-05
4.1104e-05
4.2461e-05
4.37304e-05
4.44536e-05
4.45939e-05
4.44411e-05
4.43154e-05
4.29273e-05
4.08045e-05
3.8136e-05
3.51332e-05
3.19741e-05
2.87109e-05
2.512e-05
2.10347e-05
1.66332e-05
1.11831e-05
4.11991e-06
4.78794e-08
1.32408e-07
7.69676e-06
1.97308e-05
2.79088e-05
3.25689e-05
3.48785e-05
3.58624e-05
3.63543e-05
3.68953e-05
3.76664e-05
3.85598e-05
3.93438e-05
3.9811e-05
3.96905e-05
3.92242e-05
3.87382e-05
3.74461e-05
3.69714e-05
3.70538e-05
3.715e-05
3.74566e-05
3.79226e-05
3.84754e-05
3.89793e-05
3.94689e-05
3.98239e-05
4.0103e-05
4.02834e-05
4.04105e-05
4.0486e-05
4.0532e-05
4.05571e-05
4.05746e-05
4.05921e-05
4.06114e-05
4.06321e-05
4.06521e-05
4.06681e-05
4.06732e-05
4.06518e-05
4.06329e-05
4.06166e-05
4.05331e-05
4.04454e-05
4.03391e-05
4.01969e-05
4.00302e-05
3.98289e-05
3.95946e-05
3.93245e-05
3.90144e-05
3.86582e-05
3.82489e-05
3.77812e-05
3.72472e-05
3.66453e-05
3.59695e-05
3.52376e-05
3.46742e-05
3.4781e-05
3.55247e-05
3.66365e-05
3.81209e-05
3.97319e-05
4.13428e-05
4.23164e-05
4.25351e-05
4.26315e-05
4.26203e-05
4.09732e-05
3.84942e-05
3.54199e-05
3.20431e-05
2.86183e-05
2.51483e-05
2.12739e-05
1.66917e-05
1.09453e-05
3.83648e-06
4.38035e-08
1.78023e-07
9.73693e-06
2.33009e-05
3.18941e-05
3.64735e-05
3.85304e-05
3.92887e-05
3.96508e-05
4.01059e-05
4.07379e-05
4.13789e-05
4.18008e-05
4.1572e-05
4.10431e-05
4.04743e-05
3.9413e-05
3.88848e-05
3.86831e-05
3.8488e-05
3.8683e-05
3.89767e-05
3.93446e-05
3.96977e-05
3.99774e-05
4.0199e-05
4.03269e-05
4.04175e-05
4.04705e-05
4.05234e-05
4.05793e-05
4.06545e-05
4.07491e-05
4.08649e-05
4.09962e-05
4.11361e-05
4.12748e-05
4.14016e-05
4.15317e-05
4.16097e-05
4.16501e-05
4.17222e-05
4.17105e-05
4.16801e-05
4.1614e-05
4.15158e-05
4.1383e-05
4.12212e-05
4.10305e-05
4.08125e-05
4.05628e-05
4.02786e-05
3.99527e-05
3.95736e-05
3.91222e-05
3.85875e-05
3.7954e-05
3.71992e-05
3.63125e-05
3.53336e-05
3.43134e-05
3.3317e-05
3.32905e-05
3.42897e-05
3.57318e-05
3.76063e-05
3.94833e-05
4.07159e-05
4.10332e-05
4.12187e-05
4.12268e-05
3.92723e-05
3.63714e-05
3.28161e-05
2.89892e-05
2.51956e-05
2.12854e-05
1.66911e-05
1.07026e-05
3.56992e-06
4.04586e-08
2.32968e-07
1.18169e-05
2.68106e-05
3.57481e-05
4.01952e-05
4.19771e-05
4.24913e-05
4.26739e-05
4.295e-05
4.33273e-05
4.36103e-05
4.32897e-05
4.26673e-05
4.2022e-05
4.11224e-05
4.04891e-05
3.99279e-05
3.96709e-05
3.95997e-05
3.97713e-05
3.99591e-05
4.01623e-05
4.03144e-05
4.04134e-05
4.04814e-05
4.05264e-05
4.05918e-05
4.0682e-05
4.08172e-05
4.09917e-05
4.12059e-05
4.14475e-05
4.17069e-05
4.19691e-05
4.22389e-05
4.25071e-05
4.26782e-05
4.28211e-05
4.30293e-05
4.31138e-05
4.31994e-05
4.3217e-05
4.32063e-05
4.31479e-05
4.30501e-05
4.29101e-05
4.2731e-05
4.25126e-05
4.22565e-05
4.19636e-05
4.16357e-05
4.12744e-05
4.08812e-05
4.0457e-05
4.00007e-05
3.94697e-05
3.88286e-05
3.80182e-05
3.7028e-05
3.58491e-05
3.45482e-05
3.32682e-05
3.21078e-05
3.24268e-05
3.38925e-05
3.58284e-05
3.79433e-05
3.9433e-05
3.98453e-05
4.00181e-05
3.99073e-05
3.75935e-05
3.42131e-05
3.01379e-05
2.58102e-05
2.15196e-05
1.67271e-05
1.07076e-05
3.50946e-06
3.93338e-08
2.99781e-07
1.37378e-05
3.01677e-05
3.9412e-05
4.36975e-05
4.51863e-05
4.54247e-05
4.53613e-05
4.53623e-05
4.5384e-05
4.4952e-05
4.42164e-05
4.35157e-05
4.26946e-05
4.1954e-05
4.10703e-05
4.06238e-05
4.04072e-05
4.03581e-05
4.04313e-05
4.04879e-05
4.05472e-05
4.05785e-05
4.06128e-05
4.06741e-05
4.07804e-05
4.09527e-05
4.11855e-05
4.14777e-05
4.18123e-05
4.2177e-05
4.2554e-05
4.29497e-05
4.3345e-05
4.36852e-05
4.39321e-05
4.41943e-05
4.44684e-05
4.46619e-05
4.48049e-05
4.49108e-05
4.49616e-05
4.49697e-05
4.49268e-05
4.48369e-05
4.46985e-05
4.45134e-05
4.42819e-05
4.40052e-05
4.36845e-05
4.33206e-05
4.29139e-05
4.24644e-05
4.19716e-05
4.14351e-05
4.08556e-05
4.0234e-05
3.95672e-05
3.87603e-05
3.77334e-05
3.64434e-05
3.49717e-05
3.33892e-05
3.19532e-05
3.1142e-05
3.24117e-05
3.42874e-05
3.6643e-05
3.83125e-05
3.87835e-05
3.88707e-05
3.84798e-05
3.57232e-05
3.1823e-05
2.72177e-05
2.23226e-05
1.71848e-05
1.09884e-05
3.66199e-06
4.07983e-08
3.73951e-07
1.56401e-05
3.33605e-05
4.28518e-05
4.69504e-05
4.81252e-05
4.8045e-05
4.76624e-05
4.72982e-05
4.66837e-05
4.5798e-05
4.50559e-05
4.42006e-05
4.33272e-05
4.22221e-05
4.14901e-05
4.11006e-05
4.08834e-05
4.07916e-05
4.07597e-05
4.07274e-05
4.07266e-05
4.07548e-05
4.0849e-05
4.10213e-05
4.12782e-05
4.16159e-05
4.20167e-05
4.24652e-05
4.29403e-05
4.34262e-05
4.39381e-05
4.4425e-05
4.48516e-05
4.524e-05
4.55877e-05
4.59072e-05
4.62248e-05
4.64661e-05
4.66572e-05
4.67994e-05
4.68878e-05
4.69239e-05
4.69046e-05
4.68305e-05
4.67007e-05
4.6516e-05
4.62769e-05
4.59848e-05
4.56411e-05
4.52473e-05
4.48043e-05
4.43123e-05
4.37701e-05
4.31754e-05
4.25246e-05
4.18149e-05
4.10466e-05
4.02265e-05
3.93558e-05
3.82896e-05
3.69551e-05
3.53392e-05
3.35543e-05
3.18032e-05
3.04363e-05
3.11185e-05
3.30024e-05
3.54983e-05
3.72555e-05
3.7712e-05
3.76463e-05
3.67623e-05
3.34715e-05
2.90687e-05
2.38585e-05
1.82521e-05
1.18324e-05
4.13768e-06
4.69011e-08
4.5335e-07
1.74865e-05
3.63456e-05
4.60341e-05
4.99275e-05
5.07661e-05
5.03199e-05
4.95455e-05
4.86303e-05
4.75243e-05
4.67314e-05
4.5681e-05
4.46758e-05
4.33933e-05
4.23905e-05
4.1754e-05
4.13756e-05
4.11323e-05
4.09904e-05
4.09036e-05
4.08653e-05
4.09075e-05
4.10369e-05
4.12749e-05
4.16143e-05
4.20445e-05
4.25453e-05
4.3094e-05
4.36714e-05
4.42589e-05
4.48455e-05
4.54278e-05
4.5975e-05
4.64716e-05
4.69355e-05
4.73726e-05
4.77523e-05
4.80805e-05
4.84086e-05
4.8657e-05
4.88459e-05
4.89797e-05
4.90524e-05
4.90627e-05
4.90091e-05
4.88904e-05
4.87065e-05
4.8458e-05
4.81464e-05
4.77741e-05
4.73441e-05
4.68594e-05
4.63226e-05
4.57349e-05
4.50951e-05
4.4399e-05
4.36386e-05
4.28047e-05
4.18904e-05
4.08995e-05
3.9854e-05
3.86806e-05
3.72836e-05
3.55365e-05
3.36052e-05
3.16483e-05
3.00518e-05
3.00502e-05
3.19069e-05
3.44756e-05
3.6195e-05
3.65115e-05
3.63124e-05
3.45434e-05
3.08043e-05
2.57466e-05
1.98684e-05
1.31252e-05
5.02393e-06
6.1499e-08
5.35393e-07
1.92349e-05
3.9083e-05
4.89335e-05
5.26107e-05
5.30971e-05
5.22481e-05
5.09766e-05
4.9576e-05
4.86597e-05
4.72434e-05
4.60974e-05
4.46305e-05
4.3376e-05
4.24646e-05
4.18762e-05
4.14893e-05
4.12287e-05
4.10764e-05
4.1013e-05
4.10549e-05
4.12212e-05
4.15107e-05
4.19214e-05
4.24302e-05
4.30157e-05
4.36527e-05
4.43197e-05
4.49995e-05
4.56778e-05
4.63443e-05
4.69891e-05
4.75997e-05
4.81796e-05
4.87414e-05
4.92518e-05
4.97127e-05
5.01009e-05
5.04445e-05
5.08074e-05
5.10465e-05
5.12331e-05
5.13501e-05
5.13954e-05
5.13668e-05
5.12616e-05
5.10793e-05
5.08195e-05
5.04839e-05
5.0075e-05
4.95973e-05
4.90559e-05
4.84569e-05
4.78059e-05
4.7107e-05
4.63604e-05
4.5561e-05
4.46966e-05
4.37484e-05
4.26953e-05
4.15254e-05
4.02564e-05
3.88375e-05
3.72999e-05
3.55368e-05
3.34796e-05
3.14154e-05
2.95616e-05
2.91457e-05
3.09254e-05
3.35792e-05
3.50564e-05
3.51009e-05
3.47436e-05
3.19895e-05
2.74495e-05
2.16533e-05
1.46986e-05
6.04151e-06
8.47735e-08
6.17675e-07
2.08475e-05
4.15475e-05
5.15399e-05
5.49908e-05
5.5128e-05
5.37799e-05
5.21443e-05
5.08836e-05
4.90755e-05
4.76781e-05
4.601e-05
4.44962e-05
4.3298e-05
4.24543e-05
4.18894e-05
4.15055e-05
4.12661e-05
4.11651e-05
4.11989e-05
4.13815e-05
4.17117e-05
4.21734e-05
4.27466e-05
4.34016e-05
4.41142e-05
4.48611e-05
4.5625e-05
4.6392e-05
4.71516e-05
4.78959e-05
4.8618e-05
4.9313e-05
4.99796e-05
5.06126e-05
5.12242e-05
5.17826e-05
5.22474e-05
5.26511e-05
5.30511e-05
5.3399e-05
5.36313e-05
5.38018e-05
5.38868e-05
5.38887e-05
5.38023e-05
5.36259e-05
5.33583e-05
5.29999e-05
5.25531e-05
5.2022e-05
5.14132e-05
5.07349e-05
4.99971e-05
4.92099e-05
4.83819e-05
4.75174e-05
4.66127e-05
4.56532e-05
4.46108e-05
4.34468e-05
4.2123e-05
4.07274e-05
3.90559e-05
3.71222e-05
3.52498e-05
3.32079e-05
3.10343e-05
2.89691e-05
2.83461e-05
3.00669e-05
3.2658e-05
3.3988e-05
3.34499e-05
3.24227e-05
2.86301e-05
2.32181e-05
1.63002e-05
7.08463e-06
1.14688e-07
6.98561e-07
2.22771e-05
4.37384e-05
5.38905e-05
5.70361e-05
5.66461e-05
5.50618e-05
5.33517e-05
5.1269e-05
4.95074e-05
4.7613e-05
4.58199e-05
4.43114e-05
4.31748e-05
4.23812e-05
4.18427e-05
4.14964e-05
4.13287e-05
4.13363e-05
4.15154e-05
4.18635e-05
4.23603e-05
4.29786e-05
4.369e-05
4.44655e-05
4.52831e-05
4.61242e-05
4.69754e-05
4.78267e-05
4.86704e-05
4.95003e-05
5.03113e-05
5.10987e-05
5.18578e-05
5.2582e-05
5.32748e-05
5.39375e-05
5.45007e-05
5.4956e-05
5.53999e-05
5.58574e-05
5.61397e-05
5.63661e-05
5.64957e-05
5.65336e-05
5.64729e-05
5.63106e-05
5.60441e-05
5.56723e-05
5.51959e-05
5.46179e-05
5.39437e-05
5.31821e-05
5.23449e-05
5.14462e-05
5.05019e-05
4.95264e-05
4.85299e-05
4.75126e-05
4.64596e-05
4.53355e-05
4.40829e-05
4.26313e-05
4.11022e-05
3.92203e-05
3.68542e-05
3.47988e-05
3.27707e-05
3.04733e-05
2.82194e-05
2.76792e-05
2.9313e-05
3.14776e-05
3.23599e-05
3.16017e-05
2.91737e-05
2.43684e-05
1.77216e-05
8.02118e-06
1.49353e-07
7.76312e-07
2.35559e-05
4.5649e-05
5.58141e-05
5.85817e-05
5.80589e-05
5.64694e-05
5.41849e-05
5.1688e-05
4.9525e-05
4.74268e-05
4.55743e-05
4.41001e-05
4.30229e-05
4.22775e-05
4.17893e-05
4.15234e-05
4.14721e-05
4.16246e-05
4.19663e-05
4.24765e-05
4.31231e-05
4.38744e-05
4.47013e-05
4.5579e-05
4.64896e-05
4.74189e-05
4.83571e-05
4.92965e-05
5.02308e-05
5.11542e-05
5.20609e-05
5.29448e-05
5.37992e-05
5.46168e-05
5.53906e-05
5.61496e-05
5.68114e-05
5.73205e-05
5.78169e-05
5.83568e-05
5.87003e-05
5.89791e-05
5.91563e-05
5.92343e-05
5.92061e-05
5.90675e-05
5.88144e-05
5.84439e-05
5.79544e-05
5.73466e-05
5.66236e-05
5.57922e-05
5.4863e-05
5.38512e-05
5.27758e-05
5.16587e-05
5.05217e-05
4.93823e-05
4.82465e-05
4.71013e-05
4.59054e-05
4.45826e-05
4.30236e-05
4.13808e-05
3.90826e-05
3.64921e-05
3.42119e-05
3.2158e-05
2.96629e-05
2.72094e-05
2.71093e-05
2.88454e-05
3.02626e-05
3.03333e-05
2.92107e-05
2.50785e-05
1.88248e-05
8.77677e-06
1.87106e-07
8.47931e-07
2.46446e-05
4.71846e-05
5.72997e-05
5.98337e-05
5.94832e-05
5.73141e-05
5.44933e-05
5.19295e-05
4.94049e-05
4.71703e-05
4.53042e-05
4.38793e-05
4.28626e-05
4.21789e-05
4.17738e-05
4.16252e-05
4.17177e-05
4.20274e-05
4.25263e-05
4.31813e-05
4.39563e-05
4.48203e-05
4.57473e-05
4.67175e-05
4.77169e-05
4.87348e-05
4.97634e-05
5.07958e-05
5.18255e-05
5.28455e-05
5.38486e-05
5.4827e-05
5.57724e-05
5.66766e-05
5.75315e-05
5.8373e-05
5.91206e-05
5.96854e-05
6.02377e-05
6.08272e-05
6.12413e-05
6.15662e-05
6.17906e-05
6.19103e-05
6.19197e-05
6.18132e-05
6.15857e-05
6.12326e-05
6.07501e-05
6.01359e-05
5.939e-05
5.85155e-05
5.75196e-05
5.64149e-05
5.52198e-05
5.39583e-05
5.26591e-05
5.13523e-05
5.00636e-05
4.88065e-05
4.75712e-05
4.63133e-05
4.49423e-05
4.33157e-05
4.13834e-05
3.87142e-05
3.59462e-05
3.35048e-05
3.13371e-05
2.84912e-05
2.60036e-05
2.63979e-05
2.8281e-05
2.93147e-05
2.81661e-05
2.53012e-05
1.95667e-05
9.34662e-06
2.26709e-07
9.10874e-07
2.55169e-05
4.83419e-05
5.84206e-05
6.10664e-05
6.05093e-05
5.80156e-05
5.48994e-05
5.19129e-05
4.91942e-05
4.68786e-05
4.50296e-05
4.36636e-05
4.27156e-05
4.21156e-05
4.18236e-05
4.18151e-05
4.20601e-05
4.25214e-05
4.31614e-05
4.39415e-05
4.48269e-05
4.57897e-05
4.68084e-05
4.78675e-05
4.89558e-05
5.00647e-05
5.11867e-05
5.23142e-05
5.34393e-05
5.45535e-05
5.56477e-05
5.67128e-05
5.77398e-05
5.872e-05
5.96455e-05
6.05538e-05
6.13773e-05
6.19913e-05
6.25856e-05
6.32126e-05
6.36907e-05
6.40559e-05
6.43233e-05
6.44837e-05
6.45325e-05
6.44637e-05
6.42715e-05
6.395e-05
6.34934e-05
6.28968e-05
6.21567e-05
6.12719e-05
6.02448e-05
5.9083e-05
5.78005e-05
5.6419e-05
5.49682e-05
5.34841e-05
5.20056e-05
5.05675e-05
4.91895e-05
4.78633e-05
4.65367e-05
4.5097e-05
4.33553e-05
4.10815e-05
3.81335e-05
3.52199e-05
3.26816e-05
3.02786e-05
2.71566e-05
2.50747e-05
2.57171e-05
2.69107e-05
2.70752e-05
2.52144e-05
1.99549e-05
9.70276e-06
2.68022e-07
9.63751e-07
2.61792e-05
4.91714e-05
5.93005e-05
6.19856e-05
6.1247e-05
5.83258e-05
5.50313e-05
5.17929e-05
4.89297e-05
4.65753e-05
4.47644e-05
4.34663e-05
4.26008e-05
4.2107e-05
4.1948e-05
4.2087e-05
4.2479e-05
4.30776e-05
4.38406e-05
4.47294e-05
4.57125e-05
4.67662e-05
4.78729e-05
4.90203e-05
5.01987e-05
5.13997e-05
5.26148e-05
5.38348e-05
5.50501e-05
5.62504e-05
5.74255e-05
5.85654e-05
5.96609e-05
6.07036e-05
6.16859e-05
6.26384e-05
6.35195e-05
6.41905e-05
6.48061e-05
6.54575e-05
6.59905e-05
6.63888e-05
6.66926e-05
6.68899e-05
6.69767e-05
6.69476e-05
6.67963e-05
6.65163e-05
6.61005e-05
6.5542e-05
6.4834e-05
6.39712e-05
6.29508e-05
6.1774e-05
6.04482e-05
5.89891e-05
5.7422e-05
5.57827e-05
5.41164e-05
5.24722e-05
5.08947e-05
4.9411e-05
4.80145e-05
4.66469e-05
4.51766e-05
4.32167e-05
4.04066e-05
3.73141e-05
3.43437e-05
3.16774e-05
2.887e-05
2.54339e-05
2.43485e-05
2.53272e-05
2.60262e-05
2.45414e-05
1.99929e-05
9.85893e-06
3.10648e-07
1.0058e-06
2.66337e-05
4.97271e-05
5.98962e-05
6.26744e-05
6.17819e-05
5.87216e-05
5.50586e-05
5.1604e-05
4.86379e-05
4.62761e-05
4.45183e-05
4.32982e-05
4.25307e-05
4.216e-05
4.21419e-05
4.2424e-05
4.29501e-05
4.36699e-05
4.45405e-05
4.5526e-05
4.65989e-05
4.77393e-05
4.89326e-05
5.0168e-05
5.14359e-05
5.27268e-05
5.40305e-05
5.53359e-05
5.66317e-05
5.79063e-05
5.91488e-05
6.03492e-05
6.14987e-05
6.25894e-05
6.36146e-05
6.45893e-05
6.55116e-05
6.6245e-05
6.68606e-05
6.75211e-05
6.80997e-05
6.85233e-05
6.88554e-05
6.90834e-05
6.92042e-05
6.92129e-05
6.91038e-05
6.88704e-05
6.8505e-05
6.79991e-05
6.73439e-05
6.65303e-05
6.55507e-05
6.44e-05
6.30778e-05
6.15913e-05
5.99578e-05
5.82069e-05
5.63822e-05
5.45388e-05
5.2737e-05
5.10303e-05
4.94492e-05
4.79822e-05
4.65609e-05
4.50493e-05
4.26948e-05
3.94537e-05
3.63668e-05
3.3239e-05
3.04173e-05
2.69747e-05
2.37298e-05
2.34341e-05
2.37788e-05
2.35159e-05
1.98676e-05
9.99671e-06
3.57415e-07
1.0369e-06
2.68979e-05
5.00401e-05
6.02373e-05
6.31891e-05
6.20402e-05
5.88556e-05
5.49914e-05
5.13709e-05
4.83372e-05
4.59913e-05
4.42984e-05
4.31668e-05
4.25102e-05
4.22711e-05
4.23919e-05
4.28061e-05
4.34518e-05
4.42783e-05
4.52448e-05
4.63187e-05
4.74764e-05
4.87008e-05
4.99792e-05
5.13006e-05
5.26545e-05
5.40296e-05
5.54135e-05
5.67936e-05
5.8157e-05
5.94918e-05
6.0787e-05
6.2033e-05
6.32216e-05
6.43459e-05
6.54e-05
6.63792e-05
6.73301e-05
6.81257e-05
6.87262e-05
6.93801e-05
6.99952e-05
7.04362e-05
7.07878e-05
7.10391e-05
7.11876e-05
7.12295e-05
7.11601e-05
7.09733e-05
7.06619e-05
7.02167e-05
6.96276e-05
6.88831e-05
6.79713e-05
6.68816e-05
6.56061e-05
6.41425e-05
6.24977e-05
6.06913e-05
5.87591e-05
5.67543e-05
5.47447e-05
5.28036e-05
5.09932e-05
4.93404e-05
4.78103e-05
4.62805e-05
4.45215e-05
4.17042e-05
3.8393e-05
3.51306e-05
3.17904e-05
2.87019e-05
2.46616e-05
2.26771e-05
2.26985e-05
2.27745e-05
1.97418e-05
1.03477e-05
4.17426e-07
1.05757e-06
2.69963e-05
5.00985e-05
6.02923e-05
6.33631e-05
6.23246e-05
5.88974e-05
5.48588e-05
5.11131e-05
4.80406e-05
4.57277e-05
4.41091e-05
4.30752e-05
4.25378e-05
4.2431e-05
4.2682e-05
4.3215e-05
4.39668e-05
4.48885e-05
4.5942e-05
4.70985e-05
4.83373e-05
4.96432e-05
5.10035e-05
5.24065e-05
5.38398e-05
5.52899e-05
5.67429e-05
5.81845e-05
5.96016e-05
6.0982e-05
6.23153e-05
6.35926e-05
6.48062e-05
6.59499e-05
6.7018e-05
6.8005e-05
6.89622e-05
6.98148e-05
7.03949e-05
7.10265e-05
7.16697e-05
7.2121e-05
7.24836e-05
7.27499e-05
7.29184e-05
7.29867e-05
7.29513e-05
7.28073e-05
7.25483e-05
7.21657e-05
7.16487e-05
7.09846e-05
7.01589e-05
6.91563e-05
6.79622e-05
6.65656e-05
6.49621e-05
6.31588e-05
6.11789e-05
5.90662e-05
5.68866e-05
5.47237e-05
5.26668e-05
5.07894e-05
4.91219e-05
4.76235e-05
4.61575e-05
4.37679e-05
4.0394e-05
3.71436e-05
3.36271e-05
3.00082e-05
2.62654e-05
2.23742e-05
2.14112e-05
2.12178e-05
1.94382e-05
1.09803e-05
4.98408e-07
1.06784e-06
2.69249e-05
4.98974e-05
6.02228e-05
6.35025e-05
6.23652e-05
5.88458e-05
5.46804e-05
5.08452e-05
4.77566e-05
4.54893e-05
4.39523e-05
4.30228e-05
4.26072e-05
4.26274e-05
4.29972e-05
4.36362e-05
4.44825e-05
4.549e-05
4.66239e-05
4.78583e-05
4.91745e-05
5.05578e-05
5.19949e-05
5.34725e-05
5.49759e-05
5.64898e-05
5.79989e-05
5.94886e-05
6.09454e-05
6.23579e-05
6.37164e-05
6.50129e-05
6.62408e-05
6.73946e-05
6.84697e-05
6.94623e-05
7.04071e-05
7.12866e-05
7.18754e-05
7.2466e-05
7.3128e-05
7.35839e-05
7.39498e-05
7.4223e-05
7.44033e-05
7.44898e-05
7.44806e-05
7.43725e-05
7.41603e-05
7.38367e-05
7.33915e-05
7.28116e-05
7.20812e-05
7.11819e-05
7.00941e-05
6.8799e-05
6.72817e-05
6.55361e-05
6.35702e-05
6.14132e-05
5.91199e-05
5.6772e-05
5.44701e-05
5.23144e-05
5.03751e-05
4.86562e-05
4.70659e-05
4.53948e-05
4.24168e-05
3.89263e-05
3.54809e-05
3.17744e-05
2.78634e-05
2.32998e-05
2.09805e-05
1.9762e-05
1.89423e-05
1.16602e-05
6.00021e-07
1.06718e-06
2.67531e-05
4.96439e-05
6.00022e-05
6.35019e-05
6.23014e-05
5.87226e-05
5.4472e-05
5.05781e-05
4.7491e-05
4.52781e-05
4.38279e-05
4.3006e-05
4.27102e-05
4.28484e-05
4.3325e-05
4.40585e-05
4.49896e-05
4.60755e-05
4.72839e-05
4.85915e-05
4.99803e-05
5.14355e-05
5.29423e-05
5.44851e-05
5.60476e-05
5.76131e-05
5.91654e-05
6.069e-05
6.21742e-05
6.36072e-05
6.49805e-05
6.62871e-05
6.75216e-05
6.86795e-05
6.97576e-05
7.07536e-05
7.16717e-05
7.25561e-05
7.31814e-05
7.37152e-05
7.43829e-05
7.48402e-05
7.52028e-05
7.54755e-05
7.56596e-05
7.57557e-05
7.57639e-05
7.56827e-05
7.55089e-05
7.52368e-05
7.48576e-05
7.43592e-05
7.37254e-05
7.29364e-05
7.19693e-05
7.07992e-05
6.94023e-05
6.77601e-05
6.58649e-05
6.37283e-05
6.13884e-05
5.89169e-05
5.64173e-05
5.40131e-05
5.18201e-05
4.99066e-05
4.82541e-05
4.6734e-05
4.43048e-05
4.07157e-05
3.74348e-05
3.33568e-05
2.92066e-05
2.48067e-05
2.08618e-05
1.92532e-05
1.85285e-05
1.22822e-05
7.18115e-07
1.0615e-06
2.64844e-05
4.92157e-05
5.95873e-05
6.32869e-05
6.2133e-05
5.85426e-05
5.42457e-05
5.03195e-05
4.72476e-05
4.50949e-05
4.37341e-05
4.30196e-05
4.28379e-05
4.30838e-05
4.36558e-05
4.44736e-05
4.54814e-05
4.66388e-05
4.79162e-05
4.92916e-05
5.07472e-05
5.22669e-05
5.38343e-05
5.54319e-05
5.70419e-05
5.86466e-05
6.023e-05
6.17781e-05
6.3279e-05
6.47232e-05
6.61034e-05
6.74135e-05
6.86491e-05
6.98062e-05
7.08816e-05
7.18722e-05
7.27746e-05
7.36491e-05
7.43211e-05
7.48082e-05
7.54481e-05
7.59097e-05
7.62644e-05
7.65302e-05
7.67106e-05
7.68081e-05
7.68244e-05
7.67604e-05
7.66149e-05
7.63843e-05
7.60619e-05
7.56372e-05
7.5095e-05
7.44154e-05
7.35737e-05
7.25413e-05
7.12875e-05
6.9783e-05
6.80053e-05
6.59472e-05
6.36262e-05
6.10947e-05
5.84457e-05
5.58079e-05
5.33237e-05
5.11082e-05
4.91962e-05
4.74941e-05
4.57518e-05
4.25586e-05
3.89915e-05
3.53193e-05
3.08895e-05
2.62727e-05
2.10686e-05
1.87552e-05
1.75249e-05
1.29252e-05
8.40284e-07
1.04894e-06
2.61593e-05
4.85306e-05
5.90561e-05
6.29384e-05
6.18758e-05
5.8318e-05
5.40108e-05
5.00752e-05
4.70287e-05
4.49393e-05
4.36681e-05
4.30579e-05
4.29823e-05
4.33252e-05
4.39821e-05
4.48755e-05
4.59523e-05
4.71749e-05
4.85153e-05
4.99521e-05
5.14671e-05
5.30429e-05
5.46609e-05
5.63023e-05
5.79482e-05
5.95808e-05
6.11846e-05
6.27464e-05
6.42557e-05
6.57042e-05
6.70856e-05
6.83949e-05
6.96281e-05
7.07814e-05
7.18515e-05
7.28347e-05
7.3727e-05
7.45818e-05
7.53005e-05
7.5755e-05
7.63485e-05
7.68141e-05
7.71577e-05
7.74116e-05
7.7582e-05
7.76734e-05
7.76893e-05
7.76327e-05
7.75049e-05
7.73045e-05
7.70275e-05
7.66655e-05
7.62052e-05
7.56279e-05
7.49089e-05
7.40174e-05
7.29183e-05
7.15739e-05
6.9949e-05
6.80187e-05
6.57783e-05
6.3257e-05
6.05291e-05
5.77186e-05
5.49867e-05
5.24973e-05
5.03616e-05
4.85801e-05
4.69971e-05
4.42184e-05
4.04828e-05
3.7279e-05
3.23247e-05
2.75589e-05
2.23569e-05
1.86215e-05
1.6386e-05
1.34173e-05
9.38586e-07
1.02937e-06
2.57376e-05
4.77759e-05
5.84318e-05
6.24716e-05
6.15427e-05
5.80588e-05
5.37744e-05
4.9849e-05
4.68354e-05
4.48102e-05
4.36265e-05
4.31151e-05
4.31364e-05
4.35659e-05
4.42983e-05
4.5259e-05
4.63979e-05
4.7679e-05
4.90757e-05
5.05667e-05
5.2133e-05
5.37552e-05
5.54136e-05
5.70879e-05
5.8759e-05
6.04095e-05
6.20246e-05
6.35924e-05
6.51038e-05
6.65517e-05
6.79309e-05
6.92371e-05
7.04665e-05
7.16157e-05
7.26812e-05
7.36596e-05
7.4548e-05
7.53735e-05
7.61114e-05
7.65734e-05
7.71098e-05
7.75745e-05
7.79051e-05
7.81433e-05
7.82988e-05
7.83777e-05
7.83856e-05
7.83276e-05
7.82071e-05
7.80257e-05
7.77818e-05
7.74698e-05
7.70791e-05
7.65929e-05
7.59878e-05
7.52329e-05
7.42906e-05
7.31175e-05
7.16685e-05
6.99027e-05
6.77943e-05
6.53461e-05
6.26059e-05
5.96785e-05
5.67249e-05
5.39348e-05
5.1472e-05
4.94052e-05
4.76629e-05
4.55879e-05
4.18684e-05
3.87879e-05
3.429e-05
2.90736e-05
2.3725e-05
1.90728e-05
1.57362e-05
1.36135e-05
9.837e-07
1.00389e-06
2.52123e-05
4.69089e-05
5.77105e-05
6.19085e-05
6.11462e-05
5.77734e-05
5.35419e-05
4.96438e-05
4.66682e-05
4.4706e-05
4.36057e-05
4.31858e-05
4.32945e-05
4.38007e-05
4.45999e-05
4.56203e-05
4.68139e-05
4.81466e-05
4.95924e-05
5.11297e-05
5.27382e-05
5.43972e-05
5.60857e-05
5.77829e-05
5.94697e-05
6.11294e-05
6.27486e-05
6.43166e-05
6.58256e-05
6.72699e-05
6.8645e-05
6.99473e-05
7.11732e-05
7.23193e-05
7.3382e-05
7.43579e-05
7.52441e-05
7.60394e-05
7.67905e-05
7.72707e-05
7.775e-05
7.82092e-05
7.85256e-05
7.87459e-05
7.88828e-05
7.89444e-05
7.8938e-05
7.88707e-05
7.87485e-05
7.85754e-05
7.83527e-05
7.80778e-05
7.7743e-05
7.73345e-05
7.68309e-05
7.62028e-05
7.5412e-05
7.44121e-05
7.31506e-05
7.15745e-05
6.96384e-05
6.73193e-05
6.46351e-05
6.16642e-05
5.85554e-05
5.55149e-05
5.27565e-05
5.04187e-05
4.84812e-05
4.67252e-05
4.34663e-05
4.01107e-05
3.62911e-05
3.03476e-05
2.48153e-05
1.90462e-05
1.58645e-05
1.36018e-05
9.91404e-07
9.73969e-07
2.46534e-05
4.59551e-05
5.68998e-05
6.12651e-05
6.06973e-05
5.74684e-05
5.3317e-05
4.94614e-05
4.65272e-05
4.4625e-05
4.36021e-05
4.32655e-05
4.34519e-05
4.40255e-05
4.48832e-05
4.59557e-05
4.71969e-05
4.85738e-05
5.00609e-05
5.16359e-05
5.32774e-05
5.49637e-05
5.66727e-05
5.83837e-05
6.00779e-05
6.17399e-05
6.33574e-05
6.49213e-05
6.64251e-05
6.7864e-05
6.92345e-05
7.05331e-05
7.17565e-05
7.29009e-05
7.39623e-05
7.4936e-05
7.58175e-05
7.66011e-05
7.73536e-05
7.78546e-05
7.82821e-05
7.87321e-05
7.9034e-05
7.92353e-05
7.93515e-05
7.93923e-05
7.93669e-05
7.92843e-05
7.91527e-05
7.89787e-05
7.87665e-05
7.85164e-05
7.82241e-05
7.7879e-05
7.74627e-05
7.69481e-05
7.62984e-05
7.5466e-05
7.43946e-05
7.30214e-05
7.12854e-05
6.91394e-05
6.65701e-05
6.36218e-05
6.04175e-05
5.71614e-05
5.41029e-05
5.14566e-05
4.93018e-05
4.75188e-05
4.47896e-05
4.11075e-05
3.79658e-05
3.19694e-05
2.60789e-05
1.97618e-05
1.56299e-05
1.33484e-05
9.71352e-07
9.40771e-07
2.40761e-05
4.49341e-05
5.60107e-05
6.05544e-05
6.02051e-05
5.71493e-05
5.31028e-05
4.93028e-05
4.6412e-05
4.45654e-05
4.36125e-05
4.33502e-05
4.36047e-05
4.42369e-05
4.51451e-05
4.62621e-05
4.75434e-05
4.89569e-05
5.04771e-05
5.20812e-05
5.37468e-05
5.54511e-05
5.71719e-05
5.88887e-05
6.05835e-05
6.2242e-05
6.38535e-05
6.54102e-05
6.69069e-05
6.83396e-05
6.97054e-05
7.10012e-05
7.22233e-05
7.33677e-05
7.44294e-05
7.5403e-05
7.62829e-05
7.70635e-05
7.78038e-05
7.83305e-05
7.87147e-05
7.91531e-05
7.94406e-05
7.9623e-05
7.97175e-05
7.97357e-05
7.96882e-05
7.95859e-05
7.9439e-05
7.92567e-05
7.90457e-05
7.88097e-05
7.85476e-05
7.8252e-05
7.79084e-05
7.74927e-05
7.69704e-05
7.62951e-05
7.54086e-05
7.42423e-05
7.27228e-05
7.07825e-05
6.83781e-05
6.5517e-05
6.22871e-05
5.88744e-05
5.55452e-05
5.25715e-05
5.01113e-05
4.81024e-05
4.58878e-05
4.20647e-05
3.93593e-05
3.39075e-05
2.72517e-05
2.08628e-05
1.5538e-05
1.31941e-05
9.37781e-07
9.05409e-07
2.34758e-05
4.38577e-05
5.5054e-05
5.9787e-05
5.96771e-05
5.68203e-05
5.29009e-05
4.91683e-05
4.63219e-05
4.45253e-05
4.36341e-05
4.34364e-05
4.37497e-05
4.44319e-05
4.53827e-05
4.65367e-05
4.78506e-05
4.92929e-05
5.08381e-05
5.24627e-05
5.41436e-05
5.58576e-05
5.75824e-05
5.9298e-05
6.09877e-05
6.26383e-05
6.42405e-05
6.57878e-05
6.7276e-05
6.87021e-05
7.00635e-05
7.13571e-05
7.25792e-05
7.3725e-05
7.47887e-05
7.57642e-05
7.66451e-05
7.74253e-05
7.815e-05
7.87015e-05
7.90529e-05
7.94778e-05
7.97515e-05
7.99158e-05
7.99889e-05
7.99839e-05
7.99128e-05
7.97881e-05
7.96219e-05
7.94257e-05
7.92089e-05
7.8978e-05
7.87352e-05
7.8477e-05
7.81922e-05
7.78606e-05
7.74509e-05
7.69191e-05
7.62073e-05
7.52442e-05
7.39479e-05
7.22342e-05
7.00331e-05
6.73151e-05
6.41264e-05
6.06211e-05
5.70652e-05
5.37807e-05
5.10209e-05
4.88202e-05
4.68979e-05
4.32534e-05
4.03766e-05
3.57644e-05
2.84276e-05
2.19525e-05
1.56802e-05
1.30421e-05
8.97502e-07
8.67901e-07
2.28716e-05
4.27393e-05
5.40406e-05
5.89718e-05
5.91196e-05
5.64848e-05
5.27127e-05
4.9058e-05
4.62561e-05
4.4503e-05
4.36642e-05
4.35214e-05
4.38841e-05
4.46081e-05
4.55939e-05
4.67774e-05
4.81162e-05
4.95794e-05
5.11414e-05
5.27782e-05
5.44664e-05
5.61824e-05
5.79044e-05
5.96131e-05
6.12928e-05
6.29319e-05
6.45221e-05
6.60583e-05
6.75371e-05
6.89563e-05
7.03134e-05
7.16053e-05
7.2828e-05
7.3976e-05
7.50431e-05
7.60221e-05
7.69061e-05
7.76889e-05
7.83969e-05
7.89605e-05
7.92998e-05
7.97085e-05
7.99689e-05
8.01165e-05
8.01696e-05
8.01421e-05
8.00473e-05
7.98991e-05
7.97114e-05
7.94976e-05
7.92697e-05
7.90371e-05
7.88051e-05
7.85736e-05
7.83355e-05
7.80743e-05
7.77625e-05
7.73594e-05
7.68093e-05
7.60403e-05
7.49658e-05
7.34894e-05
7.15187e-05
6.89894e-05
6.59031e-05
6.2371e-05
5.86385e-05
5.50547e-05
5.19552e-05
4.94952e-05
4.75262e-05
4.44201e-05
4.11566e-05
3.73924e-05
2.9752e-05
2.28877e-05
1.59852e-05
1.29546e-05
8.55922e-07
8.30677e-07
2.22463e-05
4.15825e-05
5.29777e-05
5.81159e-05
5.85375e-05
5.61451e-05
5.25382e-05
4.89717e-05
4.62142e-05
4.44972e-05
4.37007e-05
4.36028e-05
4.40058e-05
4.47633e-05
4.57765e-05
4.69821e-05
4.83384e-05
4.98148e-05
5.13857e-05
5.3027e-05
5.47149e-05
5.64261e-05
5.81393e-05
5.98361e-05
6.1502e-05
6.31265e-05
6.47026e-05
6.62262e-05
6.76947e-05
6.91062e-05
7.04586e-05
7.17487e-05
7.2972e-05
7.41226e-05
7.51934e-05
7.61767e-05
7.70651e-05
7.7852e-05
7.85446e-05
7.91142e-05
7.94535e-05
7.98445e-05
8.00924e-05
8.02252e-05
8.02603e-05
8.02121e-05
8.00948e-05
7.99235e-05
7.97137e-05
7.94805e-05
7.92383e-05
7.89991e-05
7.87712e-05
7.85582e-05
7.83564e-05
7.81535e-05
7.7926e-05
7.76372e-05
7.72344e-05
7.66473e-05
7.57875e-05
7.45507e-05
7.28269e-05
7.05213e-05
6.75914e-05
6.40981e-05
6.0251e-05
5.64062e-05
5.29662e-05
5.01903e-05
4.80348e-05
4.54354e-05
4.18508e-05
3.86483e-05
3.1431e-05
2.38871e-05
1.64559e-05
1.28729e-05
8.144e-07
7.90152e-07
2.16632e-05
4.04099e-05
5.18754e-05
5.72255e-05
5.79345e-05
5.58024e-05
5.23773e-05
4.89087e-05
4.6195e-05
4.4506e-05
4.37415e-05
4.36782e-05
4.41126e-05
4.48957e-05
4.59289e-05
4.71493e-05
4.85158e-05
4.9998e-05
5.15704e-05
5.32089e-05
5.48898e-05
5.65902e-05
5.82894e-05
5.99701e-05
6.16188e-05
6.32261e-05
6.47861e-05
6.62955e-05
6.77524e-05
6.91554e-05
7.05022e-05
7.17896e-05
7.30127e-05
7.4165e-05
7.52389e-05
7.6226e-05
7.71182e-05
7.79083e-05
7.85905e-05
7.91658e-05
7.95104e-05
7.98828e-05
8.01194e-05
8.02398e-05
8.02596e-05
8.01933e-05
8.00558e-05
7.98631e-05
7.9632e-05
7.93793e-05
7.91212e-05
7.88724e-05
7.86442e-05
7.84432e-05
7.82696e-05
7.8115e-05
7.796e-05
7.7772e-05
7.75023e-05
7.70835e-05
7.64275e-05
7.54261e-05
7.39567e-05
7.1899e-05
6.91694e-05
6.57751e-05
6.1876e-05
5.7814e-05
5.4043e-05
5.09278e-05
4.84918e-05
4.62202e-05
4.25039e-05
3.97435e-05
3.31445e-05
2.47443e-05
1.70845e-05
1.2795e-05
7.74907e-07
7.58537e-07
2.09874e-05
3.92089e-05
5.07378e-05
5.63051e-05
5.73132e-05
5.54572e-05
5.223e-05
4.88693e-05
4.61994e-05
4.453e-05
4.37865e-05
4.37471e-05
4.42033e-05
4.50041e-05
4.605e-05
4.72782e-05
4.86478e-05
5.01287e-05
5.16956e-05
5.33247e-05
5.49925e-05
5.66767e-05
5.83575e-05
6.00183e-05
6.16468e-05
6.32346e-05
6.47765e-05
6.62701e-05
6.77139e-05
6.91067e-05
7.04463e-05
7.17293e-05
7.29505e-05
7.41029e-05
7.51782e-05
7.61674e-05
7.70615e-05
7.78518e-05
7.85306e-05
7.911e-05
7.94715e-05
7.98182e-05
8.00463e-05
8.01571e-05
8.01647e-05
8.00836e-05
7.99292e-05
7.97178e-05
7.94675e-05
7.91963e-05
7.89226e-05
7.86629e-05
7.84315e-05
7.82382e-05
7.80867e-05
7.79725e-05
7.78802e-05
7.77814e-05
7.76316e-05
7.73672e-05
7.69024e-05
7.61278e-05
7.49127e-05
7.31175e-05
7.06222e-05
6.73805e-05
6.34932e-05
5.92677e-05
5.51899e-05
5.17421e-05
4.91041e-05
4.68928e-05
4.32394e-05
4.05401e-05
3.47518e-05
2.57163e-05
1.78071e-05
1.2701e-05
7.39487e-07
7.30842e-07
2.02567e-05
3.79779e-05
4.95678e-05
5.53576e-05
5.6675e-05
5.51094e-05
5.20953e-05
4.88511e-05
4.62221e-05
4.45641e-05
4.38306e-05
4.38057e-05
4.42763e-05
4.50873e-05
4.61387e-05
4.7368e-05
4.8734e-05
5.02071e-05
5.17621e-05
5.33757e-05
5.5025e-05
5.66883e-05
5.83466e-05
5.99843e-05
6.159e-05
6.31559e-05
6.46779e-05
6.61537e-05
6.75824e-05
6.89629e-05
7.02931e-05
7.15693e-05
7.2786e-05
7.39359e-05
7.50101e-05
7.59992e-05
7.68932e-05
7.76828e-05
7.836e-05
7.89425e-05
7.93232e-05
7.96484e-05
7.98697e-05
7.99736e-05
7.99725e-05
7.98804e-05
7.97128e-05
7.94865e-05
7.922e-05
7.89328e-05
7.86448e-05
7.83746e-05
7.81388e-05
7.79505e-05
7.78167e-05
7.77368e-05
7.76994e-05
7.76801e-05
7.76388e-05
7.75158e-05
7.72289e-05
7.66698e-05
7.57039e-05
7.41773e-05
7.19401e-05
6.88956e-05
6.50797e-05
6.07463e-05
5.63832e-05
5.25642e-05
4.96411e-05
4.74605e-05
4.39905e-05
4.11785e-05
3.60155e-05
2.68905e-05
1.85254e-05
1.25984e-05
7.09233e-07
7.04547e-07
1.94707e-05
3.67093e-05
4.8364e-05
5.43851e-05
5.60208e-05
5.47586e-05
5.19721e-05
4.88561e-05
4.62761e-05
4.46212e-05
4.38847e-05
4.38595e-05
4.43316e-05
4.51446e-05
4.61952e-05
4.74191e-05
4.87753e-05
5.02343e-05
5.17715e-05
5.33641e-05
5.49899e-05
5.6628e-05
5.82603e-05
5.98719e-05
6.14521e-05
6.29941e-05
6.44938e-05
6.59498e-05
6.73611e-05
6.87267e-05
7.00445e-05
7.13109e-05
7.25199e-05
7.3664e-05
7.47341e-05
7.57202e-05
7.66121e-05
7.74002e-05
7.8076e-05
7.86583e-05
7.90587e-05
7.93699e-05
7.95862e-05
7.9686e-05
7.96798e-05
7.95809e-05
7.94044e-05
7.91675e-05
7.88888e-05
7.85889e-05
7.82892e-05
7.801e-05
7.77701e-05
7.75855e-05
7.74668e-05
7.74168e-05
7.74283e-05
7.74808e-05
7.75383e-05
7.75453e-05
7.74235e-05
7.70675e-05
7.63416e-05
7.50832e-05
7.31189e-05
7.03071e-05
6.66184e-05
6.224e-05
5.76372e-05
5.34484e-05
5.01623e-05
4.77672e-05
4.47811e-05
4.16255e-05
3.70689e-05
2.82627e-05
1.90523e-05
1.24826e-05
6.85091e-07
6.79001e-07
1.86815e-05
3.54092e-05
4.71033e-05
5.33822e-05
5.53498e-05
5.4403e-05
5.18596e-05
4.88794e-05
4.63252e-05
4.46663e-05
4.39208e-05
4.38956e-05
4.43687e-05
4.51763e-05
4.62182e-05
4.74305e-05
4.87711e-05
5.02105e-05
5.17248e-05
5.32916e-05
5.48897e-05
5.6499e-05
5.8102e-05
5.96848e-05
6.12373e-05
6.27529e-05
6.42283e-05
6.56619e-05
6.70531e-05
6.84008e-05
6.9703e-05
7.09557e-05
7.21531e-05
7.32876e-05
7.43498e-05
7.53298e-05
7.62173e-05
7.70029e-05
7.76783e-05
7.82531e-05
7.86731e-05
7.89792e-05
7.91931e-05
7.9292e-05
7.92842e-05
7.91826e-05
7.90022e-05
7.87595e-05
7.84732e-05
7.81647e-05
7.78569e-05
7.75714e-05
7.73286e-05
7.71478e-05
7.70427e-05
7.70198e-05
7.70757e-05
7.71939e-05
7.73424e-05
7.74697e-05
7.75016e-05
7.73361e-05
7.68392e-05
7.58435e-05
7.41585e-05
7.16051e-05
6.80906e-05
6.37268e-05
5.8934e-05
5.43957e-05
5.07444e-05
4.81212e-05
4.55046e-05
4.20249e-05
3.79951e-05
2.97254e-05
1.97132e-05
1.23758e-05
6.67634e-07
6.53798e-07
1.78872e-05
3.41396e-05
4.58125e-05
5.2331e-05
5.46795e-05
5.40435e-05
5.17517e-05
4.8918e-05
4.64681e-05
4.47945e-05
4.40065e-05
4.39364e-05
4.43838e-05
4.51811e-05
4.62111e-05
4.74062e-05
4.87257e-05
5.01404e-05
5.16267e-05
5.3163e-05
5.47288e-05
5.63052e-05
5.78756e-05
5.94268e-05
6.09491e-05
6.24363e-05
6.3885e-05
6.52937e-05
6.66617e-05
6.79879e-05
6.92703e-05
7.05049e-05
7.16861e-05
7.28062e-05
7.38564e-05
7.48269e-05
7.57076e-05
7.64892e-05
7.71634e-05
7.773e-05
7.81648e-05
7.84742e-05
7.86889e-05
7.87904e-05
7.87844e-05
7.86844e-05
7.8505e-05
7.8262e-05
7.79729e-05
7.766e-05
7.7349e-05
7.70608e-05
7.68174e-05
7.66415e-05
7.65498e-05
7.65519e-05
7.66492e-05
7.68285e-05
7.70618e-05
7.73014e-05
7.74768e-05
7.74902e-05
7.72101e-05
7.64682e-05
7.50628e-05
7.27846e-05
6.94833e-05
6.51905e-05
6.02603e-05
5.53908e-05
5.1344e-05
4.84239e-05
4.60795e-05
4.23691e-05
3.87098e-05
3.10334e-05
2.04438e-05
1.2323e-05
6.58169e-07
6.29053e-07
1.71144e-05
3.27563e-05
4.4469e-05
5.12379e-05
5.39972e-05
5.36806e-05
5.16572e-05
4.90086e-05
4.6534e-05
4.48475e-05
4.40363e-05
4.39622e-05
4.43968e-05
4.51624e-05
4.61667e-05
4.73396e-05
4.86335e-05
5.00182e-05
5.14714e-05
5.29733e-05
5.45048e-05
5.60476e-05
5.7585e-05
5.91035e-05
6.0594e-05
6.20502e-05
6.34688e-05
6.48483e-05
6.61881e-05
6.74872e-05
6.87438e-05
6.99544e-05
7.11139e-05
7.22152e-05
7.32499e-05
7.42084e-05
7.5081e-05
7.58579e-05
7.65307e-05
7.7093e-05
7.75349e-05
7.78522e-05
7.8066e-05
7.81743e-05
7.81775e-05
7.80857e-05
7.79128e-05
7.76755e-05
7.73885e-05
7.70748e-05
7.67668e-05
7.64809e-05
7.62393e-05
7.60705e-05
7.59929e-05
7.6019e-05
7.61556e-05
7.63924e-05
7.67057e-05
7.70512e-05
7.73617e-05
7.75434e-05
7.74682e-05
7.69689e-05
7.58381e-05
7.38437e-05
7.07856e-05
6.66157e-05
6.16057e-05
5.64408e-05
5.20018e-05
4.87852e-05
4.64004e-05
4.27512e-05
3.93676e-05
3.21365e-05
2.1206e-05
1.22979e-05
6.54129e-07
6.04776e-07
1.63736e-05
3.13807e-05
4.30736e-05
5.00951e-05
5.32878e-05
5.33081e-05
5.15599e-05
4.90513e-05
4.66473e-05
4.49446e-05
4.40883e-05
4.39688e-05
4.43587e-05
4.51233e-05
4.61092e-05
4.72496e-05
4.85119e-05
4.98661e-05
5.12873e-05
5.2754e-05
5.42456e-05
5.57418e-05
5.72325e-05
5.87059e-05
6.01528e-05
6.15671e-05
6.29456e-05
6.42871e-05
6.55913e-05
6.68577e-05
6.80849e-05
6.927e-05
7.04081e-05
7.14925e-05
7.25146e-05
7.34649e-05
7.4333e-05
7.51087e-05
7.57828e-05
7.63469e-05
7.67931e-05
7.71161e-05
7.73118e-05
7.74152e-05
7.74162e-05
7.73299e-05
7.7169e-05
7.69498e-05
7.66885e-05
7.64064e-05
7.6113e-05
7.5835e-05
7.5597e-05
7.54391e-05
7.53772e-05
7.54266e-05
7.56015e-05
7.58928e-05
7.62825e-05
7.67285e-05
7.71671e-05
7.75079e-05
7.76263e-05
7.73576e-05
7.64927e-05
7.47839e-05
7.19899e-05
6.79871e-05
6.29527e-05
5.75278e-05
5.26862e-05
4.91411e-05
4.66842e-05
4.31904e-05
3.99457e-05
3.29492e-05
2.20255e-05
1.2311e-05
6.5347e-07
5.81466e-07
1.56863e-05
2.99966e-05
4.1665e-05
4.89218e-05
5.25495e-05
5.29198e-05
5.14649e-05
4.91243e-05
4.68296e-05
4.50961e-05
4.41763e-05
4.39834e-05
4.43377e-05
4.50263e-05
4.59785e-05
4.7103e-05
4.83306e-05
4.96356e-05
5.10007e-05
5.24099e-05
5.38475e-05
5.53046e-05
5.67587e-05
5.81978e-05
5.96133e-05
6.09994e-05
6.2353e-05
6.36729e-05
6.4958e-05
6.62072e-05
6.74179e-05
6.85865e-05
6.97078e-05
7.07747e-05
7.17787e-05
7.27102e-05
7.35595e-05
7.43171e-05
7.49746e-05
7.55254e-05
7.59643e-05
7.62884e-05
7.64827e-05
7.66061e-05
7.66091e-05
7.652e-05
7.63497e-05
7.61167e-05
7.58588e-05
7.55901e-05
7.53177e-05
7.50717e-05
7.48794e-05
7.4752e-05
7.47085e-05
7.47796e-05
7.49937e-05
7.53364e-05
7.57998e-05
7.63422e-05
7.69028e-05
7.73952e-05
7.76968e-05
7.76462e-05
7.7036e-05
7.5609e-05
7.30916e-05
6.92931e-05
6.429e-05
5.86509e-05
5.34092e-05
4.94874e-05
4.69253e-05
4.36134e-05
4.04178e-05
3.37084e-05
2.28452e-05
1.23466e-05
6.59722e-07
5.58887e-07
1.50141e-05
2.86099e-05
4.01566e-05
4.76791e-05
5.17586e-05
5.25146e-05
5.13447e-05
4.9244e-05
4.70088e-05
4.52546e-05
4.42654e-05
4.4008e-05
4.4305e-05
4.49689e-05
4.58545e-05
4.69109e-05
4.80998e-05
4.93742e-05
5.07085e-05
5.20848e-05
5.34886e-05
5.49063e-05
5.63235e-05
5.77282e-05
5.91118e-05
6.04685e-05
6.17948e-05
6.30922e-05
6.43555e-05
6.55817e-05
6.67659e-05
6.79047e-05
6.89945e-05
7.00292e-05
7.10011e-05
7.19017e-05
7.27223e-05
7.34546e-05
7.4091e-05
7.46251e-05
7.50522e-05
7.53704e-05
7.5567e-05
7.57246e-05
7.57574e-05
7.56978e-05
7.55571e-05
7.53485e-05
7.50858e-05
7.47872e-05
7.44855e-05
7.42221e-05
7.40433e-05
7.39406e-05
7.39456e-05
7.40825e-05
7.43398e-05
7.47295e-05
7.52656e-05
7.59003e-05
7.65776e-05
7.72153e-05
7.76909e-05
7.78462e-05
7.74783e-05
7.63245e-05
7.40884e-05
7.05224e-05
6.56021e-05
5.97995e-05
5.41726e-05
4.98309e-05
4.70256e-05
4.40025e-05
4.08197e-05
3.43624e-05
2.36315e-05
1.24265e-05
6.70791e-07
5.3697e-07
1.4363e-05
2.72809e-05
3.86779e-05
4.6414e-05
5.09043e-05
5.20821e-05
5.12294e-05
4.93452e-05
4.72071e-05
4.5439e-05
4.4374e-05
4.40324e-05
4.42541e-05
4.48752e-05
4.57441e-05
4.67639e-05
4.78962e-05
4.91256e-05
5.04233e-05
5.17626e-05
5.31288e-05
5.45058e-05
5.58828e-05
5.72487e-05
5.85941e-05
5.9912e-05
6.11952e-05
6.24421e-05
6.3653e-05
6.48265e-05
6.59619e-05
6.70565e-05
6.81055e-05
6.91029e-05
7.00419e-05
7.09149e-05
7.17138e-05
7.24308e-05
7.30586e-05
7.35911e-05
7.4023e-05
7.43506e-05
7.45413e-05
7.47184e-05
7.47847e-05
7.47584e-05
7.46595e-05
7.4499e-05
7.42809e-05
7.4024e-05
7.37559e-05
7.34964e-05
7.32658e-05
7.31152e-05
7.31094e-05
7.32705e-05
7.35823e-05
7.40655e-05
7.46882e-05
7.54107e-05
7.61994e-05
7.69778e-05
7.76191e-05
7.79681e-05
7.78298e-05
7.69373e-05
7.49919e-05
7.16663e-05
6.68747e-05
6.09621e-05
5.49784e-05
5.02105e-05
4.71334e-05
4.43466e-05
4.11403e-05
3.49581e-05
2.44021e-05
1.25281e-05
6.87023e-07
5.15458e-07
1.37244e-05
2.60139e-05
3.7222e-05
4.50578e-05
4.9997e-05
5.16217e-05
5.11314e-05
4.94607e-05
4.74274e-05
4.56526e-05
4.45079e-05
4.40693e-05
4.42078e-05
4.4748e-05
4.55665e-05
4.65612e-05
4.7661e-05
4.88403e-05
5.00798e-05
5.13638e-05
5.26749e-05
5.39988e-05
5.53237e-05
5.66385e-05
5.79336e-05
5.92019e-05
6.04388e-05
6.16428e-05
6.28117e-05
6.39444e-05
6.50402e-05
6.60972e-05
6.71122e-05
6.80781e-05
6.89884e-05
6.98362e-05
7.06143e-05
7.13158e-05
7.19344e-05
7.2465e-05
7.29033e-05
7.32444e-05
7.3432e-05
7.36224e-05
7.37173e-05
7.37083e-05
7.36283e-05
7.34899e-05
7.3311e-05
7.31097e-05
7.29052e-05
7.27114e-05
7.25363e-05
7.24273e-05
7.2406e-05
7.25033e-05
7.27863e-05
7.331e-05
7.40072e-05
7.48461e-05
7.57754e-05
7.66916e-05
7.7491e-05
7.80211e-05
7.81013e-05
7.74915e-05
7.58247e-05
7.27544e-05
6.80939e-05
6.21237e-05
5.58145e-05
5.06106e-05
4.72392e-05
4.46417e-05
4.13856e-05
3.54823e-05
2.51442e-05
1.25993e-05
7.08375e-07
4.94171e-07
1.31006e-05
2.48082e-05
3.57286e-05
4.37076e-05
4.89483e-05
5.10587e-05
5.09556e-05
4.95653e-05
4.76654e-05
4.58972e-05
4.4673e-05
4.41262e-05
4.4167e-05
4.46294e-05
4.53701e-05
4.62997e-05
4.73544e-05
4.84846e-05
4.96707e-05
5.08984e-05
5.21534e-05
5.34233e-05
5.4697e-05
5.59631e-05
5.72124e-05
5.84382e-05
5.96373e-05
6.08062e-05
6.19418e-05
6.30421e-05
6.41056e-05
6.5129e-05
6.61075e-05
6.70379e-05
6.7915e-05
6.87327e-05
6.94849e-05
7.01655e-05
7.0769e-05
7.12909e-05
7.17276e-05
7.20743e-05
7.2256e-05
7.24555e-05
7.25814e-05
7.25931e-05
7.25371e-05
7.24249e-05
7.22709e-05
7.20924e-05
7.19097e-05
7.17493e-05
7.16435e-05
7.16148e-05
7.1675e-05
7.18454e-05
7.21683e-05
7.26493e-05
7.3323e-05
7.42216e-05
7.52501e-05
7.62981e-05
7.72539e-05
7.79772e-05
7.82703e-05
7.78772e-05
7.64981e-05
7.37343e-05
6.92427e-05
6.32698e-05
5.6674e-05
5.10328e-05
4.73534e-05
4.49035e-05
4.15605e-05
3.59952e-05
2.58599e-05
1.27483e-05
7.36226e-07
4.72804e-07
1.24922e-05
2.36671e-05
3.42601e-05
4.2363e-05
4.79057e-05
5.04958e-05
5.07538e-05
4.96551e-05
4.79162e-05
4.61736e-05
4.48752e-05
4.42114e-05
4.414e-05
4.45112e-05
4.51791e-05
4.60407e-05
4.70308e-05
4.81074e-05
4.9243e-05
5.04201e-05
5.16247e-05
5.28441e-05
5.40668e-05
5.52837e-05
5.64862e-05
5.76678e-05
5.88242e-05
5.99513e-05
6.10459e-05
6.2106e-05
6.31292e-05
6.41128e-05
6.50532e-05
6.5947e-05
6.67898e-05
6.75765e-05
6.83016e-05
6.896e-05
6.9547e-05
7.00589e-05
7.04933e-05
7.08473e-05
7.10252e-05
7.1231e-05
7.13874e-05
7.1422e-05
7.13934e-05
7.13118e-05
7.11904e-05
7.10452e-05
7.08953e-05
7.0764e-05
7.06782e-05
7.06681e-05
7.07737e-05
7.10306e-05
7.1457e-05
7.2039e-05
7.28106e-05
7.37467e-05
7.48218e-05
7.59612e-05
7.70491e-05
7.79294e-05
7.83541e-05
7.8119e-05
7.69735e-05
7.45346e-05
7.03384e-05
6.43852e-05
5.75456e-05
5.14686e-05
4.74752e-05
4.50459e-05
4.17556e-05
3.65488e-05
2.64847e-05
1.29075e-05
7.69427e-07
4.51354e-07
1.1912e-05
2.26051e-05
3.28252e-05
4.09467e-05
4.68326e-05
4.98701e-05
5.05137e-05
4.97242e-05
4.81734e-05
4.6481e-05
4.51196e-05
4.43343e-05
4.41366e-05
4.4402e-05
4.49855e-05
4.57769e-05
4.67046e-05
4.77227e-05
4.88017e-05
4.99227e-05
5.10715e-05
5.22359e-05
5.34055e-05
5.45713e-05
5.57252e-05
5.68607e-05
5.79726e-05
5.90566e-05
6.01094e-05
6.11283e-05
6.21108e-05
6.30545e-05
6.39564e-05
6.48134e-05
6.56215e-05
6.63767e-05
6.70742e-05
6.77097e-05
6.82792e-05
6.878e-05
6.92113e-05
6.95727e-05
6.97541e-05
6.99603e-05
7.01452e-05
7.0205e-05
7.02061e-05
7.01582e-05
7.00734e-05
6.99669e-05
6.98567e-05
6.97645e-05
6.97157e-05
6.97398e-05
6.98699e-05
7.0141e-05
7.05885e-05
7.12536e-05
7.21335e-05
7.32076e-05
7.44192e-05
7.56956e-05
7.69014e-05
7.78875e-05
7.84911e-05
7.84589e-05
7.74653e-05
7.52254e-05
7.13048e-05
6.54452e-05
5.8417e-05
5.19084e-05
4.75562e-05
4.51211e-05
4.19222e-05
3.70882e-05
2.70863e-05
1.30567e-05
8.09388e-07
4.29518e-07
1.13506e-05
2.16204e-05
3.14411e-05
3.95171e-05
4.56469e-05
4.9141e-05
5.02118e-05
4.97609e-05
4.8429e-05
4.68162e-05
4.54098e-05
4.45041e-05
4.4168e-05
4.43119e-05
4.47979e-05
4.55098e-05
4.63685e-05
4.73235e-05
4.83427e-05
4.9405e-05
5.04959e-05
5.16036e-05
5.27181e-05
5.38309e-05
5.49343e-05
5.60218e-05
5.70877e-05
5.81275e-05
5.91375e-05
6.01147e-05
6.10566e-05
6.19606e-05
6.28242e-05
6.36445e-05
6.44183e-05
6.51422e-05
6.58121e-05
6.64245e-05
6.69761e-05
6.74652e-05
6.78926e-05
6.8262e-05
6.8449e-05
6.86561e-05
6.88671e-05
6.89528e-05
6.8985e-05
6.89726e-05
6.8927e-05
6.88623e-05
6.87957e-05
6.87478e-05
6.8743e-05
6.88097e-05
6.89804e-05
6.92903e-05
6.97747e-05
7.04643e-05
7.13747e-05
7.24988e-05
7.3799e-05
7.51841e-05
7.65388e-05
7.77088e-05
7.84974e-05
7.86679e-05
7.79179e-05
7.58357e-05
7.21706e-05
6.64405e-05
5.92778e-05
5.23542e-05
4.76144e-05
4.51153e-05
4.20853e-05
3.75696e-05
2.76922e-05
1.32452e-05
8.56098e-07
4.07291e-07
1.08158e-05
2.07376e-05
3.01176e-05
3.80835e-05
4.43955e-05
4.8317e-05
4.98305e-05
4.97491e-05
4.86711e-05
4.71728e-05
4.57473e-05
4.47294e-05
4.42467e-05
4.42535e-05
4.4627e-05
4.52479e-05
4.60299e-05
4.69165e-05
4.78717e-05
4.88727e-05
4.99036e-05
5.09525e-05
5.201e-05
5.3068e-05
5.4119e-05
5.51566e-05
5.6175e-05
5.71694e-05
5.81359e-05
5.90711e-05
5.99724e-05
6.08372e-05
6.1663e-05
6.24475e-05
6.31879e-05
6.38811e-05
6.45241e-05
6.51138e-05
6.56478e-05
6.61249e-05
6.6548e-05
6.69263e-05
6.71189e-05
6.73293e-05
6.75643e-05
6.76762e-05
6.77402e-05
6.77644e-05
6.77596e-05
6.77389e-05
6.77185e-05
6.77181e-05
6.77611e-05
6.78751e-05
6.80919e-05
6.84471e-05
6.89769e-05
6.97143e-05
7.06803e-05
7.18728e-05
7.32555e-05
7.47492e-05
7.62308e-05
7.75375e-05
7.84719e-05
7.88007e-05
7.82382e-05
7.64189e-05
7.28861e-05
6.73724e-05
6.0111e-05
5.27974e-05
4.76502e-05
4.50849e-05
4.22518e-05
3.80061e-05
2.8287e-05
1.3438e-05
9.10097e-07
3.84285e-07
1.02968e-05
1.99203e-05
2.88963e-05
3.66728e-05
4.30954e-05
4.74256e-05
4.9368e-05
4.9676e-05
4.88861e-05
4.75413e-05
4.61298e-05
4.50168e-05
4.43854e-05
4.4241e-05
4.44856e-05
4.50023e-05
4.56979e-05
4.65093e-05
4.73961e-05
4.83322e-05
4.93005e-05
5.02887e-05
5.12873e-05
5.22884e-05
5.32851e-05
5.4271e-05
5.52404e-05
5.61883e-05
5.71105e-05
5.80035e-05
5.88643e-05
5.96904e-05
6.04795e-05
6.12293e-05
6.19373e-05
6.26013e-05
6.32185e-05
6.37865e-05
6.43036e-05
6.47691e-05
6.51876e-05
6.55763e-05
6.57732e-05
6.59902e-05
6.62473e-05
6.63858e-05
6.64819e-05
6.65435e-05
6.65803e-05
6.6605e-05
6.66327e-05
6.66821e-05
6.67757e-05
6.69402e-05
6.72068e-05
6.76106e-05
6.81887e-05
6.89761e-05
6.99971e-05
7.12545e-05
7.27163e-05
7.43059e-05
7.58994e-05
7.733e-05
7.83967e-05
7.8866e-05
7.84601e-05
7.6824e-05
7.34957e-05
6.82072e-05
6.0892e-05
5.32282e-05
4.76518e-05
4.49196e-05
4.24123e-05
3.83847e-05
2.88874e-05
1.36657e-05
9.72018e-07
3.60897e-07
9.81852e-06
1.93254e-05
2.77079e-05
3.53072e-05
4.17687e-05
4.6426e-05
4.88078e-05
4.95261e-05
4.90582e-05
4.79086e-05
4.65512e-05
4.53698e-05
4.45959e-05
4.429e-05
4.43893e-05
4.47864e-05
4.53839e-05
4.61118e-05
4.69242e-05
4.77913e-05
4.8694e-05
4.9619e-05
5.05565e-05
5.14989e-05
5.24393e-05
5.33717e-05
5.42905e-05
5.51906e-05
5.60677e-05
5.69181e-05
5.77387e-05
5.85267e-05
5.928e-05
5.99963e-05
6.06736e-05
6.13098e-05
6.19028e-05
6.24507e-05
6.29521e-05
6.34069e-05
6.3821e-05
6.42218e-05
6.4421e-05
6.46482e-05
6.49262e-05
6.50914e-05
6.52201e-05
6.53194e-05
6.53986e-05
6.54695e-05
6.55465e-05
6.56474e-05
6.57937e-05
6.60113e-05
6.63303e-05
6.67854e-05
6.7414e-05
6.82521e-05
6.93267e-05
7.06447e-05
7.21785e-05
7.38545e-05
7.55484e-05
7.70903e-05
7.82741e-05
7.88652e-05
7.85943e-05
7.71304e-05
7.40472e-05
6.88882e-05
6.15963e-05
5.3638e-05
4.76476e-05
4.47104e-05
4.2509e-05
3.87278e-05
2.94874e-05
1.39115e-05
1.04207e-06
3.37127e-07
9.37212e-06
1.88413e-05
2.64746e-05
3.39322e-05
4.03967e-05
4.53288e-05
4.81361e-05
4.92809e-05
4.91681e-05
4.82574e-05
4.70003e-05
4.57869e-05
4.48874e-05
4.44167e-05
4.43558e-05
4.46165e-05
4.5102e-05
4.57361e-05
4.64665e-05
4.72594e-05
4.80925e-05
4.89513e-05
4.98254e-05
5.07068e-05
5.1589e-05
5.2466e-05
5.33325e-05
5.41835e-05
5.50145e-05
5.58219e-05
5.66022e-05
5.73528e-05
5.80713e-05
5.87555e-05
5.94036e-05
6.00138e-05
6.05844e-05
6.1114e-05
6.16013e-05
6.20468e-05
6.24573e-05
6.28721e-05
6.3071e-05
6.33124e-05
6.36104e-05
6.38028e-05
6.39641e-05
6.41014e-05
6.42233e-05
6.43409e-05
6.4468e-05
6.46216e-05
6.48222e-05
6.50946e-05
6.54683e-05
6.59769e-05
6.66576e-05
6.75469e-05
6.86735e-05
7.00476e-05
7.16454e-05
7.33968e-05
7.51782e-05
7.68164e-05
7.81005e-05
7.8793e-05
7.86292e-05
7.72936e-05
7.43738e-05
6.93935e-05
6.2205e-05
5.40031e-05
4.76254e-05
4.44677e-05
4.25523e-05
3.90202e-05
3.0066e-05
1.42085e-05
1.12094e-06
3.14189e-07
9.01132e-06
1.84618e-05
2.54903e-05
3.26248e-05
3.9029e-05
4.41815e-05
4.73609e-05
4.89292e-05
4.9197e-05
4.85676e-05
4.74607e-05
4.62611e-05
4.52647e-05
4.46358e-05
4.44045e-05
4.4512e-05
4.48695e-05
4.53971e-05
4.60363e-05
4.6748e-05
4.75066e-05
4.82955e-05
4.91031e-05
4.99211e-05
5.07428e-05
5.15624e-05
5.23749e-05
5.31752e-05
5.39591e-05
5.47227e-05
5.54627e-05
5.61761e-05
5.68605e-05
5.75138e-05
5.81343e-05
5.87203e-05
5.92705e-05
5.97836e-05
6.02588e-05
6.06967e-05
6.11056e-05
6.1535e-05
6.17308e-05
6.19912e-05
6.2309e-05
6.25288e-05
6.2723e-05
6.28982e-05
6.30628e-05
6.32273e-05
6.3405e-05
6.36118e-05
6.38676e-05
6.41962e-05
6.4626e-05
6.51898e-05
6.59237e-05
6.68641e-05
6.80407e-05
6.94657e-05
7.11189e-05
7.29333e-05
7.47868e-05
7.65044e-05
7.78704e-05
7.86438e-05
7.85636e-05
7.73322e-05
7.45633e-05
6.9743e-05
6.2697e-05
5.42978e-05
4.75826e-05
4.42021e-05
4.25228e-05
3.92664e-05
3.06204e-05
1.45494e-05
1.20862e-06
2.92547e-07
8.73488e-06
1.80749e-05
2.46881e-05
3.1471e-05
3.76577e-05
4.29732e-05
4.64796e-05
4.84594e-05
4.91257e-05
4.88164e-05
4.79112e-05
4.67782e-05
4.5726e-05
4.49581e-05
4.45546e-05
4.44949e-05
4.47074e-05
4.51135e-05
4.56498e-05
4.62716e-05
4.69493e-05
4.76633e-05
4.84007e-05
4.91521e-05
4.99108e-05
5.06708e-05
5.14272e-05
5.21752e-05
5.29107e-05
5.36296e-05
5.43287e-05
5.50049e-05
5.56558e-05
5.62792e-05
5.68734e-05
5.74368e-05
5.79684e-05
5.8467e-05
5.89321e-05
5.93641e-05
5.97781e-05
6.02131e-05
6.04077e-05
6.0694e-05
6.10308e-05
6.12779e-05
6.15048e-05
6.17178e-05
6.1925e-05
6.21363e-05
6.23644e-05
6.26247e-05
6.29361e-05
6.33216e-05
6.38082e-05
6.44278e-05
6.52153e-05
6.62061e-05
6.74298e-05
6.88998e-05
7.05984e-05
7.24618e-05
7.43699e-05
7.61472e-05
7.75745e-05
7.84064e-05
7.83837e-05
7.72257e-05
7.45848e-05
6.99916e-05
6.30466e-05
5.45076e-05
4.74942e-05
4.39056e-05
4.24295e-05
3.94624e-05
3.11547e-05
1.4942e-05
1.30561e-06
2.72044e-07
8.51991e-06
1.77216e-05
2.42108e-05
3.03783e-05
3.63222e-05
4.17217e-05
4.55072e-05
4.78673e-05
4.89377e-05
4.89805e-05
4.83266e-05
4.73177e-05
4.62613e-05
4.53881e-05
4.48229e-05
4.45885e-05
4.46403e-05
4.49084e-05
4.53279e-05
4.58488e-05
4.64371e-05
4.70699e-05
4.7732e-05
4.8413e-05
4.91053e-05
4.9803e-05
5.0501e-05
5.11947e-05
5.188e-05
5.2553e-05
5.32104e-05
5.38491e-05
5.44666e-05
5.50606e-05
5.56295e-05
5.61717e-05
5.66861e-05
5.71719e-05
5.76286e-05
5.80563e-05
5.84825e-05
5.89028e-05
5.91134e-05
5.94304e-05
5.97827e-05
6.00571e-05
6.03167e-05
6.05673e-05
6.08166e-05
6.10744e-05
6.13526e-05
6.16661e-05
6.20329e-05
6.2475e-05
6.30184e-05
6.36936e-05
6.45338e-05
6.55731e-05
6.68401e-05
6.83479e-05
7.00805e-05
7.19769e-05
7.39197e-05
7.57344e-05
7.71997e-05
7.80664e-05
7.80752e-05
7.69578e-05
7.44e-05
6.99731e-05
6.32035e-05
5.46043e-05
4.73417e-05
4.3573e-05
4.22104e-05
3.96062e-05
3.16679e-05
1.53844e-05
1.4118e-06
2.52158e-07
8.33621e-06
1.74062e-05
2.396e-05
2.93985e-05
3.50386e-05
4.04433e-05
4.44681e-05
4.71577e-05
4.86209e-05
4.90371e-05
4.86789e-05
4.78524e-05
4.6852e-05
4.59211e-05
4.52198e-05
4.48145e-05
4.46948e-05
4.4809e-05
4.50958e-05
4.55027e-05
4.59911e-05
4.65343e-05
4.71146e-05
4.77199e-05
4.83417e-05
4.89736e-05
4.96102e-05
5.02471e-05
5.08801e-05
5.15055e-05
5.21199e-05
5.27202e-05
5.33039e-05
5.38687e-05
5.44127e-05
5.49345e-05
5.54329e-05
5.59072e-05
5.63569e-05
5.6781e-05
5.7225e-05
5.76226e-05
5.78558e-05
5.82059e-05
5.85712e-05
5.88733e-05
5.91653e-05
5.94531e-05
5.97441e-05
6.00476e-05
6.03751e-05
6.07408e-05
6.1162e-05
6.16597e-05
6.22588e-05
6.29881e-05
6.3879e-05
6.49635e-05
6.62681e-05
6.78049e-05
6.95582e-05
7.14694e-05
7.34244e-05
7.52511e-05
7.67283e-05
7.76044e-05
7.76189e-05
7.65136e-05
7.40058e-05
6.97126e-05
6.31514e-05
5.45654e-05
4.70943e-05
4.32073e-05
4.20261e-05
3.97043e-05
3.21629e-05
1.58797e-05
1.52737e-06
2.32655e-07
8.16837e-06
1.71344e-05
2.37382e-05
2.86058e-05
3.39084e-05
3.91814e-05
4.33747e-05
4.63416e-05
4.81726e-05
4.89694e-05
4.89419e-05
4.83523e-05
4.74716e-05
4.65421e-05
4.57468e-05
4.51893e-05
4.48975e-05
4.48457e-05
4.49842e-05
4.52621e-05
4.56378e-05
4.6081e-05
4.65711e-05
4.70939e-05
4.76396e-05
4.8201e-05
4.87724e-05
4.93491e-05
4.99271e-05
5.05025e-05
5.10719e-05
5.16324e-05
5.21812e-05
5.27161e-05
5.3235e-05
5.37365e-05
5.42194e-05
5.46828e-05
5.51263e-05
5.55483e-05
5.60133e-05
5.63832e-05
5.6642e-05
5.70275e-05
5.74042e-05
5.77333e-05
5.80572e-05
5.83814e-05
5.8713e-05
5.90609e-05
5.94362e-05
5.98524e-05
6.03262e-05
6.08776e-05
6.153e-05
6.23104e-05
6.32482e-05
6.43725e-05
6.5707e-05
6.72616e-05
6.902e-05
7.09251e-05
7.28667e-05
7.4677e-05
7.61372e-05
7.69953e-05
7.69896e-05
7.58691e-05
7.33798e-05
6.91654e-05
6.28574e-05
5.43679e-05
4.67396e-05
4.27513e-05
4.18468e-05
3.97348e-05
3.26372e-05
1.64268e-05
1.652e-06
2.13014e-07
7.93523e-06
1.70109e-05
2.35347e-05
2.82141e-05
3.28926e-05
3.79475e-05
4.224e-05
4.54265e-05
4.75899e-05
4.87624e-05
4.90896e-05
4.87848e-05
4.80868e-05
4.72255e-05
4.63928e-05
4.57198e-05
4.52701e-05
4.50493e-05
4.50275e-05
4.51614e-05
4.54102e-05
4.57411e-05
4.61306e-05
4.65621e-05
4.70243e-05
4.7509e-05
4.80099e-05
4.8522e-05
4.9041e-05
4.9563e-05
5.00848e-05
5.0603e-05
5.11151e-05
5.16185e-05
5.21113e-05
5.25917e-05
5.30586e-05
5.35111e-05
5.39475e-05
5.43753e-05
5.4851e-05
5.51937e-05
5.54903e-05
5.58986e-05
5.62877e-05
5.66437e-05
5.69985e-05
5.73577e-05
5.77282e-05
5.81186e-05
5.85393e-05
5.90035e-05
5.9527e-05
6.01285e-05
6.08303e-05
6.16571e-05
6.26357e-05
6.37918e-05
6.51457e-05
6.6704e-05
6.84487e-05
7.0324e-05
7.22236e-05
7.39858e-05
7.53972e-05
7.62081e-05
7.61559e-05
7.49954e-05
7.25063e-05
6.83835e-05
6.2266e-05
5.39872e-05
4.62647e-05
4.21771e-05
4.13712e-05
3.97171e-05
3.30822e-05
1.7026e-05
1.78546e-06
1.94324e-07
7.7026e-06
1.69668e-05
2.33491e-05
2.8172e-05
3.2094e-05
3.6816e-05
4.11223e-05
4.44496e-05
4.68911e-05
4.84157e-05
4.91055e-05
4.9121e-05
4.86624e-05
4.79377e-05
4.71347e-05
4.63998e-05
4.58246e-05
4.54465e-05
4.52609e-05
4.52397e-05
4.53477e-05
4.55527e-05
4.58293e-05
4.61589e-05
4.65284e-05
4.69284e-05
4.73519e-05
4.77932e-05
4.82479e-05
4.8712e-05
4.91819e-05
4.96543e-05
5.01265e-05
5.05958e-05
5.10602e-05
5.15177e-05
5.1967e-05
5.24075e-05
5.28339e-05
5.3279e-05
5.37326e-05
5.40628e-05
5.44076e-05
5.48338e-05
5.52319e-05
5.56124e-05
5.5996e-05
5.63878e-05
5.67945e-05
5.72242e-05
5.7687e-05
5.81953e-05
5.8764e-05
5.94107e-05
6.01558e-05
6.10218e-05
6.20322e-05
6.32091e-05
6.45682e-05
6.61121e-05
6.78207e-05
6.96387e-05
7.14645e-05
7.3144e-05
7.44722e-05
7.52054e-05
7.50803e-05
7.38544e-05
7.12662e-05
6.72522e-05
6.13605e-05
5.33931e-05
4.56668e-05
4.15375e-05
4.0975e-05
3.96883e-05
3.34891e-05
1.76758e-05
1.92709e-06
1.77541e-07
7.51125e-06
1.69674e-05
2.32266e-05
2.81391e-05
3.15635e-05
3.57979e-05
4.00588e-05
4.34321e-05
4.60872e-05
4.79292e-05
4.89768e-05
4.93358e-05
4.91641e-05
4.86402e-05
4.79385e-05
4.72082e-05
4.65587e-05
4.60537e-05
4.57155e-05
4.55367e-05
4.54942e-05
4.55608e-05
4.57117e-05
4.59274e-05
4.61933e-05
4.64988e-05
4.6836e-05
4.71987e-05
4.7582e-05
4.79816e-05
4.83938e-05
4.88152e-05
4.92428e-05
4.96738e-05
5.01059e-05
5.05371e-05
5.09656e-05
5.13914e-05
5.18046e-05
5.22658e-05
5.26956e-05
5.30096e-05
5.33984e-05
5.38404e-05
5.42455e-05
5.46477e-05
5.50567e-05
5.54775e-05
5.59163e-05
5.63809e-05
5.68809e-05
5.74277e-05
5.80354e-05
5.87199e-05
5.94996e-05
6.03943e-05
6.1424e-05
6.26061e-05
6.39516e-05
6.54587e-05
6.71042e-05
6.88335e-05
7.05502e-05
7.21094e-05
7.33182e-05
7.39427e-05
7.37191e-05
7.23467e-05
6.97561e-05
6.5805e-05
6.01687e-05
5.25329e-05
4.4913e-05
4.07426e-05
4.04026e-05
3.96047e-05
3.38522e-05
1.83735e-05
2.07617e-06
1.62944e-07
7.37404e-06
1.69983e-05
2.31978e-05
2.80823e-05
3.15582e-05
3.49821e-05
3.91007e-05
4.24874e-05
4.52463e-05
4.73358e-05
4.87104e-05
4.94164e-05
4.95635e-05
4.92953e-05
4.87642e-05
4.81115e-05
4.74533e-05
4.68711e-05
4.64106e-05
4.60869e-05
4.58938e-05
4.58144e-05
4.58288e-05
4.59188e-05
4.60694e-05
4.62693e-05
4.65097e-05
4.67841e-05
4.7087e-05
4.74138e-05
4.77605e-05
4.81236e-05
4.84998e-05
4.88862e-05
4.92803e-05
4.96796e-05
5.00824e-05
5.04878e-05
5.08877e-05
5.13527e-05
5.17613e-05
5.20639e-05
5.24758e-05
5.2928e-05
5.33408e-05
5.37602e-05
5.41897e-05
5.46342e-05
5.50993e-05
5.55924e-05
5.61224e-05
5.66999e-05
5.73373e-05
5.80491e-05
5.88511e-05
5.97599e-05
6.07912e-05
6.19577e-05
6.32652e-05
6.47071e-05
6.62575e-05
6.78626e-05
6.94315e-05
7.08308e-05
7.18826e-05
7.23685e-05
7.19609e-05
7.05002e-05
6.79166e-05
6.39836e-05
5.85528e-05
5.13508e-05
4.39676e-05
3.98459e-05
3.97866e-05
3.94123e-05
3.41687e-05
1.91144e-05
2.23161e-06
1.50195e-07
7.28816e-06
1.7014e-05
2.32024e-05
2.79718e-05
3.16629e-05
3.4347e-05
3.81596e-05
4.15931e-05
4.43983e-05
4.66708e-05
4.83281e-05
4.93658e-05
4.9846e-05
4.98733e-05
4.95725e-05
4.9069e-05
4.84753e-05
4.78811e-05
4.73481e-05
4.69113e-05
4.65831e-05
4.63611e-05
4.62345e-05
4.619e-05
4.62148e-05
4.62979e-05
4.64305e-05
4.66056e-05
4.68174e-05
4.70611e-05
4.73326e-05
4.76279e-05
4.79437e-05
4.82768e-05
4.86244e-05
4.89839e-05
4.93534e-05
4.97305e-05
5.01146e-05
5.05552e-05
5.09515e-05
5.12487e-05
5.16657e-05
5.21172e-05
5.2536e-05
5.29651e-05
5.34075e-05
5.38676e-05
5.43506e-05
5.48631e-05
5.5413e-05
5.60097e-05
5.6664e-05
5.7388e-05
5.81947e-05
5.90969e-05
6.01059e-05
6.12293e-05
6.24676e-05
6.38096e-05
6.52273e-05
6.6668e-05
6.80478e-05
6.92464e-05
7.01039e-05
7.03819e-05
6.97977e-05
6.8326e-05
6.56733e-05
6.17593e-05
5.65353e-05
4.983e-05
4.28018e-05
3.88045e-05
3.91161e-05
3.92733e-05
3.4455e-05
1.98904e-05
2.39219e-06
1.38593e-07
7.21886e-06
1.69809e-05
2.32094e-05
2.79453e-05
3.17613e-05
3.43545e-05
3.74088e-05
4.08448e-05
4.36059e-05
4.59825e-05
4.78638e-05
4.92013e-05
5.00106e-05
5.03563e-05
5.03314e-05
5.004e-05
4.95835e-05
4.90501e-05
4.85097e-05
4.8011e-05
4.75828e-05
4.7238e-05
4.69783e-05
4.67989e-05
4.6692e-05
4.66496e-05
4.6664e-05
4.67286e-05
4.68379e-05
4.6987e-05
4.71716e-05
4.73877e-05
4.76317e-05
4.79004e-05
4.81908e-05
4.84998e-05
4.88253e-05
4.91657e-05
4.95121e-05
4.99334e-05
5.03105e-05
5.05894e-05
5.09954e-05
5.14382e-05
5.18534e-05
5.22821e-05
5.27269e-05
5.31915e-05
5.36803e-05
5.41989e-05
5.4754e-05
5.53533e-05
5.60056e-05
5.67203e-05
5.75069e-05
5.83741e-05
5.93288e-05
6.03732e-05
6.15031e-05
6.27037e-05
6.39454e-05
6.51783e-05
6.6326e-05
6.72836e-05
6.79209e-05
6.78972e-05
6.72651e-05
6.56781e-05
6.29777e-05
5.91034e-05
5.40914e-05
4.79171e-05
4.13986e-05
3.76508e-05
3.8346e-05
3.89719e-05
3.47057e-05
2.06898e-05
2.55644e-06
1.27611e-07
7.12391e-06
1.68934e-05
2.31844e-05
2.79165e-05
3.16795e-05
3.44991e-05
3.68299e-05
4.00904e-05
4.29544e-05
4.53577e-05
4.73893e-05
4.89731e-05
5.0085e-05
5.07497e-05
5.10269e-05
5.0995e-05
5.07383e-05
5.03373e-05
4.98614e-05
4.93661e-05
4.88915e-05
4.84633e-05
4.80959e-05
4.77949e-05
4.75609e-05
4.73909e-05
4.72808e-05
4.72261e-05
4.72223e-05
4.72651e-05
4.73504e-05
4.74745e-05
4.76338e-05
4.78249e-05
4.80446e-05
4.82901e-05
4.85582e-05
4.88491e-05
4.91475e-05
4.95112e-05
4.98834e-05
5.01443e-05
5.05071e-05
5.09275e-05
5.13256e-05
5.17396e-05
5.21716e-05
5.26241e-05
5.31008e-05
5.36058e-05
5.41442e-05
5.47217e-05
5.53445e-05
5.60189e-05
5.67508e-05
5.75447e-05
5.84029e-05
5.93232e-05
6.02975e-05
6.13084e-05
6.23266e-05
6.33058e-05
6.41791e-05
6.48577e-05
6.51623e-05
6.50165e-05
6.4197e-05
6.25072e-05
5.9791e-05
5.59972e-05
5.12235e-05
4.55528e-05
3.9751e-05
3.6389e-05
3.74708e-05
3.84802e-05
3.49022e-05
2.15078e-05
2.72285e-06
1.173e-07
6.99569e-06
1.67556e-05
2.31083e-05
2.78492e-05
3.15993e-05
3.46496e-05
3.6857e-05
3.94166e-05
4.23832e-05
4.48041e-05
4.69473e-05
4.87325e-05
5.01126e-05
5.10815e-05
5.16679e-05
5.1924e-05
5.19144e-05
5.17066e-05
5.1364e-05
5.09423e-05
5.04866e-05
5.00311e-05
4.96003e-05
4.92099e-05
4.88691e-05
4.85826e-05
4.83516e-05
4.81755e-05
4.80524e-05
4.79799e-05
4.7955e-05
4.79747e-05
4.80358e-05
4.81352e-05
4.82697e-05
4.84363e-05
4.86319e-05
4.88546e-05
4.91012e-05
4.93606e-05
4.97248e-05
4.99936e-05
5.02488e-05
5.06177e-05
5.09971e-05
5.13741e-05
5.17696e-05
5.21847e-05
5.26217e-05
5.30831e-05
5.35719e-05
5.40914e-05
5.46449e-05
5.52356e-05
5.58657e-05
5.65361e-05
5.72449e-05
5.79867e-05
5.87509e-05
5.95194e-05
6.02646e-05
6.09461e-05
6.15071e-05
6.18837e-05
6.18953e-05
6.15125e-05
6.05257e-05
5.87627e-05
5.60796e-05
5.24324e-05
4.79634e-05
4.29591e-05
3.77801e-05
3.50423e-05
3.65026e-05
3.79685e-05
3.50103e-05
2.23366e-05
2.88992e-06
1.08286e-07
6.86398e-06
1.6603e-05
2.2993e-05
2.77279e-05
3.1479e-05
3.45395e-05
3.7043e-05
3.9246e-05
4.1899e-05
4.44862e-05
4.66556e-05
4.85753e-05
5.01728e-05
5.1413e-05
5.22958e-05
5.28478e-05
5.31125e-05
5.31419e-05
5.29894e-05
5.27058e-05
5.23362e-05
5.19183e-05
5.14826e-05
5.10522e-05
5.06441e-05
5.02701e-05
4.99378e-05
4.96517e-05
4.94142e-05
4.92258e-05
4.90859e-05
4.89928e-05
4.89447e-05
4.8939e-05
4.89729e-05
4.90436e-05
4.91482e-05
4.9284e-05
4.94483e-05
4.9637e-05
4.98473e-05
5.01576e-05
5.0347e-05
5.05745e-05
5.09022e-05
5.12132e-05
5.15364e-05
5.18751e-05
5.22307e-05
5.26034e-05
5.29942e-05
5.34038e-05
5.38329e-05
5.42818e-05
5.47497e-05
5.52344e-05
5.57316e-05
5.62341e-05
5.67306e-05
5.72042e-05
5.7631e-05
5.79776e-05
5.81995e-05
5.82158e-05
5.79693e-05
5.73479e-05
5.6212e-05
5.44145e-05
5.18303e-05
4.84209e-05
4.43367e-05
3.99983e-05
3.55415e-05
3.35762e-05
3.54427e-05
3.73114e-05
3.50079e-05
2.316e-05
3.05654e-06
1.02248e-07
6.80336e-06
1.65239e-05
2.29062e-05
2.75874e-05
3.13255e-05
3.44272e-05
3.70724e-05
3.93363e-05
4.16556e-05
4.41901e-05
4.65958e-05
4.86123e-05
5.03758e-05
5.18436e-05
5.29935e-05
5.38294e-05
5.43746e-05
5.46647e-05
5.4741e-05
5.46465e-05
5.4422e-05
5.41048e-05
5.37274e-05
5.33168e-05
5.28951e-05
5.24796e-05
5.20833e-05
5.1716e-05
5.13841e-05
5.10921e-05
5.08423e-05
5.06354e-05
5.04714e-05
5.03488e-05
5.02661e-05
5.02208e-05
5.02104e-05
5.02321e-05
5.02831e-05
5.03609e-05
5.046e-05
5.05872e-05
5.07678e-05
5.08935e-05
5.10237e-05
5.12392e-05
5.14356e-05
5.16388e-05
5.18526e-05
5.20722e-05
5.2298e-05
5.25287e-05
5.2763e-05
5.29989e-05
5.32339e-05
5.34642e-05
5.36848e-05
5.38884e-05
5.40649e-05
5.42007e-05
5.4277e-05
5.4269e-05
5.41437e-05
5.38469e-05
5.33039e-05
5.24801e-05
5.12368e-05
4.94655e-05
4.7069e-05
4.40199e-05
4.04487e-05
3.70218e-05
3.36489e-05
3.19303e-05
3.43097e-05
3.65756e-05
3.49005e-05
2.39665e-05
3.22172e-06
1.00634e-07
6.91124e-06
1.66679e-05
2.29908e-05
2.75388e-05
3.12153e-05
3.43491e-05
3.7089e-05
3.9545e-05
4.18771e-05
4.42216e-05
4.6622e-05
4.89055e-05
5.08727e-05
5.25248e-05
5.39027e-05
5.49949e-05
5.58077e-05
5.63614e-05
5.66847e-05
5.68107e-05
5.67739e-05
5.66078e-05
5.63436e-05
5.60089e-05
5.56278e-05
5.52205e-05
5.48038e-05
5.43908e-05
5.39919e-05
5.36147e-05
5.32645e-05
5.29448e-05
5.26576e-05
5.24034e-05
5.2182e-05
5.1992e-05
5.18318e-05
5.16991e-05
5.15913e-05
5.15057e-05
5.14394e-05
5.13882e-05
5.13592e-05
5.13393e-05
5.13107e-05
5.12996e-05
5.12862e-05
5.128e-05
5.12774e-05
5.126e-05
5.12409e-05
5.12131e-05
5.11749e-05
5.11239e-05
5.1057e-05
5.09709e-05
5.08612e-05
5.07226e-05
5.05478e-05
5.0328e-05
5.00502e-05
4.9699e-05
4.92523e-05
4.86766e-05
4.79626e-05
4.6962e-05
4.5674e-05
4.4057e-05
4.20418e-05
3.96066e-05
3.68094e-05
3.40881e-05
3.16344e-05
3.0927e-05
3.30886e-05
3.5833e-05
3.46647e-05
2.46932e-05
3.38528e-06
1.0636e-07
7.20361e-06
1.72544e-05
2.347e-05
2.77917e-05
3.13361e-05
3.44705e-05
3.73133e-05
3.99371e-05
4.24764e-05
4.49285e-05
4.72201e-05
4.95931e-05
5.16705e-05
5.36381e-05
5.52547e-05
5.65665e-05
5.76175e-05
5.8415e-05
5.89761e-05
5.93241e-05
5.94857e-05
5.94888e-05
5.9361e-05
5.91281e-05
5.88138e-05
5.84392e-05
5.80224e-05
5.75787e-05
5.71209e-05
5.66592e-05
5.62016e-05
5.57538e-05
5.53201e-05
5.49029e-05
5.45038e-05
5.41229e-05
5.37597e-05
5.34131e-05
5.30814e-05
5.27622e-05
5.24543e-05
5.21519e-05
5.18599e-05
5.15629e-05
5.12861e-05
5.09532e-05
5.06335e-05
5.04159e-05
5.0081e-05
4.9722e-05
4.93927e-05
4.9035e-05
4.86625e-05
4.82712e-05
4.78597e-05
4.74267e-05
4.69698e-05
4.6487e-05
4.59743e-05
4.54287e-05
4.48426e-05
4.42104e-05
4.35187e-05
4.2753e-05
4.19039e-05
4.09723e-05
3.98845e-05
3.85875e-05
3.69873e-05
3.50507e-05
3.27715e-05
3.06486e-05
2.92007e-05
2.93611e-05
3.24168e-05
3.50409e-05
3.42962e-05
2.53092e-05
3.54913e-06
1.22827e-07
7.83343e-06
1.83918e-05
2.45823e-05
2.86198e-05
3.19956e-05
3.51171e-05
3.8085e-05
4.09689e-05
4.36501e-05
4.61841e-05
4.87356e-05
5.11187e-05
5.33189e-05
5.53907e-05
5.7163e-05
5.87824e-05
6.0028e-05
6.10106e-05
6.17495e-05
6.22616e-05
6.25677e-05
6.26906e-05
6.26541e-05
6.24815e-05
6.21949e-05
6.18149e-05
6.136e-05
6.08466e-05
6.02887e-05
5.96985e-05
5.90858e-05
5.84581e-05
5.78212e-05
5.71795e-05
5.65363e-05
5.58934e-05
5.52524e-05
5.46133e-05
5.39767e-05
5.33407e-05
5.27067e-05
5.20687e-05
5.14355e-05
5.07875e-05
5.01546e-05
4.94849e-05
4.87814e-05
4.8159e-05
4.75047e-05
4.68577e-05
4.61598e-05
4.54199e-05
4.47117e-05
4.39874e-05
4.32551e-05
4.25154e-05
4.17673e-05
4.10132e-05
4.02513e-05
3.94851e-05
3.87102e-05
3.79316e-05
3.71401e-05
3.6341e-05
3.55153e-05
3.46729e-05
3.37727e-05
3.28166e-05
3.17353e-05
3.05586e-05
2.92741e-05
2.81724e-05
2.77058e-05
2.84114e-05
3.12064e-05
3.46283e-05
3.37555e-05
2.56946e-05
3.71621e-06
1.53917e-07
8.86884e-06
1.99626e-05
2.60144e-05
3.00177e-05
3.33181e-05
3.64746e-05
3.95314e-05
4.23312e-05
4.49737e-05
4.80473e-05
5.09348e-05
5.35372e-05
5.59565e-05
5.80009e-05
5.98246e-05
6.13757e-05
6.2774e-05
6.38706e-05
6.46339e-05
6.51558e-05
6.54549e-05
6.55517e-05
6.54672e-05
6.52228e-05
6.48394e-05
6.43365e-05
6.37325e-05
6.30442e-05
6.22859e-05
6.14721e-05
6.06117e-05
5.97121e-05
5.87808e-05
5.78243e-05
5.68488e-05
5.5859e-05
5.48592e-05
5.38515e-05
5.28404e-05
5.1824e-05
5.08088e-05
4.97888e-05
4.87831e-05
4.77543e-05
4.67678e-05
4.57059e-05
4.47207e-05
4.37663e-05
4.27732e-05
4.1801e-05
4.08275e-05
3.9918e-05
3.89538e-05
3.7995e-05
3.70852e-05
3.6194e-05
3.53221e-05
3.44763e-05
3.36554e-05
3.28692e-05
3.21132e-05
3.14028e-05
3.07271e-05
3.01087e-05
2.95253e-05
2.90092e-05
2.8518e-05
2.80953e-05
2.76684e-05
2.73096e-05
2.695e-05
2.68086e-05
2.70661e-05
2.82331e-05
3.08421e-05
3.36543e-05
3.30725e-05
2.54509e-05
3.89546e-06
2.04422e-07
1.03904e-05
2.18624e-05
2.72477e-05
3.06093e-05
3.37432e-05
3.68837e-05
4.00127e-05
4.31294e-05
4.64275e-05
4.96346e-05
5.26475e-05
5.54456e-05
5.79508e-05
6.00253e-05
6.17602e-05
6.30507e-05
6.41157e-05
6.50865e-05
6.57057e-05
6.60005e-05
6.60651e-05
6.5919e-05
6.55827e-05
6.50768e-05
6.44214e-05
6.36358e-05
6.27377e-05
6.17448e-05
6.06709e-05
5.9536e-05
5.83302e-05
5.70644e-05
5.57567e-05
5.44205e-05
5.30688e-05
5.17091e-05
5.03492e-05
4.89926e-05
4.76499e-05
4.63125e-05
4.50019e-05
4.37134e-05
4.24642e-05
4.11908e-05
4.00066e-05
3.88565e-05
3.77127e-05
3.66067e-05
3.55422e-05
3.45227e-05
3.3525e-05
3.26198e-05
3.17014e-05
3.08207e-05
3.00053e-05
2.92348e-05
2.85132e-05
2.78497e-05
2.72407e-05
2.66999e-05
2.62202e-05
2.5824e-05
2.54946e-05
2.52662e-05
2.51073e-05
2.50684e-05
2.50944e-05
2.52563e-05
2.5464e-05
2.58152e-05
2.61896e-05
2.67559e-05
2.74907e-05
2.88074e-05
3.09413e-05
3.33184e-05
3.2352e-05
2.48927e-05
3.98795e-06
2.81648e-07
1.18122e-05
2.27802e-05
2.70347e-05
2.95447e-05
3.2257e-05
3.52097e-05
3.82487e-05
4.13204e-05
4.43322e-05
4.71164e-05
4.96904e-05
5.2035e-05
5.40915e-05
5.58317e-05
5.72284e-05
5.8293e-05
5.88968e-05
5.93807e-05
5.96886e-05
5.96296e-05
5.93394e-05
5.88452e-05
5.81714e-05
5.73407e-05
5.63758e-05
5.52955e-05
5.41198e-05
5.28679e-05
5.15557e-05
5.01975e-05
4.88132e-05
4.74197e-05
4.60134e-05
4.46081e-05
4.32178e-05
4.18437e-05
4.04926e-05
3.91693e-05
3.78812e-05
3.66129e-05
3.54309e-05
3.43004e-05
3.31983e-05
3.21454e-05
3.11434e-05
3.01881e-05
2.92943e-05
2.84298e-05
2.7669e-05
2.69268e-05
2.62159e-05
2.559e-05
2.50238e-05
2.45136e-05
2.40691e-05
2.36911e-05
2.33821e-05
2.31389e-05
2.29578e-05
2.28539e-05
2.28189e-05
2.28733e-05
2.29961e-05
2.32231e-05
2.35159e-05
2.39299e-05
2.44008e-05
2.50087e-05
2.56512e-05
2.64324e-05
2.72101e-05
2.81031e-05
2.90275e-05
3.00988e-05
3.1633e-05
3.3056e-05
3.1359e-05
2.40753e-05
4.02197e-06
3.76364e-07
1.23657e-05
2.05708e-05
2.2415e-05
2.3852e-05
2.56927e-05
2.78476e-05
3.01821e-05
3.25737e-05
3.4839e-05
3.69136e-05
3.8783e-05
4.04284e-05
4.18256e-05
4.29732e-05
4.38547e-05
4.44789e-05
4.48141e-05
4.49147e-05
4.49072e-05
4.47284e-05
4.43333e-05
4.37947e-05
4.31337e-05
4.23686e-05
4.15213e-05
4.06023e-05
3.96328e-05
3.86314e-05
3.76046e-05
3.65668e-05
3.55257e-05
3.45055e-05
3.34812e-05
3.24975e-05
3.15561e-05
3.06386e-05
2.97562e-05
2.89123e-05
2.8116e-05
2.73582e-05
2.6643e-05
2.59824e-05
2.53601e-05
2.48193e-05
2.42908e-05
2.38087e-05
2.33969e-05
2.30321e-05
2.2723e-05
2.2467e-05
2.22592e-05
2.21041e-05
2.20018e-05
2.19531e-05
2.1957e-05
2.20161e-05
2.21278e-05
2.22976e-05
2.25218e-05
2.28098e-05
2.31489e-05
2.35495e-05
2.39933e-05
2.4512e-05
2.50657e-05
2.57086e-05
2.63719e-05
2.71379e-05
2.78982e-05
2.8758e-05
2.95717e-05
3.04211e-05
3.12371e-05
3.18451e-05
3.27532e-05
3.26293e-05
3.00933e-05
2.24176e-05
3.91256e-06
4.53507e-07
1.13864e-05
1.52741e-05
1.55151e-05
1.63114e-05
1.74903e-05
1.88509e-05
2.0296e-05
2.175e-05
2.31314e-05
2.44126e-05
2.55754e-05
2.66048e-05
2.74897e-05
2.82323e-05
2.88356e-05
2.92653e-05
2.95676e-05
2.97402e-05
2.97909e-05
2.97811e-05
2.9693e-05
2.95019e-05
2.92492e-05
2.89444e-05
2.86039e-05
2.82221e-05
2.78284e-05
2.74322e-05
2.7018e-05
2.66081e-05
2.6203e-05
2.5816e-05
2.54419e-05
2.50856e-05
2.47515e-05
2.44556e-05
2.41644e-05
2.39001e-05
2.36721e-05
2.34734e-05
2.33008e-05
2.31596e-05
2.30438e-05
2.29624e-05
2.29082e-05
2.28845e-05
2.2897e-05
2.29436e-05
2.30223e-05
2.31318e-05
2.32718e-05
2.344e-05
2.36374e-05
2.38617e-05
2.41148e-05
2.43938e-05
2.47013e-05
2.50353e-05
2.53969e-05
2.57875e-05
2.6202e-05
2.66586e-05
2.71316e-05
2.7659e-05
2.81806e-05
2.87755e-05
2.93361e-05
2.99922e-05
3.05719e-05
3.12565e-05
3.18091e-05
3.24178e-05
3.28716e-05
3.29239e-05
3.31597e-05
3.08828e-05
2.74211e-05
1.90592e-05
3.56631e-06
5.08349e-07
9.79203e-06
1.16954e-05
1.36286e-05
1.55742e-05
1.74063e-05
1.90673e-05
2.05236e-05
2.17629e-05
2.27915e-05
2.36332e-05
2.43151e-05
2.48641e-05
2.52984e-05
2.56454e-05
2.59437e-05
2.6074e-05
2.62158e-05
2.63199e-05
2.63581e-05
2.63639e-05
2.635e-05
2.63123e-05
2.6256e-05
2.61855e-05
2.61039e-05
2.60181e-05
2.59217e-05
2.58353e-05
2.57334e-05
2.56466e-05
2.55596e-05
2.54979e-05
2.54251e-05
2.53568e-05
2.53037e-05
2.52625e-05
2.52319e-05
2.52111e-05
2.52022e-05
2.5205e-05
2.52203e-05
2.52471e-05
2.52872e-05
2.53381e-05
2.54031e-05
2.54784e-05
2.55638e-05
2.56579e-05
2.57642e-05
2.58802e-05
2.60101e-05
2.61502e-05
2.63061e-05
2.64727e-05
2.66568e-05
2.68526e-05
2.70666e-05
2.72946e-05
2.75395e-05
2.78039e-05
2.80781e-05
2.83865e-05
2.86848e-05
2.9053e-05
2.93421e-05
2.97528e-05
3.00048e-05
3.04597e-05
3.06439e-05
3.11146e-05
3.11954e-05
3.16306e-05
3.13404e-05
3.10898e-05
3.01043e-05
2.78174e-05
2.28961e-05
1.19529e-05
3.06619e-06
3.12936e-07
6.03666e-07
9.20912e-07
1.24376e-06
1.55527e-06
1.84713e-06
2.11902e-06
2.3715e-06
2.60287e-06
2.81179e-06
2.99676e-06
3.15844e-06
3.2964e-06
3.41389e-06
3.50968e-06
3.58997e-06
3.6517e-06
3.69692e-06
3.73159e-06
3.75186e-06
3.76486e-06
3.76448e-06
3.76035e-06
3.75049e-06
3.73429e-06
3.71341e-06
3.68981e-06
3.66291e-06
3.63486e-06
3.60478e-06
3.57451e-06
3.54325e-06
3.51258e-06
3.48231e-06
3.45259e-06
3.42369e-06
3.39609e-06
3.36972e-06
3.34501e-06
3.3217e-06
3.30041e-06
3.2806e-06
3.26314e-06
3.24712e-06
3.23379e-06
3.22173e-06
3.21277e-06
3.20477e-06
3.20023e-06
3.19621e-06
3.19618e-06
3.19723e-06
3.20039e-06
3.20483e-06
3.21418e-06
3.22175e-06
3.23722e-06
3.24806e-06
3.26997e-06
3.2842e-06
3.31288e-06
3.33044e-06
3.3659e-06
3.38679e-06
3.42889e-06
3.45646e-06
3.51282e-06
3.54681e-06
3.61478e-06
3.65712e-06
3.731e-06
3.78189e-06
3.85544e-06
3.91356e-06
3.97018e-06
4.00412e-06
3.98381e-06
3.88566e-06
3.57103e-06
2.63308e-06
)
;

boundaryField
{
    movingWall
    {
        type            nutkWallFunction;
        Cmu             0.09;
        kappa           0.41;
        E               9.8;
        value           uniform 0;
    }
    fixedWalls
    {
        type            nutkWallFunction;
        Cmu             0.09;
        kappa           0.41;
        E               9.8;
        value           uniform 0;
    }
    frontAndBack
    {
        type            empty;
    }
}


// ************************************************************************* //
