/*--------------------------------*- C++ -*----------------------------------*\
  =========                 |
  \\      /  F ield         | OpenFOAM: The Open Source CFD Toolbox
   \\    /   O peration     | Website:  https://openfoam.org
    \\  /    A nd           | Version:  13
     \\/     M anipulation  |
\*---------------------------------------------------------------------------*/
FoamFile
{
    format      ascii;
    class       volScalarField;
    location    "7";
    object      k;
}
// * * * * * * * * * * * * * * * * * * * * * * * * * * * * * * * * * * * * * //

dimensions      [0 2 -2 0 0 0 0];

internalField   nonuniform List<scalar> 
6400
(
5.35454e-07
2.75135e-06
6.68235e-06
1.07733e-05
1.3865e-05
1.56046e-05
1.6238e-05
1.62978e-05
1.63889e-05
1.69821e-05
1.84337e-05
2.12909e-05
2.58162e-05
3.21059e-05
3.98378e-05
4.85844e-05
5.79041e-05
6.76043e-05
7.72571e-05
8.66058e-05
9.59792e-05
0.000106169
0.000118245
0.0001329
0.000149599
0.000166596
0.000183453
0.000200159
0.000217213
0.000235093
0.000253598
0.000272063
0.000290195
0.000308006
0.000325992
0.000344245
0.000363169
0.000382881
0.000403637
0.000425507
0.000448651
0.000473244
0.000499433
0.000527568
0.000557805
0.000591146
0.000629394
0.000676516
0.000725456
0.000774881
0.000823636
0.00087105
0.000915755
0.000956465
0.000991716
0.00101974
0.00103472
0.00104072
0.00104053
0.00102183
0.00098789
0.000938534
0.000874397
0.000797651
0.000710376
0.00061661
0.000520934
0.000427341
0.000339297
0.000260531
0.000196688
0.000143102
9.98093e-05
6.66645e-05
4.28098e-05
2.65662e-05
1.59774e-05
9.16183e-06
4.32647e-06
9.20882e-07
2.59171e-06
2.18112e-05
5.29292e-05
8.28411e-05
0.000105003
0.000118223
0.000124509
0.000127032
0.000129299
0.000134309
0.000145444
0.000166638
0.000199017
0.000241996
0.000293561
0.000351077
0.000412217
0.000474671
0.000536625
0.000597351
0.000658716
0.000725001
0.000801641
0.00089142
0.000990796
0.00109107
0.00118866
0.00128161
0.00137079
0.0014573
0.00153944
0.00161607
0.00168578
0.00174923
0.00180899
0.00186577
0.00192167
0.0019775
0.00203461
0.00209358
0.00215513
0.00221992
0.0022881
0.00236002
0.00243498
0.0025129
0.0025922
0.00267015
0.00275234
0.0028375
0.00292507
0.00301207
0.00309682
0.00317573
0.0032455
0.00330199
0.00333375
0.00334466
0.00333663
0.0032953
0.00321657
0.00309991
0.00294369
0.00275075
0.00252584
0.00227681
0.00201516
0.00174957
0.00148764
0.00123455
0.000993141
0.000773423
0.000582205
0.000422004
0.000293969
0.000196112
0.000125143
7.53149e-05
3.64764e-05
4.87052e-06
5.67283e-06
4.73884e-05
0.000110311
0.00016326
0.000199336
0.00022059
0.000232241
0.000240129
0.000250158
0.000268136
0.000299785
0.000349862
0.000420112
0.000508814
0.00061203
0.000725613
0.000846368
0.000971692
0.00109906
0.00122631
0.00135174
0.00147458
0.00159274
0.00170123
0.00179513
0.00187054
0.00192474
0.00196234
0.00199105
0.00201782
0.00204708
0.00207813
0.002112
0.0021455
0.00218271
0.00222247
0.00226671
0.00231524
0.00236911
0.00242836
0.00249284
0.00256309
0.00263869
0.00271966
0.00280601
0.00289759
0.00299349
0.00309523
0.00320247
0.00331387
0.0034283
0.00354368
0.00365784
0.00376754
0.00386907
0.00395775
0.00402838
0.00406941
0.00408292
0.0040685
0.00401008
0.00390682
0.00375416
0.00355382
0.00330808
0.00302363
0.00271723
0.00239791
0.00207604
0.00176218
0.00146537
0.00119244
0.000948537
0.000736062
0.000556076
0.000407787
0.000287897
0.000188859
9.58681e-05
1.30186e-05
9.85606e-06
7.972e-05
0.000173657
0.000244451
0.000290784
0.000319412
0.000338612
0.00035671
0.000381917
0.000422288
0.000485064
0.000574784
0.000691341
0.00083014
0.000984445
0.00114779
0.00131456
0.00147924
0.00163585
0.00177855
0.00190163
0.00200299
0.00208008
0.00212582
0.00214544
0.00215011
0.00214489
0.00214114
0.00214006
0.0021442
0.00215432
0.00216755
0.00218593
0.00220906
0.00223755
0.00227099
0.00231006
0.00235462
0.00240467
0.00246046
0.00252202
0.00258961
0.00266311
0.00274248
0.00282739
0.00291798
0.00301535
0.00311922
0.00322919
0.0033445
0.00346412
0.00358651
0.00370966
0.00383074
0.00394629
0.00405192
0.0041424
0.00421163
0.00424595
0.0042542
0.00422223
0.00414589
0.00402536
0.00385696
0.00363552
0.00336145
0.00305153
0.0027161
0.00237099
0.00203053
0.00170699
0.00140934
0.00114291
0.000909833
0.000710201
0.000542435
0.00040214
0.000279699
0.000152085
2.16551e-05
1.5815e-05
0.000122984
0.000248795
0.000336684
0.00039342
0.000430822
0.000460542
0.000493731
0.000541115
0.000612574
0.000715338
0.000851449
0.00101655
0.00120154
0.00139581
0.0015893
0.00177279
0.00193751
0.00207424
0.00217859
0.00223982
0.00226385
0.00226615
0.00223657
0.0022059
0.0021783
0.00215588
0.00214037
0.00213283
0.00213018
0.00213088
0.0021372
0.00214807
0.00216321
0.00218253
0.00220594
0.00223334
0.00226444
0.00229917
0.00233775
0.00238022
0.00242698
0.00247885
0.00253647
0.00260075
0.00267202
0.00274982
0.00283472
0.00292687
0.0030264
0.0031332
0.00324673
0.00336609
0.00348977
0.00361569
0.00374076
0.00386038
0.00396912
0.00406031
0.00411905
0.00414156
0.00412707
0.00405428
0.00392643
0.00375027
0.00351878
0.00322842
0.00289788
0.00254444
0.00218673
0.00184216
0.00152439
0.00124145
0.000996074
0.000787506
0.000612679
0.000465741
0.000334538
0.000190132
2.7603e-05
2.43243e-05
0.000180474
0.000340149
0.000445948
0.000514511
0.000562965
0.000606743
0.000660108
0.000736
0.000844628
0.000990736
0.00117136
0.00137627
0.00159117
0.00180108
0.00199217
0.00215237
0.00227429
0.00234061
0.00236284
0.00235148
0.0023068
0.00226236
0.00221851
0.00217756
0.0021418
0.00211241
0.00208888
0.00207009
0.00205494
0.00204232
0.00203492
0.00203107
0.00202971
0.00203004
0.00203399
0.00204011
0.00204903
0.00206074
0.00207567
0.00209413
0.00211669
0.00214317
0.00217419
0.00221022
0.00225179
0.00229962
0.00235471
0.00241804
0.00249067
0.00257369
0.00266792
0.00277394
0.00289175
0.00302035
0.00315795
0.00330255
0.00344921
0.00359267
0.00372335
0.00383257
0.00389404
0.00391322
0.00387607
0.00377207
0.00360629
0.00336132
0.0030538
0.00270123
0.00232695
0.00195574
0.00160914
0.0013016
0.00103894
0.000820133
0.000640019
0.000490321
0.000356422
0.000206877
2.97652e-05
3.61403e-05
0.000254123
0.000450067
0.000575097
0.00065718
0.000719142
0.000780443
0.000858201
0.000966321
0.00111299
0.00129788
0.00151137
0.00173703
0.0019558
0.00214961
0.00230328
0.00239744
0.00243314
0.00243259
0.00238413
0.00233131
0.00226839
0.00220748
0.00214601
0.00209175
0.00204472
0.00200377
0.0019671
0.00193421
0.00190554
0.00188104
0.00185928
0.00183985
0.0018225
0.00180732
0.00179464
0.00178413
0.00177616
0.00177108
0.00176882
0.00176833
0.00177121
0.00177728
0.00178687
0.00180045
0.00181836
0.00184137
0.00187021
0.00190612
0.00195043
0.0020049
0.00207165
0.00215293
0.0022511
0.00236784
0.00250216
0.00265693
0.00282851
0.00301165
0.0031995
0.00338432
0.00355077
0.00367609
0.00373243
0.00373827
0.00365659
0.00350264
0.0032438
0.00290762
0.00252046
0.00211505
0.00172424
0.00137405
0.00107837
0.000838312
0.000646868
0.000491476
0.000355032
0.000205743
2.88996e-05
5.19663e-05
0.000344982
0.000579223
0.000724832
0.000822032
0.00089957
0.000980778
0.0010847
0.00122424
0.00140312
0.00161424
0.00184104
0.00206177
0.00225426
0.00240084
0.00247397
0.00249366
0.00246417
0.00240962
0.00233429
0.00225083
0.00216295
0.00208485
0.00201465
0.00195491
0.00190021
0.00185061
0.00180483
0.00176291
0.00172461
0.00168958
0.00165738
0.00162808
0.0016017
0.00157834
0.00155796
0.00154034
0.00152555
0.00151355
0.00150427
0.00149784
0.00149476
0.00149381
0.00149563
0.00150139
0.00151042
0.00152362
0.00154128
0.0015639
0.00159205
0.00162665
0.00166877
0.00171998
0.00178259
0.00186045
0.00196058
0.0020858
0.00224213
0.00243034
0.00264033
0.00287101
0.00310755
0.00333404
0.00352746
0.00363443
0.00366673
0.00361533
0.0034651
0.00317854
0.00279919
0.00236434
0.0019186
0.00150446
0.00115173
0.000870984
0.000655186
0.000487555
0.000346642
0.000199071
2.68642e-05
7.23004e-05
0.000452882
0.000727031
0.000894295
0.00100772
0.00110181
0.00120316
0.00133131
0.0014961
0.00169515
0.00191422
0.00213105
0.00232095
0.00245737
0.00251868
0.00252786
0.00248492
0.00241774
0.00232164
0.00221083
0.00210766
0.00201656
0.00193551
0.00186266
0.00179723
0.00173636
0.00168046
0.00162884
0.00158175
0.00153903
0.00150064
0.00146651
0.00143668
0.00141095
0.00138914
0.00137101
0.00135635
0.00134494
0.00133646
0.00133102
0.0013285
0.00132778
0.00132936
0.00133397
0.00134117
0.00135097
0.00136362
0.00137925
0.00139813
0.00142053
0.00144695
0.00147791
0.00151413
0.00155657
0.00160664
0.0016666
0.00173975
0.00183235
0.00195578
0.00213007
0.00235089
0.00261132
0.00289273
0.00317735
0.00343446
0.00359431
0.00365071
0.00362678
0.00347336
0.00314669
0.00271182
0.00221986
0.00172994
0.00129453
0.000944022
0.000681705
0.000489041
0.000334231
0.000185712
2.45814e-05
9.73434e-05
0.000576246
0.000891584
0.00108127
0.00121113
0.00132097
0.00143979
0.00158614
0.00176526
0.00196814
0.00217445
0.00235856
0.00248815
0.00254273
0.00254702
0.00250145
0.00241675
0.00229687
0.00216966
0.00205426
0.00195068
0.00185892
0.00177613
0.0017008
0.00163197
0.00156868
0.00151146
0.00146011
0.00141491
0.00137567
0.00134229
0.00131446
0.00129179
0.00127381
0.00126001
0.00124984
0.0012428
0.001239
0.00123744
0.00123723
0.0012396
0.00124354
0.0012494
0.00125707
0.00126652
0.0012778
0.00129109
0.00130652
0.00132434
0.00134479
0.00136802
0.00139433
0.00142404
0.00145753
0.00149525
0.00153783
0.00158665
0.00164428
0.00171555
0.00180916
0.00193957
0.00213641
0.00240797
0.0027257
0.00306418
0.00338434
0.00359785
0.00367672
0.00366958
0.00350128
0.00312228
0.00262176
0.00206841
0.00153755
0.0010892
0.000748588
0.000507268
0.000330697
0.000173992
2.27426e-05
0.000127479
0.000711436
0.00106982
0.00128223
0.00142742
0.00155011
0.00168076
0.00183576
0.00201514
0.00220392
0.00237779
0.00250202
0.00255327
0.00255547
0.00250952
0.00241049
0.00227361
0.00213519
0.00200605
0.00189187
0.00178981
0.00169848
0.00161564
0.00154065
0.00147318
0.00141327
0.00136126
0.00131697
0.00128025
0.00125052
0.00122718
0.00120942
0.00119645
0.00118746
0.00118193
0.00117931
0.00117848
0.00117916
0.0011819
0.00118577
0.00119121
0.00119783
0.00120588
0.0012153
0.00122621
0.00123874
0.00125305
0.00126926
0.00128753
0.00130797
0.00133068
0.0013558
0.00138343
0.00141375
0.00144703
0.00148349
0.00152302
0.00156628
0.00161469
0.00167155
0.00174444
0.00184708
0.00200303
0.00225535
0.00260022
0.00298215
0.00336633
0.00362966
0.00372749
0.00372387
0.00352346
0.00307878
0.00250512
0.00189263
0.001332
0.000884164
0.000561597
0.000341919
0.000171556
2.22048e-05
0.000164242
0.000853841
0.0012581
0.00149249
0.00165046
0.00178105
0.00191546
0.00206733
0.00223185
0.0023897
0.00250764
0.00255723
0.00255919
0.00251386
0.00240651
0.00225871
0.0021085
0.00196795
0.00184218
0.00173126
0.00163203
0.00154331
0.00146399
0.00139412
0.00133372
0.00128283
0.0012412
0.00120811
0.00118269
0.00116384
0.00115046
0.00114145
0.00113609
0.00113355
0.00113271
0.00113299
0.00113499
0.00113793
0.001142
0.00114697
0.00115307
0.00116025
0.00116874
0.00117864
0.00119012
0.00120338
0.00121859
0.00123593
0.00125555
0.00127756
0.00130204
0.00132899
0.00135833
0.00138989
0.00142345
0.0014588
0.00149593
0.00153516
0.00157638
0.00161981
0.00166802
0.00172714
0.00180986
0.00193953
0.00215574
0.00250898
0.00293024
0.00337459
0.00367827
0.00378823
0.00377106
0.00351484
0.00299018
0.00234007
0.00167978
0.00110791
0.000676114
0.000381587
0.000179648
2.31092e-05
0.000205147
0.00100378
0.00145238
0.00170666
0.00187347
0.00200545
0.00213407
0.00227038
0.00240583
0.00251383
0.00256137
0.00256386
0.0025193
0.00240959
0.0022552
0.0020934
0.00194124
0.00180463
0.00168428
0.00157819
0.00148413
0.00140162
0.00133029
0.00127025
0.00122116
0.00118235
0.00115274
0.00113094
0.00111554
0.00110513
0.00109848
0.00109477
0.00109306
0.00109252
0.00109257
0.00109377
0.00109573
0.00109838
0.00110186
0.00110623
0.00111168
0.00111835
0.00112647
0.00113619
0.00114774
0.00116133
0.00117714
0.0011954
0.00121629
0.00123996
0.00126655
0.00129609
0.00132853
0.00136366
0.00140109
0.00144025
0.00148044
0.00152098
0.00156159
0.00160272
0.00164401
0.00168694
0.00173686
0.00180537
0.00191592
0.00211037
0.00245204
0.00291023
0.00340687
0.00373504
0.00384502
0.00379182
0.00345031
0.00283053
0.00211073
0.00142294
0.000864659
0.000469316
0.000207197
2.67224e-05
0.000249002
0.00115763
0.00164778
0.00191896
0.00208977
0.0022158
0.00232874
0.00243776
0.00252978
0.00257246
0.00257486
0.00252985
0.00242202
0.00226435
0.00209282
0.00192827
0.00178038
0.00165043
0.001537
0.00143802
0.00135235
0.00127983
0.00122006
0.00117249
0.00113595
0.00110892
0.00108964
0.00107635
0.00106749
0.00106172
0.00105804
0.00105571
0.00105417
0.00105321
0.00105279
0.00105273
0.00105337
0.00105468
0.0010569
0.00106016
0.00106466
0.0010706
0.00107816
0.00108754
0.00109894
0.00111257
0.00112863
0.00114736
0.00116896
0.00119368
0.00122171
0.00125322
0.00128827
0.00132682
0.00136859
0.00141305
0.0014593
0.00150614
0.0015522
0.00159631
0.00163833
0.00167873
0.00171845
0.00176126
0.00182034
0.00191921
0.00210122
0.00243244
0.00292308
0.00346462
0.00379168
0.0038823
0.00376816
0.00329988
0.00258192
0.00180845
0.00112486
0.000612154
0.000265812
3.52015e-05
0.000294384
0.00131134
0.00183926
0.00212373
0.00229325
0.00240603
0.00249421
0.00256499
0.00259791
0.00259798
0.00254973
0.00244585
0.00228765
0.00210845
0.00193153
0.00177094
0.0016305
0.00150893
0.00140431
0.00131516
0.00124081
0.00118073
0.00113385
0.00109865
0.00107313
0.00105519
0.00104284
0.00103436
0.00102838
0.00102391
0.0010203
0.00101716
0.00101432
0.00101178
0.00100963
0.00100808
0.00100737
0.00100723
0.00100822
0.00101057
0.00101431
0.00101967
0.0010268
0.00103587
0.00104706
0.00106056
0.00107657
0.00109531
0.00111703
0.001142
0.00117051
0.00120281
0.00123918
0.00127975
0.00132455
0.00137332
0.00142541
0.00147968
0.00153442
0.00158742
0.00163643
0.00168015
0.00171845
0.00175415
0.00179441
0.00184705
0.00194028
0.00211633
0.00244998
0.00297145
0.00354818
0.00383494
0.0038874
0.00367614
0.00304504
0.00223209
0.0014393
0.000801995
0.000352238
4.84522e-05
0.000339877
0.00146099
0.00202216
0.00231603
0.00247882
0.0025718
0.00262559
0.00264716
0.00263833
0.00258394
0.00248363
0.00232668
0.00214187
0.00195311
0.00177843
0.00162551
0.00149438
0.00138282
0.00128907
0.00121193
0.00115045
0.00110322
0.00106825
0.0010432
0.00102563
0.00101332
0.00100444
0.000997599
0.000991858
0.000986636
0.000981647
0.000976811
0.000972189
0.000967932
0.000964215
0.000961234
0.000959367
0.000958599
0.000958564
0.000960369
0.000963694
0.000968715
0.000975593
0.000984448
0.000995437
0.00100872
0.00102449
0.00104294
0.00106433
0.00108895
0.0011171
0.00114916
0.00118548
0.00122645
0.00127234
0.00132328
0.00137909
0.00143913
0.00150206
0.00156568
0.00162694
0.00168224
0.00172988
0.00176799
0.00179428
0.00183032
0.0018828
0.00197391
0.0021526
0.00250533
0.00306852
0.0036304
0.00386761
0.00385271
0.00345358
0.00266358
0.00178832
0.0010273
0.000459311
6.53409e-05
0.000384719
0.00160222
0.00219271
0.00249261
0.00264193
0.00270516
0.00272084
0.00269993
0.00263699
0.00253874
0.00238326
0.00219462
0.00199496
0.00180514
0.00163728
0.00149415
0.00137376
0.00127373
0.00119235
0.00112814
0.0010793
0.00104348
0.00101794
0.000999933
0.000987026
0.000977269
0.000969243
0.000962032
0.00095512
0.000948294
0.000941544
0.000934987
0.000928802
0.000923195
0.000918366
0.000914502
0.000911893
0.00091068
0.000910388
0.000911808
0.000914982
0.000919862
0.000926615
0.000935331
0.000946143
0.000959187
0.000974628
0.000992656
0.0010135
0.00103743
0.00106478
0.00109593
0.00113131
0.00117141
0.00121673
0.00126771
0.00132463
0.00138746
0.00145557
0.00152749
0.00160059
0.00167092
0.00173341
0.00178573
0.00182348
0.00184154
0.00187154
0.00192479
0.00201783
0.00220769
0.00259331
0.00320329
0.00371296
0.00388364
0.00372455
0.00307461
0.00215845
0.00127932
0.000580872
8.48136e-05
0.000427834
0.00173379
0.00234769
0.00264624
0.00277584
0.00281058
0.00279036
0.0027215
0.00261378
0.00245994
0.0022684
0.00205907
0.00185359
0.00166831
0.00150994
0.00137793
0.0012694
0.00118188
0.00111333
0.0010615
0.00102367
0.000996735
0.00097763
0.000963676
0.000952767
0.000943424
0.000934724
0.000926191
0.000917661
0.000909174
0.000900882
0.000892991
0.000885715
0.000879255
0.00087379
0.000869474
0.000866546
0.000865169
0.000864806
0.000866082
0.000869216
0.000874045
0.00088072
0.000889323
0.000899963
0.000912763
0.000927865
0.000945439
0.000965691
0.000988868
0.00101527
0.00104527
0.00107932
0.00111792
0.0011617
0.00121127
0.00126728
0.00133018
0.00140009
0.00147647
0.00155771
0.00164073
0.00172059
0.00179057
0.00184744
0.00187911
0.00189263
0.0019167
0.00197182
0.00207166
0.00228411
0.00272729
0.00338085
0.00376345
0.00382549
0.0034384
0.00253962
0.00155416
0.000713107
0.000105961
0.0004676
0.00185219
0.00248195
0.00277426
0.00288196
0.00289292
0.00283059
0.00271466
0.00256116
0.0023654
0.00214741
0.00192645
0.00172165
0.0015444
0.00139706
0.00127705
0.001181
0.00110615
0.00104974
0.00100863
0.000979381
0.000958563
0.000943196
0.000930969
0.000920283
0.000910171
0.000900157
0.000890102
0.000880076
0.000870258
0.000860865
0.000852117
0.00084421
0.000837311
0.00083156
0.000827071
0.000824052
0.000822637
0.000822262
0.000823487
0.000826584
0.000831356
0.000837932
0.000846396
0.000856844
0.000869387
0.000884154
0.000901297
0.000920998
0.000943475
0.000968997
0.000997898
0.00103059
0.00106757
0.00110946
0.00115698
0.00121092
0.00127211
0.0013412
0.00141851
0.00150355
0.00159458
0.00168796
0.00177769
0.0018553
0.00191242
0.00193645
0.0019457
0.00196492
0.00202375
0.00213661
0.00239088
0.00292075
0.00355097
0.00380667
0.00366351
0.00290997
0.00184777
0.000853354
0.000128071
0.000502576
0.00195448
0.00259336
0.00287653
0.00296526
0.00294936
0.00284548
0.00268948
0.00248916
0.00226225
0.00202637
0.00180082
0.00160114
0.001434
0.00129853
0.0011909
0.00110733
0.00104441
0.000998576
0.000965961
0.000942758
0.000925615
0.000911931
0.000899917
0.000888502
0.000877169
0.000865776
0.000854404
0.000843246
0.000832526
0.000822465
0.000813252
0.000805044
0.000797966
0.000792117
0.000787577
0.000784518
0.000783075
0.000782685
0.000783825
0.000786823
0.000791472
0.000797886
0.000806153
0.000816363
0.000828624
0.000843054
0.000859794
0.000879005
0.000900881
0.000925657
0.000953623
0.000985141
0.00102067
0.00106077
0.00110616
0.00115768
0.0012163
0.00128306
0.00135885
0.00144413
0.00153847
0.00163981
0.00174375
0.00184283
0.00192646
0.0019797
0.00199491
0.00199926
0.00201598
0.0020804
0.002218
0.00254542
0.00316612
0.00364638
0.00374158
0.00324977
0.00215471
0.000996706
0.000151221
0.00053197
0.00203947
0.00268156
0.0029539
0.00302694
0.00298131
0.00283882
0.00264126
0.00240656
0.00215603
0.00190939
0.00168449
0.00149279
0.00133689
0.00121362
0.00111826
0.00104647
0.000994096
0.000956828
0.000930404
0.000911029
0.000895708
0.000882367
0.000869754
0.000857259
0.000844702
0.000832157
0.000819819
0.000807917
0.000796669
0.00078626
0.000776834
0.000768507
0.000761363
0.000755472
0.000750891
0.000747736
0.000746214
0.000745767
0.000746725
0.000749534
0.000753973
0.000760145
0.000768143
0.000778059
0.000789998
0.000804077
0.000820426
0.000839196
0.00086056
0.000884725
0.000911941
0.000942522
0.000976862
0.00101546
0.00105897
0.0011082
0.00116414
0.00122797
0.00130096
0.00138424
0.00147846
0.00158314
0.00169574
0.00181067
0.0019183
0.0020034
0.00204495
0.00205285
0.00205272
0.00206879
0.00214419
0.00232708
0.00277485
0.00342798
0.00370521
0.00349075
0.00246418
0.00114197
0.000175033
0.00055536
0.00210717
0.00274754
0.0030081
0.0030665
0.00299125
0.00281734
0.00258136
0.0023183
0.00205081
0.00179909
0.00157855
0.00139655
0.00125237
0.00114117
0.00105746
0.000996246
0.000952649
0.000921887
0.000899626
0.00088237
0.000867636
0.000853895
0.000840373
0.000826808
0.000813242
0.000799862
0.000786898
0.000774566
0.000763047
0.000752478
0.000742964
0.000734579
0.000727382
0.000721424
0.00071675
0.000713407
0.000711722
0.000711166
0.000711832
0.00071436
0.000718503
0.000724355
0.000732015
0.000741578
0.000753152
0.000766852
0.000782808
0.00080116
0.00082207
0.000845724
0.000872341
0.000902193
0.000935617
0.000973045
0.00101504
0.00106233
0.00111586
0.00117679
0.00124654
0.00132664
0.0014185
0.0015229
0.00163921
0.00176418
0.00189078
0.00200724
0.00208391
0.00210905
0.00211026
0.00210228
0.00212423
0.00222246
0.00248656
0.00307838
0.00354205
0.00359218
0.00277669
0.00130327
0.000201522
0.000572652
0.00215824
0.00279271
0.00304102
0.00308595
0.00298457
0.00277837
0.00251338
0.00222818
0.00194941
0.00169697
0.00148325
0.00131185
0.00117941
0.00107974
0.00100667
0.000954513
0.000917864
0.000891752
0.000872051
0.000855734
0.000840865
0.000826411
0.000811969
0.000797515
0.000783214
0.000769291
0.000755964
0.000743409
0.000731761
0.000721116
0.000711541
0.000703087
0.000695795
0.000689703
0.000684852
0.000681284
0.000679318
0.000678596
0.000678891
0.000681055
0.000684831
0.000690298
0.000697562
0.000706721
0.000717886
0.000731175
0.000746717
0.000764651
0.000785131
0.000808331
0.000834449
0.000863723
0.000896446
0.000932986
0.000973825
0.00101959
0.00107113
0.00112953
0.00119619
0.00127279
0.00136118
0.00146304
0.00157916
0.00170835
0.00184587
0.00198179
0.00209987
0.00216248
0.00217405
0.00215913
0.00214431
0.002186
0.0023294
0.00275384
0.00338042
0.00360583
0.003081
0.00150512
0.000235877
0.000584131
0.00219367
0.00281808
0.00305297
0.00308517
0.00296453
0.00272993
0.00244089
0.00213906
0.00185368
0.0016037
0.00139834
0.00123787
0.00111676
0.00102779
0.000964083
0.000919392
0.000888
0.000865021
0.000846723
0.000830609
0.000815257
0.000800037
0.000784811
0.000769697
0.000754909
0.000740663
0.00072714
0.000714473
0.000702754
0.000692044
0.000682387
0.000673819
0.000666372
0.000660082
0.00065499
0.00065114
0.000648792
0.000647826
0.000647766
0.000649487
0.000652845
0.000657882
0.000664706
0.000673418
0.000684135
0.000696978
0.000712078
0.000729575
0.000749622
0.000772386
0.000798054
0.000826842
0.000859008
0.000894871
0.000934842
0.000979461
0.00102945
0.00108579
0.00114978
0.00122308
0.00130775
0.001406
0.0015198
0.00164989
0.0017943
0.00194642
0.00209311
0.00219732
0.00223497
0.00223505
0.00219739
0.00218313
0.00225564
0.0025054
0.00310584
0.00348866
0.00331506
0.00176035
0.000282112
0.000589804
0.00221379
0.00282481
0.00304952
0.00307362
0.00293002
0.00267446
0.00236668
0.00205301
0.00176471
0.00151942
0.00132326
0.00117359
0.00106316
0.000983822
0.000928111
0.000889362
0.000861792
0.000840796
0.000823127
0.000806811
0.000790865
0.000774961
0.000759131
0.000743563
0.000728472
0.000714044
0.000700416
0.000687679
0.000675892
0.000665094
0.000655315
0.000646582
0.000638928
0.00063239
0.000627014
0.000622853
0.000620045
0.000618721
0.000618411
0.000619618
0.000622526
0.000627105
0.000633459
0.000641696
0.000651933
0.000664296
0.00067892
0.00069595
0.00071554
0.000737857
0.000763083
0.000791422
0.000823111
0.000858432
0.000897741
0.000941499
0.000990326
0.00104507
0.00110688
0.00117732
0.00125842
0.00135264
0.0014626
0.0015904
0.00173619
0.0018962
0.00206021
0.0022096
0.00229099
0.00230622
0.00227587
0.00223241
0.00223369
0.00237244
0.00283304
0.00335484
0.00342388
0.00206412
0.000339718
0.000589426
0.00222139
0.00281987
0.00303491
0.00304743
0.00288671
0.00261463
0.00229288
0.00197145
0.00168308
0.00144393
0.00125726
0.00111797
0.00101735
0.000946485
0.000897419
0.000863267
0.000838375
0.00081854
0.000801025
0.000784323
0.000767802
0.000751343
0.000735077
0.000719212
0.00070394
0.000689407
0.000675708
0.000662902
0.000651025
0.000640102
0.000630158
0.000621219
0.00061332
0.000606501
0.000600811
0.000596307
0.000593052
0.000591336
0.000590777
0.00059147
0.000593914
0.000598022
0.000603893
0.000611635
0.000621368
0.000633222
0.000647337
0.000663862
0.000682958
0.000704795
0.000729557
0.000757444
0.000788682
0.000823531
0.000862306
0.000905406
0.000953362
0.0010069
0.00106702
0.00113513
0.00121314
0.00130355
0.00140936
0.00153366
0.00167853
0.0018431
0.00202081
0.0021966
0.00232611
0.00237213
0.00236573
0.00228813
0.00224915
0.00230661
0.00259769
0.00321182
0.00344862
0.00240438
0.00040631
0.000586238
0.00221937
0.00280382
0.00300518
0.00300905
0.00283654
0.0025525
0.00222109
0.00189529
0.00160895
0.0013768
0.00119953
0.00106996
0.000978174
0.000914611
0.00087095
0.00084027
0.000817188
0.000797959
0.00078033
0.000763191
0.000746169
0.000729285
0.000712717
0.000696661
0.000681275
0.000666667
0.000652898
0.000640005
0.000628009
0.000616929
0.000606789
0.000597618
0.000589452
0.000582338
0.000576325
0.000571469
0.000567832
0.000565691
0.000564876
0.000565096
0.000567074
0.000570714
0.000576099
0.000583337
0.000592549
0.00060387
0.000617445
0.000633428
0.000651986
0.000673298
0.000697554
0.000724958
0.000755732
0.000790126
0.000828429
0.000870996
0.000918285
0.000970917
0.00102975
0.00109603
0.00117146
0.00125845
0.00136006
0.00147992
0.00162143
0.00178606
0.00197048
0.00216275
0.00233895
0.00243098
0.00244598
0.00239017
0.00229899
0.00228596
0.00244616
0.00298912
0.00336214
0.00273921
0.000474248
0.000579217
0.00221069
0.00277413
0.00296557
0.00296212
0.00278153
0.00248973
0.00215247
0.00182507
0.00154225
0.00131747
0.00114924
0.00102859
0.000944626
0.000887237
0.000847897
0.000819786
0.00079788
0.000778901
0.000761027
0.000743466
0.000726033
0.000708833
0.000692053
0.000675868
0.000660399
0.00064572
0.000631868
0.000618865
0.000606725
0.000595467
0.000585115
0.000575703
0.000567271
0.000559869
0.000553548
0.000548368
0.000544391
0.000541819
0.000540696
0.000540568
0.000542079
0.000545261
0.000550166
0.0005569
0.000565585
0.000576356
0.000589363
0.000604768
0.000622745
0.000643482
0.000667179
0.000694048
0.000724318
0.000758236
0.000796079
0.000838175
0.000884928
0.000936872
0.000994748
0.00105962
0.00113301
0.00121711
0.00131494
0.00143036
0.00156767
0.00173038
0.00191862
0.0021252
0.00233119
0.00247475
0.00251829
0.00249221
0.00236435
0.00229945
0.00237098
0.00278726
0.00323158
0.00299924
0.000527889
0.000568305
0.00219246
0.00273581
0.00291855
0.00290862
0.00272338
0.0024276
0.0020878
0.00176103
0.00148274
0.00126536
0.00110559
0.000992996
0.000915835
0.000863594
0.000827657
0.000801414
0.000780237
0.000761291
0.00074312
0.000725181
0.000707419
0.000689981
0.000673048
0.000656764
0.000641219
0.00062646
0.00061251
0.000599378
0.00058708
0.000575635
0.000565071
0.000555427
0.000546745
0.000539078
0.000532481
0.000527013
0.000522739
0.000519756
0.000518293
0.000517923
0.000518985
0.000521725
0.000526166
0.000532405
0.00054056
0.000550772
0.000563191
0.000577987
0.000595342
0.000615454
0.000638535
0.000664811
0.000694519
0.000727916
0.000765276
0.000806913
0.000853195
0.000904593
0.000961743
0.00102555
0.00109736
0.00117912
0.00127363
0.00138476
0.00151724
0.0016759
0.00186341
0.00207634
0.00230004
0.00249506
0.00258239
0.00258624
0.00247549
0.00234569
0.00233663
0.00261641
0.00311004
0.00312163
0.00055212
0.000554124
0.00216763
0.00269077
0.00286555
0.00285049
0.00266353
0.00236708
0.0020276
0.00170322
0.00143006
0.00121985
0.00106784
0.000962396
0.000891079
0.000843075
0.000809788
0.000784879
0.000764125
0.000745085
0.00072661
0.000708343
0.000690315
0.000672692
0.000655637
0.000639266
0.000623641
0.000608792
0.000594729
0.00058146
0.000569001
0.000557374
0.000546612
0.000536755
0.000527852
0.000519953
0.000513114
0.000507393
0.000502849
0.000499544
0.000497749
0.000497162
0.00049782
0.000500146
0.000504143
0.000509899
0.000517532
0.000527181
0.000539
0.000553163
0.000569862
0.000589304
0.000611716
0.000637335
0.000666418
0.000699232
0.000736062
0.000777218
0.000823048
0.000873979
0.000930566
0.000993588
0.00106419
0.0011441
0.00123588
0.00134321
0.00147103
0.00162509
0.00181034
0.00202718
0.00226569
0.00249917
0.00264005
0.00267036
0.00259184
0.00240211
0.00232908
0.00247089
0.00300374
0.00315585
0.000556158
0.000537478
0.00213828
0.00264069
0.00280807
0.00278932
0.00260315
0.0023089
0.00197213
0.00165152
0.00138382
0.00118036
0.00103532
0.000936128
0.000869762
0.000825208
0.000793964
0.000769992
0.000749452
0.00073025
0.000711484
0.000692934
0.000674687
0.00065691
0.000639748
0.00062329
0.000607578
0.000592629
0.000578448
0.000565043
0.00055243
0.000540637
0.000529699
0.00051966
0.000510569
0.000502476
0.000495436
0.000489502
0.000484728
0.000481171
0.000479067
0.000478279
0.000478586
0.000480529
0.000484106
0.000489398
0.00049652
0.00050561
0.000516824
0.00053034
0.000546357
0.000565093
0.000586786
0.000611692
0.000640085
0.00067225
0.000708488
0.000749116
0.00079448
0.000844977
0.000901102
0.000963528
0.00103324
0.00111173
0.00120128
0.00130531
0.00142868
0.0015776
0.00175859
0.00197528
0.00222282
0.00248091
0.00267967
0.00274513
0.00270622
0.00250701
0.00236092
0.00240074
0.00284014
0.00312789
0.000545085
0.000519037
0.00210616
0.00258717
0.00274751
0.00272642
0.00254317
0.00225355
0.00192152
0.00160576
0.0013436
0.00114633
0.00100745
0.000913625
0.000851399
0.000809625
0.000779939
0.000756611
0.000736149
0.000716753
0.000697716
0.000678919
0.000660483
0.00064257
0.000625305
0.000608756
0.000592952
0.0005779
0.000563603
0.000550069
0.000537319
0.000525383
0.000514299
0.000504112
0.000494871
0.000486625
0.000479426
0.000473322
0.000468363
0.000464601
0.00046222
0.00046124
0.000461256
0.00046285
0.000466033
0.000470883
0.000477511
0.000486052
0.000496664
0.000509527
0.000524845
0.000542847
0.000563783
0.000587927
0.000615569
0.000647019
0.000682598
0.00072264
0.000767499
0.000817559
0.000873277
0.000935242
0.0010043
0.00108173
0.00116954
0.00127084
0.00139026
0.0015342
0.00171023
0.00192461
0.00217662
0.00245028
0.00269852
0.00281133
0.0028088
0.00262712
0.002404
0.00237253
0.0026986
0.00305912
0.000526759
0.000499397
0.00207198
0.00253142
0.00268511
0.00266286
0.00248431
0.00220136
0.00187574
0.00156564
0.00130897
0.00111727
0.0009837
0.000894411
0.000835596
0.000796035
0.000767526
0.000744628
0.000724156
0.000704554
0.000685267
0.00066625
0.000647644
0.000629603
0.000612235
0.000595593
0.000579695
0.000564541
0.000550136
0.00053649
0.000523624
0.000511572
0.000500374
0.000490076
0.000480724
0.000472366
0.000465048
0.000458817
0.000453718
0.000449797
0.00044717
0.000445961
0.000445787
0.000447056
0.000449872
0.000454305
0.000460459
0.000468467
0.000478486
0.000490698
0.000505312
0.000522564
0.000542716
0.000566057
0.000592899
0.000623573
0.000658427
0.000697819
0.000742119
0.000791717
0.000847045
0.000908635
0.000977214
0.00105388
0.00114037
0.00123945
0.00135544
0.00149464
0.00166528
0.00187579
0.00212983
0.0024172
0.00270289
0.00287377
0.00290342
0.00275928
0.00247049
0.00236478
0.00258319
0.00296831
0.000504487
0.000478629
0.0020376
0.00247477
0.00262198
0.00259953
0.00242712
0.00215252
0.00183469
0.00153088
0.00127953
0.00109273
0.000963635
0.00087809
0.000822033
0.00078421
0.000756576
0.000733952
0.000713416
0.000693607
0.000674089
0.000654872
0.000636109
0.000617944
0.000600473
0.000583736
0.000567744
0.000552497
0.000537997
0.000524257
0.000511302
0.000499164
0.000487886
0.000477511
0.000468084
0.000459651
0.000452252
0.00044593
0.000440725
0.00043668
0.000433842
0.000432421
0.000432087
0.000433068
0.000435547
0.000439588
0.000445291
0.000452786
0.000462229
0.000473802
0.000487715
0.000504212
0.000523565
0.000546076
0.000572078
0.000601925
0.000635993
0.000674671
0.000718353
0.000767446
0.000822378
0.00088364
0.00095187
0.001028
0.00111352
0.00121087
0.00132398
0.00145888
0.00162406
0.0018294
0.00208218
0.0023783
0.00269039
0.00292044
0.00298693
0.00288502
0.00256946
0.00237693
0.00249102
0.00286936
0.000481525
0.000457948
0.0020025
0.00241793
0.00255899
0.00253714
0.00237202
0.00210713
0.00179816
0.00150115
0.00125493
0.00107234
0.000946883
0.000864334
0.000810452
0.000773962
0.000746965
0.000724505
0.000703871
0.000683862
0.000664132
0.000644731
0.000625817
0.000607531
0.000589956
0.000573126
0.000557047
0.000541716
0.000527138
0.000513327
0.000500306
0.000488112
0.000476784
0.000466365
0.000456897
0.00044842
0.000440973
0.000434589
0.000429305
0.000425154
0.000422171
0.000420548
0.000420064
0.000420792
0.000422962
0.000426638
0.000431916
0.000438923
0.000447811
0.000458762
0.000471988
0.000487736
0.000506286
0.000527953
0.000553087
0.000582068
0.0006153
0.000653204
0.000696209
0.000744746
0.000799256
0.00086021
0.000928177
0.00100396
0.00108882
0.00118486
0.00129562
0.00142675
0.0015867
0.00178637
0.00203592
0.00233647
0.0026674
0.00295376
0.00306268
0.0030039
0.00269218
0.00241097
0.0024224
0.00276482
0.00045826
0.000435731
0.0019697
0.00236217
0.00249699
0.0024763
0.00231931
0.00206517
0.00176595
0.00147615
0.0012348
0.00105572
0.000933119
0.00085287
0.000800637
0.000765138
0.000738588
0.000716211
0.000695464
0.000675266
0.000655342
0.000635769
0.000616712
0.000598307
0.000580629
0.00056371
0.000547551
0.00053215
0.000517512
0.000503651
0.000490591
0.000478367
0.000467018
0.000456583
0.000447101
0.000438607
0.000431135
0.000424715
0.000419375
0.000415142
0.000412047
0.000410243
0.000409618
0.000410121
0.00041201
0.000415348
0.000420229
0.000426774
0.000435134
0.000445487
0.000458047
0.000473062
0.000490817
0.000511639
0.000535892
0.00056398
0.000596335
0.000633414
0.000675684
0.000723613
0.000777663
0.000838307
0.000906069
0.000981639
0.00106608
0.0011612
0.0012701
0.001398
0.00155308
0.00174681
0.00199175
0.00229387
0.00263781
0.00296944
0.00313144
0.00311848
0.00282881
0.00245151
0.00237844
0.00265849
0.000436169
0.000418369
0.00193463
0.0023077
0.00243656
0.00241744
0.00226919
0.00202658
0.00173784
0.00145559
0.00121889
0.00104265
0.000922123
0.000843493
0.000792422
0.000757611
0.000731355
0.000709002
0.000688137
0.000667766
0.000647666
0.000627933
0.000608739
0.000590217
0.000572441
0.000555437
0.000539209
0.000523752
0.000509072
0.000495181
0.000482105
0.000469875
0.000458528
0.0004481
0.000438626
0.000430137
0.000422661
0.000416223
0.000410846
0.000406552
0.000403366
0.000401402
0.000400641
0.000400946
0.00040258
0.000405607
0.000410118
0.000416231
0.000424091
0.000433877
0.000445798
0.000460104
0.000477083
0.000497069
0.000520442
0.000547622
0.000579074
0.000615287
0.000656772
0.000704039
0.000757587
0.000817904
0.000885492
0.000960956
0.00104519
0.00113971
0.00124721
0.0013724
0.00152309
0.0017109
0.00195025
0.00225203
0.00260867
0.00297333
0.00319583
0.0032222
0.00296829
0.00252415
0.00235518
0.00255463
0.000416155
0.000403115
0.00189799
0.0022547
0.00237819
0.00236093
0.00222178
0.00199124
0.00171359
0.00143915
0.00120679
0.00103277
0.000913611
0.000836008
0.000785663
0.000751275
0.000725182
0.000702812
0.000681832
0.000661308
0.000641049
0.00062117
0.000601846
0.000583213
0.000565343
0.000548263
0.000531974
0.000516476
0.000501769
0.000487868
0.000474795
0.000462579
0.000451254
0.000440851
0.000431402
0.000422933
0.000415468
0.000409027
0.000403626
0.000399286
0.000396026
0.000393922
0.000393026
0.000393156
0.000394559
0.000397301
0.00040147
0.00040718
0.000414575
0.000423826
0.000435142
0.00044877
0.000465001
0.000484173
0.000506675
0.000532949
0.000563481
0.0005988
0.000639458
0.000686014
0.000739016
0.000798979
0.000866406
0.000941841
0.00102603
0.00112023
0.00122674
0.00134976
0.00149654
0.00167861
0.00191151
0.00221005
0.00257425
0.00296697
0.00325027
0.00331851
0.00310308
0.00261961
0.00234629
0.00245633
0.000399051
0.000388617
0.00186065
0.00220346
0.00232217
0.00230705
0.00217718
0.00195906
0.00169297
0.00142663
0.00119856
0.0010262
0.000907634
0.000830334
0.00078026
0.000746043
0.000719997
0.000697579
0.000676493
0.000655837
0.000635441
0.000615431
0.000595987
0.000577248
0.00055929
0.000542141
0.000525804
0.000510275
0.000495557
0.000481661
0.000468607
0.00045642
0.000445131
0.000434767
0.000425355
0.000416918
0.000409474
0.000403038
0.000397625
0.000393248
0.000389927
0.000387702
0.000386669
0.000386646
0.000387839
0.00039032
0.000394175
0.000399514
0.000406476
0.00041523
0.000425978
0.000438967
0.000454484
0.000472872
0.000494528
0.000519906
0.000549517
0.000583924
0.000623723
0.000669528
0.000721938
0.000781517
0.000848781
0.00092424
0.00100852
0.00110264
0.00120853
0.00132985
0.00147329
0.00164999
0.00187624
0.00217002
0.00253812
0.00295218
0.00329441
0.00340704
0.00323414
0.00273839
0.00234608
0.00236589
0.000385285
0.000374518
0.00182309
0.00215451
0.0022684
0.00225592
0.00213542
0.00192988
0.00167573
0.00141764
0.0011933
0.00102206
0.000903623
0.00082633
0.000776135
0.000741844
0.000715735
0.000693242
0.000672062
0.0006513
0.000630791
0.000610667
0.000591115
0.00057228
0.000554242
0.000537032
0.000520654
0.000505106
0.000490389
0.00047651
0.000463486
0.000451341
0.000440098
0.000429782
0.000420415
0.000412015
0.000404598
0.000398174
0.000392754
0.000388349
0.000384975
0.000382651
0.000381471
0.000381316
0.00038232
0.000384563
0.00038813
0.00039313
0.000399695
0.000407989
0.000418211
0.000430602
0.000445448
0.00046309
0.000483931
0.000508436
0.000537137
0.000570627
0.000609548
0.000654568
0.000706347
0.000765505
0.000832595
0.000908114
0.000992594
0.00108685
0.00119243
0.00131251
0.00145311
0.00162486
0.00184433
0.00213209
0.00250128
0.00293244
0.00332875
0.00348951
0.00336551
0.00287069
0.00237167
0.00228602
0.000375289
0.000360619
0.00178552
0.00210817
0.00221723
0.00220723
0.00209688
0.00190366
0.00166164
0.00141205
0.00119254
0.00102215
0.000902598
0.000823899
0.000773219
0.000738622
0.000712343
0.000689746
0.000668488
0.000647647
0.000627052
0.000606835
0.000587189
0.000568267
0.000550156
0.000532893
0.000516483
0.000500925
0.000486217
0.000472364
0.00045938
0.000447283
0.000436093
0.00042583
0.000416512
0.000408154
0.000400766
0.000394356
0.000388933
0.000384504
0.00038108
0.000378678
0.00037736
0.000377078
0.00037791
0.000379937
0.000383244
0.000387935
0.000394138
0.000402012
0.00041175
0.000423589
0.00043781
0.000454752
0.000474819
0.000498484
0.000526296
0.000558877
0.000596911
0.000641121
0.000692235
0.00075094
0.000817838
0.000893435
0.000978197
0.00107275
0.00117833
0.00129757
0.00143584
0.00160311
0.0018159
0.00209673
0.00246453
0.00290851
0.00335121
0.00356561
0.00349158
0.00300388
0.00241121
0.00222151
0.000369729
0.000346964
0.00174812
0.0020641
0.00216889
0.00216127
0.00206129
0.00188028
0.0016505
0.00140994
0.00119398
0.00102381
0.000903427
0.000823747
0.000771511
0.000736339
0.000709769
0.000687034
0.000665709
0.00064482
0.000624169
0.000603884
0.000584164
0.000565169
0.000546995
0.000529686
0.000513251
0.000497689
0.000482997
0.000469177
0.000456238
0.000444194
0.00043306
0.000422852
0.000413585
0.000405268
0.00039791
0.000391516
0.00038609
0.000381639
0.000378171
0.0003757
0.000374261
0.000373856
0.00037453
0.00037636
0.000379433
0.000383847
0.000389724
0.000397217
0.000406516
0.000417851
0.000431497
0.000447788
0.000467128
0.000489995
0.00051695
0.000548641
0.000585791
0.000629179
0.000679602
0.000737822
0.000804507
0.000880191
0.000965298
0.0010603
0.00116613
0.0012849
0.0014213
0.00158457
0.00179088
0.00206414
0.00242868
0.00288364
0.00336174
0.00363778
0.0036144
0.00314061
0.00247005
0.002169
0.000367323
0.000333598
0.001711
0.00202241
0.00212348
0.00211816
0.00202848
0.0018596
0.00164216
0.00141064
0.00119792
0.00102792
0.000905916
0.000824613
0.000771449
0.000735007
0.000707989
0.000685081
0.000663695
0.000642784
0.000622111
0.000601785
0.000582008
0.000562952
0.000544723
0.000527374
0.000510919
0.000495357
0.000480686
0.000466902
0.000454011
0.000442022
0.000430947
0.000420796
0.000411579
0.000403304
0.000395975
0.000389595
0.000384166
0.000379692
0.000376181
0.000373647
0.00037211
0.000371591
0.000372117
0.000373762
0.000376626
0.000380795
0.000386381
0.000393535
0.000402439
0.00041332
0.000426444
0.000442137
0.000460802
0.000482921
0.00050906
0.00053989
0.000576171
0.000618734
0.000668449
0.000726159
0.000792607
0.000868377
0.000953877
0.00104945
0.00115574
0.00127438
0.00140936
0.00156911
0.00176921
0.00203438
0.00239351
0.0028558
0.00336512
0.00370687
0.0037314
0.00327508
0.00254494
0.00212858
0.000366877
0.00032075
0.00167462
0.00198317
0.00208122
0.00207805
0.00199838
0.00184144
0.00163626
0.00141326
0.0012054
0.00103537
0.000911051
0.000826964
0.000772131
0.000734908
0.000706989
0.00068379
0.000662351
0.00064145
0.000620783
0.000600447
0.000580642
0.000561549
0.000543284
0.00052591
0.000509446
0.000493894
0.00047925
0.000465509
0.000452671
0.000440741
0.000429726
0.000419631
0.000410463
0.000402226
0.000394922
0.000388551
0.000383114
0.000378616
0.000375062
0.000372466
0.000370846
0.000370231
0.000370632
0.000372104
0.000374784
0.000378729
0.000384057
0.000390908
0.00039946
0.000409938
0.000422595
0.000437743
0.000455792
0.000477218
0.000502589
0.000532599
0.000568036
0.000609784
0.000658784
0.000715964
0.000782155
0.000858006
0.000943929
0.00104017
0.00114711
0.00126592
0.00139989
0.00155658
0.00175083
0.00200766
0.00235976
0.00282592
0.00336291
0.0037697
0.00384466
0.0034137
0.00263189
0.00209864
0.000370227
0.000308329
0.00163857
0.00194624
0.00204199
0.00204088
0.00197072
0.00182572
0.00163255
0.00141882
0.00121563
0.00104561
0.000918718
0.000831576
0.000773992
0.000735424
0.000707011
0.000683348
0.000661748
0.00064087
0.000620278
0.000599994
0.000580204
0.000561094
0.0005428
0.000525398
0.000508922
0.000493375
0.000478754
0.000465051
0.000452261
0.000440383
0.000429418
0.000419368
0.000410235
0.000402022
0.000394728
0.000388354
0.0003829
0.00037837
0.00037477
0.000372113
0.00037042
0.000369723
0.000370032
0.000371372
0.00037392
0.000377693
0.000382804
0.00038939
0.00039762
0.000407709
0.000419913
0.000434564
0.000452053
0.000472852
0.000497508
0.000526747
0.000561378
0.000602329
0.000650619
0.000707258
0.000773174
0.000849097
0.000935466
0.00103245
0.0011402
0.00125946
0.00139276
0.00154684
0.00173561
0.00198399
0.0023277
0.00279442
0.00335348
0.00382413
0.00395368
0.00355509
0.00272831
0.00208027
0.000376444
0.000296243
0.00160239
0.00191165
0.00200589
0.00200674
0.00194536
0.00181238
0.00163143
0.00142703
0.00122857
0.00105867
0.000928939
0.000838223
0.000777652
0.000736854
0.000707491
0.000683535
0.00066186
0.000640998
0.00062045
0.000600205
0.000580436
0.000561331
0.000543032
0.000525623
0.000509142
0.000493598
0.000478988
0.000465303
0.000452538
0.000440689
0.000429755
0.000419736
0.000410631
0.000402441
0.000395165
0.000388802
0.00038335
0.000378813
0.000375195
0.000372507
0.00037077
0.000370014
0.00037024
0.000371436
0.000373848
0.000377479
0.000382433
0.000388843
0.000396868
0.000406671
0.000418514
0.000432715
0.000449655
0.000469807
0.000493788
0.000522315
0.000556191
0.000596375
0.000643972
0.000700071
0.000765698
0.000841684
0.00092851
0.00102629
0.00113499
0.00125492
0.00138804
0.00153976
0.00172343
0.00196338
0.00229769
0.00276252
0.0033406
0.00387121
0.00405844
0.00369963
0.00283494
0.00207169
0.000385554
0.000284376
0.00156546
0.00187931
0.00197299
0.00197569
0.00192224
0.0018012
0.0016321
0.00143752
0.00124413
0.00107459
0.00094188
0.000847115
0.000782993
0.000739719
0.000708748
0.000684197
0.000662359
0.000641519
0.000621055
0.000600892
0.000581178
0.0005621
0.000543811
0.000526404
0.000509927
0.000494395
0.000479808
0.000466157
0.000453437
0.000441643
0.000430765
0.0004208
0.000411744
0.000403594
0.000396348
0.000390003
0.000384559
0.000380016
0.000376382
0.000373668
0.000371895
0.000371096
0.000371266
0.000372348
0.000374631
0.000378122
0.000382905
0.000389111
0.000396899
0.000406478
0.000418086
0.000432017
0.000448589
0.000468251
0.000491613
0.000519397
0.000552483
0.000591926
0.000638866
0.000694437
0.00075977
0.00083581
0.000923103
0.00102171
0.0011316
0.00125263
0.00138581
0.0015356
0.00171418
0.00194573
0.00226973
0.00273012
0.00332361
0.00391014
0.0041587
0.00384653
0.00295048
0.00206924
0.000397625
0.000272604
0.00152713
0.00184896
0.00194314
0.00194773
0.00190129
0.00179182
0.00163414
0.00144989
0.00126218
0.00109339
0.000957711
0.000858499
0.000790251
0.000743969
0.000711175
0.000685636
0.000663475
0.00064265
0.000622321
0.000602303
0.000582696
0.000563681
0.000545421
0.000528028
0.000511563
0.000496052
0.000481497
0.000467889
0.000455217
0.000443468
0.000432635
0.000422711
0.000413692
0.000405571
0.000398346
0.000392013
0.00038657
0.000382019
0.000378367
0.000375626
0.000373818
0.000372978
0.000373107
0.000374099
0.000376277
0.000379661
0.000384315
0.000390364
0.000397961
0.000407298
0.000418611
0.000432192
0.000448425
0.000467771
0.000490776
0.000518044
0.000550498
0.00058922
0.000635415
0.000690396
0.000755428
0.000831524
0.000919326
0.00101898
0.00113002
0.00125184
0.00138516
0.00153387
0.0017076
0.00193098
0.00224393
0.0026977
0.00330358
0.00394074
0.00425488
0.00399625
0.00307551
0.00207863
0.000413384
0.000260814
0.00148666
0.00182018
0.00191628
0.00192291
0.00188265
0.00178426
0.00163824
0.00146413
0.00128263
0.00111508
0.000976602
0.000872653
0.00079972
0.000749838
0.000714742
0.000687973
0.00066531
0.000644401
0.000624177
0.000604314
0.000584846
0.000565931
0.000547735
0.000530381
0.000513943
0.000498456
0.000483928
0.000470354
0.000457721
0.000446015
0.000435225
0.000425344
0.000416361
0.000408272
0.00040107
0.000394753
0.000389318
0.000384767
0.000381106
0.000378349
0.00037652
0.000375656
0.000375764
0.000376694
0.000378793
0.000382101
0.000386662
0.000392594
0.000400048
0.000409206
0.000420297
0.000433604
0.000449485
0.000468389
0.000490889
0.000517742
0.000549812
0.00058811
0.000633772
0.000688298
0.000753062
0.00082921
0.000917466
0.00101791
0.00112967
0.0012524
0.00138617
0.0015337
0.00170417
0.00191904
0.00222027
0.00266525
0.00328102
0.00396249
0.00434667
0.00414764
0.00320887
0.0020972
0.000432244
0.000248962
0.00144364
0.00179264
0.00189233
0.00190115
0.0018664
0.00177845
0.00164382
0.00148001
0.0013053
0.00113964
0.000998711
0.000889881
0.000811748
0.000757634
0.000719674
0.000691267
0.000667851
0.000646729
0.000626567
0.000606865
0.000587566
0.000568788
0.000550688
0.000533398
0.000517004
0.000501552
0.000487059
0.000473522
0.000460929
0.000449268
0.000438524
0.000428686
0.000419744
0.00041169
0.000404518
0.000398224
0.000392805
0.000388263
0.000384606
0.000381847
0.000380012
0.000379144
0.000379248
0.000380143
0.000382194
0.000385456
0.000389957
0.000395811
0.000403165
0.000412194
0.000423121
0.00043622
0.000451839
0.000470418
0.000492518
0.000518852
0.000550317
0.000588033
0.000633334
0.000687589
0.000752201
0.00082838
0.000916906
0.00101794
0.0011311
0.00125519
0.00138958
0.00153613
0.00170299
0.00190965
0.00219871
0.00263266
0.00325411
0.00397615
0.00443426
0.00430005
0.00335118
0.00212544
0.000454946
0.000236897
0.0013972
0.00176568
0.00187108
0.00188244
0.00185253
0.00177432
0.00165073
0.00149736
0.00133
0.00116701
0.00102417
0.000910493
0.000826729
0.000767736
0.000726275
0.000695726
0.000671216
0.000649686
0.000629496
0.000609936
0.000590821
0.00057221
0.00055424
0.000537044
0.000520717
0.000505317
0.000490869
0.000477376
0.00046483
0.000453217
0.000442523
0.000432734
0.000423839
0.000415828
0.000408694
0.000402432
0.000397041
0.000392523
0.000388884
0.000386139
0.000384315
0.000383464
0.000383581
0.000384469
0.000386505
0.000389751
0.000394224
0.000400038
0.000407331
0.000416276
0.000427089
0.000440038
0.000455462
0.000473793
0.000495585
0.000521545
0.000552574
0.00058979
0.000634532
0.000688298
0.000752628
0.000828885
0.000917976
0.00102008
0.00113449
0.00125984
0.00139492
0.00154062
0.00170357
0.0019027
0.00217927
0.00260033
0.00322384
0.00398212
0.00451755
0.00445232
0.00350166
0.00216426
0.000481536
0.000224599
0.00134708
0.00173908
0.00185238
0.00186678
0.00184109
0.00177168
0.00165876
0.00151592
0.00135651
0.00119704
0.00105304
0.000934778
0.000845093
0.000780597
0.000734936
0.000701639
0.000675593
0.000653373
0.000633003
0.000613523
0.000594587
0.000576165
0.000558356
0.000541285
0.000525052
0.000509724
0.000495337
0.0004819
0.00046941
0.000457854
0.000447217
0.000437486
0.000428647
0.000420689
0.000413606
0.000407391
0.000402043
0.000397564
0.000393961
0.000391249
0.000389458
0.000388648
0.000388794
0.000389703
0.000391759
0.000395019
0.000399498
0.000405306
0.000412578
0.000421482
0.000432228
0.000445079
0.000460366
0.000478517
0.000500076
0.000525751
0.000556443
0.000593288
0.000637655
0.000691111
0.000755282
0.000831632
0.000921163
0.00102409
0.00113967
0.00126627
0.00140215
0.00154725
0.00170689
0.00189832
0.00216185
0.0025682
0.00319017
0.0039832
0.00459706
0.00460338
0.00366025
0.00221284
0.00051228
0.000211883
0.00129218
0.00171149
0.00183594
0.00185415
0.0018322
0.00177114
0.001668
0.00153553
0.00138455
0.00122955
0.00108532
0.000962979
0.000867282
0.000796736
0.000746142
0.000709399
0.00068126
0.000657966
0.000637183
0.000617663
0.000598862
0.000580629
0.000563005
0.000546088
0.000529979
0.00051475
0.000500444
0.000487081
0.00047466
0.000463173
0.000452606
0.000442944
0.000434174
0.000426285
0.000419268
0.000413117
0.000407831
0.000403411
0.000399865
0.000397209
0.000395475
0.000394735
0.000394927
0.000395884
0.000397996
0.000401302
0.00040582
0.000411657
0.000418946
0.00042785
0.000438575
0.000451377
0.000466584
0.000484616
0.000506016
0.000531485
0.00056193
0.000598495
0.000642582
0.000695803
0.000759864
0.000836325
0.000926277
0.00102999
0.00114667
0.00127446
0.00141112
0.00155568
0.00171214
0.00189625
0.00214624
0.00253631
0.00315264
0.00397344
0.00467146
0.00475236
0.00382683
0.00227313
0.000547572
0.000198953
0.0012334
0.00168387
0.00182155
0.00184473
0.00182606
0.00177194
0.00167828
0.001556
0.00141385
0.00126427
0.0011209
0.000995257
0.000893714
0.000816716
0.000760474
0.000719511
0.000688608
0.000663734
0.000642202
0.000622445
0.00060368
0.000585605
0.000568169
0.000551429
0.000535472
0.000520369
0.000506171
0.000492902
0.00048057
0.000469169
0.000458689
0.000449114
0.000440431
0.000432629
0.000425698
0.000419633
0.000414431
0.000410094
0.000406631
0.000404057
0.000402405
0.00040177
0.000402023
0.000403056
0.000405265
0.000408648
0.000413239
0.000419141
0.000426483
0.000435427
0.000446174
0.000458975
0.000474156
0.000492132
0.000513441
0.000538785
0.00056907
0.000605451
0.00064935
0.000702423
0.000766436
0.000843031
0.000933385
0.00103782
0.00115551
0.0012844
0.00142177
0.0015658
0.00171911
0.00189564
0.00213217
0.00250477
0.00311261
0.00395803
0.00473657
0.00489991
0.00400112
0.00234497
0.000587507
0.000185827
0.0011705
0.00165526
0.00180763
0.00183791
0.0018223
0.00177427
0.00168945
0.00157709
0.0014441
0.00130083
0.00115954
0.00103165
0.00092474
0.000841115
0.000778595
0.000732602
0.00069816
0.000671073
0.000648332
0.000628038
0.000609137
0.000591134
0.000573857
0.000557299
0.000541513
0.000526563
0.000512499
0.000499351
0.000487132
0.00047584
0.000465467
0.000456001
0.000447427
0.000439735
0.000432915
0.000426961
0.00042187
0.000417645
0.000414293
0.00041183
0.000410292
0.0004098
0.00041013
0.00041127
0.000413616
0.000417109
0.000421805
0.000427807
0.000435241
0.000444263
0.000455074
0.000467922
0.000483128
0.000501106
0.000522394
0.000547691
0.000577907
0.000614202
0.000658013
0.000711025
0.000775055
0.00085181
0.000942538
0.00104761
0.00116617
0.001296
0.00143396
0.0015774
0.00172755
0.0018964
0.00211942
0.0024732
0.00306908
0.00393499
0.0047926
0.00504444
0.00418263
0.00242984
0.000632491
0.00017317
0.00110657
0.00162517
0.00179493
0.00183376
0.00182181
0.00177916
0.00170178
0.00159872
0.00147498
0.00133883
0.00120091
0.00107205
0.000960593
0.000870475
0.000801222
0.000749421
0.000710587
0.000680528
0.000655982
0.000634728
0.000615416
0.000597324
0.000580127
0.00056372
0.000548106
0.000533325
0.000519419
0.000506419
0.000494339
0.000483182
0.000472944
0.000463612
0.000455175
0.000447621
0.00044094
0.000435127
0.000430178
0.000426096
0.000422888
0.000420569
0.000419178
0.000418873
0.000419299
0.000420581
0.000423098
0.000426734
0.000431571
0.000437708
0.000445269
0.000454409
0.000465323
0.000478262
0.000493545
0.000511584
0.000532918
0.000558247
0.000588483
0.000624791
0.000668616
0.00072166
0.000785772
0.000862706
0.000953764
0.00105936
0.00117862
0.00130918
0.00144753
0.00159025
0.00173726
0.00189863
0.00210774
0.00244155
0.00302237
0.00390478
0.00483806
0.00518531
0.00437126
0.00252796
0.000682516
0.000161223
0.00104271
0.00159184
0.00178253
0.00183231
0.0018232
0.00178611
0.00171531
0.00162084
0.00150624
0.00137784
0.00124454
0.00111618
0.00100134
0.000905239
0.000829078
0.000770811
0.000726719
0.000692824
0.000665736
0.000642952
0.000622827
0.000604384
0.000587109
0.000570771
0.000555295
0.000540678
0.000526942
0.000514109
0.000502194
0.0004912
0.000481124
0.000471957
0.000463686
0.000456302
0.000449793
0.000444155
0.000439383
0.00043548
0.000432452
0.000430313
0.000429111
0.000429025
0.00042957
0.000431048
0.000433753
0.000437572
0.000442586
0.000448893
0.000456615
0.000465909
0.000476968
0.000490042
0.00050545
0.000523607
0.000545053
0.000570493
0.000600839
0.000637259
0.000681199
0.000734365
0.000798619
0.000875739
0.000967064
0.00107303
0.00119277
0.00132378
0.00146224
0.00160402
0.00174778
0.00190165
0.00209666
0.00240939
0.00297186
0.00386633
0.00487198
0.00532105
0.00456645
0.00264055
0.000737859
0.000149902
0.000979189
0.00155405
0.00177075
0.00183276
0.001827
0.00179507
0.00173013
0.00164338
0.00153761
0.00141741
0.00128986
0.00116356
0.00104681
0.000945676
0.000862815
0.000797663
0.000747521
0.000708877
0.000678383
0.000653351
0.000631861
0.000612673
0.000595058
0.000578625
0.000563194
0.000548696
0.000535115
0.000522454
0.00051072
0.000499911
0.000490025
0.000481051
0.000472979
0.000465798
0.000459496
0.000454069
0.000449511
0.000445825
0.000443015
0.000441096
0.000440154
0.000440252
0.000440979
0.000442715
0.000445637
0.000449669
0.000454891
0.000461401
0.00046932
0.000478802
0.000490044
0.000503294
0.000518876
0.000537208
0.000558834
0.000584462
0.000615008
0.000651636
0.000695788
0.00074916
0.000813603
0.000890898
0.000982394
0.00108855
0.00120847
0.0013396
0.00147779
0.00161833
0.00175866
0.00190497
0.00208574
0.00237649
0.0029174
0.00381907
0.00488941
0.00545038
0.00476779
0.00276833
0.000798466
0.00013893
0.000915333
0.00150989
0.00175807
0.00183433
0.00183307
0.00180609
0.00174679
0.00166655
0.00156898
0.00145712
0.00133628
0.00121358
0.00109664
0.000991814
0.000902928
0.000830841
0.000774057
0.000729787
0.00069495
0.000666809
0.000643241
0.00062276
0.000604404
0.000587601
0.000572035
0.000557545
0.000544057
0.00053154
0.000519979
0.000509363
0.000499684
0.000490928
0.000483083
0.000476136
0.000470077
0.000464896
0.000460591
0.00045716
0.000454608
0.000452947
0.000452331
0.00045259
0.000453551
0.000455606
0.000458777
0.000463054
0.000468516
0.000475261
0.000483408
0.000493114
0.000504575
0.000518045
0.000533849
0.000552412
0.000574284
0.000600178
0.00063101
0.00066794
0.000712391
0.000766037
0.000830697
0.000908124
0.000999656
0.00110575
0.00122552
0.00135633
0.00149382
0.0016327
0.00176933
0.00190799
0.00207444
0.00234252
0.00285859
0.00376264
0.00489581
0.00557233
0.00497458
0.00291239
0.000864422
0.000128155
0.000851244
0.00145766
0.00174062
0.00183541
0.00184157
0.0018188
0.00176503
0.00169044
0.00160032
0.00149667
0.00138321
0.00126553
0.00115019
0.00104339
0.000949656
0.00087107
0.000807399
0.000756798
0.000716693
0.000684491
0.000657983
0.000635489
0.000615829
0.000598235
0.000582232
0.000567542
0.00055401
0.00054155
0.000530113
0.000519667
0.000510189
0.000501658
0.000494056
0.000487367
0.000481577
0.000476676
0.000472656
0.000469517
0.000467259
0.000465897
0.000465654
0.000466088
0.000467326
0.000469733
0.000473186
0.000477741
0.000483475
0.000490485
0.000498894
0.000508857
0.000520575
0.000534306
0.000550382
0.000569235
0.00059142
0.000617655
0.000648855
0.000686168
0.000730993
0.000784957
0.000849827
0.000927302
0.00101868
0.00112441
0.00124359
0.00137357
0.00150982
0.00164658
0.00177914
0.0019096
0.00206216
0.00230725
0.00279504
0.00369452
0.00488997
0.00568403
0.00518554
0.00307355
0.000935556
0.000117336
0.000786611
0.00139813
0.00171512
0.00183454
0.00185164
0.00183294
0.00178468
0.00171506
0.00163162
0.00153583
0.00143015
0.00131865
0.00120669
0.00109986
0.00100291
0.000918818
0.000848511
0.000791206
0.00074506
0.000707846
0.000677435
0.000652053
0.000630351
0.000611372
0.000594474
0.000579242
0.000565418
0.000552839
0.000541405
0.000531048
0.000521722
0.000513389
0.00050602
0.000499591
0.000494082
0.000489478
0.000485767
0.000482946
0.000481007
0.000480018
0.000480101
0.000480767
0.000482368
0.000485105
0.000488875
0.000493739
0.000499775
0.00050708
0.00051578
0.000526035
0.000538049
0.000552085
0.000568484
0.000587684
0.000610248
0.000636897
0.000668539
0.000706302
0.000751546
0.000805837
0.000870864
0.000948242
0.00103921
0.00114418
0.00126228
0.00139083
0.00152519
0.00165925
0.00178747
0.00190997
0.00204831
0.00227049
0.00272684
0.00361395
0.00486023
0.00578293
0.00539903
0.00325281
0.00101172
0.000107053
0.000724257
0.0013316
0.00167909
0.00183023
0.00186183
0.00184797
0.00180568
0.00174051
0.00166297
0.00157452
0.0014767
0.00137228
0.00126527
0.00116043
0.00106225
0.000974191
0.000898094
0.000834215
0.000781588
0.000738562
0.000703287
0.000674043
0.000649402
0.000628264
0.000609831
0.000593546
0.000579031
0.000566029
0.00055437
0.000543935
0.000534638
0.000526417
0.000519222
0.000513015
0.000507766
0.000503449
0.000500048
0.000497554
0.000495938
0.000495401
0.000495696
0.000496671
0.000498701
0.000501775
0.000505879
0.000511072
0.000517433
0.000525061
0.000534082
0.000544662
0.00055701
0.000571397
0.00058817
0.000607776
0.000630783
0.000657908
0.000690048
0.0007283
0.00077397
0.000828544
0.000893607
0.000970668
0.00106088
0.00116462
0.00128102
0.00140745
0.0015392
0.00166988
0.00179253
0.00190745
0.00203183
0.00223128
0.00265481
0.00352232
0.00481488
0.00586701
0.00561292
0.003451
0.00109255
9.78092e-05
0.000666954
0.00125939
0.00163138
0.00181819
0.0018703
0.00186282
0.001828
0.00176672
0.00169439
0.00161272
0.00152265
0.00142586
0.00132514
0.00122418
0.00112694
0.00103689
0.00095646
0.000886764
0.000827733
0.00077844
0.000737508
0.000703447
0.000674883
0.000650662
0.000629874
0.000611836
0.000596048
0.000582153
0.000569892
0.000559081
0.000549581
0.000541292
0.000534134
0.000528044
0.000522975
0.000518889
0.000515756
0.000513559
0.000512253
0.00051216
0.000512653
0.000513962
0.000516395
0.000519821
0.000524273
0.000529812
0.000536517
0.000544488
0.000553858
0.000564795
0.000577515
0.000592297
0.000609495
0.00062956
0.00065306
0.000680705
0.000713369
0.000752105
0.000798148
0.000852885
0.000917777
0.000994204
0.00108321
0.00118515
0.00129915
0.00142266
0.00155098
0.00167697
0.00179428
0.0019014
0.00201202
0.00218893
0.0025784
0.00341798
0.00474671
0.00593123
0.00582421
0.00366882
0.00117762
8.97517e-05
0.000615798
0.00118374
0.00157202
0.00179262
0.00187059
0.00187408
0.00184934
0.0017942
0.00172633
0.0016507
0.00156802
0.00147911
0.00138565
0.00129025
0.00119607
0.00110627
0.00102347
0.000949367
0.000884665
0.000829197
0.000782192
0.000742563
0.000709148
0.00068086
0.000656764
0.000636099
0.000618269
0.000602817
0.000589395
0.000577742
0.000567657
0.000558985
0.000551606
0.000545426
0.00054037
0.000536378
0.000533406
0.000531409
0.000530416
0.000530555
0.000531293
0.000532965
0.000535726
0.000539486
0.000544277
0.00055016
0.000557213
0.000565541
0.000575277
0.000586597
0.000599721
0.000614933
0.000632593
0.000653151
0.000677169
0.00070534
0.000738502
0.000777648
0.000823927
0.000878607
0.000943008
0.00101837
0.00110561
0.00120504
0.00131583
0.00143556
0.00155899
0.00167975
0.00179231
0.00189091
0.00198792
0.00214291
0.00249773
0.00330377
0.0046585
0.00596449
0.00602975
0.00390662
0.00126632
8.2706e-05
0.000570059
0.00110611
0.00150133
0.00175078
0.001863
0.00188234
0.00186635
0.00182119
0.00175846
0.00168867
0.00161307
0.00153207
0.0014465
0.00135797
0.00126876
0.00118148
0.00109858
0.00102204
0.00095308
0.000892215
0.000839307
0.00079379
0.000754859
0.000721635
0.00069327
0.000669011
0.000648217
0.000630365
0.000615031
0.000601878
0.000590638
0.000581097
0.000573084
0.000566463
0.000561123
0.000556975
0.000553954
0.000551979
0.000551143
0.000551385
0.000552293
0.000554236
0.000557252
0.000561288
0.000566375
0.00057257
0.000579952
0.000588624
0.000598725
0.000610431
0.000623968
0.00063962
0.000657747
0.000678791
0.000703299
0.000731933
0.000765481
0.000804863
0.000851123
0.000905396
0.000968849
0.00104256
0.00112735
0.00122347
0.00133013
0.00144476
0.00156224
0.00167864
0.00178451
0.00187463
0.00195868
0.00209284
0.00241315
0.0031801
0.00455131
0.00597617
0.00622759
0.00416422
0.00135795
7.62871e-05
0.000527908
0.0010277
0.00142084
0.00169322
0.00184066
0.00188139
0.00187659
0.0018461
0.00179007
0.00172662
0.00165811
0.00158506
0.00150778
0.00142708
0.00134443
0.00126173
0.00118107
0.00110437
0.00103313
0.00096834
0.000910412
0.000859321
0.000814708
0.000776021
0.000742622
0.00071387
0.000689163
0.000667966
0.00064982
0.000634334
0.000621182
0.000610095
0.000600849
0.00059326
0.000587175
0.00058247
0.000579049
0.000576808
0.000575786
0.000576004
0.000576915
0.000578897
0.000582028
0.000586222
0.000591504
0.000597927
0.000605566
0.000614524
0.000624939
0.000636986
0.00065089
0.000666931
0.00068546
0.000706902
0.000731776
0.000760699
0.000794396
0.000833697
0.000879528
0.000932884
0.000994773
0.00106612
0.00114762
0.00123952
0.00134113
0.00144875
0.00156131
0.00167094
0.00176979
0.00185167
0.00192377
0.00203878
0.0023259
0.0030493
0.00442306
0.00595652
0.00641287
0.00444065
0.00145166
7.02177e-05
0.000487987
0.000949631
0.0013323
0.00161918
0.0017954
0.00186972
0.00187754
0.00186191
0.00182011
0.00176448
0.00170365
0.00163879
0.00157012
0.00149794
0.00142301
0.00134662
0.00127033
0.00119581
0.00112459
0.00105787
0.000996474
0.00094084
0.000891054
0.00084695
0.000808191
0.000774345
0.000744945
0.000719523
0.000697642
0.000678904
0.000662955
0.000649488
0.000638236
0.000628971
0.000621502
0.000615665
0.000611323
0.000608378
0.000606653
0.000606594
0.000607234
0.000608895
0.000611887
0.000616014
0.000621289
0.000627756
0.000635487
0.000644577
0.000655158
0.000667401
0.00068152
0.000697783
0.000716522
0.000738135
0.000763099
0.000791974
0.000825407
0.000864127
0.000908935
0.000960683
0.00102022
0.00108833
0.00116559
0.00125229
0.00134682
0.0014487
0.00155365
0.00165577
0.00174729
0.00182142
0.00188309
0.00198136
0.00223795
0.00291519
0.00427337
0.00589264
0.00657885
0.00473369
0.00154662
6.45262e-05
0.00045039
0.000873472
0.0012383
0.00153044
0.00173008
0.0018387
0.00187095
0.00186735
0.00184475
0.00180061
0.00174954
0.00169396
0.00163453
0.00157149
0.00150522
0.00143646
0.00136632
0.0012961
0.00122717
0.00116077
0.00109794
0.00103941
0.000985655
0.000936871
0.000893054
0.000854045
0.000819582
0.000789345
0.00076299
0.000740169
0.000720548
0.000703817
0.000689691
0.000677919
0.000668276
0.000660569
0.000654623
0.000650317
0.000647461
0.000646168
0.000646352
0.000647365
0.000649662
0.000653324
0.000658224
0.000664392
0.000671887
0.000680789
0.00069122
0.000703336
0.000717335
0.000733464
0.000752024
0.000773375
0.000797941
0.000826213
0.000858751
0.000896178
0.000939169
0.000988434
0.00104468
0.00110855
0.00118052
0.00126075
0.00134812
0.00144196
0.00153856
0.00163255
0.00171665
0.00178392
0.00183753
0.00192276
0.0021527
0.00278435
0.00410881
0.00579712
0.00672037
0.00503769
0.00164196
5.95484e-05
0.000417037
0.000802036
0.00114259
0.0014305
0.00164573
0.00178203
0.00184889
0.00186448
0.00185849
0.00183476
0.00179604
0.00175155
0.00170255
0.00164951
0.0015927
0.00153261
0.00146998
0.00140579
0.00134117
0.00127727
0.00121516
0.00115575
0.00109974
0.00104764
0.000999726
0.000956129
0.000916825
0.00088169
0.000850528
0.0008231
0.000799144
0.000778391
0.000760579
0.000745456
0.000732789
0.000722369
0.000714
0.000707527
0.000702782
0.000699673
0.000698157
0.000698304
0.000699331
0.00070175
0.000705666
0.000710952
0.00071763
0.00072577
0.000735478
0.000746886
0.00076017
0.000775545
0.000793276
0.000813673
0.000837099
0.00086397
0.000894755
0.00092997
0.000970169
0.00101593
0.00106784
0.00112641
0.00119204
0.00126442
0.00134392
0.00142879
0.00151624
0.00160168
0.00167859
0.00174052
0.00178943
0.00186635
0.00207588
0.00266264
0.00393747
0.00566809
0.0068292
0.00534822
0.00173706
5.61644e-05
0.000391804
0.000739965
0.00105074
0.00132534
0.00154726
0.0017059
0.0018034
0.00185109
0.00186566
0.00186112
0.00184323
0.00181281
0.00177623
0.00173455
0.00168825
0.00163779
0.00158375
0.00152692
0.00146822
0.00140866
0.00134926
0.00129098
0.00123465
0.00118096
0.00113041
0.00108337
0.00104004
0.00100049
0.000964714
0.00093261
0.000904026
0.000878777
0.000856657
0.00083745
0.000820945
0.000806935
0.000795228
0.00078565
0.000778039
0.000772253
0.0007682
0.000765754
0.000765118
0.000765672
0.000767395
0.000770915
0.000775865
0.000782346
0.000790451
0.000800261
0.000811935
0.000825651
0.000841629
0.000860124
0.000881435
0.000905901
0.0009339
0.000965848
0.00100219
0.00104339
0.00108991
0.00114218
0.00120055
0.00126493
0.00133513
0.00141042
0.00148835
0.0015653
0.00163598
0.00169508
0.00174432
0.00182391
0.00202581
0.00256613
0.00377264
0.00552462
0.00690772
0.00565866
0.00183135
5.51989e-05
0.00038026
0.000693657
0.00097045
0.00122382
0.0014434
0.00161725
0.00174158
0.00182144
0.00186503
0.00188534
0.0018874
0.00187876
0.00185877
0.00183052
0.00179621
0.00175655
0.00171215
0.00166378
0.00161224
0.00155847
0.00150341
0.001448
0.00139312
0.00133956
0.00128797
0.00123886
0.00119262
0.00114951
0.00110968
0.00107317
0.00103996
0.00100998
0.000983107
0.000959185
0.000938053
0.000919542
0.00090348
0.000889706
0.000878069
0.000868425
0.000860668
0.000854664
0.000850431
0.000847756
0.000846871
0.000847405
0.000849144
0.000852821
0.000858219
0.000865275
0.000874232
0.000885187
0.000898319
0.000913827
0.000931944
0.000952937
0.0009771
0.00100476
0.00103626
0.00107198
0.0011123
0.00115757
0.00120811
0.00126416
0.00132556
0.00139098
0.00145986
0.00153024
0.00159872
0.00166187
0.00172172
0.00180651
0.00200645
0.0025205
0.00364422
0.00537371
0.00696091
0.00595451
0.00192474
5.82036e-05
0.000385523
0.000670483
0.000911297
0.00113769
0.00134722
0.0015288
0.00167482
0.00178441
0.00186241
0.00191115
0.00193968
0.00195315
0.00195224
0.00194334
0.00192387
0.0018966
0.00186309
0.00182421
0.00178082
0.00173381
0.00168413
0.00163271
0.00158044
0.00152816
0.0014766
0.0014264
0.00137806
0.00133199
0.00128846
0.00124769
0.00120976
0.00117472
0.00114255
0.00111319
0.00108655
0.00106251
0.00104096
0.00102177
0.00100483
0.000990005
0.000977208
0.000966327
0.000957319
0.000950079
0.000944625
0.000940925
0.000938733
0.000938846
0.000940035
0.000943013
0.000948288
0.00095544
0.000964739
0.000976309
0.000990331
0.00100701
0.00102658
0.00104928
0.0010754
0.00110524
0.00113915
0.00117745
0.00122051
0.00126856
0.00132219
0.0013816
0.00144603
0.00151401
0.00158308
0.00165066
0.00171886
0.0018151
0.00202173
0.00251204
0.00358852
0.0052571
0.0069911
0.00622563
0.00201834
6.70424e-05
0.000415431
0.000677941
0.000884615
0.00108159
0.00127643
0.0014599
0.00162259
0.00176019
0.00186934
0.00194943
0.00200849
0.00204886
0.00207237
0.00208242
0.00208002
0.00206937
0.00204788
0.00201914
0.00198413
0.00194388
0.00189943
0.00185178
0.00180189
0.00175066
0.0016989
0.00164735
0.00159662
0.00154723
0.0014996
0.00145404
0.0014108
0.00137
0.00133175
0.00129608
0.00126299
0.00123244
0.00120438
0.00117873
0.00115543
0.00113438
0.00111551
0.00109875
0.00108404
0.00107131
0.00106053
0.0010517
0.00104467
0.00103972
0.00103648
0.00103565
0.00103646
0.00103896
0.00104406
0.00105134
0.00106104
0.00107332
0.00108835
0.00110636
0.0011276
0.00115238
0.00118103
0.00121397
0.00125164
0.00129457
0.00134331
0.00139847
0.00146048
0.00152948
0.00160564
0.00168951
0.00178721
0.00191853
0.00215055
0.00262333
0.00358672
0.00520933
0.00700775
0.00644778
0.00211379
8.3855e-05
0.000474952
0.00071813
0.000896353
0.00107082
0.00125197
0.00143559
0.0016113
0.00176804
0.00190063
0.0020158
0.00210766
0.00217777
0.00222787
0.00225989
0.00227599
0.00227747
0.00226992
0.00225152
0.00222335
0.00218806
0.00214691
0.00210108
0.0020517
0.00199978
0.00194626
0.00189198
0.00183767
0.00178396
0.00173138
0.00168034
0.00163118
0.00158415
0.00153943
0.00149713
0.00145735
0.0014201
0.0013854
0.00135323
0.00132354
0.00129628
0.00127143
0.0012489
0.00122867
0.00121066
0.00119487
0.00118123
0.00116973
0.0011604
0.00115313
0.00114823
0.00114521
0.00114535
0.00114684
0.00115053
0.00115731
0.00116684
0.00117931
0.00119497
0.00121415
0.00123721
0.00126464
0.00129699
0.00133499
0.00137945
0.00143147
0.00149217
0.00156323
0.00164591
0.00174301
0.00185644
0.00199526
0.00217341
0.00244458
0.00290834
0.00379071
0.00523627
0.00704653
0.00656473
0.00221621
0.000111297
0.000568418
0.000795731
0.000942928
0.00109687
0.00127029
0.00145373
0.00163605
0.00180915
0.00197162
0.00211597
0.00223636
0.00233313
0.00240686
0.00245882
0.0024911
0.00250533
0.00250431
0.00249436
0.00247191
0.00243933
0.00239943
0.00235365
0.00230331
0.00224962
0.00219364
0.00213631
0.00207847
0.00202083
0.00196399
0.00190845
0.00185459
0.00180274
0.00175315
0.00170597
0.00166136
0.00161938
0.00158008
0.00154344
0.00150951
0.00147824
0.00144965
0.00142368
0.0014003
0.00137944
0.00136113
0.00134526
0.00133198
0.001321
0.00131271
0.00130711
0.00130372
0.00130407
0.00130619
0.00131115
0.00131985
0.001332
0.00134795
0.00136806
0.00139283
0.00142277
0.00145864
0.00150118
0.00155154
0.00161069
0.00168052
0.00176214
0.00185876
0.00197117
0.00210512
0.0022603
0.00244994
0.00267652
0.00299017
0.00344142
0.00423738
0.00550702
0.00714716
0.00663449
0.00226934
0.000153734
0.000684746
0.000898101
0.0010236
0.001163
0.00133152
0.00151733
0.00170807
0.00189536
0.002072
0.00223132
0.00236838
0.00248154
0.00257056
0.00263637
0.0026807
0.0027055
0.0027118
0.00270663
0.00269093
0.00266255
0.00262579
0.00258239
0.00253386
0.00248155
0.00242663
0.00237011
0.00231291
0.00225579
0.00219938
0.00214423
0.00209078
0.0020394
0.00199035
0.00194382
0.00190001
0.00185901
0.0018209
0.00178559
0.00175353
0.00172455
0.00169871
0.00167584
0.00165601
0.00163926
0.0016255
0.00161447
0.00160705
0.00160184
0.00160185
0.00160374
0.00160861
0.00161828
0.00163194
0.00164982
0.00167235
0.00169991
0.00173308
0.00177232
0.00181847
0.00187198
0.00193402
0.00200503
0.00208672
0.00217932
0.00228584
0.00240571
0.00254437
0.00269883
0.00287953
0.00307779
0.00331595
0.00357571
0.00391994
0.00433667
0.00504081
0.00604346
0.00732769
0.00665727
0.00228892
0.000206282
0.000804794
0.000996069
0.00112331
0.00128246
0.0014675
0.00166726
0.00187137
0.00207157
0.00225774
0.00242475
0.00256937
0.0026902
0.00278711
0.00286106
0.002914
0.00294751
0.00296338
0.00296425
0.00295737
0.00293979
0.00291255
0.00287886
0.00284026
0.00279812
0.00275359
0.00270765
0.0026613
0.00261519
0.00257004
0.00252628
0.00248447
0.00244494
0.00240806
0.00237382
0.0023429
0.00231516
0.0022905
0.00226934
0.00225148
0.00223695
0.00222618
0.00221877
0.00221586
0.00221701
0.00222096
0.00222931
0.00224267
0.00226026
0.00228295
0.00231065
0.00234351
0.00238186
0.00242613
0.00247648
0.0025334
0.00259703
0.00266801
0.00274649
0.00283303
0.00292796
0.0030325
0.00314649
0.00327152
0.00340688
0.00355641
0.00371681
0.00389607
0.00408508
0.00430108
0.00452233
0.00478655
0.00504585
0.00539351
0.00573454
0.00632035
0.0069413
0.00761102
0.00656068
0.00222742
0.000249485
0.000887047
0.0011463
0.00138376
0.00165046
0.0019324
0.00221365
0.00248251
0.00273035
0.00294959
0.00313855
0.00329772
0.0034287
0.00353374
0.00361487
0.00367679
0.00371874
0.00374513
0.00375821
0.00376117
0.00375795
0.00374876
0.00373273
0.00371315
0.00369132
0.00366821
0.00364467
0.00362187
0.00360003
0.00358013
0.00356198
0.00354694
0.00353468
0.00352607
0.00351979
0.00351927
0.00352118
0.00352624
0.00353639
0.00355077
0.0035693
0.00359221
0.00361944
0.00365119
0.00368768
0.00372881
0.00377461
0.00382605
0.0038829
0.00394533
0.00401306
0.00408643
0.00416505
0.00424937
0.00433904
0.00443454
0.00453564
0.00464266
0.00475579
0.00487484
0.0050009
0.00513253
0.00527294
0.00541865
0.00557651
0.00574253
0.00592016
0.00610737
0.00630434
0.00651736
0.00673351
0.00698153
0.007214
0.00752003
0.00773931
0.00812103
0.00812397
0.00780632
0.00613298
0.00202983
0.000281393
0.00111389
0.00177927
0.00251599
0.00321753
0.0038864
0.004501
0.00503801
0.00548411
0.00583865
0.00610998
0.00631025
0.00645283
0.00654984
0.00660942
0.00664778
0.00665671
0.00665317
0.00664285
0.00662213
0.00659721
0.00657076
0.00654357
0.00651688
0.00649149
0.00646836
0.0064476
0.00643028
0.00641585
0.00640579
0.00639779
0.00639681
0.00639851
0.00640319
0.00641259
0.00642641
0.00644438
0.00646632
0.00649222
0.00652228
0.00655619
0.00659419
0.00663592
0.00668168
0.00673099
0.00678436
0.00684116
0.00690152
0.00696461
0.00703154
0.00710118
0.00717479
0.00725121
0.00733186
0.00741559
0.00750381
0.00759576
0.00769204
0.00779329
0.00789785
0.00801002
0.00812233
0.00824807
0.00836625
0.00851054
0.0086275
0.00878393
0.0088923
0.00906108
0.00915365
0.00932577
0.00939745
0.00955107
0.0095576
0.00951537
0.00928731
0.00870622
0.00744661
0.00479712
0.00174548
0.000173201
0.000334824
0.00051104
0.000691024
0.000864873
0.00102807
0.00118032
0.00132186
0.00145171
0.0015691
0.00167309
0.0017641
0.00184175
0.00190802
0.00196206
0.0020071
0.00204251
0.00206813
0.00208809
0.00209968
0.00210773
0.00210784
0.00210593
0.00210115
0.00209247
0.00208165
0.00206878
0.00205475
0.00203941
0.00202366
0.00200713
0.0019907
0.00197437
0.00195822
0.0019424
0.00192721
0.00191263
0.00189891
0.00188593
0.00187402
0.00186293
0.00185308
0.00184408
0.00183646
0.00182967
0.00182442
0.0018199
0.00181712
0.00181487
0.00181454
0.00181503
0.00181639
0.00181949
0.00182269
0.00182894
0.00183418
0.0018435
0.00185071
0.00186344
0.00187252
0.00188899
0.00189979
0.00192009
0.00193256
0.00195635
0.00197189
0.00200367
0.00202288
0.00206134
0.00208518
0.00212709
0.00215553
0.00219741
0.00222968
0.00226176
0.00228006
0.00226823
0.00221205
0.0020328
0.00149896
)
;

boundaryField
{
    movingWall
    {
        type            kqRWallFunction;
        value           nonuniform List<scalar> 
80
(
0.000173201
0.000334824
0.00051104
0.000691024
0.000864873
0.00102807
0.00118032
0.00132186
0.00145171
0.0015691
0.00167309
0.0017641
0.00184175
0.00190802
0.00196206
0.0020071
0.00204251
0.00206813
0.00208809
0.00209968
0.00210773
0.00210784
0.00210593
0.00210115
0.00209247
0.00208165
0.00206878
0.00205475
0.00203941
0.00202366
0.00200713
0.0019907
0.00197437
0.00195822
0.0019424
0.00192721
0.00191263
0.00189891
0.00188593
0.00187402
0.00186293
0.00185308
0.00184408
0.00183646
0.00182967
0.00182442
0.0018199
0.00181712
0.00181487
0.00181454
0.00181503
0.00181639
0.00181949
0.00182269
0.00182894
0.00183418
0.0018435
0.00185071
0.00186344
0.00187252
0.00188899
0.00189979
0.00192009
0.00193256
0.00195635
0.00197189
0.00200367
0.00202288
0.00206134
0.00208518
0.00212709
0.00215553
0.00219741
0.00222968
0.00226176
0.00228006
0.00226823
0.00221205
0.0020328
0.00149896
)
;
    }
    fixedWalls
    {
        type            kqRWallFunction;
        value           nonuniform List<scalar> 
240
(
5.35454e-07
2.59171e-06
5.67283e-06
9.85606e-06
1.5815e-05
2.43243e-05
3.61403e-05
5.19663e-05
7.23004e-05
9.73434e-05
0.000127479
0.000164242
0.000205147
0.000249002
0.000294384
0.000339877
0.000384719
0.000427834
0.0004676
0.000502576
0.00053197
0.00055536
0.000572652
0.000584131
0.000589804
0.000589426
0.000586238
0.000579217
0.000568305
0.000554124
0.000537478
0.000519037
0.000499397
0.000478629
0.000457948
0.000435731
0.000418369
0.000403115
0.000388617
0.000374518
0.000360619
0.000346964
0.000333598
0.00032075
0.000308329
0.000296243
0.000284376
0.000272604
0.000260814
0.000248962
0.000236897
0.000224599
0.000211883
0.000198953
0.000185827
0.00017317
0.000161223
0.000149902
0.00013893
0.000128155
0.000117336
0.000107053
9.78092e-05
8.97517e-05
8.2706e-05
7.62871e-05
7.02177e-05
6.45262e-05
5.95484e-05
5.61644e-05
5.51989e-05
5.82036e-05
6.70424e-05
8.3855e-05
0.000111297
0.000153734
0.000206282
0.000249485
0.000281393
0.000173201
9.20882e-07
4.87052e-06
1.30186e-05
2.16551e-05
2.7603e-05
2.97652e-05
2.88996e-05
2.68642e-05
2.45814e-05
2.27426e-05
2.22048e-05
2.31092e-05
2.67224e-05
3.52015e-05
4.84522e-05
6.53409e-05
8.48136e-05
0.000105961
0.000128071
0.000151221
0.000175033
0.000201522
0.000235877
0.000282112
0.000339718
0.00040631
0.000474248
0.000527889
0.00055212
0.000556158
0.000545085
0.000526759
0.000504487
0.000481525
0.00045826
0.000436169
0.000416155
0.000399051
0.000385285
0.000375289
0.000369729
0.000367323
0.000366877
0.000370227
0.000376444
0.000385554
0.000397625
0.000413384
0.000432244
0.000454946
0.000481536
0.00051228
0.000547572
0.000587507
0.000632491
0.000682516
0.000737859
0.000798466
0.000864422
0.000935556
0.00101172
0.00109255
0.00117762
0.00126632
0.00135795
0.00145166
0.00154662
0.00164196
0.00173706
0.00183135
0.00192474
0.00201834
0.00211379
0.00221621
0.00226934
0.00228892
0.00222742
0.00202983
0.00174548
0.00149896
5.35454e-07
2.75135e-06
6.68235e-06
1.07733e-05
1.3865e-05
1.56046e-05
1.6238e-05
1.62978e-05
1.63889e-05
1.69821e-05
1.84337e-05
2.12909e-05
2.58162e-05
3.21059e-05
3.98378e-05
4.85844e-05
5.79041e-05
6.76043e-05
7.72571e-05
8.66058e-05
9.59792e-05
0.000106169
0.000118245
0.0001329
0.000149599
0.000166596
0.000183453
0.000200159
0.000217213
0.000235093
0.000253598
0.000272063
0.000290195
0.000308006
0.000325992
0.000344245
0.000363169
0.000382881
0.000403637
0.000425507
0.000448651
0.000473244
0.000499433
0.000527568
0.000557805
0.000591146
0.000629394
0.000676516
0.000725456
0.000774881
0.000823636
0.00087105
0.000915755
0.000956465
0.000991716
0.00101974
0.00103472
0.00104072
0.00104053
0.00102183
0.00098789
0.000938534
0.000874397
0.000797651
0.000710376
0.00061661
0.000520934
0.000427341
0.000339297
0.000260531
0.000196688
0.000143102
9.98093e-05
6.66645e-05
4.28098e-05
2.65662e-05
1.59774e-05
9.16183e-06
4.32647e-06
9.20882e-07
)
;
    }
    frontAndBack
    {
        type            empty;
    }
}


// ************************************************************************* //
