/*--------------------------------*- C++ -*----------------------------------*\
  =========                 |
  \\      /  F ield         | OpenFOAM: The Open Source CFD Toolbox
   \\    /   O peration     | Website:  https://openfoam.org
    \\  /    A nd           | Version:  13
     \\/     M anipulation  |
\*---------------------------------------------------------------------------*/
FoamFile
{
    format      ascii;
    class       volScalarField;
    location    "0.2";
    object      k;
}
// * * * * * * * * * * * * * * * * * * * * * * * * * * * * * * * * * * * * * //

dimensions      [0 2 -2 0 0 0 0];

internalField   nonuniform List<scalar> 
6400
(
9.68693e-06
4.10572e-05
7.66439e-05
0.000106346
0.000129445
0.000146968
0.000160026
0.000169581
0.000176434
0.000181245
0.00018455
0.000186773
0.000188242
0.0001892
0.000189823
0.000190233
0.00019051
0.000190709
0.000190861
0.000190988
0.000191101
0.000191208
0.000191313
0.000191418
0.000191524
0.000191632
0.000191743
0.000191856
0.000191971
0.00019209
0.00019221
0.000192334
0.000192459
0.000192587
0.000192717
0.000192849
0.000192982
0.000193118
0.000193254
0.000193391
0.000193528
0.000193664
0.000193798
0.00019394
0.000194086
0.000194232
0.000194379
0.000194526
0.000194673
0.000194819
0.000194965
0.000195111
0.000195255
0.000195399
0.000195541
0.000195682
0.00019582
0.000195954
0.000196084
0.000196206
0.000196315
0.000196402
0.000196451
0.000196439
0.000196323
0.000196042
0.000195501
0.000194561
0.000193029
0.000190641
0.000187054
0.000181827
0.000174418
0.000164169
0.000150294
0.000131862
0.000107827
7.72897e-05
4.11565e-05
9.6859e-06
4.11492e-05
0.000275302
0.000471658
0.000612626
0.000714449
0.000788489
0.0008423
0.000881148
0.000908877
0.000928379
0.000941868
0.00095104
0.000957178
0.000961237
0.000963908
0.000965677
0.000966876
0.000967725
0.000968367
0.000968889
0.000969346
0.00096977
0.000970181
0.000970589
0.000971
0.000971417
0.000971843
0.000972279
0.000972723
0.000973178
0.000973642
0.000974115
0.000974597
0.000975088
0.000975586
0.000976092
0.000976605
0.000977124
0.000977647
0.000978174
0.000978701
0.000979225
0.000979739
0.000980232
0.000980713
0.000981194
0.000981674
0.000982155
0.000982634
0.000983112
0.000983587
0.00098406
0.000984529
0.000984994
0.000985453
0.000985904
0.000986345
0.000986771
0.000987174
0.00098754
0.000987846
0.000988046
0.000988077
0.000987834
0.000987142
0.000985746
0.000983268
0.000979171
0.000972705
0.000962863
0.000948313
0.000927329
0.000897684
0.000856493
0.000799949
0.000722862
0.000617828
0.00047382
0.000275224
4.10516e-05
7.72427e-05
0.000473773
0.000757663
0.000949977
0.00108704
0.0011866
0.00125922
0.00131202
0.0013501
0.00137723
0.00139629
0.00140946
0.00141843
0.00142445
0.00142845
0.0014311
0.00143287
0.00143408
0.00143494
0.00143561
0.00143615
0.00143663
0.00143708
0.00143751
0.00143794
0.00143838
0.00143883
0.00143928
0.00143974
0.00144022
0.0014407
0.0014412
0.0014417
0.00144222
0.00144274
0.00144327
0.00144381
0.00144436
0.00144491
0.00144547
0.00144602
0.00144658
0.00144714
0.0014477
0.00144825
0.00144881
0.00144937
0.00144993
0.00145048
0.00145104
0.0014516
0.00145215
0.0014527
0.00145324
0.00145378
0.0014543
0.00145481
0.00145529
0.00145574
0.00145612
0.00145639
0.00145648
0.0014563
0.00145566
0.00145432
0.00145191
0.00144791
0.00144159
0.00143197
0.00141773
0.00139718
0.0013681
0.00132765
0.00127206
0.00119633
0.00109345
0.000953006
0.000757552
0.000471405
7.66092e-05
0.000107738
0.000617671
0.000953004
0.00117337
0.0013295
0.00144321
0.00152672
0.00158799
0.00163268
0.00166495
0.00168796
0.00170415
0.00171535
0.001723
0.00172815
0.00173159
0.00173389
0.00173544
0.00173652
0.00173731
0.00173792
0.00173843
0.00173889
0.00173932
0.00173974
0.00174016
0.00174058
0.00174102
0.00174146
0.00174191
0.00174238
0.00174285
0.00174333
0.00174383
0.00174433
0.00174484
0.00174536
0.00174589
0.00174642
0.00174696
0.0017475
0.00174805
0.0017486
0.00174915
0.0017497
0.00175026
0.00175082
0.00175138
0.00175194
0.0017525
0.00175306
0.00175361
0.00175416
0.00175471
0.00175525
0.00175577
0.00175627
0.00175673
0.00175714
0.00175745
0.0017576
0.00175751
0.00175702
0.00175593
0.00175391
0.00175053
0.00174516
0.00173696
0.00172484
0.00170732
0.00168254
0.00164806
0.00160077
0.00153653
0.00144979
0.00133268
0.00117315
0.000949643
0.000612147
0.000106264
0.000131738
0.000722616
0.00109336
0.0013328
0.00150187
0.00162536
0.00171661
0.00178413
0.00183388
0.00187024
0.00189652
0.00191526
0.00192844
0.00193758
0.00194381
0.00194803
0.00195085
0.00195276
0.00195406
0.00195497
0.00195565
0.0019562
0.00195666
0.00195708
0.00195748
0.00195787
0.00195827
0.00195867
0.00195908
0.0019595
0.00195993
0.00196037
0.00196081
0.00196127
0.00196174
0.00196222
0.0019627
0.00196319
0.00196369
0.0019642
0.00196471
0.00196522
0.00196574
0.00196627
0.00196679
0.00196732
0.00196786
0.00196839
0.00196893
0.00196946
0.00197
0.00197053
0.00197106
0.00197159
0.0019721
0.00197259
0.00197306
0.00197347
0.00197381
0.00197401
0.00197401
0.00197368
0.00197286
0.00197128
0.00196857
0.00196423
0.00195757
0.00194768
0.00193335
0.00191306
0.00188481
0.00184607
0.00179357
0.00172298
0.00162842
0.0015015
0.00132903
0.00108645
0.000713721
0.000129304
0.000150149
0.000799649
0.00119618
0.00144985
0.00162871
0.00175973
0.00185707
0.00192963
0.00198356
0.00202337
0.00205247
0.00207348
0.00208845
0.00209896
0.00210622
0.00211118
0.00211453
0.00211679
0.00211832
0.00211937
0.00212013
0.0021207
0.00212117
0.00212158
0.00212196
0.00212232
0.00212269
0.00212305
0.00212342
0.0021238
0.00212419
0.00212459
0.00212499
0.00212541
0.00212583
0.00212627
0.00212671
0.00212716
0.00212762
0.00212808
0.00212855
0.00212903
0.00212951
0.00212999
0.00213048
0.00213098
0.00213147
0.00213197
0.00213247
0.00213298
0.00213348
0.00213398
0.00213447
0.00213496
0.00213543
0.00213588
0.00213629
0.00213664
0.00213689
0.00213697
0.00213679
0.00213622
0.00213504
0.00213296
0.00212957
0.00212431
0.00211643
0.00210497
0.00208867
0.00206593
0.0020347
0.00199238
0.0019356
0.00185989
0.0017592
0.00162473
0.00144246
0.00118572
0.000787492
0.000146757
0.00016402
0.000856185
0.0012719
0.00153656
0.00172322
0.00186035
0.00196272
0.0020395
0.00209699
0.00213979
0.00217137
0.00219441
0.002211
0.00222277
0.002231
0.00223667
0.00224053
0.00224314
0.0022449
0.0022461
0.00224693
0.00224755
0.00224802
0.00224842
0.00224878
0.00224911
0.00224944
0.00224976
0.00225009
0.00225043
0.00225077
0.00225113
0.00225149
0.00225186
0.00225224
0.00225263
0.00225303
0.00225343
0.00225384
0.00225426
0.00225469
0.00225512
0.00225555
0.002256
0.00225644
0.0022569
0.00225735
0.00225781
0.00225827
0.00225873
0.00225919
0.00225965
0.0022601
0.00226055
0.00226098
0.00226138
0.00226173
0.002262
0.00226215
0.00226209
0.00226173
0.0022609
0.00225936
0.00225679
0.00225274
0.0022466
0.0022376
0.0022247
0.00220662
0.0021817
0.00214786
0.00210245
0.00204202
0.00196204
0.00185628
0.00171568
0.00152565
0.00125803
0.000841006
0.000159737
0.000174284
0.000897424
0.00132753
0.00160083
0.00179381
0.00193602
0.00204263
0.00212302
0.00218359
0.002229
0.00226276
0.00228761
0.00230566
0.00231859
0.00232771
0.00233405
0.00233839
0.00234134
0.00234332
0.00234466
0.00234558
0.00234623
0.00234672
0.00234711
0.00234744
0.00234774
0.00234804
0.00234832
0.00234861
0.00234891
0.00234921
0.00234952
0.00234984
0.00235016
0.0023505
0.00235084
0.00235119
0.00235155
0.00235191
0.00235228
0.00235266
0.00235305
0.00235344
0.00235383
0.00235424
0.00235464
0.00235505
0.00235547
0.00235588
0.0023563
0.00235672
0.00235713
0.00235754
0.00235794
0.00235832
0.00235866
0.00235895
0.00235914
0.00235919
0.002359
0.00235845
0.00235736
0.00235547
0.00235243
0.00234775
0.00234079
0.00233075
0.00231655
0.00229686
0.00227001
0.00223388
0.00218577
0.0021222
0.00203857
0.00192855
0.00178289
0.00158658
0.00131048
0.000879529
0.000169205
0.000181729
0.000927181
0.0013681
0.00164822
0.00184637
0.00199283
0.00210305
0.00218653
0.00224976
0.00229744
0.00233313
0.00235958
0.00237894
0.00239291
0.00240284
0.0024098
0.00241459
0.00241786
0.00242006
0.00242154
0.00242254
0.00242323
0.00242373
0.00242411
0.00242442
0.0024247
0.00242495
0.0024252
0.00242545
0.00242571
0.00242597
0.00242623
0.0024265
0.00242679
0.00242707
0.00242737
0.00242767
0.00242799
0.0024283
0.00242863
0.00242896
0.0024293
0.00242965
0.00243
0.00243035
0.00243071
0.00243108
0.00243145
0.00243182
0.00243219
0.00243257
0.00243294
0.0024333
0.00243365
0.00243398
0.00243427
0.00243449
0.0024346
0.00243454
0.00243422
0.00243348
0.00243215
0.00242992
0.00242643
0.00242117
0.00241347
0.00240247
0.0023871
0.00236599
0.00233743
0.00229928
0.00224882
0.00218254
0.00209579
0.00198216
0.00183229
0.00163089
0.00134816
0.000906898
0.000175962
0.000187014
0.000948345
0.00139737
0.00168286
0.00188524
0.00203525
0.00214852
0.00223464
0.00230016
0.00234982
0.00238719
0.00241504
0.00243556
0.00245046
0.00246113
0.00246864
0.00247385
0.00247741
0.00247981
0.00248142
0.00248249
0.00248323
0.00248374
0.00248411
0.00248441
0.00248465
0.00248488
0.00248509
0.00248531
0.00248552
0.00248574
0.00248596
0.00248619
0.00248643
0.00248667
0.00248693
0.00248719
0.00248745
0.00248773
0.00248801
0.0024883
0.00248859
0.00248889
0.00248919
0.00248951
0.00248982
0.00249014
0.00249047
0.0024908
0.00249113
0.00249145
0.00249178
0.0024921
0.00249241
0.00249268
0.00249292
0.00249307
0.00249311
0.00249295
0.00249249
0.00249158
0.00249001
0.00248748
0.00248358
0.00247778
0.0024694
0.00245756
0.00244114
0.00241877
0.00238871
0.00234881
0.00229632
0.00222771
0.00213829
0.00202163
0.00186826
0.00166275
0.00137487
0.000926006
0.000180667
0.000190682
0.000963145
0.00141819
0.00170789
0.00191371
0.00206665
0.00218248
0.00227085
0.00233833
0.00238968
0.0024285
0.00245757
0.0024791
0.00249482
0.00250613
0.00251414
0.00251972
0.00252354
0.00252613
0.00252786
0.002529
0.00252977
0.00253029
0.00253066
0.00253094
0.00253117
0.00253136
0.00253154
0.00253172
0.0025319
0.00253208
0.00253226
0.00253245
0.00253265
0.00253285
0.00253306
0.00253328
0.00253351
0.00253374
0.00253397
0.00253422
0.00253447
0.00253473
0.00253499
0.00253526
0.00253553
0.00253581
0.00253609
0.00253638
0.00253667
0.00253696
0.00253724
0.00253752
0.00253778
0.00253801
0.00253819
0.00253828
0.00253824
0.00253798
0.0025374
0.00253633
0.00253455
0.00253173
0.00252746
0.00252119
0.00251221
0.00249961
0.00248228
0.00245881
0.00242745
0.00238604
0.00233181
0.00226121
0.00216956
0.00205037
0.00189413
0.00168532
0.00139346
0.000939062
0.000183856
0.00019317
0.000973306
0.00143278
0.00172574
0.0019343
0.00208964
0.00220759
0.00229784
0.00236697
0.00241976
0.00245982
0.00248994
0.00251233
0.00252876
0.00254063
0.00254908
0.00255498
0.00255904
0.00256179
0.00256362
0.00256483
0.00256563
0.00256617
0.00256653
0.0025668
0.002567
0.00256717
0.00256732
0.00256746
0.0025676
0.00256775
0.00256789
0.00256805
0.00256821
0.00256837
0.00256855
0.00256873
0.00256891
0.0025691
0.0025693
0.00256951
0.00256972
0.00256993
0.00257016
0.00257039
0.00257062
0.00257086
0.0025711
0.00257135
0.0025716
0.00257185
0.0025721
0.00257233
0.00257255
0.00257274
0.00257286
0.0025729
0.00257279
0.00257245
0.00257175
0.00257054
0.00256856
0.00256549
0.00256089
0.0025542
0.00254469
0.00253145
0.00251332
0.0024889
0.00245643
0.00241373
0.00235803
0.00228577
0.00219225
0.00207098
0.00191242
0.00170101
0.00140613
0.000947761
0.000185954
0.000194822
0.000980156
0.00144283
0.00173828
0.001949
0.00210627
0.00222596
0.00231775
0.00238825
0.00244224
0.00248333
0.00251433
0.00253746
0.00255449
0.00256684
0.00257565
0.00258183
0.0025861
0.00258899
0.00259091
0.00259218
0.00259301
0.00259355
0.00259391
0.00259416
0.00259434
0.00259449
0.00259461
0.00259473
0.00259484
0.00259495
0.00259507
0.00259519
0.00259531
0.00259544
0.00259558
0.00259572
0.00259587
0.00259603
0.00259619
0.00259636
0.00259654
0.00259672
0.00259691
0.0025971
0.0025973
0.0025975
0.00259771
0.00259792
0.00259813
0.00259835
0.00259856
0.00259876
0.00259894
0.00259908
0.00259916
0.00259915
0.00259897
0.00259855
0.00259776
0.00259642
0.00259427
0.00259098
0.0025861
0.00257904
0.00256908
0.00255527
0.00253647
0.00251125
0.00247785
0.00243407
0.00237715
0.00230352
0.00220847
0.00208552
0.00192512
0.00171169
0.00141455
0.000953384
0.000187287
0.0001959
0.000984699
0.00144966
0.00174697
0.00195935
0.00211814
0.00223921
0.00233225
0.00240386
0.00245883
0.00250078
0.00253251
0.00255624
0.00257377
0.00258652
0.00259565
0.00260206
0.00260649
0.0026095
0.00261151
0.00261282
0.00261368
0.00261423
0.00261458
0.00261482
0.00261498
0.00261511
0.00261521
0.00261529
0.00261538
0.00261546
0.00261555
0.00261564
0.00261574
0.00261584
0.00261594
0.00261606
0.00261618
0.0026163
0.00261643
0.00261657
0.00261671
0.00261686
0.00261702
0.00261718
0.00261734
0.00261752
0.00261769
0.00261787
0.00261805
0.00261824
0.00261841
0.00261858
0.00261873
0.00261883
0.00261888
0.00261881
0.00261858
0.0026181
0.00261722
0.00261576
0.00261346
0.00260998
0.00260486
0.0025975
0.00258715
0.00257288
0.00255352
0.00252763
0.00249345
0.00244878
0.00239086
0.00231611
0.00221984
0.00209556
0.00193373
0.00171876
0.00141997
0.000956885
0.000188099
0.000196595
0.000987676
0.00145423
0.0017529
0.00196654
0.0021265
0.00224864
0.00234267
0.00241517
0.00247092
0.00251356
0.00254588
0.00257011
0.00258804
0.00260112
0.0026105
0.00261711
0.00262168
0.00262478
0.00262685
0.00262821
0.00262908
0.00262964
0.00262999
0.00263021
0.00263036
0.00263047
0.00263054
0.00263061
0.00263067
0.00263073
0.00263079
0.00263086
0.00263093
0.002631
0.00263108
0.00263117
0.00263126
0.00263136
0.00263146
0.00263157
0.00263169
0.00263181
0.00263194
0.00263207
0.00263221
0.00263235
0.0026325
0.00263265
0.00263281
0.00263296
0.00263311
0.00263325
0.00263337
0.00263344
0.00263345
0.00263335
0.00263307
0.00263253
0.00263157
0.00263002
0.0026276
0.00262396
0.00261864
0.00261102
0.00260036
0.0025857
0.00256587
0.00253944
0.00250463
0.00245924
0.00240051
0.00232488
0.00222764
0.00210232
0.0019394
0.0017233
0.00142333
0.000958953
0.000188564
0.000197044
0.000989623
0.00145727
0.00175692
0.00197148
0.00213231
0.00225528
0.00235006
0.00242325
0.00247962
0.0025228
0.00255558
0.00258021
0.00259846
0.0026118
0.00262138
0.00262814
0.00263282
0.00263601
0.00263813
0.00263951
0.0026404
0.00264096
0.00264131
0.00264153
0.00264166
0.00264175
0.00264181
0.00264186
0.0026419
0.00264194
0.00264198
0.00264202
0.00264207
0.00264212
0.00264218
0.00264224
0.00264231
0.00264239
0.00264247
0.00264255
0.00264264
0.00264274
0.00264285
0.00264296
0.00264307
0.00264319
0.00264332
0.00264345
0.00264358
0.00264371
0.00264384
0.00264396
0.00264405
0.0026441
0.00264408
0.00264394
0.00264362
0.00264303
0.00264201
0.00264038
0.00263786
0.00263409
0.0026286
0.00262078
0.00260985
0.00259488
0.00257467
0.0025478
0.00251249
0.00246653
0.00240717
0.00233084
0.00223286
0.00210675
0.00194301
0.00172608
0.00142529
0.000960068
0.000188802
0.000197341
0.000990912
0.0014593
0.00175962
0.00197485
0.00213632
0.0022599
0.00235525
0.00242896
0.0024858
0.00252939
0.00256253
0.00258746
0.00260597
0.0026195
0.00262924
0.00263612
0.00264089
0.00264413
0.00264629
0.0026477
0.0026486
0.00264916
0.00264951
0.00264971
0.00264984
0.00264991
0.00264996
0.00264999
0.00265001
0.00265004
0.00265006
0.00265009
0.00265012
0.00265015
0.00265019
0.00265023
0.00265028
0.00265034
0.0026504
0.00265047
0.00265054
0.00265062
0.00265071
0.0026508
0.0026509
0.002651
0.00265111
0.00265122
0.00265133
0.00265144
0.00265155
0.00265165
0.00265172
0.00265175
0.0026517
0.00265154
0.00265119
0.00265056
0.00264949
0.0026478
0.0026452
0.00264132
0.00263569
0.0026277
0.00261657
0.00260134
0.00258084
0.00255362
0.0025179
0.0024715
0.00241164
0.00233478
0.00223623
0.00210953
0.0019452
0.00172768
0.00142631
0.00096056
0.000188895
0.000197546
0.000991796
0.00146067
0.00176146
0.00197715
0.00213908
0.00226309
0.00235886
0.00243295
0.00249014
0.00253404
0.00256745
0.0025926
0.00261129
0.00262498
0.00263484
0.0026418
0.00264664
0.00264993
0.00265211
0.00265354
0.00265445
0.00265501
0.00265535
0.00265555
0.00265567
0.00265573
0.00265577
0.00265578
0.0026558
0.0026558
0.00265581
0.00265583
0.00265584
0.00265586
0.00265589
0.00265592
0.00265595
0.00265599
0.00265604
0.00265609
0.00265615
0.00265621
0.00265629
0.00265636
0.00265644
0.00265653
0.00265663
0.00265672
0.00265682
0.00265692
0.00265701
0.0026571
0.00265715
0.00265716
0.0026571
0.00265692
0.00265654
0.00265588
0.00265477
0.00265303
0.00265036
0.0026464
0.00264067
0.00263254
0.00262124
0.00260581
0.00258507
0.00255758
0.00252155
0.0024748
0.00241456
0.0023373
0.00223832
0.00211119
0.00194642
0.00172847
0.00142672
0.00096066
0.000188898
0.000197701
0.000992442
0.00146165
0.00176274
0.00197874
0.00214098
0.0022653
0.00236136
0.00243573
0.00249317
0.00253729
0.00257089
0.00259621
0.00261503
0.00262883
0.00263877
0.0026458
0.00265068
0.002654
0.00265621
0.00265765
0.00265856
0.00265912
0.00265946
0.00265966
0.00265976
0.00265982
0.00265984
0.00265985
0.00265985
0.00265985
0.00265985
0.00265985
0.00265986
0.00265987
0.00265988
0.0026599
0.00265992
0.00265995
0.00265999
0.00266003
0.00266008
0.00266013
0.00266019
0.00266026
0.00266033
0.0026604
0.00266049
0.00266057
0.00266066
0.00266075
0.00266083
0.0026609
0.00266095
0.00266095
0.00266087
0.00266067
0.00266028
0.00265959
0.00265846
0.00265667
0.00265395
0.00264992
0.0026441
0.00263587
0.00262444
0.00260886
0.00258793
0.00256022
0.00252396
0.00247694
0.00241641
0.00233883
0.00223953
0.00211207
0.00194698
0.00172875
0.00142675
0.000960501
0.000188841
0.00019783
0.000992956
0.00146238
0.00176368
0.00197988
0.00214233
0.00226685
0.00236311
0.00243767
0.00249528
0.00253955
0.00257328
0.00259872
0.00261764
0.00263151
0.00264151
0.00264858
0.00265349
0.00265683
0.00265906
0.0026605
0.00266141
0.00266198
0.00266231
0.0026625
0.00266261
0.00266265
0.00266267
0.00266267
0.00266267
0.00266266
0.00266265
0.00266264
0.00266264
0.00266264
0.00266265
0.00266266
0.00266267
0.00266269
0.00266272
0.00266275
0.00266279
0.00266284
0.00266289
0.00266295
0.00266301
0.00266308
0.00266316
0.00266324
0.00266332
0.0026634
0.00266347
0.00266354
0.00266357
0.00266357
0.00266348
0.00266327
0.00266287
0.00266216
0.002661
0.00265918
0.00265642
0.00265235
0.00264646
0.00263814
0.00262661
0.0026109
0.00258983
0.00256195
0.00252549
0.00247826
0.00241751
0.00233969
0.00224015
0.00211244
0.00194713
0.00172868
0.00142651
0.000960164
0.000188744
0.000197947
0.000993406
0.00146299
0.00176441
0.00198074
0.00214332
0.00226798
0.00236436
0.00243904
0.00249676
0.00254113
0.00257496
0.00260046
0.00261945
0.00263336
0.0026434
0.0026505
0.00265544
0.00265879
0.00266102
0.00266246
0.00266338
0.00266394
0.00266427
0.00266446
0.00266456
0.0026646
0.00266461
0.00266461
0.0026646
0.00266458
0.00266457
0.00266456
0.00266455
0.00266455
0.00266454
0.00266455
0.00266456
0.00266458
0.0026646
0.00266463
0.00266466
0.0026647
0.00266475
0.0026648
0.00266486
0.00266493
0.002665
0.00266507
0.00266515
0.00266522
0.0026653
0.00266536
0.00266539
0.00266538
0.00266528
0.00266507
0.00266465
0.00266393
0.00266276
0.00266092
0.00265812
0.00265401
0.00264807
0.00263968
0.00262807
0.00261226
0.00259107
0.00256306
0.00252645
0.00247905
0.00241811
0.00234011
0.00224037
0.00211248
0.00194699
0.00172839
0.0014261
0.000959705
0.000188618
0.000198062
0.00099383
0.00146352
0.00176503
0.00198143
0.00214409
0.00226883
0.00236529
0.00244004
0.00249783
0.00254227
0.00257614
0.00260169
0.00262071
0.00263466
0.00264471
0.00265183
0.00265677
0.00266013
0.00266237
0.00266381
0.00266473
0.00266529
0.00266562
0.0026658
0.0026659
0.00266594
0.00266595
0.00266594
0.00266592
0.0026659
0.00266589
0.00266587
0.00266586
0.00266585
0.00266585
0.00266585
0.00266586
0.00266587
0.00266589
0.00266591
0.00266595
0.00266598
0.00266603
0.00266608
0.00266614
0.0026662
0.00266627
0.00266634
0.00266641
0.00266649
0.00266656
0.00266662
0.00266665
0.00266663
0.00266654
0.00266632
0.0026659
0.00266517
0.00266398
0.00266212
0.00265931
0.00265516
0.00264917
0.00264073
0.00262905
0.00261316
0.00259187
0.00256375
0.00252701
0.00247947
0.00241839
0.00234023
0.00224034
0.0021123
0.00194666
0.00172794
0.00142556
0.000959153
0.000188471
0.000198179
0.000994252
0.00146403
0.00176559
0.00198204
0.00214474
0.00226952
0.00236602
0.00244081
0.00249864
0.0025431
0.00257701
0.00260258
0.00262161
0.00263557
0.00264564
0.00265276
0.00265771
0.00266107
0.0026633
0.00266475
0.00266566
0.00266622
0.00266655
0.00266673
0.00266682
0.00266686
0.00266686
0.00266686
0.00266684
0.00266682
0.0026668
0.00266678
0.00266677
0.00266676
0.00266675
0.00266675
0.00266676
0.00266677
0.00266679
0.00266681
0.00266684
0.00266688
0.00266692
0.00266697
0.00266703
0.00266709
0.00266716
0.00266723
0.00266731
0.00266738
0.00266746
0.00266752
0.00266755
0.00266753
0.00266744
0.00266722
0.00266679
0.00266606
0.00266486
0.00266299
0.00266016
0.00265598
0.00264996
0.00264147
0.00262973
0.00261376
0.00259239
0.00256417
0.00252733
0.00247967
0.00241846
0.00234016
0.00224014
0.00211197
0.0019462
0.00172737
0.00142492
0.000958525
0.000188305
0.000198301
0.000994688
0.00146455
0.00176613
0.0019826
0.00214532
0.00227011
0.00236664
0.00244144
0.00249928
0.00254375
0.00257767
0.00260324
0.00262228
0.00263625
0.00264631
0.00265344
0.00265838
0.00266174
0.00266397
0.00266541
0.00266632
0.00266688
0.0026672
0.00266738
0.00266747
0.00266751
0.00266751
0.0026675
0.00266748
0.00266746
0.00266744
0.00266742
0.00266741
0.0026674
0.00266739
0.00266739
0.0026674
0.00266741
0.00266743
0.00266745
0.00266748
0.00266752
0.00266757
0.00266762
0.00266768
0.00266774
0.00266781
0.00266788
0.00266796
0.00266804
0.00266812
0.00266818
0.00266821
0.0026682
0.00266811
0.00266789
0.00266747
0.00266673
0.00266553
0.00266364
0.00266079
0.00265659
0.00265054
0.00264201
0.00263021
0.00261419
0.00259274
0.00256443
0.00252749
0.00247972
0.00241839
0.00233997
0.00223982
0.00211153
0.00194565
0.00172672
0.00142421
0.00095783
0.000188123
0.000198431
0.000995143
0.00146507
0.00176668
0.00198315
0.00214587
0.00227067
0.00236719
0.00244199
0.00249983
0.0025443
0.0025782
0.00260378
0.00262281
0.00263677
0.00264682
0.00265394
0.00265888
0.00266223
0.00266446
0.0026659
0.00266681
0.00266736
0.00266769
0.00266787
0.00266795
0.00266799
0.00266799
0.00266798
0.00266796
0.00266794
0.00266792
0.0026679
0.00266789
0.00266788
0.00266787
0.00266787
0.00266788
0.00266789
0.00266791
0.00266794
0.00266797
0.00266801
0.00266806
0.00266811
0.00266817
0.00266824
0.00266831
0.00266839
0.00266847
0.00266856
0.00266864
0.0026687
0.00266874
0.00266874
0.00266865
0.00266843
0.00266801
0.00266727
0.00266606
0.00266417
0.00266131
0.00265709
0.00265101
0.00264244
0.00263059
0.00261451
0.00259299
0.00256459
0.00252755
0.00247968
0.00241824
0.0023397
0.00223943
0.00211101
0.00194502
0.001726
0.00142342
0.000957072
0.000187924
0.000198568
0.000995624
0.00146562
0.00176724
0.00198371
0.00214642
0.00227121
0.00236771
0.0024425
0.00250033
0.00254478
0.00257867
0.00260423
0.00262325
0.0026372
0.00264724
0.00265435
0.00265928
0.00266263
0.00266485
0.00266628
0.00266719
0.00266774
0.00266806
0.00266824
0.00266833
0.00266836
0.00266836
0.00266835
0.00266833
0.00266831
0.00266829
0.00266827
0.00266826
0.00266825
0.00266825
0.00266825
0.00266826
0.00266827
0.0026683
0.00266833
0.00266836
0.0026684
0.00266845
0.00266851
0.00266858
0.00266865
0.00266873
0.00266881
0.0026689
0.00266899
0.00266907
0.00266915
0.00266919
0.00266919
0.00266911
0.0026689
0.00266848
0.00266775
0.00266654
0.00266464
0.00266176
0.00265752
0.00265141
0.00264281
0.00263092
0.00261477
0.00259318
0.0025647
0.00252757
0.00247959
0.00241803
0.00233938
0.00223898
0.00211044
0.00194433
0.00172521
0.00142257
0.000956249
0.000187709
0.000198713
0.000996133
0.0014662
0.00176782
0.00198429
0.00214699
0.00227175
0.00236824
0.002443
0.00250081
0.00254524
0.00257911
0.00260465
0.00262365
0.00263758
0.00264761
0.00265471
0.00265963
0.00266296
0.00266518
0.00266661
0.00266751
0.00266806
0.00266838
0.00266855
0.00266864
0.00266867
0.00266868
0.00266866
0.00266865
0.00266862
0.00266861
0.00266859
0.00266858
0.00266857
0.00266857
0.00266857
0.00266859
0.0026686
0.00266863
0.00266866
0.0026687
0.00266875
0.0026688
0.00266886
0.00266893
0.00266901
0.0026691
0.00266919
0.00266928
0.00266938
0.00266947
0.00266955
0.00266961
0.00266962
0.00266954
0.00266934
0.00266893
0.00266819
0.00266699
0.00266508
0.0026622
0.00265794
0.0026518
0.00264316
0.00263122
0.00261501
0.00259335
0.00256479
0.00252755
0.00247947
0.00241779
0.00233901
0.00223848
0.00210981
0.00194358
0.00172435
0.00142164
0.00095536
0.000187477
0.000198867
0.000996671
0.00146681
0.00176844
0.0019849
0.00214757
0.00227231
0.00236877
0.00244351
0.00250129
0.00254569
0.00257954
0.00260505
0.00262403
0.00263794
0.00264795
0.00265503
0.00265994
0.00266327
0.00266547
0.0026669
0.0026678
0.00266834
0.00266866
0.00266884
0.00266892
0.00266895
0.00266896
0.00266895
0.00266893
0.00266891
0.00266889
0.00266888
0.00266887
0.00266886
0.00266886
0.00266887
0.00266888
0.00266891
0.00266894
0.00266897
0.00266902
0.00266907
0.00266913
0.0026692
0.00266927
0.00266936
0.00266945
0.00266955
0.00266965
0.00266976
0.00266986
0.00266995
0.00267002
0.00267003
0.00266997
0.00266978
0.00266937
0.00266864
0.00266744
0.00266553
0.00266264
0.00265836
0.0026522
0.00264352
0.00263153
0.00261526
0.00259352
0.00256487
0.00252754
0.00247933
0.00241753
0.00233862
0.00223795
0.00210914
0.00194277
0.00172343
0.00142065
0.000954402
0.000187228
0.000199029
0.000997241
0.00146745
0.00176909
0.00198553
0.00214819
0.0022729
0.00236933
0.00244404
0.00250178
0.00254615
0.00257997
0.00260545
0.00262441
0.00263829
0.00264829
0.00265535
0.00266025
0.00266356
0.00266576
0.00266718
0.00266807
0.00266862
0.00266893
0.00266911
0.00266919
0.00266922
0.00266923
0.00266922
0.0026692
0.00266918
0.00266916
0.00266915
0.00266914
0.00266914
0.00266915
0.00266916
0.00266917
0.0026692
0.00266923
0.00266928
0.00266932
0.00266938
0.00266945
0.00266952
0.00266961
0.0026697
0.0026698
0.00266991
0.00267002
0.00267014
0.00267025
0.00267035
0.00267043
0.00267046
0.00267041
0.00267023
0.00266983
0.00266911
0.00266791
0.002666
0.0026631
0.0026588
0.00265262
0.0026439
0.00263186
0.00261553
0.00259371
0.00256496
0.00252752
0.0024792
0.00241726
0.0023382
0.00223738
0.00210842
0.00194191
0.00172244
0.00141958
0.000953369
0.000186959
0.000199202
0.000997844
0.00146813
0.00176978
0.00198621
0.00214883
0.00227352
0.00236991
0.00244458
0.00250229
0.00254663
0.00258041
0.00260587
0.00262479
0.00263865
0.00264863
0.00265568
0.00266055
0.00266386
0.00266605
0.00266746
0.00266835
0.00266889
0.0026692
0.00266937
0.00266946
0.00266949
0.00266949
0.00266948
0.00266947
0.00266945
0.00266944
0.00266943
0.00266942
0.00266942
0.00266943
0.00266944
0.00266947
0.0026695
0.00266953
0.00266958
0.00266964
0.0026697
0.00266977
0.00266986
0.00266995
0.00267005
0.00267016
0.00267028
0.0026704
0.00267053
0.00267066
0.00267078
0.00267087
0.00267091
0.00267088
0.00267071
0.00267032
0.00266961
0.00266841
0.00266651
0.0026636
0.00265929
0.00265308
0.00264432
0.00263223
0.00261583
0.00259393
0.00256508
0.00252752
0.00247906
0.00241698
0.00233776
0.00223678
0.00210766
0.00194099
0.00172138
0.00141843
0.000952258
0.00018667
0.000199383
0.000998481
0.00146885
0.0017705
0.00198691
0.00214951
0.00227416
0.00237052
0.00244516
0.00250283
0.00254713
0.00258088
0.0026063
0.0026252
0.00263903
0.00264898
0.00265601
0.00266087
0.00266417
0.00266635
0.00266775
0.00266863
0.00266917
0.00266948
0.00266965
0.00266973
0.00266976
0.00266977
0.00266976
0.00266974
0.00266973
0.00266972
0.00266971
0.00266971
0.00266971
0.00266972
0.00266974
0.00266976
0.0026698
0.00266984
0.0026699
0.00266996
0.00267003
0.00267011
0.0026702
0.0026703
0.00267041
0.00267054
0.00267067
0.0026708
0.00267095
0.00267109
0.00267122
0.00267133
0.0026714
0.00267138
0.00267122
0.00267085
0.00267015
0.00266896
0.00266706
0.00266415
0.00265982
0.00265358
0.00264479
0.00263264
0.00261617
0.00259418
0.00256522
0.00252754
0.00247894
0.0024167
0.00233731
0.00223615
0.00210685
0.00194001
0.00172025
0.0014172
0.000951061
0.000186359
0.000199575
0.000999154
0.00146961
0.00177127
0.00198766
0.00215023
0.00227485
0.00237117
0.00244577
0.0025034
0.00254766
0.00258137
0.00260676
0.00262562
0.00263942
0.00264935
0.00265636
0.00266121
0.00266449
0.00266666
0.00266805
0.00266893
0.00266946
0.00266977
0.00266994
0.00267002
0.00267005
0.00267005
0.00267004
0.00267003
0.00267002
0.00267001
0.00267
0.00267
0.00267001
0.00267002
0.00267004
0.00267008
0.00267012
0.00267017
0.00267023
0.0026703
0.00267037
0.00267046
0.00267056
0.00267068
0.0026708
0.00267093
0.00267108
0.00267123
0.00267139
0.00267155
0.0026717
0.00267183
0.00267191
0.00267191
0.00267178
0.00267143
0.00267075
0.00266957
0.00266767
0.00266475
0.00266042
0.00265415
0.00264532
0.00263311
0.00261656
0.00259448
0.00256541
0.00252759
0.00247884
0.00241643
0.00233685
0.0022355
0.00210599
0.00193896
0.00171903
0.00141587
0.00094977
0.000186024
0.000199777
0.000999864
0.00147041
0.00177208
0.00198845
0.00215099
0.00227557
0.00237186
0.00244641
0.002504
0.00254822
0.00258189
0.00260724
0.00262607
0.00263984
0.00264975
0.00265673
0.00266156
0.00266483
0.00266698
0.00266837
0.00266924
0.00266977
0.00267007
0.00267024
0.00267032
0.00267035
0.00267035
0.00267034
0.00267033
0.00267032
0.00267031
0.00267031
0.00267031
0.00267032
0.00267034
0.00267036
0.0026704
0.00267045
0.00267051
0.00267057
0.00267065
0.00267074
0.00267084
0.00267095
0.00267107
0.00267121
0.00267136
0.00267152
0.00267169
0.00267187
0.00267205
0.00267222
0.00267237
0.00267248
0.0026725
0.00267239
0.00267206
0.00267139
0.00267023
0.00266834
0.00266542
0.00266108
0.00265479
0.00264591
0.00263365
0.00261702
0.00259484
0.00256564
0.00252768
0.00247876
0.00241616
0.00233639
0.00223482
0.00210509
0.00193785
0.00171773
0.00141444
0.000948377
0.000185663
0.000199991
0.00100061
0.00147126
0.00177293
0.00198929
0.0021518
0.00227634
0.00237258
0.00244709
0.00250463
0.00254881
0.00258244
0.00260775
0.00262655
0.00264029
0.00265016
0.00265713
0.00266194
0.00266519
0.00266733
0.00266871
0.00266957
0.0026701
0.0026704
0.00267056
0.00267063
0.00267066
0.00267067
0.00267066
0.00267065
0.00267064
0.00267063
0.00267063
0.00267063
0.00267065
0.00267067
0.0026707
0.00267074
0.0026708
0.00267086
0.00267094
0.00267102
0.00267112
0.00267123
0.00267135
0.00267149
0.00267164
0.00267181
0.00267199
0.00267218
0.00267237
0.00267258
0.00267278
0.00267295
0.00267309
0.00267314
0.00267305
0.00267275
0.00267211
0.00267096
0.00266909
0.00266617
0.00266182
0.0026555
0.00264659
0.00263427
0.00261755
0.00259526
0.00256594
0.00252781
0.00247872
0.00241591
0.00233592
0.00223411
0.00210414
0.00193666
0.00171634
0.0014129
0.000946871
0.000185273
0.000200215
0.00100141
0.00147215
0.00177383
0.00199017
0.00215265
0.00227715
0.00237335
0.00244781
0.00250531
0.00254944
0.00258303
0.0026083
0.00262705
0.00264076
0.00265061
0.00265755
0.00266234
0.00266557
0.0026677
0.00266907
0.00266993
0.00267044
0.00267074
0.00267089
0.00267097
0.002671
0.002671
0.00267099
0.00267098
0.00267097
0.00267097
0.00267097
0.00267097
0.00267099
0.00267102
0.00267105
0.0026711
0.00267116
0.00267123
0.00267132
0.00267141
0.00267152
0.00267164
0.00267178
0.00267193
0.0026721
0.00267228
0.00267248
0.00267269
0.00267292
0.00267315
0.00267337
0.00267358
0.00267375
0.00267383
0.00267377
0.0026735
0.00267289
0.00267177
0.00266991
0.00266701
0.00266265
0.00265631
0.00264736
0.00263497
0.00261817
0.00259577
0.0025663
0.00252801
0.00247872
0.00241569
0.00233545
0.00223338
0.00210314
0.0019354
0.00171484
0.00141124
0.00094524
0.000184851
0.000200453
0.00100224
0.00147309
0.00177478
0.0019911
0.00215355
0.00227801
0.00237416
0.00244858
0.00250603
0.00255011
0.00258365
0.00260887
0.00262759
0.00264127
0.00265108
0.00265799
0.00266276
0.00266598
0.00266809
0.00266945
0.0026703
0.00267081
0.0026711
0.00267125
0.00267132
0.00267135
0.00267135
0.00267134
0.00267133
0.00267132
0.00267132
0.00267132
0.00267133
0.00267135
0.00267138
0.00267142
0.00267148
0.00267155
0.00267163
0.00267172
0.00267182
0.00267194
0.00267208
0.00267223
0.0026724
0.00267259
0.00267279
0.00267301
0.00267325
0.0026735
0.00267376
0.00267402
0.00267426
0.00267446
0.00267458
0.00267456
0.00267433
0.00267375
0.00267267
0.00267083
0.00266794
0.00266358
0.00265723
0.00264823
0.00263578
0.0026189
0.00259637
0.00256675
0.00252828
0.00247877
0.0024155
0.00233499
0.00223263
0.00210209
0.00193406
0.00171323
0.00140945
0.000943471
0.000184394
0.000200703
0.00100312
0.00147408
0.00177579
0.00199208
0.0021545
0.00227892
0.00237503
0.00244939
0.00250679
0.00255082
0.00258431
0.00260949
0.00262817
0.0026418
0.00265159
0.00265847
0.00266321
0.00266641
0.00266851
0.00266986
0.0026707
0.0026712
0.00267148
0.00267163
0.0026717
0.00267172
0.00267172
0.00267171
0.0026717
0.00267169
0.00267169
0.00267169
0.0026717
0.00267173
0.00267176
0.00267181
0.00267187
0.00267195
0.00267203
0.00267214
0.00267225
0.00267239
0.00267254
0.00267271
0.00267289
0.0026731
0.00267333
0.00267357
0.00267384
0.00267412
0.00267441
0.0026747
0.00267499
0.00267523
0.00267539
0.00267542
0.00267523
0.0026747
0.00267365
0.00267185
0.00266897
0.00266462
0.00265826
0.00264923
0.00263672
0.00261974
0.00259709
0.00256731
0.00252864
0.0024789
0.00241536
0.00233455
0.00223187
0.002101
0.00193263
0.00171151
0.00140751
0.000941547
0.000183897
0.000200967
0.00100405
0.00147513
0.00177685
0.00199312
0.0021555
0.00227988
0.00237594
0.00245026
0.0025076
0.00255158
0.00258502
0.00261015
0.00262878
0.00264238
0.00265212
0.00265898
0.0026637
0.00266687
0.00266896
0.00267029
0.00267112
0.00267161
0.00267188
0.00267203
0.00267209
0.00267211
0.00267211
0.0026721
0.00267208
0.00267207
0.00267207
0.00267208
0.00267209
0.00267212
0.00267216
0.00267221
0.00267228
0.00267236
0.00267246
0.00267257
0.0026727
0.00267285
0.00267302
0.0026732
0.00267341
0.00267364
0.00267389
0.00267417
0.00267446
0.00267478
0.00267511
0.00267544
0.00267577
0.00267606
0.00267628
0.00267636
0.00267622
0.00267574
0.00267474
0.00267298
0.00267013
0.00266579
0.00265942
0.00265036
0.00263779
0.00262072
0.00259794
0.00256799
0.00252911
0.00247911
0.00241528
0.00233414
0.0022311
0.00209985
0.00193111
0.00170965
0.0014054
0.000939448
0.000183356
0.000201245
0.00100504
0.00147624
0.00177797
0.00199423
0.00215657
0.0022809
0.00237691
0.00245117
0.00250846
0.00255239
0.00258577
0.00261085
0.00262944
0.00264299
0.0026527
0.00265952
0.00266421
0.00266737
0.00266943
0.00267075
0.00267156
0.00267204
0.00267231
0.00267245
0.00267251
0.00267252
0.00267252
0.0026725
0.00267249
0.00267248
0.00267247
0.00267248
0.0026725
0.00267253
0.00267257
0.00267263
0.00267271
0.0026728
0.0026729
0.00267303
0.00267317
0.00267333
0.00267352
0.00267372
0.00267395
0.00267421
0.00267449
0.00267479
0.00267512
0.00267548
0.00267585
0.00267623
0.00267661
0.00267696
0.00267724
0.00267738
0.00267731
0.00267689
0.00267594
0.00267423
0.00267143
0.00266711
0.00266075
0.00265166
0.00263904
0.00262187
0.00259895
0.00256883
0.00252971
0.00247944
0.00241529
0.00233378
0.00223034
0.00209867
0.0019295
0.00170765
0.00140311
0.000937154
0.000182766
0.00020154
0.00100608
0.00147741
0.00177916
0.00199539
0.0021577
0.00228199
0.00237795
0.00245215
0.00250938
0.00255325
0.00258658
0.0026116
0.00263014
0.00264364
0.00265331
0.0026601
0.00266476
0.00266789
0.00266994
0.00267124
0.00267204
0.00267251
0.00267276
0.00267289
0.00267294
0.00267295
0.00267294
0.00267293
0.00267291
0.0026729
0.00267289
0.0026729
0.00267292
0.00267295
0.002673
0.00267307
0.00267315
0.00267325
0.00267336
0.0026735
0.00267366
0.00267383
0.00267404
0.00267426
0.00267452
0.0026748
0.00267511
0.00267545
0.00267582
0.00267622
0.00267664
0.00267708
0.00267751
0.00267793
0.00267828
0.00267849
0.00267849
0.00267815
0.00267727
0.00267563
0.00267288
0.0026686
0.00266225
0.00265315
0.00264047
0.00262322
0.00260016
0.00256984
0.00253049
0.00247991
0.0024154
0.00233348
0.00222959
0.00209744
0.00192779
0.00170549
0.00140062
0.000934636
0.000182119
0.000201851
0.00100719
0.00147866
0.00178041
0.00199663
0.0021589
0.00228314
0.00237904
0.00245319
0.00251036
0.00255417
0.00258743
0.0026124
0.00263088
0.00264434
0.00265397
0.00266072
0.00266535
0.00266845
0.00267048
0.00267176
0.00267254
0.00267299
0.00267324
0.00267336
0.0026734
0.00267341
0.00267339
0.00267337
0.00267335
0.00267333
0.00267333
0.00267334
0.00267336
0.00267339
0.00267345
0.00267352
0.0026736
0.00267371
0.00267384
0.00267399
0.00267416
0.00267435
0.00267457
0.00267482
0.0026751
0.00267541
0.00267576
0.00267614
0.00267655
0.002677
0.00267747
0.00267797
0.00267848
0.00267896
0.00267939
0.00267969
0.00267978
0.00267953
0.00267874
0.00267718
0.0026745
0.00267028
0.00266396
0.00265486
0.00264214
0.0026248
0.0026016
0.00257109
0.00253147
0.00248057
0.00241567
0.00233329
0.00222889
0.00209619
0.00192599
0.00170317
0.00139789
0.000931864
0.000181408
0.000202181
0.00100836
0.00147997
0.00178175
0.00199795
0.00216018
0.00228437
0.00238022
0.0024543
0.0025114
0.00255515
0.00258835
0.00261326
0.00263168
0.00264509
0.00265467
0.00266138
0.00266598
0.00266905
0.00267105
0.00267231
0.00267307
0.00267351
0.00267374
0.00267385
0.00267389
0.00267388
0.00267386
0.00267383
0.0026738
0.00267379
0.00267378
0.00267379
0.00267381
0.00267385
0.0026739
0.00267398
0.00267407
0.00267419
0.00267432
0.00267449
0.00267467
0.00267488
0.00267513
0.0026754
0.00267571
0.00267605
0.00267643
0.00267685
0.00267731
0.00267781
0.00267835
0.00267892
0.0026795
0.00268007
0.00268059
0.002681
0.00268118
0.00268104
0.00268036
0.0026789
0.00267632
0.00267217
0.0026659
0.00265681
0.00264408
0.00262666
0.00260333
0.00257261
0.00253272
0.00248146
0.00241612
0.00233324
0.00222826
0.00209493
0.00192409
0.00170066
0.00139491
0.0009288
0.000180623
0.000202531
0.0010096
0.00148137
0.00178316
0.00199934
0.00216154
0.00228568
0.00238147
0.00245549
0.00251252
0.0025562
0.00258933
0.00261418
0.00263254
0.00264589
0.00265542
0.00266209
0.00266664
0.00266968
0.00267165
0.00267289
0.00267363
0.00267405
0.00267427
0.00267437
0.00267439
0.00267438
0.00267434
0.00267431
0.00267428
0.00267426
0.00267425
0.00267425
0.00267427
0.00267431
0.00267437
0.00267445
0.00267455
0.00267467
0.00267482
0.002675
0.0026752
0.00267543
0.00267569
0.00267599
0.00267633
0.00267671
0.00267713
0.0026776
0.00267811
0.00267867
0.00267928
0.00267992
0.00268059
0.00268126
0.00268188
0.00268241
0.00268271
0.0026827
0.00268215
0.00268082
0.00267835
0.0026743
0.00266811
0.00265907
0.00264633
0.00262885
0.00260539
0.00257447
0.00253429
0.00248265
0.00241683
0.00233338
0.00222774
0.00209369
0.0019221
0.00169795
0.00139163
0.000925399
0.000179754
0.000202902
0.00101092
0.00148285
0.00178467
0.00200083
0.00216299
0.00228708
0.0023828
0.00245675
0.00251372
0.00255732
0.00259038
0.00261516
0.00263346
0.00264675
0.00265622
0.00266284
0.00266736
0.00267036
0.0026723
0.00267351
0.00267423
0.00267463
0.00267483
0.00267491
0.00267492
0.00267489
0.00267485
0.00267481
0.00267477
0.00267474
0.00267473
0.00267473
0.00267475
0.00267479
0.00267485
0.00267493
0.00267504
0.00267517
0.00267533
0.00267551
0.00267573
0.00267598
0.00267627
0.0026766
0.00267697
0.00267738
0.00267785
0.00267836
0.00267894
0.00267956
0.00268024
0.00268097
0.00268174
0.00268252
0.00268327
0.00268392
0.00268438
0.00268451
0.00268412
0.00268294
0.00268063
0.00267672
0.00267064
0.00266167
0.00264895
0.00263144
0.00260788
0.00257676
0.00253628
0.00248423
0.00241788
0.00233378
0.00222739
0.00209251
0.00192003
0.00169503
0.00138802
0.000921606
0.000178787
0.000203297
0.00101232
0.00148443
0.00178628
0.00200242
0.00216454
0.00228857
0.00238423
0.00245811
0.002515
0.00255853
0.00259151
0.00261621
0.00263444
0.00264767
0.00265708
0.00266365
0.00266811
0.00267108
0.00267298
0.00267416
0.00267485
0.00267523
0.00267541
0.00267547
0.00267547
0.00267543
0.00267537
0.00267532
0.00267527
0.00267524
0.00267522
0.00267521
0.00267523
0.00267527
0.00267533
0.00267542
0.00267553
0.00267567
0.00267584
0.00267604
0.00267627
0.00267654
0.00267686
0.00267721
0.00267761
0.00267807
0.00267858
0.00267915
0.00267979
0.00268049
0.00268125
0.00268208
0.00268295
0.00268385
0.00268474
0.00268555
0.00268618
0.00268648
0.00268629
0.00268531
0.00268318
0.00267945
0.00267352
0.00266468
0.00265203
0.00263452
0.00261087
0.00257957
0.00253879
0.00248631
0.00241938
0.00233456
0.00222731
0.00209144
0.00191792
0.00169189
0.00138403
0.000917355
0.000177705
0.000203718
0.00101382
0.00148612
0.00178799
0.00200412
0.00216619
0.00229017
0.00238576
0.00245957
0.00251638
0.00255982
0.00259273
0.00261734
0.00263549
0.00264865
0.002658
0.00266451
0.00266893
0.00267184
0.00267371
0.00267485
0.00267551
0.00267587
0.00267602
0.00267606
0.00267604
0.00267598
0.00267592
0.00267585
0.00267579
0.00267574
0.00267572
0.00267571
0.00267572
0.00267576
0.00267582
0.00267591
0.00267603
0.00267617
0.00267635
0.00267656
0.00267682
0.00267711
0.00267744
0.00267783
0.00267827
0.00267876
0.00267932
0.00267995
0.00268065
0.00268143
0.00268229
0.00268322
0.00268422
0.00268526
0.00268631
0.0026873
0.00268813
0.00268864
0.00268867
0.00268793
0.00268604
0.00268254
0.00267683
0.00266816
0.00265564
0.00263818
0.0026145
0.00258305
0.00254197
0.00248904
0.00242149
0.00233585
0.00222759
0.00209057
0.0019158
0.00168852
0.00137962
0.000912566
0.000176487
0.000204168
0.00101541
0.00148792
0.00178983
0.00200594
0.00216797
0.00229189
0.00238741
0.00246114
0.00251786
0.00256122
0.00259403
0.00261856
0.00263663
0.00264971
0.00265899
0.00266543
0.00266979
0.00267266
0.00267448
0.00267558
0.00267621
0.00267653
0.00267666
0.00267668
0.00267663
0.00267656
0.00267647
0.00267639
0.00267632
0.00267626
0.00267623
0.00267621
0.00267622
0.00267625
0.00267631
0.0026764
0.00267652
0.00267667
0.00267686
0.00267709
0.00267735
0.00267767
0.00267803
0.00267844
0.00267892
0.00267946
0.00268007
0.00268076
0.00268154
0.0026824
0.00268336
0.00268441
0.00268554
0.00268674
0.00268797
0.00268916
0.00269022
0.002691
0.00269128
0.00269083
0.00268924
0.00268604
0.00268061
0.0026722
0.00265989
0.00264257
0.00261892
0.00258737
0.00254603
0.00249264
0.00242441
0.00233785
0.00222845
0.00209007
0.00191377
0.00168495
0.00137472
0.000907142
0.000175111
0.000204649
0.00101713
0.00148985
0.0017918
0.00200789
0.00216988
0.00229374
0.00238919
0.00246283
0.00251946
0.00256272
0.00259544
0.00261987
0.00263785
0.00265084
0.00266005
0.00266642
0.00267071
0.00267352
0.00267529
0.00267635
0.00267694
0.00267723
0.00267733
0.00267732
0.00267725
0.00267715
0.00267705
0.00267695
0.00267686
0.00267679
0.00267674
0.00267672
0.00267672
0.00267675
0.0026768
0.00267689
0.00267701
0.00267717
0.00267737
0.0026776
0.00267789
0.00267822
0.0026786
0.00267905
0.00267956
0.00268015
0.00268082
0.00268157
0.00268242
0.00268338
0.00268445
0.00268563
0.00268691
0.00268828
0.00268971
0.00269114
0.00269246
0.00269354
0.00269414
0.00269404
0.00269283
0.00269001
0.00268496
0.00267691
0.00266491
0.00264783
0.00262432
0.00259276
0.00255123
0.0024974
0.00242846
0.00234088
0.00223013
0.0020901
0.00191194
0.0016812
0.00136928
0.000900964
0.000173545
0.000205166
0.00101896
0.00149192
0.00179391
0.00200999
0.00217194
0.00229574
0.00239111
0.00246466
0.00252119
0.00256435
0.00259696
0.00262129
0.00263917
0.00265207
0.00266118
0.00266747
0.0026717
0.00267444
0.00267616
0.00267717
0.00267771
0.00267796
0.00267802
0.00267798
0.00267788
0.00267776
0.00267763
0.00267751
0.00267741
0.00267732
0.00267726
0.00267722
0.00267721
0.00267723
0.00267729
0.00267737
0.0026775
0.00267766
0.00267786
0.00267811
0.0026784
0.00267876
0.00267917
0.00267964
0.00268019
0.00268083
0.00268155
0.00268237
0.00268331
0.00268436
0.00268555
0.00268687
0.00268831
0.00268988
0.00269154
0.00269323
0.00269486
0.00269628
0.00269728
0.00269759
0.00269684
0.00269451
0.00268996
0.0026824
0.00267087
0.00265419
0.00263097
0.00259954
0.00255792
0.00250372
0.00243405
0.00234534
0.00223302
0.00209102
0.00191052
0.00167735
0.00136324
0.000893886
0.000171751
0.000205722
0.00102094
0.00149415
0.00179619
0.00201226
0.00217417
0.0022979
0.00239318
0.00246664
0.00252307
0.00256611
0.0025986
0.00262282
0.00264059
0.00265338
0.0026624
0.0026686
0.00267275
0.00267542
0.00267707
0.00267803
0.00267852
0.00267872
0.00267874
0.00267867
0.00267854
0.00267839
0.00267823
0.00267809
0.00267796
0.00267786
0.00267778
0.00267773
0.00267771
0.00267772
0.00267776
0.00267784
0.00267796
0.00267813
0.00267834
0.00267859
0.0026789
0.00267927
0.00267971
0.00268021
0.0026808
0.00268148
0.00268226
0.00268316
0.00268418
0.00268534
0.00268664
0.00268811
0.00268974
0.00269152
0.00269343
0.00269542
0.00269739
0.00269922
0.0027007
0.00270149
0.00270131
0.0026996
0.00269571
0.00268883
0.00267796
0.00266189
0.00263919
0.00260811
0.00256659
0.00251215
0.0024418
0.00235187
0.00223774
0.00209332
0.00190997
0.00167358
0.00135657
0.000885735
0.000169684
0.000206322
0.00102308
0.00149656
0.00179866
0.00201472
0.00217658
0.00230024
0.00239544
0.00246879
0.0025251
0.00256802
0.00260039
0.00262448
0.00264212
0.0026548
0.00266371
0.00266981
0.00267387
0.00267646
0.00267804
0.00267893
0.00267936
0.00267951
0.00267949
0.00267937
0.00267921
0.00267902
0.00267884
0.00267867
0.00267851
0.00267839
0.00267829
0.00267822
0.00267819
0.00267819
0.00267822
0.0026783
0.00267841
0.00267858
0.00267879
0.00267905
0.00267937
0.00267976
0.00268022
0.00268075
0.00268138
0.0026821
0.00268294
0.00268391
0.00268502
0.00268628
0.00268772
0.00268935
0.00269117
0.00269318
0.00269537
0.00269769
0.00270006
0.00270236
0.00270438
0.0027058
0.00270629
0.00270536
0.00270232
0.00269634
0.00268641
0.00267127
0.00264941
0.00261901
0.00257791
0.00252347
0.00245257
0.00236138
0.00224516
0.00209779
0.0019107
0.00167013
0.00134925
0.000876301
0.000167285
0.000206973
0.00102539
0.00149918
0.00180134
0.0020174
0.00217921
0.0023028
0.0023979
0.00247114
0.00252732
0.0025701
0.00260232
0.00262627
0.00264378
0.00265632
0.00266511
0.0026711
0.00267506
0.00267756
0.00267906
0.00267987
0.00268024
0.00268033
0.00268026
0.0026801
0.00267989
0.00267967
0.00267945
0.00267924
0.00267906
0.00267891
0.00267879
0.0026787
0.00267865
0.00267864
0.00267866
0.00267873
0.00267884
0.002679
0.00267921
0.00267948
0.00267981
0.00268021
0.00268068
0.00268125
0.00268191
0.00268268
0.00268357
0.00268461
0.00268581
0.00268718
0.00268876
0.00269056
0.00269258
0.00269485
0.00269734
0.00270003
0.00270285
0.00270567
0.00270832
0.00271052
0.00271182
0.00271186
0.00270992
0.00270515
0.00269652
0.00268272
0.00266217
0.00263296
0.00259275
0.00253875
0.00246758
0.00237518
0.0022566
0.00210561
0.0019137
0.00166755
0.00134134
0.000865337
0.000164482
0.000207681
0.0010279
0.00150202
0.00180426
0.00202032
0.00218209
0.0023056
0.00240059
0.0024737
0.00252974
0.00257236
0.00260443
0.00262822
0.00264557
0.00265797
0.00266662
0.00267248
0.00267632
0.00267872
0.00268013
0.00268086
0.00268115
0.00268118
0.00268105
0.00268084
0.00268058
0.00268031
0.00268006
0.00267982
0.00267961
0.00267942
0.00267928
0.00267917
0.00267909
0.00267906
0.00267907
0.00267912
0.00267923
0.00267938
0.00267959
0.00267986
0.0026802
0.00268061
0.0026811
0.00268169
0.00268238
0.00268319
0.00268414
0.00268525
0.00268654
0.00268802
0.00268974
0.00269171
0.00269395
0.00269649
0.00269931
0.00270241
0.00270572
0.00270914
0.00271252
0.00271558
0.00271797
0.00271916
0.00271863
0.00271546
0.00270861
0.00269673
0.00267816
0.00265086
0.00261231
0.00255944
0.00248854
0.00239517
0.00227402
0.00211859
0.00192045
0.00166685
0.00133303
0.000852567
0.000161188
0.000208454
0.00103064
0.00150513
0.00180746
0.00202351
0.00218524
0.00230866
0.00240354
0.0024765
0.00253238
0.00257483
0.00260672
0.00263033
0.0026475
0.00265973
0.00266823
0.00267395
0.00267766
0.00267995
0.00268125
0.00268188
0.0026821
0.00268206
0.00268186
0.00268158
0.00268127
0.00268096
0.00268066
0.00268038
0.00268013
0.00267992
0.00267974
0.0026796
0.0026795
0.00267945
0.00267944
0.00267948
0.00267957
0.00267971
0.00267992
0.00268018
0.00268052
0.00268094
0.00268145
0.00268205
0.00268277
0.00268363
0.00268463
0.0026858
0.00268717
0.00268877
0.00269063
0.00269277
0.00269524
0.00269806
0.00270123
0.00270477
0.00270863
0.00271273
0.00271694
0.00272103
0.00272468
0.00272739
0.00272857
0.0027275
0.00272305
0.00271386
0.00269819
0.00267385
0.00263807
0.00258743
0.00251773
0.00242396
0.00230014
0.00213934
0.00193297
0.00166893
0.00132456
0.000837641
0.000157289
0.000209303
0.00103364
0.00150854
0.00181097
0.00202703
0.00218871
0.00231204
0.00240678
0.00247959
0.00253528
0.00257753
0.00260922
0.00263262
0.00264959
0.00266163
0.00266995
0.00267551
0.00267908
0.00268123
0.00268241
0.00268294
0.00268306
0.00268294
0.00268267
0.00268233
0.00268196
0.00268159
0.00268124
0.00268091
0.00268062
0.00268037
0.00268016
0.00268
0.00267987
0.00267979
0.00267976
0.00267978
0.00267985
0.00267998
0.00268018
0.00268044
0.00268077
0.00268119
0.00268171
0.00268233
0.00268307
0.00268396
0.00268501
0.00268624
0.00268769
0.0026894
0.00269139
0.00269371
0.0026964
0.00269951
0.00270305
0.00270706
0.00271151
0.00271636
0.00272151
0.00272679
0.00273192
0.00273649
0.00273992
0.00274148
0.00274023
0.00273473
0.00272318
0.00270324
0.00267183
0.00262506
0.00255806
0.00246488
0.00233856
0.0021713
0.00195405
0.00167557
0.00131607
0.000819992
0.000152622
0.00021024
0.00103694
0.0015123
0.00181485
0.00203093
0.00219254
0.00231576
0.00241036
0.00248298
0.00253846
0.00258049
0.00261193
0.0026351
0.00265184
0.00266367
0.00267178
0.00267716
0.00268056
0.00268256
0.0026836
0.00268401
0.00268404
0.00268382
0.00268347
0.00268305
0.00268262
0.00268219
0.00268178
0.00268141
0.00268107
0.00268078
0.00268053
0.00268033
0.00268018
0.00268007
0.00268001
0.00268001
0.00268006
0.00268017
0.00268035
0.0026806
0.00268093
0.00268134
0.00268186
0.00268249
0.00268325
0.00268416
0.00268525
0.00268653
0.00268806
0.00268986
0.00269198
0.00269447
0.00269739
0.00270079
0.00270471
0.0027092
0.00271429
0.00271996
0.00272617
0.0027328
0.00273965
0.00274643
0.00275266
0.00275768
0.00276047
0.00275994
0.0027541
0.00274045
0.00271558
0.00267497
0.00261278
0.00252176
0.00239332
0.00221821
0.00198635
0.00168787
0.00130653
0.000798288
0.000146893
0.00021128
0.0010406
0.00151646
0.00181916
0.00203525
0.0021968
0.0023199
0.00241432
0.00248672
0.00254196
0.00258372
0.00261489
0.00263778
0.00265426
0.00266583
0.00267372
0.00267888
0.00268209
0.00268392
0.00268481
0.00268509
0.002685
0.00268468
0.00268424
0.00268374
0.00268323
0.00268273
0.00268227
0.00268184
0.00268146
0.00268112
0.00268083
0.00268059
0.00268039
0.00268025
0.00268017
0.00268013
0.00268016
0.00268025
0.00268041
0.00268064
0.00268095
0.00268136
0.00268187
0.0026825
0.00268327
0.0026842
0.00268531
0.00268664
0.00268823
0.00269011
0.00269235
0.002695
0.00269813
0.00270181
0.00270611
0.0027111
0.00271685
0.0027234
0.00273076
0.00273891
0.00274776
0.00275713
0.00276672
0.00277601
0.00278427
0.00278997
0.00279176
0.00278674
0.00277111
0.00273955
0.0026849
0.00259794
0.00246757
0.00228221
0.00202999
0.00169882
0.00128994
0.000768598
0.000139463
0.000212442
0.00104467
0.00152111
0.00182396
0.00204007
0.00220155
0.0023245
0.00241871
0.00249085
0.00254579
0.00258724
0.00261809
0.00264066
0.00265683
0.00266811
0.00267573
0.00268065
0.00268365
0.00268528
0.002686
0.00268615
0.00268593
0.00268549
0.00268495
0.00268436
0.00268377
0.0026832
0.00268267
0.00268218
0.00268174
0.00268135
0.00268101
0.00268072
0.00268049
0.00268031
0.00268019
0.00268012
0.00268012
0.00268018
0.00268031
0.00268052
0.00268082
0.00268121
0.00268171
0.00268233
0.00268309
0.00268403
0.00268515
0.00268651
0.00268815
0.0026901
0.00269244
0.00269523
0.00269855
0.0027025
0.00270716
0.00271265
0.00271907
0.00272653
0.00273513
0.00274496
0.00275605
0.00276843
0.00278197
0.00279642
0.0028112
0.00282529
0.0028368
0.00284277
0.00283939
0.00282009
0.00277573
0.0026941
0.00256017
0.00235878
0.00206622
0.00169275
0.00124683
0.000719594
0.000128878
0.000213748
0.00104923
0.00152631
0.00182935
0.00204547
0.00220685
0.00232962
0.00242357
0.0024954
0.00254999
0.00259106
0.00262153
0.00264372
0.00265954
0.00267048
0.0026778
0.00268244
0.00268519
0.00268661
0.00268714
0.00268713
0.00268676
0.0026862
0.00268555
0.00268486
0.00268418
0.00268353
0.00268293
0.00268237
0.00268187
0.00268143
0.00268104
0.0026807
0.00268042
0.0026802
0.00268004
0.00267994
0.0026799
0.00267993
0.00268002
0.0026802
0.00268047
0.00268083
0.00268131
0.00268191
0.00268266
0.00268359
0.00268472
0.00268609
0.00268775
0.00268976
0.00269217
0.00269507
0.00269856
0.00270275
0.00270775
0.00271371
0.00272079
0.00272918
0.00273907
0.00275068
0.00276425
0.00277999
0.00279809
0.00281855
0.00284115
0.00286509
0.00288871
0.00290891
0.00291956
0.00291516
0.00288243
0.00280412
0.00265853
0.00241229
0.00206157
0.00161731
0.00112909
0.00062351
0.000112045
0.000215227
0.00105436
0.00153218
0.00183541
0.00205154
0.00221279
0.00233533
0.00242896
0.00250041
0.00255457
0.00259518
0.00262519
0.00264695
0.00266234
0.0026729
0.00267986
0.0026842
0.00268666
0.00268783
0.00268817
0.00268797
0.00268745
0.00268675
0.00268598
0.00268518
0.00268441
0.00268367
0.00268299
0.00268237
0.0026818
0.0026813
0.00268085
0.00268047
0.00268014
0.00267987
0.00267966
0.00267951
0.00267943
0.00267941
0.00267947
0.00267961
0.00267984
0.00268017
0.00268062
0.00268119
0.00268192
0.00268282
0.00268394
0.0026853
0.00268697
0.002689
0.00269146
0.00269445
0.00269807
0.00270245
0.00270774
0.00271414
0.00272185
0.00273114
0.00274233
0.0027558
0.00277199
0.00279139
0.00281451
0.00284174
0.00287321
0.00290845
0.0029459
0.0029822
0.00300922
0.00301848
0.00299441
0.00290798
0.0027152
0.00239868
0.00193104
0.0013721
0.000858527
0.000436162
8.48377e-05
0.000216914
0.00106017
0.00153882
0.00184227
0.00205838
0.00221946
0.00234169
0.00243491
0.00250588
0.00255951
0.00259958
0.00262904
0.00265027
0.00266517
0.00267528
0.00268184
0.00268582
0.00268797
0.00268887
0.00268899
0.0026886
0.0026879
0.00268706
0.00268615
0.00268524
0.00268437
0.00268355
0.00268278
0.00268209
0.00268145
0.00268088
0.00268037
0.00267993
0.00267954
0.00267922
0.00267895
0.00267876
0.00267863
0.00267857
0.00267859
0.00267868
0.00267887
0.00267915
0.00267955
0.00268009
0.00268078
0.00268165
0.00268273
0.00268407
0.00268572
0.00268775
0.00269023
0.00269326
0.00269697
0.0027015
0.00270703
0.00271379
0.00272206
0.0027322
0.00274465
0.00275997
0.00277883
0.00280205
0.00283047
0.00286493
0.00290593
0.00295326
0.00300532
0.00305791
0.00310064
0.0031178
0.00308889
0.00295865
0.00268475
0.00221979
0.00157348
0.00104369
0.00062763
0.000249496
5.43376e-05
0.000218851
0.0010668
0.00154638
0.00185006
0.0020661
0.00222693
0.00234874
0.00244144
0.0025118
0.00256478
0.00260418
0.00263299
0.0026536
0.00266793
0.00267752
0.00268362
0.0026872
0.002689
0.00268962
0.00268949
0.00268888
0.00268801
0.00268701
0.00268597
0.00268495
0.00268397
0.00268305
0.0026822
0.00268142
0.00268071
0.00268007
0.0026795
0.00267899
0.00267854
0.00267816
0.00267785
0.0026776
0.00267742
0.00267731
0.00267727
0.00267732
0.00267745
0.00267769
0.00267804
0.00267852
0.00267916
0.00267998
0.00268102
0.00268231
0.00268393
0.00268592
0.00268838
0.00269142
0.00269517
0.00269979
0.00270549
0.00271255
0.00272129
0.00273218
0.00274579
0.00276285
0.00278431
0.00281128
0.00284501
0.0028867
0.00293722
0.00299649
0.00306248
0.00312939
0.00317981
0.00319357
0.00312881
0.00291519
0.00248169
0.00184911
0.00135076
0.00100882
0.000620684
0.000216724
4.76628e-05
0.000221092
0.00107439
0.00155501
0.0018589
0.00207481
0.00223527
0.00235653
0.00244854
0.00251813
0.0025703
0.00260889
0.00263691
0.00265679
0.00267046
0.00267947
0.00268505
0.00268818
0.0026896
0.00268991
0.00268952
0.0026887
0.00268764
0.00268649
0.00268531
0.00268416
0.00268307
0.00268205
0.00268111
0.00268025
0.00267947
0.00267876
0.00267812
0.00267755
0.00267705
0.00267661
0.00267624
0.00267593
0.0026757
0.00267553
0.00267545
0.00267544
0.00267552
0.0026757
0.00267599
0.00267641
0.00267699
0.00267775
0.00267873
0.00267996
0.00268151
0.00268345
0.00268587
0.00268887
0.00269261
0.00269726
0.00270306
0.00271032
0.00271943
0.00273094
0.00274554
0.00276416
0.00278799
0.00281842
0.00285705
0.00290543
0.00296459
0.00303429
0.00311141
0.00318709
0.00323053
0.00322216
0.00308333
0.00272076
0.0021317
0.00167655
0.00150114
0.00141215
0.000954767
0.00032132
8.4767e-05
0.0002237
0.00108312
0.0015649
0.00186895
0.00208461
0.00224452
0.00236503
0.00245615
0.00252475
0.00257592
0.00261353
0.00264063
0.00265966
0.00267257
0.00268091
0.00268593
0.00268856
0.00268958
0.00268959
0.00268894
0.00268789
0.00268664
0.00268531
0.00268399
0.00268272
0.00268153
0.00268042
0.0026794
0.00267846
0.00267761
0.00267683
0.00267613
0.0026755
0.00267494
0.00267445
0.00267403
0.00267367
0.00267338
0.00267317
0.00267302
0.00267296
0.00267299
0.00267311
0.00267334
0.00267371
0.00267422
0.00267491
0.00267582
0.00267698
0.00267846
0.00268032
0.00268267
0.0026856
0.00268929
0.00269392
0.00269974
0.00270711
0.00271646
0.00272843
0.00274382
0.00276372
0.00278951
0.00282288
0.00286563
0.0029195
0.00298548
0.00306264
0.0031459
0.00321851
0.00324506
0.00318416
0.00292841
0.0023914
0.00198141
0.00200206
0.00225949
0.00228508
0.00172675
0.000697383
0.000253043
0.000226751
0.0010932
0.00157622
0.00188033
0.00209555
0.00225468
0.00237417
0.00246412
0.0025315
0.00258144
0.00261788
0.0026439
0.00266196
0.00267401
0.00268162
0.00268602
0.00268815
0.00268879
0.00268847
0.00268752
0.00268624
0.0026848
0.00268333
0.00268188
0.00268051
0.00267922
0.00267803
0.00267694
0.00267594
0.00267502
0.0026742
0.00267344
0.00267277
0.00267216
0.00267163
0.00267116
0.00267076
0.00267043
0.00267017
0.00266998
0.00266988
0.00266986
0.00266993
0.00267011
0.00267042
0.00267087
0.0026715
0.00267234
0.00267342
0.00267482
0.0026766
0.00267885
0.0026817
0.00268531
0.00268987
0.00269566
0.00270304
0.00271252
0.00272477
0.00274071
0.00276155
0.00278881
0.00282433
0.00287008
0.00292772
0.00299787
0.00307847
0.00316184
0.00321798
0.00321834
0.0030835
0.00269611
0.00222434
0.00216671
0.00272047
0.00307912
0.00312933
0.00268803
0.0013435
0.000601899
0.000230334
0.00110484
0.00158914
0.00189315
0.00210765
0.00226567
0.0023838
0.00247226
0.00253812
0.00258658
0.00262163
0.00264641
0.00266337
0.00267449
0.00268134
0.00268512
0.00268673
0.00268696
0.00268629
0.00268508
0.0026836
0.00268201
0.00268041
0.00267886
0.00267741
0.00267606
0.00267481
0.00267367
0.00267263
0.00267169
0.00267083
0.00267005
0.00266935
0.00266872
0.00266817
0.00266768
0.00266726
0.00266691
0.00266663
0.00266642
0.00266629
0.00266624
0.00266628
0.00266643
0.0026667
0.00266711
0.00266769
0.00266847
0.0026695
0.00267082
0.00267252
0.00267469
0.00267745
0.00268096
0.00268543
0.00269114
0.00269848
0.00270798
0.00272036
0.0027366
0.00275799
0.00278616
0.00282297
0.00287033
0.00292971
0.00300096
0.00308039
0.00315661
0.00319429
0.00315869
0.00295333
0.00249926
0.00222325
0.00238007
0.00322336
0.00372675
0.00386583
0.00361846
0.00218029
0.000997882
0.000234545
0.00111825
0.00160382
0.00190745
0.00212084
0.00227732
0.00239366
0.00248024
0.00254424
0.00259096
0.00262443
0.00264782
0.0026636
0.00267378
0.00267985
0.00268294
0.00268404
0.0026839
0.00268294
0.00268152
0.00267989
0.00267818
0.00267651
0.00267491
0.00267342
0.00267205
0.0026708
0.00266966
0.00266863
0.0026677
0.00266685
0.00266609
0.00266542
0.00266481
0.00266428
0.00266381
0.00266342
0.00266309
0.00266283
0.00266264
0.00266253
0.00266249
0.00266255
0.0026627
0.00266298
0.00266338
0.00266395
0.00266472
0.00266572
0.00266701
0.00266866
0.00267077
0.00267346
0.00267689
0.00268127
0.00268689
0.00269416
0.00270361
0.00271599
0.00273231
0.0027539
0.00278239
0.00281964
0.00286736
0.00292652
0.00299616
0.00307116
0.00313438
0.00315355
0.00308391
0.00283417
0.00237161
0.00216871
0.00241834
0.00334104
0.00420397
0.00456685
0.00447797
0.00297751
0.00130365
0.000239488
0.00113364
0.00162034
0.00192316
0.00213492
0.00228931
0.00240336
0.00248764
0.00254945
0.00259417
0.0026259
0.0026478
0.00266243
0.00267161
0.00267685
0.00267933
0.00268002
0.00267956
0.0026784
0.00267686
0.00267515
0.00267343
0.00267176
0.0026702
0.00266877
0.00266746
0.00266629
0.00266523
0.00266429
0.00266345
0.00266271
0.00266205
0.00266148
0.00266098
0.00266055
0.00266019
0.0026599
0.00265967
0.00265951
0.00265942
0.00265941
0.00265947
0.00265961
0.00265985
0.0026602
0.00266068
0.00266131
0.00266213
0.00266317
0.0026645
0.00266617
0.00266829
0.00267097
0.00267438
0.00267872
0.00268429
0.00269149
0.00270087
0.00271318
0.00272943
0.00275093
0.00277928
0.00281618
0.00286309
0.00292042
0.00298624
0.00305394
0.0031023
0.00310653
0.00301377
0.00274595
0.00228665
0.0020721
0.00228952
0.00320829
0.00438463
0.00520732
0.00530974
0.00376658
0.00157328
0.000245269
0.00115113
0.00163867
0.0019401
0.00214956
0.00230122
0.00241242
0.00249396
0.00255328
0.00259582
0.00262571
0.0026462
0.00265958
0.00266781
0.00267236
0.00267436
0.00267476
0.00267414
0.00267292
0.00267139
0.00266977
0.00266817
0.00266666
0.00266528
0.00266405
0.00266297
0.00266202
0.0026612
0.0026605
0.0026599
0.00265941
0.00265901
0.00265868
0.00265844
0.00265827
0.00265816
0.00265813
0.00265815
0.00265824
0.0026584
0.00265862
0.00265892
0.00265929
0.00265976
0.00266032
0.00266101
0.00266183
0.00266283
0.00266405
0.00266553
0.00266735
0.0026696
0.00267239
0.00267589
0.00268031
0.00268593
0.00269315
0.00270251
0.00271476
0.00273087
0.00275213
0.00278003
0.00281611
0.00286146
0.00291593
0.00297671
0.0030361
0.00307204
0.00306473
0.00296294
0.00270624
0.00227909
0.00200891
0.00213263
0.00299295
0.00440237
0.00571118
0.00609426
0.00455953
0.00183151
0.000251983
0.00117079
0.00165866
0.00195791
0.00216425
0.00231246
0.00242028
0.00249872
0.00255534
0.00259564
0.00262382
0.00264282
0.00265514
0.00266263
0.00266671
0.00266847
0.00266881
0.00266826
0.00266722
0.00266597
0.00266468
0.00266346
0.00266238
0.00266145
0.00266069
0.00266009
0.00265964
0.00265934
0.00265916
0.00265909
0.00265913
0.00265925
0.00265943
0.0026597
0.00266003
0.00266044
0.00266091
0.00266144
0.00266204
0.0026627
0.00266342
0.00266421
0.00266508
0.00266602
0.00266706
0.00266821
0.0026695
0.00267094
0.00267259
0.00267449
0.0026767
0.00267932
0.00268246
0.00268628
0.00269099
0.00269686
0.00270428
0.00271377
0.00272604
0.00274205
0.002763
0.00279027
0.00282523
0.00286874
0.00292022
0.00297617
0.00302782
0.00305516
0.00304046
0.00294206
0.0027155
0.00234471
0.00204376
0.00208566
0.00287055
0.00433757
0.00601996
0.00678366
0.00532913
0.00205915
0.000259711
0.00119253
0.00167996
0.00197605
0.00217835
0.0023224
0.00242639
0.00250155
0.00255548
0.00259377
0.00262028
0.00263817
0.00264977
0.00265688
0.00266088
0.00266281
0.00266347
0.00266341
0.002663
0.00266247
0.00266198
0.00266162
0.00266144
0.00266144
0.00266159
0.00266191
0.00266242
0.00266308
0.0026639
0.00266485
0.00266592
0.0026671
0.00266838
0.00266974
0.00267119
0.0026727
0.00267427
0.00267591
0.0026776
0.00267934
0.00268114
0.00268299
0.0026849
0.00268688
0.00268894
0.00269108
0.00269334
0.00269574
0.00269832
0.00270112
0.00270421
0.00270767
0.00271162
0.0027162
0.00272162
0.00272814
0.00273613
0.00274608
0.00275866
0.00277477
0.0027955
0.00282214
0.00285587
0.00289729
0.0029455
0.00299673
0.00304259
0.00306502
0.00304747
0.0029564
0.00276174
0.00246779
0.00218392
0.00221156
0.00285568
0.00431703
0.00616649
0.00731929
0.00602216
0.00227323
0.000268522
0.00121611
0.00170202
0.00199379
0.00219112
0.00233048
0.0024305
0.00250255
0.00255421
0.00259079
0.00261628
0.00263365
0.00264515
0.00265255
0.00265714
0.00265994
0.00266169
0.00266289
0.0026638
0.00266469
0.00266572
0.00266697
0.0026685
0.0026703
0.00267241
0.00267478
0.00267739
0.00268022
0.00268324
0.00268643
0.00268977
0.00269324
0.00269683
0.00270051
0.00270428
0.00270811
0.00271201
0.00271597
0.00271996
0.00272399
0.00272806
0.00273216
0.00273629
0.00274045
0.00274466
0.00274893
0.00275326
0.0027577
0.00276226
0.00276701
0.00277198
0.00277728
0.00278299
0.00278926
0.00279627
0.00280427
0.0028136
0.0028247
0.00283818
0.00285484
0.00287567
0.0029018
0.00293427
0.00297351
0.00301846
0.0030653
0.00310566
0.00312392
0.00310467
0.00302284
0.00286016
0.00262688
0.0024089
0.0024502
0.00298277
0.00431269
0.00622921
0.00772194
0.00666493
0.00247528
0.000278468
0.00124109
0.0017241
0.00201033
0.002202
0.0023366
0.00243309
0.00250283
0.00255311
0.00258912
0.00261469
0.00263266
0.0026452
0.0026539
0.00266014
0.00266491
0.00266892
0.00267267
0.00267651
0.00268064
0.00268515
0.00269009
0.0026955
0.00270137
0.00270772
0.0027145
0.00272167
0.0027292
0.00273702
0.00274511
0.00275341
0.00276191
0.00277055
0.00277933
0.00278822
0.0027972
0.00280624
0.00281532
0.00282442
0.00283352
0.00284262
0.00285169
0.00286073
0.00286973
0.00287871
0.00288765
0.00289658
0.00290551
0.00291447
0.0029235
0.00293264
0.00294196
0.00295156
0.00296155
0.00297208
0.00298338
0.0029957
0.00300945
0.0030251
0.00304331
0.00306491
0.00309082
0.00312189
0.00315845
0.00319948
0.0032414
0.00327643
0.00329125
0.00327131
0.00319819
0.00305929
0.00286766
0.00269957
0.00275434
0.00320928
0.00438048
0.00625717
0.00800432
0.00720274
0.00266747
0.000290017
0.00126677
0.00174545
0.00202516
0.00221125
0.00234206
0.00243665
0.00250572
0.00255643
0.00259371
0.00262119
0.00264165
0.00265726
0.00266974
0.00268036
0.00269008
0.00269964
0.00270954
0.0027201
0.00273148
0.00274375
0.00275694
0.00277105
0.00278609
0.00280204
0.00281888
0.0028365
0.0028548
0.00287368
0.00289304
0.0029128
0.00293288
0.00295321
0.00297376
0.00299447
0.00301531
0.00303619
0.00305708
0.0030779
0.00309861
0.00311917
0.00313955
0.00315972
0.00317965
0.00319933
0.00321876
0.00323793
0.00325683
0.0032755
0.00329394
0.0033122
0.00333032
0.00334836
0.0033664
0.00338456
0.00340297
0.00342182
0.00344136
0.00346191
0.0034839
0.00350784
0.00353432
0.00356387
0.00359662
0.00363167
0.00366603
0.00369307
0.00370161
0.00368001
0.00361366
0.00349094
0.00332703
0.00318442
0.00323471
0.00360854
0.00460651
0.00637044
0.00824218
0.00765536
0.00286052
0.000302993
0.00129227
0.00176572
0.00203929
0.00222203
0.00235244
0.00244836
0.00252042
0.00257547
0.00261822
0.0026522
0.00268017
0.00270431
0.00272636
0.00274766
0.00276925
0.00279193
0.0028163
0.00284268
0.00287117
0.00290179
0.00293445
0.00296913
0.0030058
0.0030445
0.00308512
0.00312738
0.003171
0.00321571
0.00326129
0.00330749
0.00335411
0.00340102
0.00344819
0.00349549
0.00354276
0.00358983
0.00363653
0.00368273
0.00372832
0.0037732
0.00381732
0.0038606
0.00390301
0.00394451
0.00398507
0.00402468
0.00406332
0.00410101
0.00413774
0.00417358
0.00420854
0.00424265
0.00427593
0.00430845
0.00434026
0.00437142
0.00440203
0.00443218
0.00446199
0.00449158
0.00452102
0.00455032
0.00457914
0.00460651
0.00463008
0.00464434
0.0046409
0.00461449
0.00455054
0.00443952
0.00429541
0.00416247
0.00418879
0.00446011
0.00523196
0.00673201
0.00852653
0.00796246
0.00306262
0.000319742
0.00131917
0.00178725
0.00206015
0.00224689
0.00238446
0.00249064
0.00257544
0.00264524
0.00270462
0.00275709
0.00280547
0.00285208
0.00289878
0.00294708
0.00299817
0.0030531
0.0031128
0.00317768
0.00324749
0.00332182
0.0034003
0.00348264
0.00356864
0.00365851
0.00375185
0.00384769
0.00394521
0.00404375
0.00414275
0.00424164
0.00433996
0.00443765
0.00453503
0.00463145
0.0047265
0.00481986
0.00491123
0.00500041
0.00508728
0.00517176
0.00525378
0.00533332
0.00541035
0.00548486
0.00555686
0.00562638
0.00569344
0.0057581
0.00582039
0.00588036
0.00593805
0.00599353
0.00604688
0.00609815
0.0061474
0.00619464
0.0062399
0.00628313
0.00632426
0.00636312
0.00639944
0.00643271
0.00646212
0.00648635
0.00650324
0.00650664
0.0064948
0.00646155
0.0063954
0.00628988
0.00615323
0.00600703
0.00596016
0.0060884
0.00655888
0.00757736
0.00898488
0.00816923
0.00318844
0.000336301
0.00134841
0.00182678
0.0021179
0.0023309
0.00250053
0.00264385
0.00277016
0.00288538
0.00299383
0.00309897
0.00320371
0.00331044
0.00342107
0.00353708
0.00365967
0.00379005
0.00393014
0.00408054
0.00423898
0.00440348
0.00457257
0.00474493
0.00491983
0.0050988
0.00528053
0.00546221
0.00564236
0.00582002
0.0059945
0.00616497
0.00633081
0.0064917
0.00664699
0.00679707
0.0069421
0.00708212
0.00721702
0.00734686
0.00747174
0.00759175
0.00770698
0.00781754
0.00792351
0.00802503
0.00812221
0.00821519
0.0083041
0.00838911
0.00847034
0.00854795
0.00862208
0.00869286
0.00876042
0.00882484
0.00888624
0.00894464
0.00900009
0.00905252
0.00910187
0.0091479
0.00919025
0.00922836
0.00926119
0.00928749
0.00930509
0.00930764
0.0092965
0.00926567
0.00920458
0.00910665
0.00897772
0.00881221
0.00866602
0.00860107
0.00872857
0.0090793
0.00969832
0.00826054
0.0032407
0.000373491
0.00141036
0.00195737
0.0023497
0.0026743
0.00295797
0.00322283
0.00347742
0.00372569
0.00397014
0.00421307
0.00445661
0.00470242
0.00495164
0.00520494
0.00546253
0.00572513
0.00599694
0.00627922
0.0065636
0.00684582
0.00712364
0.00739549
0.00766079
0.00791654
0.00816191
0.00839808
0.00862553
0.0088446
0.00905547
0.00925784
0.00945148
0.00963678
0.00981412
0.00998382
0.0101461
0.0103013
0.0104496
0.0105912
0.0107264
0.0108552
0.0109778
0.0110944
0.0112053
0.0113107
0.0114107
0.0115057
0.0115959
0.0116815
0.0117627
0.0118398
0.011913
0.0119824
0.0120484
0.0121109
0.0121702
0.0122262
0.0122793
0.0123292
0.012376
0.0124196
0.0124596
0.0124959
0.0125272
0.0125532
0.0125714
0.0125774
0.0125704
0.0125488
0.0125032
0.012425
0.0123204
0.0121663
0.0119986
0.0117568
0.0115662
0.0111726
0.0102598
0.00811411
0.00324366
0.000389532
0.00155482
0.00250902
0.00334655
0.00404719
0.00465725
0.00523629
0.00579154
0.00632204
0.00682617
0.00730463
0.00775957
0.00819313
0.00860716
0.00900301
0.00938128
0.00974377
0.0100892
0.0104092
0.010708
0.0109881
0.0112515
0.0115004
0.0117365
0.0119606
0.0121728
0.0123737
0.0125638
0.0127437
0.0129138
0.0130746
0.0132271
0.0133717
0.0135087
0.0136383
0.0137608
0.0138765
0.0139855
0.0140883
0.0141852
0.0142764
0.0143623
0.0144432
0.0145193
0.0145909
0.0146583
0.0147217
0.0147814
0.0148376
0.0148906
0.0149405
0.0149876
0.0150318
0.0150736
0.0151128
0.0151499
0.0151845
0.0152171
0.0152474
0.0152754
0.0153015
0.0153242
0.0153455
0.0153618
0.0153757
0.0153838
0.0153816
0.015372
0.0153505
0.0153084
0.0152553
0.0151439
0.0149936
0.0146882
0.0143036
0.0135073
0.0122586
0.0102343
0.0073032
0.00306303
0.00024422
0.000475291
0.000792956
0.0010651
0.00129553
0.0014844
0.00164848
0.00179752
0.00193714
0.00207001
0.00219745
0.00232008
0.00243875
0.00255372
0.00266577
0.00277497
0.00288171
0.00298655
0.00308815
0.00318605
0.00328013
0.00337041
0.00345707
0.00354032
0.00362039
0.00369736
0.00377134
0.00384236
0.00391051
0.00397582
0.0040383
0.00409807
0.00415523
0.00420984
0.00426196
0.00431163
0.00435889
0.00440378
0.00444634
0.00448663
0.00452472
0.00456067
0.00459456
0.00462647
0.0046565
0.00468471
0.00471123
0.00473613
0.00475953
0.00478151
0.00480222
0.00482163
0.00484009
0.00485729
0.00487396
0.00488929
0.00490461
0.00491847
0.00493276
0.00494571
0.00495907
0.00497186
0.00498406
0.00499756
0.00500801
0.00502229
0.00502999
0.00504121
0.00504193
0.00503816
0.00502608
0.00500078
0.00497895
0.00493325
0.00488392
0.00478903
0.00463708
0.00437882
0.00390882
0.00275523
)
;

boundaryField
{
    movingWall
    {
        type            kqRWallFunction;
        value           nonuniform List<scalar> 
80
(
0.00024422
0.000475291
0.000792956
0.0010651
0.00129553
0.0014844
0.00164848
0.00179752
0.00193714
0.00207001
0.00219745
0.00232008
0.00243875
0.00255372
0.00266577
0.00277497
0.00288171
0.00298655
0.00308815
0.00318605
0.00328013
0.00337041
0.00345707
0.00354032
0.00362039
0.00369736
0.00377134
0.00384236
0.00391051
0.00397582
0.0040383
0.00409807
0.00415523
0.00420984
0.00426196
0.00431163
0.00435889
0.00440378
0.00444634
0.00448663
0.00452472
0.00456067
0.00459456
0.00462647
0.0046565
0.00468471
0.00471123
0.00473613
0.00475953
0.00478151
0.00480222
0.00482163
0.00484009
0.00485729
0.00487396
0.00488929
0.00490461
0.00491847
0.00493276
0.00494571
0.00495907
0.00497186
0.00498406
0.00499756
0.00500801
0.00502229
0.00502999
0.00504121
0.00504193
0.00503816
0.00502608
0.00500078
0.00497895
0.00493325
0.00488392
0.00478903
0.00463708
0.00437882
0.00390882
0.00275523
)
;
    }
    fixedWalls
    {
        type            kqRWallFunction;
        value           nonuniform List<scalar> 
240
(
9.68693e-06
4.11492e-05
7.72427e-05
0.000107738
0.000131738
0.000150149
0.00016402
0.000174284
0.000181729
0.000187014
0.000190682
0.00019317
0.000194822
0.0001959
0.000196595
0.000197044
0.000197341
0.000197546
0.000197701
0.00019783
0.000197947
0.000198062
0.000198179
0.000198301
0.000198431
0.000198568
0.000198713
0.000198867
0.000199029
0.000199202
0.000199383
0.000199575
0.000199777
0.000199991
0.000200215
0.000200453
0.000200703
0.000200967
0.000201245
0.00020154
0.000201851
0.000202181
0.000202531
0.000202902
0.000203297
0.000203718
0.000204168
0.000204649
0.000205166
0.000205722
0.000206322
0.000206973
0.000207681
0.000208454
0.000209303
0.00021024
0.00021128
0.000212442
0.000213748
0.000215227
0.000216914
0.000218851
0.000221092
0.0002237
0.000226751
0.000230334
0.000234545
0.000239488
0.000245269
0.000251983
0.000259711
0.000268522
0.000278468
0.000290017
0.000302993
0.000319742
0.000336301
0.000373491
0.000389532
0.00024422
9.6859e-06
4.10516e-05
7.66092e-05
0.000106264
0.000129304
0.000146757
0.000159737
0.000169205
0.000175962
0.000180667
0.000183856
0.000185954
0.000187287
0.000188099
0.000188564
0.000188802
0.000188895
0.000188898
0.000188841
0.000188744
0.000188618
0.000188471
0.000188305
0.000188123
0.000187924
0.000187709
0.000187477
0.000187228
0.000186959
0.00018667
0.000186359
0.000186024
0.000185663
0.000185273
0.000184851
0.000184394
0.000183897
0.000183356
0.000182766
0.000182119
0.000181408
0.000180623
0.000179754
0.000178787
0.000177705
0.000176487
0.000175111
0.000173545
0.000171751
0.000169684
0.000167285
0.000164482
0.000161188
0.000157289
0.000152622
0.000146893
0.000139463
0.000128878
0.000112045
8.48377e-05
5.43376e-05
4.76628e-05
8.4767e-05
0.000253043
0.000601899
0.000997882
0.00130365
0.00157328
0.00183151
0.00205915
0.00227323
0.00247528
0.00266747
0.00286052
0.00306262
0.00318844
0.0032407
0.00324366
0.00306303
0.00275523
9.68693e-06
4.10572e-05
7.66439e-05
0.000106346
0.000129445
0.000146968
0.000160026
0.000169581
0.000176434
0.000181245
0.00018455
0.000186773
0.000188242
0.0001892
0.000189823
0.000190233
0.00019051
0.000190709
0.000190861
0.000190988
0.000191101
0.000191208
0.000191313
0.000191418
0.000191524
0.000191632
0.000191743
0.000191856
0.000191971
0.00019209
0.00019221
0.000192334
0.000192459
0.000192587
0.000192717
0.000192849
0.000192982
0.000193118
0.000193254
0.000193391
0.000193528
0.000193664
0.000193798
0.00019394
0.000194086
0.000194232
0.000194379
0.000194526
0.000194673
0.000194819
0.000194965
0.000195111
0.000195255
0.000195399
0.000195541
0.000195682
0.00019582
0.000195954
0.000196084
0.000196206
0.000196315
0.000196402
0.000196451
0.000196439
0.000196323
0.000196042
0.000195501
0.000194561
0.000193029
0.000190641
0.000187054
0.000181827
0.000174418
0.000164169
0.000150294
0.000131862
0.000107827
7.72897e-05
4.11565e-05
9.6859e-06
)
;
    }
    frontAndBack
    {
        type            empty;
    }
}


// ************************************************************************* //
