/*--------------------------------*- C++ -*----------------------------------*\
  =========                 |
  \\      /  F ield         | OpenFOAM: The Open Source CFD Toolbox
   \\    /   O peration     | Website:  https://openfoam.org
    \\  /    A nd           | Version:  13
     \\/     M anipulation  |
\*---------------------------------------------------------------------------*/
FoamFile
{
    format      ascii;
    class       volScalarField;
    location    "7.9";
    object      k;
}
// * * * * * * * * * * * * * * * * * * * * * * * * * * * * * * * * * * * * * //

dimensions      [0 2 -2 0 0 0 0];

internalField   nonuniform List<scalar> 
6400
(
5.58575e-07
2.86993e-06
6.97565e-06
1.1237e-05
1.44503e-05
1.62598e-05
1.69283e-05
1.70129e-05
1.71366e-05
1.77933e-05
1.93537e-05
2.23531e-05
2.70559e-05
3.35505e-05
4.1488e-05
5.04275e-05
5.99136e-05
6.97669e-05
7.95249e-05
8.89614e-05
9.84617e-05
0.000108848
0.000121216
0.000136209
0.000153192
0.000170339
0.000187379
0.000204293
0.000221601
0.000239767
0.000258547
0.000277304
0.00029574
0.000313907
0.000332274
0.000350949
0.00037032
0.000390506
0.000411756
0.000434134
0.000457801
0.000482939
0.000509691
0.000538386
0.000569248
0.000603348
0.000642664
0.00069146
0.00074052
0.000790524
0.000839489
0.000887052
0.000931696
0.000972187
0.00100703
0.00103443
0.00104844
0.00105401
0.00105206
0.00103195
0.000996394
0.000945452
0.000879712
0.000801798
0.000713202
0.000618497
0.00052226
0.00042821
0.000339814
0.000261166
0.000197154
0.000143435
0.000100043
6.68746e-05
4.29943e-05
2.67193e-05
1.61e-05
9.25426e-06
4.37917e-06
9.33418e-07
2.70128e-06
2.2709e-05
5.50884e-05
8.6077e-05
0.000108979
0.000122659
0.000129247
0.000132035
0.000134597
0.000140071
0.000151937
0.000174014
0.00020743
0.000251478
0.000304054
0.000362493
0.000424435
0.000487504
0.00054993
0.000611102
0.000673147
0.000740485
0.000818619
0.000910012
0.00101066
0.00111159
0.00120982
0.00130335
0.0013931
0.00148011
0.00156261
0.00163959
0.00170962
0.00177359
0.00183391
0.00189141
0.00194809
0.0020048
0.00206288
0.00212286
0.00218547
0.00225138
0.00232067
0.00239358
0.00246943
0.00254817
0.00262803
0.00270616
0.00278965
0.00287538
0.00296357
0.0030508
0.0031355
0.00321396
0.00328284
0.00333804
0.00336756
0.00337707
0.00336612
0.00332141
0.00323908
0.00311871
0.00295869
0.00276233
0.00253429
0.0022831
0.00202002
0.00175332
0.00149069
0.00123656
0.000994694
0.000774818
0.00058344
0.000423373
0.000295264
0.000197237
0.000126091
7.60727e-05
3.69317e-05
4.9355e-06
5.91054e-06
4.9277e-05
0.000114462
0.000169013
0.000206127
0.00022809
0.000240332
0.000248865
0.000259712
0.000278801
0.000311898
0.000363664
0.000435704
0.000526157
0.000631006
0.000746098
0.000868217
0.000994723
0.0011231
0.00125124
0.00137751
0.00150117
0.00162004
0.00172884
0.00182267
0.00189764
0.00195112
0.00198844
0.00201722
0.00204451
0.0020745
0.00210634
0.00214078
0.00217512
0.00221312
0.00225381
0.00229899
0.00234853
0.00240349
0.00246385
0.00252941
0.00260081
0.00267748
0.00275958
0.00284702
0.00293968
0.0030368
0.0031397
0.00324811
0.00336043
0.00347566
0.00359156
0.00370593
0.00381543
0.00391628
0.00400373
0.00407258
0.00411052
0.00412207
0.00410405
0.00404141
0.0039336
0.00377624
0.00357137
0.00332136
0.00303378
0.00272502
0.00240396
0.00208096
0.00176642
0.00146926
0.00119616
0.000952118
0.000739542
0.000559314
0.000410683
0.00029038
0.000190854
9.70903e-05
1.32049e-05
1.02676e-05
8.28131e-05
0.000179769
0.000252501
0.000300122
0.000329745
0.000349903
0.000369116
0.000395734
0.000437899
0.000502811
0.000594848
0.00071371
0.000854656
0.00101089
0.00117592
0.00134405
0.00150973
0.00166691
0.00180979
0.00193271
0.00203373
0.00211019
0.00215494
0.00217392
0.0021783
0.00217317
0.00217
0.00216922
0.00217418
0.0021848
0.00219871
0.00221775
0.00224161
0.00227082
0.00230505
0.00234494
0.00239036
0.00244129
0.00249805
0.0025606
0.00262923
0.00270379
0.00278426
0.00287023
0.00296208
0.0030607
0.00316581
0.00327699
0.00339336
0.00351393
0.00363707
0.00376067
0.00388186
0.00399709
0.00410187
0.00419102
0.0042571
0.00428871
0.0042947
0.00425838
0.00417725
0.00405287
0.00387936
0.0036529
0.00337452
0.00306116
0.0027234
0.00237681
0.00203559
0.00171178
0.00141413
0.00114775
0.000914645
0.000714862
0.000546763
0.00040599
0.000282904
0.000154178
2.20024e-05
1.64727e-05
0.000127614
0.000257116
0.00034727
0.000405571
0.000444284
0.000475359
0.000510157
0.000559537
0.000633391
0.000738819
0.000877632
0.00104524
0.00123242
0.00142848
0.00162328
0.00180752
0.00197234
0.00210862
0.00221214
0.00227184
0.00229477
0.00229643
0.00226594
0.00223535
0.00220785
0.00218547
0.00217036
0.0021632
0.00216088
0.00216222
0.00216899
0.00218034
0.00219594
0.00221568
0.00223955
0.0022674
0.00229894
0.00233416
0.0023733
0.00241638
0.00246385
0.00251652
0.0025751
0.00264052
0.00271289
0.00279189
0.00287803
0.00297149
0.00307236
0.00318043
0.00329518
0.0034156
0.00354016
0.00366672
0.00379189
0.00391105
0.00401862
0.00410796
0.0041634
0.00418357
0.00416332
0.00408555
0.00395224
0.00377176
0.00353421
0.00323937
0.00290548
0.00254988
0.00219108
0.00184628
0.00152878
0.00124631
0.00100131
0.00079289
0.000617928
0.000470591
0.000338703
0.000192971
2.80941e-05
2.53248e-05
0.000186997
0.000351018
0.000459415
0.000529833
0.000579928
0.000625461
0.000680902
0.000759279
0.000870722
0.00101975
0.00120313
0.00141039
0.00162708
0.00183812
0.00202961
0.00218943
0.00231032
0.0023749
0.0023961
0.00238273
0.00233749
0.0022926
0.00224838
0.00220756
0.0021719
0.00214273
0.00211965
0.0021011
0.00208617
0.00207387
0.00206628
0.00206227
0.00206079
0.00206079
0.00206453
0.0020704
0.00207914
0.00209074
0.00210568
0.00212421
0.00214698
0.00217387
0.00220541
0.00224216
0.00228459
0.0023335
0.00238984
0.00245459
0.00252888
0.00261364
0.0027097
0.00281759
0.00293717
0.00306737
0.00320656
0.00335212
0.00349932
0.00364232
0.00377175
0.00387867
0.00393497
0.00395064
0.00390673
0.00379715
0.00362496
0.00337391
0.00306139
0.00270537
0.00232921
0.00195752
0.00161149
0.00130503
0.00104344
0.000825363
0.00064552
0.000495651
0.000361165
0.000210223
3.03443e-05
3.76005e-05
0.00026288
0.000463803
0.000591769
0.000676
0.00073992
0.000803334
0.000883542
0.000994454
0.00114409
0.00133184
0.00154777
0.00177522
0.00199496
0.00218884
0.00234185
0.00243431
0.0024688
0.00246582
0.00241621
0.00236244
0.00229922
0.00223807
0.00217682
0.00212263
0.00207564
0.00203469
0.00199781
0.00196439
0.001935
0.00190966
0.00188711
0.00186682
0.00184858
0.00183249
0.00181898
0.00180766
0.001799
0.00179326
0.00179063
0.00178996
0.00179255
0.00179869
0.00180844
0.0018224
0.00184083
0.00186463
0.00189449
0.00193161
0.00197742
0.00203383
0.00210281
0.00218666
0.00228758
0.00240681
0.00254444
0.00270203
0.00287592
0.00306072
0.00324948
0.00343412
0.00359885
0.00371838
0.00376948
0.00377113
0.00368306
0.0035189
0.00325266
0.00291083
0.00252007
0.00211323
0.00172289
0.00137441
0.00108076
0.000842357
0.000651873
0.000496628
0.000359792
0.00020914
2.94752e-05
5.40175e-05
0.000356283
0.0005961
0.000744971
0.000844596
0.000924369
0.00100796
0.00111453
0.00125692
0.00143863
0.00165221
0.00188083
0.00210251
0.00229503
0.00244008
0.00251153
0.00252988
0.00249823
0.00244237
0.00236617
0.0022821
0.00219414
0.00211589
0.00204547
0.0019853
0.00193
0.00187958
0.0018327
0.00178949
0.00174979
0.00171331
0.00167967
0.00164891
0.00162112
0.00159643
0.00157489
0.00155623
0.00154054
0.00152781
0.00151797
0.00151112
0.00150784
0.00150682
0.00150867
0.0015147
0.00152407
0.00153777
0.00155606
0.00157953
0.0016087
0.00164454
0.00168816
0.00174126
0.00180637
0.00188778
0.00199153
0.00212131
0.00228236
0.00247432
0.00268824
0.00292101
0.00315808
0.00338373
0.00357335
0.00367234
0.00369921
0.00364143
0.00347865
0.00318335
0.00279749
0.00235896
0.00191252
0.00150014
0.00115043
0.000872661
0.000658895
0.000492114
0.000351225
0.000202404
2.74029e-05
7.50752e-05
0.000466984
0.00074725
0.000918089
0.00103419
0.0011307
0.00123455
0.00136535
0.00153279
0.00173421
0.00195507
0.00217284
0.00236272
0.00249746
0.00255699
0.00256493
0.00252022
0.00245115
0.00235384
0.00224258
0.00213902
0.00204752
0.00196585
0.00189214
0.00182555
0.00176328
0.00170572
0.00165227
0.00160327
0.00155861
0.00151831
0.00148237
0.00145083
0.00142357
0.00140039
0.00138109
0.00136545
0.00135325
0.00134418
0.00133834
0.00133563
0.00133485
0.00133647
0.0013413
0.00134881
0.00135903
0.00137221
0.00138845
0.00140803
0.00143122
0.00145852
0.00149049
0.00152788
0.00157171
0.00162349
0.00168553
0.00176154
0.00185829
0.00198846
0.00216924
0.00239722
0.00266092
0.00294535
0.00322959
0.00348376
0.00363415
0.00368415
0.00365269
0.00348436
0.00314739
0.00270516
0.00220969
0.00172015
0.00128798
0.000941757
0.000683078
0.000492571
0.000338232
0.000188796
2.50556e-05
0.000100963
0.000593244
0.000915242
0.00110882
0.00124154
0.00135389
0.00147515
0.0016239
0.00180522
0.00200979
0.00221704
0.00240116
0.00252904
0.00258177
0.00258479
0.00253757
0.0024509
0.00232951
0.00220171
0.0020857
0.00198137
0.00188862
0.0018045
0.00172754
0.00165678
0.00159135
0.00153184
0.00147816
0.00143067
0.00138925
0.00135384
0.00132418
0.0012999
0.00128054
0.00126559
0.00125452
0.00124679
0.0012425
0.0012407
0.00124039
0.00124273
0.00124684
0.00125297
0.00126101
0.0012709
0.00128269
0.00129654
0.00131258
0.00133105
0.00135217
0.00137611
0.00140318
0.00143369
0.00146808
0.0015068
0.00155059
0.00160097
0.00166069
0.0017349
0.00183265
0.00196981
0.0021778
0.00245762
0.00277888
0.00311976
0.0034375
0.00363983
0.00371127
0.00369525
0.00350979
0.00311896
0.00261055
0.00205422
0.00152508
0.00108147
0.00074617
0.000508641
0.000333286
0.000176401
2.31153e-05
0.000132159
0.000731271
0.00109697
0.00131355
0.00146171
0.00158685
0.0017197
0.00187666
0.00205758
0.00224725
0.00242116
0.00254372
0.00259311
0.002594
0.0025463
0.00244507
0.00230664
0.0021675
0.0020375
0.00192226
0.00181884
0.00172577
0.00164086
0.0015635
0.00149347
0.00143091
0.00137628
0.00132948
0.00129043
0.00125861
0.00123343
0.00121411
0.00119985
0.00118983
0.00118344
0.00118035
0.00117929
0.00117962
0.00118243
0.0011864
0.0011921
0.00119907
0.00120756
0.00121748
0.00122895
0.00124207
0.00125698
0.00127381
0.00129269
0.00131373
0.00133705
0.00136275
0.00139098
0.00142192
0.00145589
0.00149308
0.00153351
0.0015779
0.00162784
0.00168693
0.00176319
0.00187121
0.00203585
0.00230206
0.00265388
0.00304146
0.00342293
0.00367391
0.00376311
0.00374906
0.00352941
0.00307176
0.0024901
0.0018756
0.00131832
0.000876364
0.000559551
0.000343118
0.000172916
2.24229e-05
0.000170057
0.000876677
0.00128873
0.0015275
0.00168845
0.0018213
0.00195751
0.00211074
0.00227604
0.00243392
0.00255029
0.00259803
0.00259866
0.00255151
0.00244186
0.0022925
0.00214102
0.00199947
0.00187233
0.00175971
0.00165838
0.00156721
0.00148515
0.00141239
0.00134909
0.00129537
0.00125111
0.00121565
0.00118816
0.00116754
0.00115269
0.00114251
0.00113613
0.00113301
0.00113187
0.00113182
0.00113376
0.00113675
0.00114108
0.00114636
0.0011529
0.00116059
0.00116965
0.00118016
0.00119229
0.00120621
0.00122208
0.00124007
0.0012603
0.0012829
0.00130792
0.00133536
0.00136514
0.00139712
0.00143108
0.00146686
0.0015045
0.00154439
0.00158643
0.00163103
0.00168096
0.00174276
0.00183031
0.00196804
0.00219796
0.00256413
0.00299157
0.00343483
0.00372456
0.00382439
0.00379509
0.00351823
0.00297976
0.00232212
0.00166179
0.00109473
0.000669235
0.000380098
0.000180145
2.32129e-05
0.000212118
0.00102956
0.00148638
0.0017452
0.00191491
0.00204885
0.00217875
0.00231571
0.00245114
0.00255761
0.00260333
0.00260447
0.00255798
0.0024459
0.00228975
0.00212644
0.00197286
0.00183471
0.00171234
0.00160384
0.00150701
0.00142147
0.001347
0.00128385
0.00123181
0.00119032
0.00115834
0.00113452
0.00111744
0.00110567
0.00109796
0.00109338
0.00109119
0.00109039
0.00109031
0.00109145
0.0010936
0.00109653
0.00110042
0.00110526
0.00111127
0.00111857
0.00112734
0.00113776
0.00115002
0.00116432
0.00118084
0.00119978
0.00122131
0.00124558
0.0012727
0.0013027
0.00133553
0.00137096
0.00140863
0.00144798
0.00148835
0.00152914
0.00157015
0.00161192
0.00165411
0.00169834
0.00175057
0.00182326
0.00194054
0.00214593
0.00250681
0.00297301
0.00347039
0.00378241
0.00388054
0.00381436
0.00345061
0.0028165
0.00209209
0.00140608
0.00085341
0.000463968
0.000206044
2.65831e-05
0.000257141
0.00118623
0.00168497
0.00196077
0.00213433
0.00226192
0.00237554
0.00248451
0.00257503
0.00261584
0.00261685
0.00256979
0.00245948
0.00229981
0.00212653
0.00196027
0.00181053
0.00167837
0.00156225
0.00146024
0.00137129
0.00129542
0.00123239
0.0011818
0.00114255
0.00111319
0.00109195
0.00107708
0.00106695
0.00106023
0.00105586
0.00105308
0.00105133
0.00105037
0.00105
0.00105006
0.00105108
0.00105279
0.00105553
0.00105936
0.00106449
0.0010711
0.00107937
0.00108949
0.00110163
0.00111601
0.00113281
0.00115226
0.00117455
0.0011999
0.0012285
0.0012605
0.00129595
0.00133479
0.00137675
0.00142128
0.00146752
0.00151431
0.00156035
0.00160461
0.00164711
0.00168848
0.00172892
0.00177409
0.00183671
0.00194159
0.00213495
0.00248596
0.0029873
0.00353002
0.00383772
0.00391671
0.0037885
0.00329431
0.00256704
0.00179106
0.00111081
0.00060385
0.000262423
3.47163e-05
0.000303655
0.00134254
0.00187937
0.00216852
0.00234056
0.00245442
0.0025426
0.00261208
0.00264369
0.0026414
0.00259122
0.00248473
0.00232428
0.00214306
0.00196417
0.00180146
0.00165857
0.00153413
0.00142625
0.00133362
0.00125575
0.00119229
0.00114232
0.00110439
0.00107657
0.00105674
0.00104289
0.00103324
0.0010264
0.00102134
0.00101736
0.00101405
0.00101121
0.00100879
0.00100684
0.00100572
0.00100533
0.00100558
0.00100722
0.00101014
0.00101452
0.00102055
0.00102839
0.00103819
0.00105013
0.00106439
0.00108116
0.00110066
0.00112312
0.0011488
0.00117795
0.00121084
0.00124769
0.00128864
0.00133369
0.00138254
0.00143457
0.00148863
0.00154305
0.00159572
0.00164454
0.00168844
0.00172767
0.00176491
0.00180682
0.00186256
0.00196145
0.00214896
0.00250332
0.00303962
0.00360781
0.0038805
0.00392068
0.00368857
0.00303824
0.00221729
0.00142467
0.000791975
0.000347654
4.77685e-05
0.000350292
0.00149453
0.00206491
0.00236346
0.00252849
0.00262208
0.00267484
0.00269521
0.00268407
0.00262713
0.00252427
0.00236479
0.00217767
0.00198667
0.00180964
0.00165406
0.00151987
0.00140488
0.00130748
0.00122667
0.00116168
0.00111129
0.00107357
0.00104624
0.00102682
0.00101307
0.0010031
0.000995482
0.00098922
0.000983692
0.000978574
0.000973754
0.000969263
0.000965225
0.000961806
0.000959204
0.000957795
0.000957305
0.000957874
0.000960243
0.000964143
0.000969792
0.000977328
0.000986877
0.000998592
0.00101263
0.00102917
0.00104842
0.0010706
0.001096
0.00112492
0.00115769
0.00119466
0.00123616
0.00128246
0.00133365
0.00138952
0.0014494
0.00151194
0.00157501
0.00163562
0.0016904
0.00173789
0.00177602
0.00180516
0.00184312
0.00189772
0.00199452
0.00218463
0.00255732
0.00313629
0.00368982
0.00391732
0.0038806
0.00345739
0.00265366
0.00177488
0.00101683
0.000454246
6.45767e-05
0.000396091
0.00163784
0.00223789
0.0025424
0.0026935
0.00275663
0.00277137
0.00274829
0.00268264
0.00258148
0.00242325
0.00223198
0.0020298
0.00183739
0.00166667
0.00152032
0.00139635
0.0012925
0.0012073
0.00113946
0.00108737
0.00104876
0.00102091
0.00100109
0.000986783
0.000975997
0.000967251
0.000959573
0.000952397
0.000945466
0.000938735
0.000932289
0.000926284
0.000920909
0.000916351
0.000912791
0.000910639
0.000909761
0.000909714
0.000911725
0.000915363
0.000920781
0.000928112
0.000937457
0.000948947
0.000962719
0.000978934
0.000997779
0.00101947
0.00104428
0.00107251
0.00110452
0.00114073
0.00118159
0.00122755
0.00127903
0.00133625
0.00139912
0.001467
0.00153839
0.00161068
0.00167999
0.0017415
0.00179333
0.00183121
0.00185105
0.00188409
0.00193954
0.00203857
0.00224031
0.00264657
0.00326921
0.00376441
0.00392134
0.00374536
0.00307203
0.00214751
0.00126931
0.000575934
8.40886e-05
0.00044013
0.00177123
0.00239483
0.00269787
0.00282893
0.0028635
0.0028416
0.00277011
0.00265925
0.00250224
0.00230775
0.00209558
0.00188726
0.00169893
0.00153718
0.00140145
0.00128897
0.00119747
0.00112515
0.00106994
0.00102923
0.000999948
0.000979011
0.000963678
0.000951773
0.000941751
0.000932622
0.000923852
0.000915228
0.000906749
0.000898535
0.000890767
0.000883643
0.000877355
0.000872077
0.000867965
0.000865341
0.000864178
0.00086396
0.000865664
0.000869148
0.000874397
0.000881553
0.000890702
0.000901959
0.000915447
0.00093131
0.000949716
0.000970863
0.000994992
0.00102239
0.00105341
0.00108847
0.00112806
0.00117275
0.00122311
0.00127973
0.00134301
0.00141301
0.00148912
0.00156971
0.00165169
0.00173019
0.00179873
0.00185499
0.00188705
0.0019017
0.0019292
0.00198688
0.00209331
0.00231879
0.00278349
0.00344794
0.0038094
0.00385657
0.00344565
0.00253266
0.00154535
0.00070877
0.000105378
0.000480706
0.00189119
0.00253072
0.00282742
0.00293634
0.00294687
0.00288235
0.00276331
0.00260635
0.00240724
0.00218607
0.00196196
0.00175392
0.00157312
0.00142193
0.00129782
0.00119765
0.00111885
0.00105889
0.00101478
0.000983094
0.000960394
0.000943632
0.000930419
0.000919072
0.000908553
0.000898317
0.00088817
0.000878134
0.000868352
0.000859016
0.00085033
0.00084248
0.000835634
0.000829933
0.000825499
0.000822581
0.000821242
0.000820925
0.000822368
0.000825692
0.000830759
0.000837711
0.000846632
0.000857628
0.000870813
0.000886319
0.000904298
0.000924927
0.000948419
0.000975033
0.00100509
0.00103897
0.00107715
0.00112021
0.00116883
0.00122373
0.00128566
0.00135523
0.00143265
0.00151738
0.00160762
0.00169972
0.00178773
0.00186336
0.00192
0.00194427
0.00195454
0.00197767
0.00203958
0.00216021
0.00243018
0.00297995
0.00360736
0.00385238
0.00368661
0.00290929
0.00184124
0.000850239
0.000127762
0.000516365
0.00199476
0.00264343
0.00293089
0.00302078
0.00300407
0.00289769
0.00273816
0.0025341
0.00230358
0.00206422
0.00183517
0.00163178
0.00146064
0.00132094
0.00120901
0.0011213
0.00105464
0.00100561
0.000970419
0.000945238
0.000926645
0.000911952
0.000899277
0.000887461
0.000875912
0.000864421
0.000853018
0.000841853
0.000831124
0.000821033
0.000811763
0.00080347
0.000796285
0.000790318
0.00078566
0.000782485
0.000780976
0.000780554
0.000781698
0.000784798
0.000789621
0.000796305
0.000804942
0.000815631
0.000828484
0.000843625
0.000861196
0.000881356
0.000904295
0.00093024
0.00095947
0.000992327
0.00102924
0.00107075
0.00111751
0.00117032
0.00123008
0.00129772
0.00137406
0.00145947
0.00155343
0.00165383
0.00175625
0.00185328
0.00193435
0.00198675
0.00200255
0.00200801
0.00202932
0.00209771
0.00224432
0.00258949
0.00322663
0.0036914
0.00377346
0.00325715
0.00215156
0.00099562
0.000151164
0.000546316
0.00208079
0.00273265
0.00300919
0.00308328
0.00303653
0.00289118
0.00268989
0.00245119
0.00219677
0.00194632
0.00171751
0.00152166
0.00136138
0.00123363
0.00113391
0.00105813
0.00100233
0.000962279
0.000933724
0.000912797
0.000896408
0.000882377
0.000869355
0.000856641
0.00084398
0.000831385
0.000819003
0.000807032
0.000795671
0.000785096
0.000775456
0.000766872
0.000759443
0.000753255
0.000748382
0.000744901
0.000743169
0.000742602
0.000743367
0.000746156
0.000750657
0.000757001
0.000765287
0.000775616
0.000788099
0.000802858
0.000820026
0.000839754
0.000862214
0.000887605
0.000916171
0.000948209
0.000984092
0.0010243
0.00106942
0.00112023
0.00117765
0.00124277
0.00131675
0.00140062
0.00149492
0.00159908
0.00171053
0.00182376
0.00192934
0.00201194
0.00205194
0.00206035
0.00206139
0.00208337
0.00216365
0.00235714
0.0028261
0.00348153
0.00375011
0.00351267
0.00246556
0.00114275
0.000175337
0.000570128
0.00214929
0.00279941
0.00306409
0.00312344
0.00304692
0.0028699
0.0026299
0.00236257
0.00209088
0.00183498
0.0016101
0.00142356
0.00127472
0.00115893
0.00107096
0.00100601
0.000959363
0.00092625
0.000902278
0.00088385
0.000868366
0.000854186
0.000840433
0.000826756
0.000813126
0.000799675
0.000786596
0.000774083
0.000762307
0.00075141
0.000741504
0.00073268
0.000725015
0.000718577
0.00071343
0.000709638
0.000707563
0.000706801
0.000707119
0.000709503
0.00071361
0.000719547
0.000727422
0.000737338
0.000749409
0.000763758
0.000780516
0.000799826
0.000821849
0.000846769
0.000874798
0.000906195
0.000941283
0.000980469
0.00102428
0.00107341
0.00112871
0.0011913
0.00126247
0.00134364
0.00143606
0.00154041
0.00165591
0.00177928
0.00190355
0.00201721
0.00209205
0.00211604
0.00211752
0.0021114
0.00214068
0.0022442
0.00252281
0.003131
0.00358412
0.00362365
0.00278181
0.0013043
0.000201899
0.000587733
0.00220095
0.00284511
0.00309748
0.00314328
0.00304038
0.00283097
0.00256175
0.00227202
0.00198872
0.00173171
0.00151327
0.00133701
0.00119973
0.00109549
0.00101835
0.000962799
0.000923501
0.000895449
0.000874416
0.000857248
0.000841884
0.000827173
0.000812608
0.000798084
0.000783698
0.000769632
0.000756075
0.000743195
0.000731128
0.000719979
0.000709834
0.000700763
0.00069283
0.000686096
0.000680622
0.00067647
0.000673937
0.000672888
0.000672807
0.000674682
0.000678339
0.000683817
0.000691232
0.00070069
0.00071231
0.000726216
0.000742539
0.000761423
0.000783023
0.00080751
0.00083508
0.000865962
0.000900436
0.000938853
0.000981665
0.00102947
0.00108304
0.00114341
0.00121187
0.00128999
0.00137947
0.00148182
0.0015977
0.00172581
0.00186136
0.00199449
0.00210904
0.00216969
0.00218081
0.00216723
0.002155
0.00220292
0.00235656
0.00279808
0.00342631
0.00364193
0.00309192
0.00150516
0.000236011
0.000599424
0.00223678
0.00287079
0.00310966
0.00314261
0.00302048
0.00278249
0.00248904
0.00218241
0.00189215
0.00163723
0.00142681
0.00126125
0.00113524
0.00104181
0.000974306
0.000926586
0.000892942
0.000868399
0.000849095
0.000832393
0.000816737
0.000801378
0.000786078
0.000770879
0.000755939
0.000741441
0.00072755
0.0007144
0.000702091
0.000690706
0.000680309
0.000670961
0.000662719
0.000655645
0.000649801
0.000645259
0.00064218
0.000640724
0.000640363
0.00064164
0.00064481
0.000649796
0.000656717
0.000665683
0.000676817
0.000690244
0.000706102
0.000724535
0.000745696
0.000769755
0.000796895
0.000827329
0.000861305
0.000899128
0.000941187
0.000987991
0.00104022
0.00109878
0.00116489
0.00124011
0.00132632
0.00142558
0.00153967
0.00166917
0.00181206
0.0019618
0.00210554
0.00220623
0.00224175
0.00224153
0.00220838
0.00219756
0.00227723
0.00253777
0.00315361
0.0035307
0.00333672
0.00176
0.000282052
0.000605207
0.00225711
0.0028776
0.00310623
0.0031311
0.00298593
0.00272691
0.00241454
0.00209581
0.0018023
0.00155172
0.00135022
0.00119532
0.00108002
0.000996413
0.000937213
0.000895805
0.000866352
0.000844124
0.000825722
0.000809022
0.000792905
0.000776924
0.00076102
0.000745312
0.000729971
0.000715162
0.000701016
0.000687634
0.000675094
0.000663458
0.000652783
0.000643125
0.00063454
0.000627092
0.000620849
0.000615884
0.000612279
0.00061037
0.000609731
0.000610408
0.000613067
0.000617545
0.000623953
0.000632405
0.000643024
0.000655941
0.000671298
0.000689242
0.000709933
0.000733537
0.000760239
0.000790241
0.000823773
0.000861107
0.000902584
0.000948638
0.000999852
0.00105702
0.00112122
0.00119391
0.00127697
0.0013727
0.0014835
0.00161125
0.00175595
0.00191373
0.00207448
0.00221983
0.00229835
0.00231254
0.00228239
0.00224304
0.00225266
0.00239788
0.00287265
0.00339177
0.00345254
0.0020646
0.000339814
0.000604813
0.00226474
0.0028726
0.00309155
0.00310482
0.00294249
0.00266688
0.0023404
0.00201365
0.00171976
0.00147501
0.00128279
0.0011382
0.00103281
0.000957927
0.000905699
0.000869243
0.000842802
0.000822019
0.000803991
0.000787056
0.000770445
0.000753928
0.00073755
0.000721462
0.000705824
0.000690771
0.000676404
0.000662799
0.000650018
0.000638113
0.000627137
0.000617147
0.000608202
0.000600369
0.000593717
0.000588321
0.000584258
0.000581855
0.000580927
0.000581063
0.000583198
0.000587168
0.000593058
0.000600983
0.000611067
0.000623446
0.000638266
0.00065568
0.000675854
0.000698961
0.000725188
0.000754735
0.000787827
0.000824716
0.000865705
0.000911176
0.000961628
0.00101774
0.00108046
0.00115109
0.00123142
0.00132378
0.00143096
0.00155579
0.00170016
0.00186309
0.00203806
0.00221033
0.00233558
0.00237905
0.00237179
0.00229781
0.00226254
0.00232751
0.00263189
0.00325113
0.00348077
0.00240744
0.000406869
0.00060156
0.00226266
0.00285638
0.0030616
0.00306618
0.00289207
0.00260449
0.00226822
0.00193687
0.00164472
0.00140671
0.00122374
0.00108888
0.000992482
0.000925163
0.000878665
0.000846008
0.000821669
0.000801728
0.000783759
0.000766492
0.000749421
0.000732463
0.000715719
0.000699341
0.000683466
0.000668201
0.000653623
0.000639791
0.000626757
0.00061457
0.000603285
0.00059296
0.00058366
0.000575454
0.000568416
0.000562623
0.000558154
0.00055523
0.000553927
0.00055372
0.000555308
0.000558778
0.000564156
0.000571551
0.000581089
0.000592907
0.000607157
0.000624
0.000643606
0.000666161
0.000691858
0.000720904
0.000753522
0.00078996
0.000830498
0.000875479
0.000925337
0.000980655
0.00104224
0.00111125
0.0011893
0.00127861
0.00138205
0.00150299
0.00164453
0.00180794
0.0019898
0.00217831
0.00234979
0.00243841
0.00245247
0.0023965
0.00231285
0.00230428
0.0024716
0.00302732
0.00339892
0.00274873
0.000476131
0.000594401
0.00225384
0.00282638
0.00302151
0.0030189
0.00283673
0.00254138
0.00219917
0.00186602
0.00157714
0.00134629
0.00117226
0.00104639
0.000957995
0.000897126
0.000855256
0.000825461
0.000802549
0.000783051
0.000764966
0.000747345
0.000729873
0.000712558
0.000695526
0.000678913
0.000662834
0.00064737
0.000632582
0.000618518
0.000605226
0.000592758
0.00058117
0.000570526
0.000560893
0.000552345
0.000544957
0.000538808
0.000533979
0.000530568
0.000528883
0.000528417
0.000529489
0.000532478
0.000537358
0.000544228
0.000553215
0.000564457
0.00057811
0.000594341
0.000613332
0.000635276
0.000660379
0.00068886
0.000720949
0.000756895
0.000796972
0.000841497
0.000890858
0.000945561
0.0010063
0.00107407
0.00115031
0.00123706
0.00133714
0.00145414
0.00159207
0.00175417
0.00194041
0.00214377
0.00234575
0.00248446
0.00252544
0.00249825
0.00237386
0.00231403
0.00239222
0.00281883
0.00326449
0.00301778
0.000531788
0.000583279
0.00223533
0.0027876
0.00297394
0.00296493
0.00277816
0.00247886
0.00213406
0.00180136
0.00151679
0.00129318
0.00112757
0.00100984
0.000928463
0.00087301
0.000834825
0.000807156
0.000785184
0.000765872
0.000747586
0.000729624
0.00071181
0.000694204
0.000676934
0.00066012
0.000643853
0.000628196
0.000613198
0.000598904
0.000585362
0.000572626
0.000560757
0.000549823
0.000539894
0.000531046
0.000523352
0.000516889
0.000511732
0.000507956
0.000505892
0.000505191
0.000505805
0.00050834
0.000512742
0.000519101
0.000527538
0.000538195
0.00055123
0.000566818
0.000585148
0.000606425
0.000630871
0.000658716
0.000690205
0.000725598
0.000765171
0.000809231
0.000858135
0.000912332
0.000972423
0.00103926
0.00111409
0.00119875
0.00129587
0.00140903
0.00154266
0.00170122
0.00188712
0.00209692
0.00231651
0.0025066
0.00259024
0.00259321
0.00248325
0.00236058
0.00235524
0.00264576
0.00313945
0.00314535
0.000557326
0.00056882
0.00221013
0.00274199
0.00292032
0.00290624
0.00271782
0.00241791
0.00207338
0.00174296
0.00146334
0.00124678
0.00108892
0.000978462
0.000903136
0.000852174
0.000816892
0.000790778
0.000769403
0.000750119
0.000731596
0.000713322
0.000695216
0.000677365
0.000659891
0.000642894
0.000626447
0.000610602
0.000595401
0.000580888
0.000567114
0.000554137
0.000542021
0.000530838
0.000520659
0.00051156
0.000503612
0.000496888
0.000491458
0.000487392
0.000484978
0.000484059
0.000484288
0.000486403
0.000490351
0.000496215
0.000504111
0.000514182
0.000526586
0.000541505
0.000559138
0.0005797
0.000603427
0.000630567
0.000661383
0.00069615
0.000735156
0.00077871
0.000827155
0.0008809
0.000940472
0.0010066
0.00108037
0.00116339
0.00125806
0.00136782
0.00149731
0.00165187
0.00183607
0.00205011
0.00228418
0.0025121
0.00264882
0.00267761
0.00259877
0.0024142
0.00234627
0.00249406
0.00303309
0.00318124
0.000561733
0.000551843
0.00218034
0.00269126
0.00286214
0.00284442
0.00265688
0.00235925
0.00201745
0.00169071
0.00141641
0.00120651
0.00105565
0.000951566
0.000881393
0.000834112
0.000801094
0.000776106
0.000755089
0.000735738
0.000716968
0.000698414
0.000680054
0.00066199
0.000644332
0.000627166
0.000610549
0.000594525
0.000579135
0.000564424
0.000550446
0.000537262
0.000524942
0.000513557
0.00050318
0.000493884
0.000485738
0.000478811
0.000473166
0.000468868
0.000466135
0.000464991
0.000464938
0.000466663
0.000470185
0.000475575
0.000482945
0.000492433
0.000504203
0.000518438
0.000535346
0.000555153
0.000578109
0.000604482
0.000634553
0.000668618
0.000706984
0.000749972
0.000797925
0.00085123
0.00091036
0.000975951
0.00104893
0.00113068
0.00122336
0.00133016
0.00145564
0.00160561
0.00178614
0.00200058
0.00224421
0.00249734
0.00269066
0.00275338
0.00271375
0.00251703
0.00237572
0.00242062
0.00286728
0.00315342
0.000550581
0.000533016
0.00214771
0.00263701
0.00280083
0.00278081
0.00259629
0.00230339
0.00196637
0.00164444
0.00137559
0.00117182
0.00102715
0.000928571
0.000862725
0.000818429
0.000787161
0.000762975
0.000742152
0.000722679
0.000703668
0.00068486
0.000666277
0.000648022
0.000630197
0.000612871
0.000596096
0.000579908
0.00056435
0.000549469
0.000535321
0.000521973
0.000509494
0.000497957
0.000487435
0.000477997
0.000469708
0.000462632
0.000456827
0.000452352
0.000449341
0.000447952
0.000447713
0.000449081
0.000452206
0.000457146
0.000464006
0.000472925
0.000484063
0.000497608
0.000513774
0.000532799
0.000554944
0.000580496
0.000609757
0.000643049
0.000680701
0.000723054
0.000770464
0.00082331
0.000882032
0.00094719
0.00101958
0.0011004
0.00119152
0.00129588
0.0014178
0.00156329
0.00173941
0.00195197
0.00220015
0.00246857
0.00271116
0.00282024
0.00281643
0.00263664
0.00241925
0.00239075
0.00272152
0.00308227
0.000531666
0.000512961
0.00211299
0.00258048
0.00273762
0.00271648
0.00253678
0.00225067
0.00192015
0.00160387
0.00134045
0.00114222
0.00100291
0.000908984
0.000846716
0.000804811
0.000774881
0.000751256
0.000730517
0.000710893
0.000691653
0.000672616
0.000653831
0.000635403
0.000617422
0.000599951
0.000583032
0.000566701
0.000551002
0.000535983
0.000521705
0.000508235
0.000495645
0.000484007
0.000473389
0.00046386
0.000455478
0.000448301
0.000442382
0.000437773
0.000434534
0.000432924
0.000432527
0.000433581
0.000436341
0.000440857
0.00044723
0.000455595
0.000466112
0.000478972
0.000494391
0.000512616
0.000533923
0.000558614
0.000587013
0.000619467
0.000656334
0.000697982
0.000744786
0.000797135
0.000855452
0.000920243
0.000992196
0.00107234
0.00116229
0.00126466
0.00138349
0.0015247
0.00169601
0.00190529
0.00215588
0.00243776
0.00271679
0.00288346
0.00291173
0.00276828
0.00248405
0.0023823
0.00260472
0.00299017
0.000509013
0.000491714
0.00207804
0.00252301
0.00267365
0.00265235
0.00247891
0.00220129
0.00187869
0.00156872
0.0013106
0.00111726
0.000982468
0.000892393
0.000833028
0.00079301
0.00076409
0.000740847
0.000720119
0.000700331
0.000680875
0.00066163
0.000642662
0.000624075
0.000605953
0.00058835
0.000571306
0.000554857
0.000539047
0.000523926
0.000509558
0.000496011
0.000483355
0.000471661
0.000460994
0.000451417
0.000442985
0.000435747
0.000429749
0.000425034
0.000421646
0.000419828
0.000419282
0.000420064
0.00042249
0.000426609
0.00043252
0.000440353
0.000450267
0.000462453
0.00047713
0.000494553
0.000515007
0.00053881
0.000566308
0.000597872
0.000633891
0.000674766
0.0007209
0.000772702
0.000830595
0.000895052
0.000966678
0.00104635
0.00113545
0.00123627
0.0013525
0.00148982
0.00165618
0.00186087
0.00211071
0.00240174
0.00270752
0.00293153
0.00299598
0.00289449
0.00258214
0.002393
0.00251022
0.00288863
0.000485543
0.000470592
0.00204232
0.00246531
0.00260977
0.00258914
0.00242311
0.00215536
0.00184178
0.00153867
0.00128568
0.00109655
0.000965449
0.000878461
0.000821388
0.000782825
0.000754651
0.000731658
0.000710893
0.000690941
0.000671285
0.00065185
0.000632716
0.000613985
0.000595735
0.000578019
0.000560872
0.000544331
0.000528441
0.000513256
0.000498837
0.000485252
0.000472572
0.000460863
0.000450187
0.000440601
0.000432154
0.000424889
0.000418843
0.000414053
0.000410556
0.000408552
0.000407868
0.000408413
0.000410534
0.000414285
0.00041976
0.000427087
0.000436421
0.000447953
0.000461904
0.000478532
0.000498132
0.000521035
0.000547606
0.000578242
0.000613362
0.000653403
0.000698805
0.000750004
0.00080744
0.000871572
0.000942943
0.0010223
0.00111083
0.0012105
0.00132462
0.00145852
0.00162014
0.0018197
0.00206675
0.00236233
0.00268677
0.0029669
0.0030725
0.0030134
0.00270482
0.0024272
0.00244086
0.00278328
0.0004621
0.000447742
0.00200903
0.00240869
0.00254689
0.00252745
0.00236968
0.00211287
0.00180921
0.00151341
0.00126534
0.00107974
0.000951521
0.000866901
0.000811571
0.000774094
0.000746453
0.00072361
0.00070278
0.000682669
0.000662831
0.000643225
0.00062394
0.00060508
0.00058672
0.000568908
0.000551682
0.000535078
0.00051914
0.000503923
0.00048949
0.000475905
0.000463237
0.000451548
0.000440896
0.000431332
0.000422899
0.000415632
0.000409565
0.000404725
0.000401145
0.000398977
0.00039816
0.000398498
0.000400344
0.000403754
0.000408822
0.00041567
0.000424453
0.000435358
0.000448606
0.000464458
0.000483215
0.000505219
0.000530852
0.000560535
0.000594719
0.000633876
0.000678487
0.000729029
0.000785967
0.000849765
0.000920927
0.0010001
0.00108828
0.00118714
0.00129961
0.00143057
0.00158776
0.00178194
0.00202493
0.00232233
0.00265947
0.00298416
0.00314208
0.0031284
0.00284109
0.00246728
0.00239566
0.00267539
0.000439754
0.000429882
0.0019734
0.00235337
0.00248556
0.00246773
0.00231885
0.00207376
0.00178078
0.00149267
0.0012493
0.00106658
0.000940464
0.000857511
0.000803405
0.000766684
0.000739398
0.000716632
0.000695722
0.000675462
0.000655463
0.000635704
0.000616286
0.000597312
0.000578858
0.000560972
0.00054369
0.000527049
0.000511094
0.000495878
0.000481462
0.000467909
0.000455282
0.000443642
0.00043304
0.000423522
0.000415124
0.000407877
0.000401807
0.000396937
0.00039329
0.000390978
0.00039003
0.000390187
0.000391785
0.000394882
0.000399571
0.000405971
0.000414234
0.000424544
0.00043712
0.000452224
0.000470161
0.000491279
0.000515978
0.000544698
0.00057792
0.000616155
0.000659927
0.000709758
0.000766154
0.000829598
0.000900576
0.00097966
0.00106768
0.00116603
0.00127726
0.00140579
0.00155896
0.00174774
0.0019857
0.00228311
0.0026327
0.00298918
0.00320731
0.00323268
0.002981
0.00253997
0.00237214
0.00257096
0.000419698
0.000414203
0.00193615
0.00229952
0.00242631
0.00241037
0.00227073
0.00203792
0.00175624
0.00147611
0.0012372
0.00105674
0.000931984
0.000850076
0.000796737
0.000760485
0.000733403
0.000710656
0.00068966
0.00066927
0.00064913
0.000629239
0.000609705
0.000590635
0.000572105
0.000554165
0.00053685
0.000520199
0.000504253
0.000489065
0.000474694
0.000461198
0.000448638
0.000437068
0.000426536
0.00041708
0.000408733
0.00040152
0.00039546
0.000390572
0.000386875
0.000384434
0.000383351
0.000383352
0.000384724
0.000387534
0.000391872
0.000397857
0.000405635
0.000415386
0.000427327
0.000441718
0.000458865
0.000479124
0.000502904
0.000530664
0.000562913
0.0006002
0.000643095
0.000692171
0.000747981
0.000811043
0.000881847
0.000960908
0.00104892
0.00114703
0.00125741
0.00138398
0.00153359
0.0017171
0.00194919
0.00224386
0.00260123
0.00298586
0.00326302
0.00332946
0.00311586
0.00263545
0.00236305
0.00247186
0.000402541
0.000399307
0.00189819
0.00224742
0.00236941
0.00235566
0.00222544
0.00200526
0.00173537
0.00146356
0.00122905
0.00105025
0.000926153
0.000844554
0.000791478
0.000755408
0.000728395
0.000705622
0.000684541
0.00066404
0.000643783
0.000623782
0.000604151
0.000585003
0.000566416
0.000548441
0.000531116
0.000514476
0.000498563
0.000483427
0.000469123
0.000455705
0.00044323
0.000431746
0.000421296
0.000411914
0.000403628
0.000396456
0.000390415
0.000385518
0.000381781
0.000379234
0.000377999
0.000377871
0.000379036
0.000381582
0.000385599
0.0003912
0.000398529
0.00040776
0.000419107
0.000432827
0.000449225
0.000468659
0.000491546
0.000518363
0.000549643
0.000585969
0.000627959
0.00067624
0.000731424
0.000794074
0.000864701
0.00094379
0.00103192
0.00113002
0.00123988
0.00136494
0.0015115
0.00169008
0.00191605
0.00220642
0.0025677
0.00297301
0.00330832
0.00341869
0.00324729
0.00275458
0.00236278
0.00238114
0.000388841
0.000384828
0.00186
0.00219764
0.00231478
0.00230371
0.00218301
0.00197562
0.00171792
0.00145459
0.00122394
0.00104653
0.000922319
0.000840697
0.000787537
0.000751389
0.000724313
0.000701471
0.00068031
0.00065972
0.000639374
0.000619287
0.000599581
0.000580373
0.000561748
0.000543757
0.000526439
0.000509831
0.000493971
0.000478906
0.000464685
0.000451361
0.000438983
0.000427596
0.000417237
0.000407936
0.000399714
0.000392588
0.000386568
0.000381665
0.000377892
0.000375265
0.000373882
0.000373626
0.000374603
0.000376909
0.000380631
0.000385881
0.000392798
0.000401551
0.000412348
0.000425443
0.000441137
0.000459789
0.000481821
0.000507722
0.000538047
0.000573412
0.000614482
0.000661941
0.000716462
0.000778669
0.00084911
0.00092826
0.00101661
0.00111489
0.00122455
0.00134852
0.0014925
0.00166653
0.00188626
0.00217116
0.00253383
0.00295593
0.00334396
0.00350189
0.00337886
0.00288719
0.00238838
0.00230098
0.000378919
0.000370543
0.00182178
0.00215051
0.00226277
0.00225422
0.00214382
0.00194897
0.00170364
0.00144909
0.00122366
0.00104686
0.000921868
0.000838714
0.00078484
0.000748367
0.000721104
0.000698153
0.000676918
0.000656265
0.000635857
0.00061571
0.000595951
0.000576704
0.000558056
0.000540067
0.000522775
0.000506214
0.000490423
0.000475443
0.000461319
0.000448099
0.000435827
0.000424543
0.00041428
0.000405062
0.000396906
0.000389825
0.000383827
0.00037892
0.000375112
0.000372419
0.000370901
0.000370517
0.000371321
0.000373407
0.000376861
0.000381792
0.000388335
0.000396652
0.000406946
0.000419464
0.000434506
0.000452425
0.000473647
0.000498669
0.000528066
0.000562483
0.000602628
0.000649246
0.000703076
0.000764811
0.000835051
0.000914284
0.00100294
0.00110157
0.00121129
0.00133456
0.00147643
0.00164632
0.00185987
0.00213838
0.00249993
0.00293471
0.00336862
0.00357879
0.00350522
0.00302062
0.00242844
0.00223661
0.000373527
0.000356514
0.00178376
0.00210569
0.00221363
0.00220746
0.00210763
0.00192519
0.00169239
0.00144723
0.00122532
0.00104892
0.000922958
0.000838889
0.000783588
0.000746325
0.000718728
0.000695616
0.000674307
0.000653617
0.000633179
0.000613002
0.000593215
0.000573949
0.000555299
0.000537327
0.000520075
0.000503576
0.000487866
0.000472982
0.000458966
0.000445858
0.000433698
0.000422522
0.000412356
0.00040322
0.000395129
0.000388091
0.000382111
0.000377197
0.000373356
0.000370602
0.000368967
0.000368456
0.000369101
0.000370984
0.000374195
0.000378838
0.000385046
0.000392971
0.000402806
0.000414799
0.000429244
0.000446483
0.000466946
0.000491137
0.000519641
0.000553134
0.000592364
0.000638132
0.000691251
0.000752489
0.000822512
0.000901838
0.000990857
0.00108998
0.00120001
0.00132292
0.00146312
0.00162933
0.00183686
0.00210836
0.002467
0.00291239
0.00338076
0.00365165
0.00362822
0.0031575
0.00248768
0.00218415
0.000371223
0.00034276
0.00174598
0.00206327
0.00216745
0.00216359
0.00207424
0.00190415
0.00168395
0.00144807
0.00122973
0.00105368
0.000925922
0.000840123
0.000783788
0.000745384
0.000717159
0.000693837
0.000672458
0.000651752
0.000631314
0.000611136
0.000591344
0.000572077
0.000553437
0.000535495
0.000518295
0.000501871
0.000486255
0.00047148
0.000457581
0.000444593
0.000432551
0.000421483
0.000411418
0.000402362
0.000394328
0.000387323
0.000381354
0.000376426
0.000372548
0.000369732
0.000368003
0.000367382
0.000367897
0.000369601
0.000372602
0.000376981
0.000382871
0.000390428
0.000399848
0.000411368
0.000425274
0.000441887
0.00046165
0.000485063
0.00051272
0.000545324
0.000583656
0.000628579
0.000680976
0.000741697
0.000811486
0.000890912
0.000980347
0.00108008
0.00119063
0.00131351
0.00145245
0.00161541
0.00181715
0.00208112
0.00243481
0.00288734
0.0033854
0.00372154
0.00374554
0.00329198
0.00256311
0.00214396
0.000370842
0.000329539
0.00170898
0.00202336
0.00212447
0.00212275
0.0020436
0.00188564
0.00167798
0.00145092
0.00123773
0.0010618
0.000931834
0.000843108
0.000784849
0.000745548
0.000716532
0.000692735
0.000671246
0.000650546
0.00063014
0.000609994
0.000590232
0.000571002
0.000552427
0.000534559
0.000517448
0.000501129
0.00048563
0.00047098
0.000457208
0.000444342
0.000432411
0.000421439
0.000411439
0.000402426
0.000394421
0.000387433
0.000381466
0.000376524
0.000372613
0.000369743
0.000367931
0.000367211
0.000367605
0.000369149
0.000371995
0.00037619
0.00038183
0.000389075
0.000398112
0.00040917
0.000422535
0.000438571
0.000457697
0.000480393
0.000507253
0.000539014
0.000576478
0.000620571
0.000672245
0.000732436
0.000801978
0.000881503
0.000971391
0.00107183
0.0011831
0.00130621
0.00144428
0.00160442
0.0018007
0.00205688
0.00240405
0.00286057
0.00338577
0.00378534
0.00385908
0.00343091
0.00265025
0.0021142
0.000374375
0.000316757
0.00167233
0.00198577
0.00208456
0.0020849
0.00201537
0.00186965
0.00167426
0.00145684
0.00124858
0.00107282
0.000940287
0.000848407
0.00078733
0.000746395
0.000716728
0.000692606
0.000670918
0.000650213
0.000629891
0.000609844
0.000590167
0.000571002
0.000552457
0.00053462
0.000517547
0.000501274
0.00048583
0.000471242
0.000457537
0.000444744
0.000432884
0.000421981
0.000412052
0.000403109
0.000395161
0.000388213
0.000382269
0.000377332
0.000373409
0.000370511
0.000368657
0.000367876
0.000368167
0.000369541
0.000372212
0.000376205
0.000381643
0.00038867
0.000397458
0.000408195
0.000421133
0.000436631
0.000455108
0.000477082
0.000503194
0.000534176
0.000570806
0.000614098
0.000665059
0.000724714
0.000793999
0.000873623
0.000963991
0.00106521
0.00117736
0.00130096
0.0014385
0.00159623
0.00178736
0.00203561
0.00237492
0.00283208
0.00337874
0.00384074
0.00396837
0.00357236
0.00274702
0.00209608
0.000380658
0.000304339
0.00163563
0.00195056
0.00204779
0.00205022
0.00198943
0.00185605
0.00167318
0.00146541
0.0012622
0.00108675
0.000951421
0.000855866
0.000791634
0.000748368
0.000717506
0.000692928
0.000671128
0.000650425
0.000630149
0.00061016
0.000590537
0.00057142
0.000552933
0.000535158
0.000518156
0.000501965
0.000486614
0.000472129
0.000458543
0.000445872
0.000434133
0.00042334
0.00041351
0.000404652
0.000396769
0.000389865
0.000383943
0.000379006
0.000375062
0.000372124
0.000370213
0.000369361
0.00036957
0.000370797
0.000373313
0.000377133
0.000382361
0.000389136
0.000397633
0.000408072
0.000420724
0.000435897
0.000453913
0.000475288
0.000500661
0.000530791
0.000566616
0.000609156
0.000659426
0.000718547
0.000787574
0.000867293
0.000958162
0.00106021
0.00117343
0.00129811
0.00143557
0.00159091
0.00177705
0.00201735
0.00234782
0.00280333
0.0033684
0.00388888
0.00407345
0.00371701
0.00285384
0.00208765
0.000389872
0.000292151
0.0015982
0.00191765
0.00201428
0.00201864
0.00196579
0.00184461
0.00167388
0.00147627
0.00127848
0.00110364
0.000965401
0.000865704
0.000797741
0.000751812
0.000719239
0.000693833
0.000671788
0.000651073
0.000630882
0.000611013
0.000591507
0.000572493
0.000554106
0.000536435
0.000519545
0.000503477
0.00048826
0.000473914
0.00046045
0.00044789
0.000436252
0.000425551
0.000415798
0.000407002
0.000399165
0.000392291
0.000386383
0.000381444
0.000377482
0.00037451
0.000372552
0.000371641
0.000371788
0.000372895
0.000375275
0.000378953
0.000384012
0.000390585
0.00039884
0.000408985
0.000421276
0.000436034
0.000453674
0.000474679
0.000499587
0.000529077
0.000564132
0.000605824
0.000655354
0.000713951
0.000782735
0.000862544
0.000953936
0.00105703
0.00117149
0.00129705
0.00143455
0.00158842
0.00176954
0.00200198
0.0023227
0.00277407
0.00335407
0.00392897
0.00417407
0.00386389
0.00296956
0.00208529
0.000402007
0.000280081
0.00155942
0.00188679
0.00198387
0.00199019
0.00194439
0.00183499
0.00167596
0.00148905
0.00129731
0.00112349
0.000982392
0.000878176
0.000805903
0.000756752
0.000722157
0.000695669
0.000673169
0.0006524
0.000632325
0.000612606
0.000593247
0.000574364
0.000556089
0.000538524
0.000521738
0.000505776
0.000490669
0.000476434
0.000463085
0.000450635
0.0004391
0.000428489
0.000418813
0.000410079
0.000402289
0.000395447
0.000389555
0.000384619
0.000380646
0.00037765
0.000375655
0.000374701
0.000374808
0.000375821
0.000378088
0.000381656
0.000386581
0.000392993
0.000401055
0.000410966
0.000422974
0.000437388
0.000454595
0.000475083
0.000499473
0.000528549
0.000563167
0.000604236
0.000653154
0.000711235
0.00077974
0.000859673
0.000951635
0.00105562
0.0011709
0.00129705
0.00143487
0.00158778
0.00176517
0.00198946
0.00229967
0.00274481
0.00333684
0.00396088
0.00427066
0.00401352
0.00309467
0.00209494
0.000417841
0.000267981
0.00151845
0.00185753
0.0019565
0.0019649
0.00192533
0.0018272
0.00168012
0.0015037
0.00131857
0.00114629
0.00100256
0.000893567
0.00081643
0.000763446
0.000726322
0.000698417
0.000675279
0.000654338
0.000634327
0.000614767
0.000595582
0.000576858
0.000558722
0.00054128
0.000524611
0.000508765
0.000493773
0.000479653
0.000466419
0.00045408
0.000442648
0.000432129
0.000422533
0.000413863
0.000406124
0.000399318
0.00039345
0.000388523
0.000384548
0.000381539
0.000379522
0.00037854
0.000378625
0.000379573
0.000381755
0.00038524
0.000390065
0.000396356
0.000404268
0.000413996
0.000425779
0.000439919
0.00045679
0.000476869
0.000500757
0.000529211
0.000563172
0.000603823
0.000652382
0.000710162
0.000778455
0.000858492
0.00095082
0.00105541
0.00117189
0.00129941
0.00143774
0.00158941
0.00176345
0.00197956
0.00227867
0.00271548
0.00331716
0.00398406
0.00436296
0.00416476
0.00322802
0.00211346
0.000436722
0.000255831
0.00147493
0.00182958
0.00193209
0.00194272
0.00190869
0.00182118
0.00168576
0.00152
0.00134206
0.00117203
0.00102605
0.000912182
0.000829682
0.000772223
0.000731984
0.000702223
0.000678164
0.000656895
0.000636882
0.000617468
0.000598471
0.000579933
0.000561962
0.000544666
0.00052813
0.00051241
0.000497541
0.000483542
0.000470426
0.000458201
0.000446875
0.000436453
0.00042694
0.000418341
0.00041066
0.000403899
0.000398063
0.000393157
0.000389192
0.000386183
0.00038416
0.000383169
0.00038325
0.000384159
0.000386286
0.000389718
0.000394476
0.00040068
0.000408484
0.000418075
0.000429686
0.00044361
0.000460216
0.000479969
0.000503463
0.000531453
0.00056488
0.000604894
0.000652825
0.000710137
0.000778283
0.000858407
0.000951298
0.00105704
0.0011749
0.00130368
0.00144262
0.00159333
0.00176334
0.00197211
0.00225969
0.00268597
0.00329319
0.00400005
0.00445101
0.00431697
0.00337026
0.00214181
0.000459463
0.000243463
0.00142791
0.00180219
0.00191042
0.00192361
0.00189447
0.00181684
0.00169272
0.00153775
0.00136758
0.0012006
0.00105297
0.000934323
0.000846063
0.000783484
0.000739472
0.000707318
0.000681963
0.00066014
0.000640009
0.000620696
0.000601888
0.000583552
0.000565771
0.000548645
0.000532261
0.000516682
0.000501945
0.000488075
0.000475084
0.000462979
0.000451764
0.000441445
0.000432025
0.000423506
0.000415893
0.000409188
0.000403397
0.000398526
0.000394586
0.000391596
0.000389584
0.000388606
0.000388699
0.000389597
0.000391701
0.00039511
0.000399832
0.000405986
0.000413721
0.000423218
0.000434705
0.000448469
0.00046487
0.000484368
0.00050755
0.00053517
0.000568175
0.000607736
0.000655234
0.000712197
0.000780162
0.000860448
0.000953889
0.00106057
0.00117969
0.00130977
0.00144947
0.00159949
0.00176611
0.00196728
0.00224273
0.00265664
0.00326576
0.00400761
0.00453471
0.004469
0.00352055
0.00218052
0.000486041
0.00023087
0.0013772
0.00177527
0.00189138
0.00190762
0.00188271
0.00181404
0.00170081
0.0015567
0.00139487
0.00123185
0.00108338
0.000960271
0.000866007
0.000797698
0.000749201
0.000714022
0.000686895
0.0006642
0.000643768
0.000624467
0.000605817
0.000587688
0.000570115
0.00055318
0.000536969
0.000521548
0.000506959
0.000493229
0.000480372
0.000468396
0.000457303
0.000447097
0.000437781
0.000429355
0.000421824
0.000415191
0.000409461
0.000404643
0.000400749
0.000397797
0.000395819
0.000394877
0.000394998
0.000395913
0.000398029
0.000401445
0.000406164
0.000412303
0.000420006
0.000429451
0.000440862
0.000454517
0.000470772
0.00049008
0.000513025
0.000540358
0.000573031
0.000612235
0.000659388
0.000716082
0.000783942
0.000864389
0.000958345
0.00106593
0.00118627
0.00131764
0.00145815
0.00160757
0.00177094
0.00196497
0.00222759
0.00262744
0.00323511
0.00400981
0.00461467
0.00461983
0.00367892
0.00222906
0.000516788
0.000217843
0.00132158
0.00174724
0.00187459
0.00189468
0.00187354
0.00181327
0.00171008
0.00157666
0.00142368
0.00126556
0.00111723
0.000990246
0.000889952
0.000815399
0.000761684
0.000722758
0.000693268
0.000669281
0.000648277
0.000628837
0.000610273
0.00059233
0.000574969
0.000558243
0.000542225
0.000526981
0.000512557
0.000498982
0.000486273
0.000474438
0.000463481
0.000453402
0.000444204
0.000435889
0.000428458
0.000421916
0.00041627
0.000411526
0.0004077
0.00040481
0.00040289
0.000402015
0.000402179
0.000403139
0.000405305
0.000408759
0.000413508
0.000419667
0.000427376
0.00043681
0.000448188
0.000461785
0.00047795
0.000497134
0.000519914
0.000547042
0.000579474
0.000618414
0.000665313
0.000721818
0.000789628
0.000870258
0.000964715
0.00107316
0.00119466
0.00132726
0.00146856
0.00161745
0.00177763
0.00196427
0.00221402
0.00259832
0.00320083
0.00400343
0.00468969
0.0047686
0.00384516
0.00228919
0.000552041
0.0002046
0.00126198
0.00171928
0.00185994
0.00188501
0.00186715
0.00181399
0.0017204
0.00159744
0.00145369
0.00130143
0.00115439
0.00102438
0.000918301
0.000837155
0.000777523
0.000734062
0.000701508
0.000675686
0.000653736
0.000633922
0.000615315
0.000597496
0.000580329
0.000563816
0.000548006
0.000532957
0.000518716
0.000505315
0.000492771
0.000481094
0.000470289
0.000460356
0.000451297
0.000443112
0.000435804
0.000429377
0.000423838
0.000419195
0.000415463
0.000412663
0.00041083
0.000410057
0.000410281
0.000411313
0.000413569
0.000417093
0.000421905
0.000428118
0.000435871
0.000445334
0.000456723
0.00047031
0.000486441
0.000505563
0.000528252
0.000555257
0.00058754
0.000626315
0.000673057
0.000729455
0.000797277
0.000878115
0.000973053
0.00108229
0.00120486
0.00133859
0.00148061
0.00162897
0.001786
0.00196499
0.00220189
0.00256934
0.0031636
0.00398981
0.00475529
0.00491591
0.00401908
0.0023609
0.000591942
0.000191146
0.00119811
0.00169023
0.00184583
0.00187801
0.00186322
0.00181621
0.00173161
0.00161882
0.00148458
0.00133908
0.00119458
0.00106267
0.000951378
0.000863538
0.000797398
0.000748596
0.000712178
0.000683852
0.000660455
0.000639927
0.000621065
0.000603252
0.000586223
0.000569903
0.000554303
0.000539462
0.000525422
0.000512212
0.000499853
0.000488355
0.000477722
0.000467957
0.00045906
0.00045103
0.000443872
0.000437587
0.000432184
0.000427672
0.000424066
0.000421386
0.000419672
0.000419041
0.000419342
0.000420475
0.000422862
0.000426489
0.000431399
0.000437702
0.000445534
0.000455066
0.000466509
0.000480134
0.000496286
0.000515408
0.000538077
0.000565043
0.00059727
0.00063598
0.000682666
0.000739049
0.000806944
0.000888011
0.000983397
0.00109334
0.00121684
0.00135153
0.00149414
0.00164188
0.00179579
0.0019674
0.00219094
0.00254021
0.00312313
0.00396953
0.00481208
0.00506029
0.00420014
0.00244555
0.000636863
0.000178158
0.00113307
0.00165979
0.0018329
0.00187372
0.00186254
0.00182092
0.00174395
0.0016407
0.00151605
0.0013781
0.00123743
0.00110497
0.000989375
0.000895071
0.00082203
0.00076713
0.000725989
0.00069437
0.00066889
0.00064718
0.000627746
0.00060974
0.000592734
0.000576549
0.000561136
0.000546502
0.000532671
0.000519669
0.000507514
0.000496216
0.00048578
0.000476207
0.000467498
0.000459653
0.000452673
0.000446563
0.000441329
0.000436981
0.000433535
0.000431011
0.00042945
0.000429005
0.000429401
0.000430669
0.000433229
0.000436991
0.000442032
0.00044846
0.00045641
0.000466049
0.000477589
0.000491299
0.000507524
0.000526708
0.00054943
0.00057644
0.000608706
0.000647455
0.000694188
0.000750646
0.000818676
0.000899983
0.000995767
0.0011063
0.00123054
0.00136598
0.00150896
0.00165593
0.00180665
0.00197082
0.00218074
0.00251066
0.00307915
0.0039417
0.00485832
0.00520103
0.0043883
0.00254344
0.000686822
0.000165902
0.00106806
0.00162616
0.00182037
0.00187219
0.00186388
0.00182784
0.00175748
0.00166302
0.0015478
0.00141802
0.00128244
0.00115094
0.0010323
0.000932156
0.000852129
0.000790524
0.000743803
0.00070801
0.000679675
0.000656173
0.00063572
0.000617214
0.000600034
0.000583867
0.000568577
0.000554119
0.00054049
0.000527701
0.000515764
0.000504685
0.000494468
0.000485114
0.000476621
0.000468991
0.000462223
0.000456321
0.000451292
0.000447145
0.000443896
0.000441565
0.000440196
0.000439985
0.000440496
0.000441946
0.0004447
0.000448637
0.000453846
0.000460435
0.000468539
0.000478324
0.000490002
0.000503844
0.000520196
0.000539504
0.00056235
0.000589487
0.000621887
0.000660776
0.000707659
0.00076428
0.000832498
0.000914044
0.00101015
0.0011211
0.00124585
0.00138175
0.00152481
0.00167078
0.0018182
0.00197487
0.00217089
0.00248039
0.00303133
0.00390585
0.00489323
0.00533675
0.00458299
0.00265574
0.000742079
0.000154293
0.00100332
0.00158799
0.00180844
0.00187264
0.00186762
0.00183663
0.00177243
0.00168576
0.00157961
0.00145838
0.00132902
0.00120007
0.00107995
0.000975009
0.000888315
0.000819668
0.000766613
0.000725732
0.000693656
0.000667603
0.000645534
0.000626089
0.000608428
0.000592074
0.000576776
0.000562419
0.000548952
0.00053636
0.000524639
0.000513789
0.000503809
0.000494696
0.000486448
0.000479062
0.000472539
0.000466881
0.000462094
0.000458187
0.000455174
0.000453075
0.000451954
0.000451987
0.000452652
0.000454344
0.000457316
0.000461463
0.000466876
0.000473662
0.000481955
0.000491925
0.000503783
0.000517804
0.000534334
0.000553828
0.000576871
0.00060422
0.000636847
0.000675977
0.000723106
0.000779968
0.000848413
0.000930172
0.00102649
0.00113766
0.00126262
0.00139862
0.00154137
0.00168602
0.0018299
0.00197897
0.00216094
0.00244906
0.0029793
0.00386101
0.00491189
0.00546613
0.00478384
0.00278321
0.000802598
0.000143038
0.000938166
0.00154338
0.00179571
0.00187424
0.00187368
0.00184758
0.00178918
0.00170913
0.00161137
0.00149879
0.00137656
0.0012517
0.00113186
0.00102359
0.000931026
0.000855396
0.000795487
0.000748673
0.000711912
0.00068242
0.000657982
0.000637
0.00061841
0.000601547
0.000586021
0.000571615
0.000558216
0.000545765
0.000534232
0.000523601
0.00051386
0.000505001
0.000497016
0.000489901
0.000483653
0.000478273
0.000473764
0.000470134
0.000467396
0.000465568
0.000464778
0.000464985
0.000465889
0.000467898
0.000471114
0.000475502
0.000481151
0.000488167
0.000496686
0.000506878
0.000518959
0.000533205
0.000549969
0.000569712
0.000593024
0.000620667
0.000653612
0.000693077
0.000740539
0.000797703
0.000866389
0.0009483
0.00104467
0.00115579
0.00128059
0.00141625
0.00155824
0.00170115
0.00184121
0.00198257
0.00215034
0.00241634
0.00292274
0.00380694
0.00491897
0.00558826
0.00499015
0.00292693
0.000868455
0.000131996
0.000872768
0.00149037
0.00177817
0.00187532
0.00188246
0.00186028
0.00180741
0.00173316
0.00164303
0.00153893
0.00142447
0.0013051
0.00118736
0.00107755
0.000980426
0.00089838
0.000831479
0.000778091
0.000735744
0.000701852
0.000674152
0.000650873
0.000630742
0.0006129
0.000596796
0.000582091
0.000568583
0.000556152
0.000544728
0.000534267
0.00052474
0.000516125
0.000508408
0.000501576
0.000495624
0.000490546
0.000486345
0.000483025
0.000480598
0.000479075
0.000478676
0.000479061
0.000480235
0.000482611
0.000486107
0.000490771
0.000496689
0.000503971
0.000512752
0.000523205
0.000535551
0.00055007
0.000567125
0.00058718
0.000610834
0.000638852
0.000672201
0.000712083
0.000759944
0.000817445
0.000886348
0.000968304
0.00106451
0.00117525
0.00129944
0.00143422
0.0015749
0.00171558
0.00185145
0.00198447
0.00213844
0.00238192
0.0028612
0.00374148
0.00491543
0.00570027
0.00520062
0.00308772
0.00093949
0.00012087
0.000806638
0.0014298
0.0017524
0.00187444
0.00189278
0.00187456
0.00182709
0.0017579
0.00167459
0.00157858
0.00147222
0.00135948
0.00124562
0.00113628
0.00103634
0.000949005
0.000875497
0.000815265
0.00076662
0.0007274
0.000695464
0.000668983
0.00064653
0.000627068
0.000609879
0.000594484
0.000580573
0.000567946
0.000556475
0.000546073
0.000536683
0.000528264
0.000520785
0.000514224
0.000508566
0.000503799
0.000499921
0.000496933
0.000494838
0.000493665
0.000493674
0.000494258
0.000495771
0.000498499
0.000502316
0.000507291
0.000513514
0.000521095
0.000530174
0.000540928
0.000553583
0.000568427
0.000585829
0.000606262
0.000630329
0.000658797
0.000692622
0.000732983
0.000781281
0.000839111
0.000908156
0.000989985
0.00108573
0.00119567
0.00131872
0.001452
0.00159071
0.00172858
0.00185998
0.00198493
0.0021247
0.00234558
0.00279464
0.00366315
0.00488687
0.00579947
0.00541366
0.0032666
0.00101555
0.000110271
0.000742707
0.00136196
0.00171585
0.00187007
0.00190319
0.0018898
0.0018482
0.00178347
0.00170616
0.00161768
0.00151947
0.00141419
0.00130577
0.00119892
0.00109823
0.00100728
0.000928155
0.000861345
0.000806065
0.000760776
0.000723667
0.000693003
0.000667304
0.000645407
0.000626446
0.000609802
0.000595041
0.000581868
0.000570078
0.00055953
0.000550122
0.000541783
0.000534459
0.00052811
0.000522706
0.000518228
0.000514661
0.000512004
0.000510239
0.000509512
0.000509746
0.000510645
0.000512589
0.000515657
0.000519811
0.000525121
0.000531674
0.000539586
0.000548998
0.000560093
0.000573103
0.000588323
0.00060613
0.000627003
0.000651549
0.000680528
0.000714882
0.000755751
0.000804478
0.000862572
0.00093161
0.00101306
0.00110797
0.00121659
0.00133786
0.00146892
0.00160491
0.00173927
0.00186487
0.00198226
0.00210807
0.00230659
0.00272374
0.00357398
0.00484361
0.00588401
0.00562721
0.00346441
0.00109629
0.000100733
0.000683891
0.00128821
0.00166729
0.00185785
0.00191182
0.00190484
0.00187071
0.00180984
0.0017378
0.00165622
0.001566
0.00146868
0.00136698
0.00126453
0.00116528
0.00107279
0.000989652
0.000917174
0.000855475
0.000803768
0.000760757
0.000724983
0.000695054
0.000669775
0.000648185
0.000629546
0.000613309
0.000599071
0.000586541
0.000575505
0.000565809
0.000557335
0.000549997
0.000543727
0.000538477
0.00053421
0.000530897
0.00052853
0.00052706
0.000526783
0.000527214
0.000528426
0.0005308
0.000534219
0.000538723
0.000544383
0.00055129
0.000559558
0.000569335
0.000580809
0.000594216
0.00060986
0.000628125
0.000649492
0.000674566
0.000704095
0.000738992
0.000780349
0.00082943
0.000887639
0.00095643
0.00103714
0.00113073
0.00123742
0.00135616
0.00148418
0.0016166
0.00174603
0.00186643
0.00197577
0.00208778
0.00226407
0.00264814
0.00347167
0.00477736
0.00594869
0.00583825
0.00368183
0.00118126
9.2419e-05
0.000631368
0.00121087
0.00160674
0.00183182
0.00191196
0.00191643
0.00189214
0.00183753
0.00176996
0.00169452
0.00161186
0.0015227
0.00142864
0.00133221
0.00123654
0.00114481
0.00105972
0.000983138
0.00091591
0.000858019
0.000808803
0.000767241
0.000732192
0.000702558
0.000677373
0.000655838
0.000637314
0.000621305
0.00060743
0.000595398
0.000584986
0.000576023
0.000568378
0.000561949
0.000556656
0.000552439
0.000549251
0.000547067
0.000545831
0.000545878
0.000546503
0.000548035
0.000550741
0.000554499
0.000559348
0.00056536
0.000572626
0.000581266
0.000591429
0.000603309
0.000617147
0.000633252
0.00065201
0.0006739
0.000699518
0.000729589
0.000764984
0.000806731
0.000855998
0.000914068
0.000982251
0.00106175
0.00115341
0.00125741
0.00137278
0.00149686
0.00162411
0.00174849
0.00186381
0.00196449
0.00206285
0.00221751
0.00256789
0.0033594
0.00469154
0.00598264
0.00604372
0.00391926
0.00126987
8.51489e-05
0.0005844
0.00113148
0.00153454
0.0017891
0.00190415
0.00192481
0.00190927
0.00186471
0.00180232
0.00173279
0.00165735
0.00157633
0.00149048
0.00140133
0.00131111
0.00122242
0.00113773
0.00105912
0.000987925
0.000924787
0.000869684
0.000822134
0.000781385
0.000746577
0.000716861
0.000691462
0.000669715
0.000651064
0.000635057
0.00062133
0.000609593
0.000599615
0.000591212
0.000584236
0.000578571
0.000574126
0.000570826
0.000568623
0.000567478
0.000567621
0.000568402
0.000570172
0.000573118
0.000577145
0.000582289
0.000588619
0.000596223
0.00060522
0.000615765
0.000628051
0.000642325
0.000658893
0.000678139
0.000700532
0.000726647
0.000757174
0.000792928
0.000834855
0.000884015
0.000941552
0.00100863
0.00108629
0.00117528
0.00127575
0.00138681
0.0015054
0.00162691
0.00174656
0.00185505
0.00194714
0.00203251
0.00216656
0.00248328
0.00323728
0.0045868
0.00599475
0.00624159
0.0041765
0.00136141
7.85281e-05
0.00054112
0.00105123
0.00145225
0.00173027
0.00188122
0.00192376
0.00191954
0.00188981
0.00183416
0.00177105
0.00170281
0.00162993
0.00155263
0.00147167
0.00138844
0.00130482
0.00122288
0.00114459
0.00107153
0.00100476
0.00094481
0.000891736
0.00084525
0.000804844
0.000769901
0.000739782
0.00071388
0.000691642
0.000672589
0.00065631
0.000642463
0.00063076
0.000620964
0.000612881
0.00060635
0.000601244
0.000597454
0.000594913
0.000593508
0.00059359
0.000594331
0.000596098
0.000599139
0.000603306
0.000608634
0.000615185
0.000623045
0.000632331
0.000643196
0.000655833
0.000670482
0.000687446
0.000707095
0.000729878
0.000756337
0.000787112
0.000822948
0.000864696
0.000913293
0.000969741
0.00103504
0.00111009
0.00119553
0.00129152
0.00139712
0.00150884
0.00162499
0.00173773
0.00183908
0.00192283
0.00199621
0.0021113
0.00239561
0.00310766
0.00446056
0.00597737
0.00642715
0.00445264
0.00145504
7.22649e-05
0.000500115
0.000971289
0.00136167
0.00165453
0.00183482
0.00191162
0.00192052
0.00190551
0.00186444
0.00180923
0.00174879
0.00168425
0.00161579
0.00154364
0.00146853
0.00139165
0.00131457
0.00123897
0.00116638
0.00109808
0.00103498
0.000977561
0.000925997
0.000880174
0.000839791
0.000804442
0.000773667
0.000747001
0.000724001
0.000704257
0.000687406
0.000673128
0.000661146
0.000651224
0.000643161
0.000636791
0.000631967
0.000628601
0.000626506
0.000626032
0.000626539
0.000627982
0.000630825
0.000634878
0.000640165
0.000646734
0.000654664
0.000664067
0.000675085
0.000687903
0.000702751
0.000719915
0.000739743
0.000762652
0.000789138
0.000819778
0.000855236
0.000896254
0.000943643
0.000998259
0.00106095
0.00113247
0.00121335
0.00130386
0.00140197
0.00150766
0.00161607
0.00172117
0.00181509
0.001891
0.00195394
0.00205245
0.00230692
0.0029744
0.00431287
0.0059146
0.00659334
0.00474536
0.00154991
6.63874e-05
0.000461476
0.000893266
0.00126546
0.00156371
0.0017679
0.00187958
0.00191364
0.00191076
0.00188914
0.00184568
0.00179515
0.00174005
0.00168104
0.0016183
0.00155215
0.0014833
0.0014128
0.00134197
0.00127215
0.00120463
0.00114048
0.0010805
0.00102519
0.000974832
0.000929449
0.00088892
0.000853009
0.000821409
0.000793783
0.000769787
0.000749085
0.000731362
0.000716329
0.00070373
0.000693333
0.000684943
0.000678384
0.000673521
0.000670213
0.000668363
0.000668343
0.000669115
0.000671118
0.000674648
0.000679509
0.000685729
0.000693381
0.000702551
0.000713372
0.000726013
0.000740687
0.000757653
0.000777226
0.000799781
0.000825755
0.000855655
0.00089005
0.000929573
0.000974909
0.00102677
0.00108586
0.0011528
0.00122805
0.0013116
0.00140258
0.0014998
0.00159957
0.00169637
0.00178274
0.00185175
0.00190663
0.00199224
0.00222062
0.00284411
0.00415056
0.00582125
0.00673549
0.00504919
0.00164515
6.12451e-05
0.000427183
0.000820057
0.00116747
0.0014614
0.00168151
0.0018214
0.0018908
0.00190777
0.00190266
0.00188011
0.00184215
0.00179835
0.00174998
0.00169747
0.00164107
0.00158122
0.00151862
0.00145424
0.00138919
0.00132461
0.00126161
0.00120113
0.0011439
0.00109048
0.00104119
0.000996185
0.000955479
0.00091897
0.000886483
0.000857788
0.000832634
0.000810754
0.000791889
0.000775788
0.000762217
0.000750965
0.00074184
0.000734676
0.000729326
0.000725665
0.000723603
0.000723469
0.00072424
0.000726334
0.000730139
0.000735378
0.000742127
0.000750446
0.000760455
0.000772294
0.00078615
0.00080225
0.000820867
0.000842323
0.000866993
0.0008953
0.000927724
0.000964786
0.00100705
0.00105509
0.0011095
0.00117077
0.0012393
0.00131461
0.00139728
0.00148527
0.00157567
0.00166375
0.00174286
0.00180651
0.00185673
0.0019341
0.00214251
0.00272258
0.00398113
0.00569395
0.00684456
0.00535958
0.00174014
5.77628e-05
0.000401265
0.000756472
0.00107345
0.00135378
0.00158068
0.00174334
0.00184388
0.00189382
0.00190987
0.00190637
0.00188987
0.00186044
0.00182473
0.00178384
0.00173821
0.00168828
0.00163461
0.00157795
0.00151921
0.0014594
0.00139953
0.00134058
0.0012834
0.00122871
0.00117706
0.00112882
0.00108424
0.00104341
0.00100636
0.000972984
0.000943163
0.000916718
0.000893451
0.000873155
0.000855621
0.000840647
0.000828044
0.000817638
0.000809272
0.000802811
0.000798123
0.000795196
0.000794
0.000794367
0.000795846
0.000799088
0.000804004
0.000810529
0.000818804
0.000828907
0.000841005
0.000855286
0.000871977
0.000891342
0.000913685
0.000939355
0.000968734
0.00100224
0.00104033
0.00108347
0.00113213
0.00118672
0.00124758
0.00131463
0.00138755
0.0014656
0.00154622
0.00162564
0.00169846
0.00175928
0.00180988
0.0018898
0.00209087
0.00262549
0.00381802
0.00555372
0.00692449
0.00566988
0.0018343
5.67844e-05
0.000389474
0.00070912
0.000991356
0.00124996
0.00147444
0.00165256
0.00178043
0.00186313
0.00190901
0.00193093
0.00193479
0.00192714
0.0019086
0.00188142
0.00184807
0.00180923
0.0017655
0.00171762
0.0016664
0.00161273
0.00155757
0.00150186
0.0014465
0.00139227
0.00133986
0.00128981
0.00124253
0.0011983
0.00115729
0.00111958
0.00108516
0.00105397
0.0010259
0.00100082
0.000978562
0.000958975
0.000941892
0.000927157
0.000914621
0.000904155
0.000895635
0.000888972
0.000884111
0.000880979
0.000879574
0.00087994
0.000881475
0.000884934
0.000890362
0.000897535
0.000906736
0.000918068
0.000931711
0.000947869
0.000966783
0.000988722
0.00101399
0.00104291
0.00107584
0.00111316
0.00115524
0.00120246
0.0012551
0.00131346
0.0013772
0.00144502
0.00151632
0.00158901
0.00165958
0.00172448
0.00178572
0.00187137
0.00207073
0.00257916
0.00369038
0.00540447
0.0069786
0.00596583
0.00192754
5.99183e-05
0.000395048
0.000685582
0.000931059
0.00116208
0.00137623
0.00156218
0.00171213
0.00182512
0.00190602
0.00195713
0.00198787
0.00200318
0.0020036
0.0019961
0.00197828
0.00195207
0.0019195
0.0018814
0.00183859
0.00179199
0.0017425
0.00169108
0.0016386
0.00158593
0.00153381
0.00148288
0.00143368
0.00138664
0.00134206
0.00130015
0.00126105
0.00122481
0.00119142
0.00116085
0.00113301
0.00110781
0.00108513
0.00106487
0.0010469
0.00103112
0.00101742
0.00100573
0.000995971
0.000988091
0.000982042
0.000977903
0.000975286
0.000975197
0.000976248
0.000979084
0.000984432
0.000991773
0.00100137
0.00101337
0.00102796
0.00104533
0.00106573
0.0010894
0.00111664
0.00114777
0.0011831
0.001223
0.0012678
0.00131776
0.00137347
0.00143509
0.00150178
0.00157199
0.00164313
0.00171248
0.00178208
0.00187847
0.00208403
0.00256995
0.00363501
0.00528932
0.00700978
0.00623696
0.00202095
6.90869e-05
0.000425884
0.000693442
0.000904139
0.00110514
0.00130427
0.00149209
0.00165897
0.00180049
0.00191313
0.00199624
0.00205806
0.00210085
0.00212634
0.0021384
0.00213719
0.00212802
0.00210819
0.00208037
0.00204612
0.00200645
0.00196237
0.00191488
0.00186494
0.00181347
0.00176129
0.00170915
0.00165767
0.00160741
0.00155879
0.00151216
0.00146776
0.00142577
0.00138629
0.00134938
0.00131505
0.00128328
0.00125401
0.00122721
0.00120279
0.00118068
0.00116082
0.00114312
0.00112756
0.00111406
0.00110258
0.00109315
0.00108561
0.00108025
0.00107672
0.00107564
0.0010764
0.00107891
0.0010841
0.00109162
0.00110168
0.00111443
0.00113007
0.00114881
0.00117091
0.00119669
0.00122649
0.00126072
0.00129985
0.00134437
0.00139487
0.00145191
0.00151589
0.00158687
0.0016649
0.00175034
0.00184905
0.00198049
0.00221068
0.00267888
0.00363305
0.00524213
0.00702664
0.0064592
0.00211619
8.64717e-05
0.000486987
0.000734817
0.000916457
0.00109463
0.00127983
0.00146775
0.00164782
0.00180871
0.00194525
0.00206415
0.00215934
0.00223241
0.00228503
0.00231934
0.0023372
0.00234053
0.00233398
0.00231698
0.00228973
0.0022551
0.00221438
0.00216877
0.00211939
0.00206728
0.00201339
0.00195857
0.00190356
0.00184901
0.00179547
0.00174339
0.00169311
0.0016449
0.00159896
0.00155543
0.00151439
0.0014759
0.00143998
0.00140661
0.00137577
0.00134741
0.0013215
0.00129798
0.00127683
0.00125797
0.00124141
0.00122709
0.00121499
0.00120517
0.00119749
0.00119229
0.00118901
0.00118911
0.00119059
0.00119433
0.00120132
0.00121116
0.00122406
0.00124027
0.00126012
0.00128398
0.00131233
0.00134574
0.00138493
0.00143071
0.00148418
0.00154644
0.0016191
0.00170338
0.00180192
0.00191647
0.00205571
0.00223326
0.00250208
0.00296109
0.00383514
0.00526899
0.00706532
0.00657555
0.00221835
0.000114775
0.000582461
0.000814152
0.000964386
0.00112157
0.00129886
0.0014866
0.0016734
0.00185102
0.00201798
0.00216647
0.00229062
0.00239072
0.00246732
0.0025218
0.00255618
0.00257242
0.00257233
0.00256356
0.00254244
0.00251048
0.00247098
0.0024254
0.00237507
0.00232119
0.00226484
0.00220698
0.00214847
0.00209002
0.00203226
0.00197571
0.00192078
0.0018678
0.00181702
0.00176865
0.00172282
0.00167962
0.00163912
0.00160133
0.00156625
0.00153387
0.00150421
0.00147724
0.00145293
0.0014312
0.00141209
0.00139553
0.0013816
0.00137012
0.00136133
0.00135542
0.00135167
0.00135194
0.00135398
0.00135886
0.00136767
0.00138002
0.00139627
0.00141677
0.00144203
0.00147256
0.00150911
0.00155241
0.00160361
0.00166368
0.00173448
0.00181711
0.00191468
0.00202799
0.00216257
0.00231803
0.00250721
0.00273246
0.00304322
0.00348982
0.00427847
0.00553738
0.00716462
0.00664479
0.00227116
0.000158254
0.000700856
0.000918381
0.00104678
0.00118943
0.00136176
0.00155192
0.00174728
0.00193929
0.00212057
0.00228422
0.00242522
0.0025419
0.002634
0.00270249
0.00274907
0.00277581
0.00278363
0.00277923
0.00276472
0.00273705
0.00270074
0.00265756
0.00260904
0.00255655
0.00250128
0.00244427
0.00238643
0.00232855
0.00227128
0.00221518
0.0021607
0.00210824
0.00205806
0.00201039
0.00196542
0.00192327
0.00188401
0.00184766
0.00181432
0.0017842
0.00175721
0.00173341
0.00171257
0.00169496
0.00168044
0.00166871
0.00166054
0.00165489
0.00165414
0.0016558
0.00166034
0.00166958
0.00168302
0.00170072
0.00172315
0.00175066
0.00178385
0.00182319
0.00186945
0.00192313
0.00198532
0.00205649
0.00213832
0.00223108
0.00233771
0.00245768
0.00259631
0.00275069
0.00293101
0.00312874
0.00336572
0.00362387
0.00396529
0.00437812
0.00507614
0.00606966
0.00734304
0.00666712
0.0022906
0.000211753
0.000822544
0.00101809
0.0011486
0.0013115
0.00150078
0.00170511
0.00191396
0.00211891
0.00230956
0.00248081
0.00262929
0.00275356
0.00285347
0.00293004
0.00298518
0.00302045
0.00303774
0.00303972
0.00303338
0.00301657
0.0029897
0.00295615
0.00291749
0.0028751
0.00283016
0.00278372
0.00273663
0.00268976
0.00264369
0.002599
0.00255609
0.0025155
0.0024774
0.00244206
0.00240982
0.00238087
0.0023551
0.00233267
0.00231374
0.00229824
0.0022862
0.00227806
0.00227345
0.00227405
0.00227718
0.00228428
0.0022967
0.00231344
0.00233527
0.00236212
0.00239421
0.00243175
0.00247528
0.00252484
0.00258104
0.00264389
0.00271421
0.00279185
0.00287763
0.00297189
0.0030757
0.00318895
0.00331327
0.00344799
0.00359685
0.00375666
0.00393519
0.00412362
0.00433881
0.00455943
0.0048226
0.00508085
0.00542669
0.00576534
0.0063469
0.00696089
0.00762296
0.00656799
0.00222855
0.000255482
0.000905605
0.00117051
0.00141319
0.00168514
0.0019724
0.00225878
0.00253248
0.00278475
0.00300792
0.00320039
0.00336262
0.00349625
0.00360346
0.00368661
0.00374999
0.00379275
0.00381997
0.0038338
0.00383682
0.00383361
0.00382434
0.00380796
0.00378786
0.00376535
0.00374138
0.00371702
0.00369286
0.00367006
0.00364869
0.00362942
0.00361264
0.003599
0.00358864
0.0035813
0.00357806
0.00357907
0.00358275
0.0035907
0.00360336
0.00362026
0.00364145
0.00366711
0.00369714
0.00373199
0.00377152
0.0038158
0.00386579
0.00392106
0.00398202
0.00404816
0.00412008
0.00419713
0.00428007
0.00436821
0.00446244
0.00456208
0.00466794
0.00477974
0.00489778
0.00502264
0.00515348
0.00529287
0.0054384
0.005596
0.00576168
0.00593892
0.00612574
0.00632252
0.00653519
0.0067513
0.0069991
0.00723127
0.00753711
0.00775574
0.00813555
0.00813528
0.00781654
0.00613928
0.00203127
0.000286929
0.00113287
0.00180819
0.00255419
0.00326348
0.00393851
0.00455792
0.00509838
0.00554669
0.00590245
0.00617423
0.00637439
0.00651659
0.00661263
0.00667197
0.00670913
0.0067155
0.00671134
0.00669981
0.00667769
0.00665118
0.00662316
0.00659429
0.0065658
0.00653874
0.00651342
0.00649123
0.00647124
0.00645561
0.00644265
0.00643361
0.00642869
0.00642931
0.00643232
0.00643906
0.00645061
0.0064663
0.00648621
0.00650991
0.00653791
0.00656967
0.00660574
0.00664539
0.0066894
0.00673674
0.00678855
0.00684348
0.00690231
0.00696377
0.00702945
0.00709768
0.00717038
0.00724565
0.00732568
0.00740855
0.00749644
0.00758778
0.00768399
0.0077849
0.00788965
0.0080017
0.00811443
0.00824031
0.00835928
0.00850332
0.00862013
0.00877711
0.00888544
0.00905526
0.00914831
0.00932217
0.00939486
0.00954971
0.00956015
0.00951927
0.00929333
0.00871379
0.00745368
0.00480133
0.00174673
0.000176618
0.00034094
0.0005202
0.000702842
0.000879113
0.00104435
0.00119836
0.00134141
0.00147256
0.00159106
0.00169603
0.00178784
0.00186623
0.00193304
0.00198759
0.00203321
0.00206867
0.00209449
0.00211454
0.00212619
0.0021341
0.00213405
0.00213197
0.00212681
0.00211796
0.00210651
0.00209342
0.00207861
0.00206297
0.0020464
0.00202945
0.00201219
0.00199516
0.00197834
0.00196182
0.00194582
0.0019305
0.00191594
0.00190223
0.00188942
0.00187763
0.00186683
0.00185717
0.00184854
0.00184118
0.00183483
0.00182989
0.00182588
0.00182339
0.00182167
0.0018218
0.00182261
0.00182477
0.00182748
0.0018331
0.00183757
0.00184661
0.00185293
0.00186557
0.00187382
0.00189025
0.00190036
0.00192064
0.00193258
0.00195649
0.00197209
0.002004
0.00202327
0.00206184
0.00208578
0.00212778
0.00215649
0.00219837
0.00223109
0.00226329
0.00228214
0.00227043
0.00221432
0.00203485
0.00150022
)
;

boundaryField
{
    movingWall
    {
        type            kqRWallFunction;
        value           nonuniform List<scalar> 
80
(
0.000176618
0.00034094
0.0005202
0.000702842
0.000879113
0.00104435
0.00119836
0.00134141
0.00147256
0.00159106
0.00169603
0.00178784
0.00186623
0.00193304
0.00198759
0.00203321
0.00206867
0.00209449
0.00211454
0.00212619
0.0021341
0.00213405
0.00213197
0.00212681
0.00211796
0.00210651
0.00209342
0.00207861
0.00206297
0.0020464
0.00202945
0.00201219
0.00199516
0.00197834
0.00196182
0.00194582
0.0019305
0.00191594
0.00190223
0.00188942
0.00187763
0.00186683
0.00185717
0.00184854
0.00184118
0.00183483
0.00182989
0.00182588
0.00182339
0.00182167
0.0018218
0.00182261
0.00182477
0.00182748
0.0018331
0.00183757
0.00184661
0.00185293
0.00186557
0.00187382
0.00189025
0.00190036
0.00192064
0.00193258
0.00195649
0.00197209
0.002004
0.00202327
0.00206184
0.00208578
0.00212778
0.00215649
0.00219837
0.00223109
0.00226329
0.00228214
0.00227043
0.00221432
0.00203485
0.00150022
)
;
    }
    fixedWalls
    {
        type            kqRWallFunction;
        value           nonuniform List<scalar> 
240
(
5.58575e-07
2.70128e-06
5.91054e-06
1.02676e-05
1.64727e-05
2.53248e-05
3.76005e-05
5.40175e-05
7.50752e-05
0.000100963
0.000132159
0.000170057
0.000212118
0.000257141
0.000303655
0.000350292
0.000396091
0.00044013
0.000480706
0.000516365
0.000546316
0.000570128
0.000587733
0.000599424
0.000605207
0.000604813
0.00060156
0.000594401
0.000583279
0.00056882
0.000551843
0.000533016
0.000512961
0.000491714
0.000470592
0.000447742
0.000429882
0.000414203
0.000399307
0.000384828
0.000370543
0.000356514
0.00034276
0.000329539
0.000316757
0.000304339
0.000292151
0.000280081
0.000267981
0.000255831
0.000243463
0.00023087
0.000217843
0.0002046
0.000191146
0.000178158
0.000165902
0.000154293
0.000143038
0.000131996
0.00012087
0.000110271
0.000100733
9.2419e-05
8.51489e-05
7.85281e-05
7.22649e-05
6.63874e-05
6.12451e-05
5.77628e-05
5.67844e-05
5.99183e-05
6.90869e-05
8.64717e-05
0.000114775
0.000158254
0.000211753
0.000255482
0.000286929
0.000176618
9.33418e-07
4.9355e-06
1.32049e-05
2.20024e-05
2.80941e-05
3.03443e-05
2.94752e-05
2.74029e-05
2.50556e-05
2.31153e-05
2.24229e-05
2.32129e-05
2.65831e-05
3.47163e-05
4.77685e-05
6.45767e-05
8.40886e-05
0.000105378
0.000127762
0.000151164
0.000175337
0.000201899
0.000236011
0.000282052
0.000339814
0.000406869
0.000476131
0.000531788
0.000557326
0.000561733
0.000550581
0.000531666
0.000509013
0.000485543
0.0004621
0.000439754
0.000419698
0.000402541
0.000388841
0.000378919
0.000373527
0.000371223
0.000370842
0.000374375
0.000380658
0.000389872
0.000402007
0.000417841
0.000436722
0.000459463
0.000486041
0.000516788
0.000552041
0.000591942
0.000636863
0.000686822
0.000742079
0.000802598
0.000868455
0.00093949
0.00101555
0.00109629
0.00118126
0.00126987
0.00136141
0.00145504
0.00154991
0.00164515
0.00174014
0.0018343
0.00192754
0.00202095
0.00211619
0.00221835
0.00227116
0.0022906
0.00222855
0.00203127
0.00174673
0.00150022
5.58575e-07
2.86993e-06
6.97565e-06
1.1237e-05
1.44503e-05
1.62598e-05
1.69283e-05
1.70129e-05
1.71366e-05
1.77933e-05
1.93537e-05
2.23531e-05
2.70559e-05
3.35505e-05
4.1488e-05
5.04275e-05
5.99136e-05
6.97669e-05
7.95249e-05
8.89614e-05
9.84617e-05
0.000108848
0.000121216
0.000136209
0.000153192
0.000170339
0.000187379
0.000204293
0.000221601
0.000239767
0.000258547
0.000277304
0.00029574
0.000313907
0.000332274
0.000350949
0.00037032
0.000390506
0.000411756
0.000434134
0.000457801
0.000482939
0.000509691
0.000538386
0.000569248
0.000603348
0.000642664
0.00069146
0.00074052
0.000790524
0.000839489
0.000887052
0.000931696
0.000972187
0.00100703
0.00103443
0.00104844
0.00105401
0.00105206
0.00103195
0.000996394
0.000945452
0.000879712
0.000801798
0.000713202
0.000618497
0.00052226
0.00042821
0.000339814
0.000261166
0.000197154
0.000143435
0.000100043
6.68746e-05
4.29943e-05
2.67193e-05
1.61e-05
9.25426e-06
4.37917e-06
9.33418e-07
)
;
    }
    frontAndBack
    {
        type            empty;
    }
}


// ************************************************************************* //
