/*--------------------------------*- C++ -*----------------------------------*\
  =========                 |
  \\      /  F ield         | OpenFOAM: The Open Source CFD Toolbox
   \\    /   O peration     | Website:  https://openfoam.org
    \\  /    A nd           | Version:  13
     \\/     M anipulation  |
\*---------------------------------------------------------------------------*/
FoamFile
{
    format      ascii;
    class       volScalarField;
    location    "4";
    object      epsilon;
}
// * * * * * * * * * * * * * * * * * * * * * * * * * * * * * * * * * * * * * //

dimensions      [0 2 -3 0 0 0 0];

internalField   nonuniform List<scalar> 
6400
(
2.06552e-05
0.000105551
0.000251653
0.00040565
0.000527493
0.000603967
0.000642716
0.000661983
0.000682242
0.000723144
0.000800442
0.000928562
0.00111947
0.00137561
0.00168837
0.00204481
0.00243073
0.00284106
0.00325653
0.00366614
0.00407416
0.00450888
0.00500898
0.0056101
0.00631283
0.0070668
0.00781432
0.00856359
0.00932493
0.0101171
0.0109426
0.0117749
0.0125904
0.0133865
0.014172
0.0149638
0.0157709
0.0166082
0.0174834
0.018407
0.0193829
0.020419
0.0215234
0.0227031
0.0239663
0.0253262
0.0268252
0.0285536
0.0307031
0.0329144
0.0351603
0.0373753
0.0395259
0.0415455
0.0433672
0.0449173
0.0460961
0.0466796
0.0469057
0.0466638
0.0455902
0.0437763
0.041235
0.0380084
0.0342552
0.0300438
0.0256488
0.021267
0.0170869
0.013208
0.00998374
0.00732711
0.00515944
0.0034779
0.00225067
0.00140021
0.000837887
0.000473232
0.000219554
4.65184e-05
0.000100647
9.73053e-05
0.000156246
0.000226399
0.000282284
0.000320035
0.000343432
0.000359649
0.000377528
0.000407827
0.00046134
0.000549882
0.000685406
0.000876551
0.00112763
0.00144172
0.00182215
0.00227508
0.00280497
0.00341939
0.00413014
0.00494759
0.00591555
0.00706296
0.00839092
0.0098909
0.0115446
0.0132099
0.0148026
0.0162414
0.0174299
0.0183672
0.0190706
0.0195679
0.0199117
0.0201398
0.0202937
0.0204065
0.0205051
0.0206079
0.0207334
0.0209
0.0211132
0.0213627
0.0216401
0.0219646
0.0223688
0.0228424
0.0233851
0.0239943
0.0246334
0.0253053
0.0259686
0.0266075
0.0271772
0.0276349
0.0278608
0.0279216
0.0277667
0.0273465
0.0265446
0.0254134
0.0239138
0.0220715
0.0199509
0.0176386
0.0152422
0.0128709
0.0106231
0.00856982
0.00681496
0.00532828
0.00406241
0.0029915
0.00210753
0.00140155
0.000861908
0.000483809
0.000249076
0.000244231
0.000222067
0.000174876
0.000227829
0.000286741
0.000326685
0.000351829
0.000370724
0.000392729
0.000428555
0.000491842
0.00059866
0.000768239
0.00101959
0.00136793
0.00182475
0.0024029
0.00311401
0.0039705
0.00498102
0.00615146
0.00748522
0.00897722
0.0105767
0.0121914
0.013687
0.0149108
0.0157322
0.0162556
0.016561
0.0167546
0.0169003
0.0169484
0.0168322
0.016598
0.0163648
0.0161294
0.0159266
0.0157654
0.0156787
0.0156471
0.015659
0.0157698
0.0159389
0.0162033
0.0165663
0.0170232
0.0175524
0.0181534
0.0188206
0.0195511
0.0203305
0.0211504
0.0219898
0.0228292
0.0236367
0.0243767
0.0250064
0.0254345
0.0256081
0.0255977
0.0252218
0.0244403
0.0232436
0.0216494
0.0197327
0.0175829
0.0153023
0.013002
0.0107878
0.00875061
0.00696091
0.00544197
0.00418434
0.00315905
0.00232982
0.00166217
0.00112962
0.000708897
0.000442124
0.000640286
0.000386957
0.000301061
0.000360769
0.000419022
0.000455251
0.00048065
0.000508689
0.00055382
0.000633063
0.000767917
0.000986132
0.00131696
0.00178624
0.00241286
0.00320944
0.00418386
0.0053406
0.00666961
0.00813836
0.00968665
0.0112256
0.0126425
0.0138248
0.0146523
0.0150644
0.0152351
0.015284
0.0151722
0.0148378
0.014392
0.0138813
0.0133968
0.0130202
0.0127173
0.0124692
0.0122876
0.0121915
0.0121553
0.0121624
0.0122661
0.0124263
0.0126638
0.0129662
0.0133428
0.0137888
0.0143046
0.0148887
0.0155432
0.016267
0.0170593
0.0179159
0.01883
0.0197896
0.0207783
0.0217711
0.0227346
0.0236244
0.0243863
0.0249229
0.0251565
0.0251715
0.0247452
0.0239547
0.0227191
0.0209679
0.0188751
0.0165368
0.0140898
0.0116766
0.00942483
0.00743084
0.00574702
0.00438017
0.00330075
0.00246186
0.00181154
0.00130037
0.000894842
0.000645183
0.00103829
0.000619196
0.000477112
0.000536871
0.000596462
0.000638457
0.000678053
0.000733889
0.000827967
0.000987686
0.00124708
0.00164431
0.00221429
0.00298092
0.00395373
0.00512851
0.00648606
0.00798554
0.00955307
0.0110793
0.012431
0.0134894
0.0140851
0.0143337
0.014394
0.0142385
0.0138006
0.013144
0.0124823
0.011882
0.0113728
0.0109133
0.0105471
0.0102616
0.0100445
0.00989199
0.00981617
0.00978848
0.00979151
0.00987081
0.00999495
0.01017
0.0103953
0.0106702
0.0109975
0.0113784
0.0118165
0.0123152
0.012879
0.0135118
0.0142178
0.0150001
0.0158602
0.0167956
0.0177999
0.0188608
0.0199585
0.0210609
0.0221199
0.0230793
0.0238696
0.0243095
0.0244494
0.0241735
0.0234561
0.0222271
0.020387
0.0181143
0.015572
0.0129384
0.0103941
0.00809551
0.00614664
0.00458456
0.00338647
0.00249278
0.00182996
0.00133548
0.000968237
0.000773172
0.00129717
0.000947868
0.000710214
0.000759653
0.000824752
0.000884422
0.000955272
0.0010626
0.00123873
0.00152352
0.00196221
0.00259759
0.00345865
0.00455167
0.00585696
0.0073283
0.00889024
0.0104346
0.0118218
0.0129136
0.0135048
0.013725
0.0137527
0.0134721
0.0128638
0.0120723
0.0113099
0.0106362
0.0100353
0.00953039
0.00910835
0.00876014
0.00848776
0.00827506
0.00811705
0.00800682
0.0079465
0.00792065
0.00791639
0.00795879
0.00802872
0.00813302
0.0082672
0.00843467
0.00863624
0.00887553
0.00915663
0.00948494
0.00986759
0.0103128
0.0108303
0.01143
0.0121236
0.0129207
0.0138283
0.0148492
0.0159791
0.0172048
0.0184988
0.0198189
0.0211064
0.0222669
0.0231566
0.023569
0.0236351
0.0231312
0.0220062
0.0200612
0.0175902
0.0147967
0.0119194
0.00920347
0.00684559
0.00495258
0.00353293
0.00251937
0.00180874
0.00131247
0.000965755
0.000821158
0.00138323
0.00140183
0.00100615
0.00103835
0.00111689
0.00120902
0.00133116
0.00151749
0.00181203
0.00226524
0.00292611
0.00382896
0.00497968
0.00634763
0.00786403
0.00942426
0.0108934
0.0121207
0.0128879
0.0131999
0.0132574
0.0130002
0.012357
0.0114869
0.0106446
0.00987028
0.00919517
0.00861921
0.00813004
0.00772482
0.00738842
0.0071136
0.00689126
0.00671182
0.00657029
0.00646066
0.0063793
0.00632082
0.00629062
0.00627949
0.00627918
0.00630749
0.00635171
0.00641926
0.00650815
0.00662305
0.00676652
0.00694313
0.00715918
0.00742214
0.00774156
0.00812888
0.00859958
0.00917226
0.00986673
0.0107038
0.0117045
0.0128835
0.0142428
0.0157563
0.0173859
0.0190721
0.0207123
0.0221595
0.0230826
0.0234298
0.02333
0.022271
0.0201871
0.0174337
0.0142813
0.0110706
0.00813446
0.00571148
0.00389322
0.00263654
0.00181265
0.00127126
0.000937782
0.000814326
0.00134295
0.00200812
0.00136904
0.00138239
0.00148669
0.00162769
0.00182248
0.00211524
0.00255974
0.00320986
0.00410542
0.00525548
0.00662565
0.00813381
0.00965475
0.0110335
0.0121039
0.0126325
0.0127956
0.0127045
0.0121668
0.0112833
0.0103544
0.00949022
0.0087241
0.0080634
0.00750411
0.00703221
0.00663542
0.00630368
0.00602539
0.00579315
0.0055988
0.00543673
0.00530254
0.0051924
0.00510333
0.00503254
0.00497918
0.00494041
0.00492062
0.00491346
0.00491591
0.00494077
0.00497915
0.00503723
0.00511514
0.00521635
0.0053442
0.00550374
0.0057008
0.00594323
0.00623975
0.00660364
0.00705423
0.00761575
0.00832111
0.00921098
0.0103338
0.0117147
0.0133602
0.0152572
0.0173209
0.0194593
0.0214799
0.0230634
0.0238112
0.0240016
0.023028
0.0207308
0.01757
0.0139387
0.0103175
0.00714363
0.00468314
0.00297919
0.00190839
0.00127221
0.000902311
0.000786504
0.00125723
0.00278706
0.00180224
0.00179975
0.00194621
0.00215117
0.0024379
0.00285822
0.00346954
0.00431775
0.0054184
0.00674057
0.00819963
0.00966186
0.0109623
0.0118809
0.0122874
0.0123855
0.0121118
0.0113598
0.0103844
0.00943865
0.00856581
0.00780943
0.007163
0.00661746
0.00615774
0.00576994
0.00544303
0.00516754
0.00493525
0.00474008
0.00457641
0.00444033
0.00432816
0.00423689
0.00416431
0.00410848
0.00406788
0.0040426
0.00403109
0.00402799
0.00403776
0.00406271
0.00409923
0.00415065
0.00421703
0.00430064
0.00440354
0.00452818
0.00467788
0.00485678
0.00507005
0.00532439
0.00562867
0.00599452
0.00644025
0.0069931
0.00769584
0.00862498
0.00987485
0.0115137
0.0135396
0.0159277
0.0185316
0.021158
0.0234323
0.0246466
0.0250702
0.024161
0.0215317
0.0178246
0.0136082
0.00954291
0.00616981
0.00374131
0.00220938
0.00134531
0.000902301
0.000753474
0.0011813
0.00374971
0.00231178
0.00230067
0.00249915
0.00278189
0.00317375
0.00372987
0.00450228
0.00551618
0.00675022
0.00812592
0.00951019
0.0107334
0.0115479
0.0118841
0.011948
0.0115297
0.0106657
0.00967502
0.0086992
0.00783174
0.0070787
0.00644434
0.00590941
0.00546057
0.00508288
0.00476561
0.00449983
0.00427816
0.00409449
0.0039438
0.00382162
0.00372428
0.00364839
0.00359112
0.00354993
0.00352345
0.0035108
0.00350676
0.00351122
0.00352788
0.00355365
0.00358985
0.00363583
0.00369303
0.00376184
0.00384369
0.00393996
0.0040524
0.00418316
0.00433477
0.00451039
0.00471406
0.00495113
0.0052289
0.00555473
0.00594179
0.00640984
0.00699145
0.00774177
0.00875576
0.010226
0.0122656
0.0148629
0.0179126
0.0211531
0.0241266
0.0258231
0.026441
0.0255015
0.0223851
0.0179824
0.0131093
0.0086375
0.00517214
0.00288123
0.00158077
0.000952111
0.000746966
0.0011496
0.00491752
0.00290967
0.00288835
0.00314497
0.00351277
0.00401226
0.00469487
0.00559717
0.00671324
0.00797891
0.0092713
0.0104256
0.0111863
0.011488
0.0115174
0.0110206
0.0101159
0.0091089
0.00812538
0.00724838
0.00650154
0.00587152
0.00534644
0.00490707
0.0045412
0.00423694
0.00398597
0.00378082
0.0036152
0.00348351
0.00338076
0.00330245
0.00324463
0.00320379
0.00317732
0.00316435
0.0031597
0.00316071
0.00317238
0.00319031
0.0032164
0.00324957
0.00329094
0.00334087
0.00340053
0.00347089
0.0035534
0.00364953
0.0037609
0.00388927
0.0040364
0.00420418
0.00439458
0.00460981
0.00485261
0.00512694
0.00543914
0.00579995
0.00622696
0.00674125
0.00738871
0.00825502
0.00949017
0.0114026
0.0141349
0.0175749
0.0214405
0.0251483
0.0272581
0.0279937
0.026861
0.0230511
0.0178028
0.0122732
0.00752981
0.00414271
0.00211182
0.00111697
0.000776998
0.00118068
0.0063394
0.00361281
0.00356008
0.00387422
0.00432602
0.0049227
0.00570401
0.00668268
0.0078166
0.00900156
0.0100848
0.010816
0.011103
0.0111156
0.0106088
0.00969975
0.00867899
0.00768643
0.00680046
0.00604879
0.00542213
0.00490152
0.00447154
0.00411667
0.00382661
0.0035916
0.00340411
0.0032569
0.00314356
0.00305821
0.0029956
0.00295114
0.00292091
0.00290234
0.00289344
0.00289038
0.0028909
0.0028988
0.00291188
0.0029301
0.00295439
0.00298506
0.00302329
0.00307006
0.00312675
0.00319475
0.00327566
0.0033712
0.00348316
0.00361341
0.00376376
0.00393598
0.00413162
0.00435191
0.0045977
0.00486953
0.00516816
0.00549567
0.00585772
0.00626771
0.00675161
0.00734326
0.00811792
0.00922424
0.010951
0.0137397
0.0175388
0.0220474
0.0264962
0.0288588
0.0296036
0.0280144
0.0232358
0.0170398
0.0109808
0.00620368
0.00310973
0.00149428
0.000887412
0.00131755
0.00793466
0.00439571
0.00430142
0.00466888
0.00519489
0.00586549
0.00670204
0.00768898
0.00874961
0.00975084
0.0104607
0.0107451
0.0107601
0.0102758
0.00940143
0.00837505
0.00736883
0.00646879
0.00570593
0.00507495
0.00455615
0.00413138
0.0037862
0.00350806
0.00328742
0.00311508
0.00298314
0.002884
0.00281099
0.00275815
0.00272047
0.00269389
0.00267532
0.00266263
0.00265416
0.0026495
0.0026477
0.00264885
0.00265494
0.00266525
0.00268153
0.00270435
0.00273513
0.00277508
0.00282569
0.0028885
0.00296527
0.00305784
0.00316824
0.0032986
0.00345113
0.00362803
0.0038313
0.00406255
0.0043227
0.00461173
0.00492849
0.00527086
0.0056367
0.00602619
0.00644659
0.00692063
0.00748842
0.00821235
0.0092391
0.010869
0.0136783
0.0178624
0.0230596
0.0281164
0.030536
0.0311441
0.0286476
0.0226075
0.0155133
0.00919624
0.00472041
0.00220201
0.00115209
0.00165874
0.00965869
0.00524119
0.00509377
0.00550468
0.00608668
0.00679723
0.00763509
0.00855648
0.00945757
0.0101407
0.0104294
0.0104618
0.0100262
0.00920231
0.00818801
0.00716406
0.00624222
0.00546022
0.00481707
0.00429381
0.00387018
0.0035302
0.00326073
0.00305037
0.00288924
0.00276789
0.00267796
0.00261182
0.00256308
0.00252647
0.00249793
0.00247457
0.00245453
0.00243677
0.00242082
0.00240685
0.00239519
0.00238746
0.00238414
0.0023837
0.00239067
0.00240485
0.00242768
0.00246015
0.00250383
0.00256016
0.0026309
0.00271795
0.00282346
0.00294985
0.00309974
0.00327592
0.00348124
0.00371831
0.00398923
0.00429507
0.00463536
0.00500758
0.00540696
0.00582718
0.00626267
0.00671405
0.00719888
0.00776431
0.00846693
0.00945897
0.0110756
0.0139579
0.0185874
0.0245801
0.0299717
0.0322305
0.0324879
0.0283383
0.0209251
0.0131473
0.00703813
0.00330998
0.00163416
0.00222877
0.0114559
0.00612794
0.00591432
0.00635329
0.00696606
0.00767563
0.00845663
0.00924093
0.00988372
0.01018
0.0102293
0.00986025
0.0090956
0.00810634
0.00706814
0.00611488
0.00530392
0.00463913
0.0041034
0.00367471
0.00333474
0.00306885
0.00286429
0.00270959
0.00259433
0.00250896
0.00244531
0.00239649
0.00235719
0.00232348
0.00229274
0.00226349
0.00223509
0.00220753
0.00218121
0.00215688
0.00213542
0.00211783
0.00210527
0.00209933
0.00209791
0.00210454
0.002121
0.00214695
0.0021841
0.00223368
0.00229732
0.00237687
0.0024745
0.00259276
0.00273458
0.00290329
0.00310251
0.00333603
0.00360745
0.00391977
0.00427464
0.00467154
0.00510682
0.00557313
0.00605977
0.00655503
0.0070521
0.00756304
0.0081402
0.00884204
0.00983604
0.0115074
0.0145816
0.0197414
0.026627
0.0321262
0.0340375
0.0331983
0.0268098
0.0180073
0.0101215
0.00486416
0.00233622
0.00297675
0.0132663
0.00703176
0.0067378
0.00718516
0.0077992
0.00846494
0.00913455
0.00972213
0.0100186
0.0100696
0.00977706
0.00907652
0.00812314
0.0070769
0.00608637
0.00523382
0.00453612
0.00397791
0.00353621
0.00318983
0.00292189
0.00271803
0.0025653
0.00245196
0.00236758
0.00230325
0.0022518
0.00220781
0.00216755
0.0021287
0.00209013
0.00205157
0.00201334
0.00197613
0.00194081
0.00190835
0.0018797
0.00185575
0.00183732
0.00182654
0.00182228
0.00182277
0.00183482
0.00185575
0.00188729
0.00193046
0.00198669
0.0020577
0.00214556
0.00225281
0.00238247
0.00253817
0.00272405
0.00294482
0.00320549
0.00351101
0.00386566
0.00427206
0.00472992
0.00523457
0.00577586
0.0063381
0.00690258
0.00745465
0.00800155
0.0086019
0.00931839
0.0103564
0.0121661
0.0156256
0.0214464
0.0292306
0.034267
0.0355658
0.0324922
0.0236413
0.0140371
0.00691874
0.0032754
0.00385179
0.0150297
0.00792715
0.007539
0.00797238
0.00855756
0.0091406
0.00965515
0.00993908
0.00998877
0.00977141
0.009142
0.0082334
0.00718791
0.00615836
0.00525215
0.00450713
0.00391442
0.00344979
0.00308932
0.00281308
0.00260468
0.00244956
0.00233463
0.00224845
0.00218142
0.00212595
0.00207657
0.00202962
0.00198307
0.00193609
0.00188871
0.00184153
0.00179542
0.00175139
0.0017104
0.00167339
0.00164113
0.00161433
0.00159358
0.00158021
0.00157414
0.00157285
0.00158121
0.00159864
0.00162555
0.00166298
0.00171212
0.0017745
0.001852
0.00194702
0.00206248
0.002202
0.00236995
0.00257151
0.0028126
0.00309976
0.00343962
0.00383813
0.00429924
0.00482311
0.00540396
0.00602821
0.00667407
0.00731441
0.0079262
0.00851392
0.00914246
0.00989142
0.0110157
0.0130872
0.017221
0.0240353
0.0323741
0.0362096
0.036496
0.0296854
0.0188491
0.00957617
0.00448148
0.0048028
0.0167219
0.00879172
0.0082941
0.0086906
0.00921872
0.00968622
0.00995889
0.010017
0.00983458
0.00928748
0.00843373
0.00739934
0.00633412
0.0053649
0.00455646
0.00391401
0.00341441
0.00303047
0.00273883
0.00252028
0.00235845
0.00223875
0.00214858
0.00207749
0.00201743
0.00196267
0.0019096
0.00185632
0.00180225
0.00174766
0.00169335
0.00164034
0.00158968
0.00154237
0.00149925
0.00146102
0.0014282
0.00140122
0.00138043
0.00136659
0.00136009
0.00135834
0.00136449
0.00137937
0.00140254
0.00143501
0.00147774
0.00153206
0.00159964
0.00168261
0.00178368
0.00190625
0.00205457
0.00223386
0.00245043
0.00271166
0.00302587
0.00340174
0.00384727
0.00436809
0.00496489
0.00563038
0.00634642
0.00708313
0.00780263
0.00847294
0.0091021
0.00975657
0.0105539
0.0118346
0.0143522
0.0194615
0.0277168
0.035591
0.0381451
0.0354084
0.024512
0.0129608
0.00599128
0.00578762
0.0183008
0.009606
0.0089838
0.00932107
0.00976947
0.0100581
0.0101349
0.00996536
0.00950924
0.0087193
0.00770947
0.00661687
0.00558064
0.00469316
0.00398258
0.00343276
0.00301384
0.00269822
0.00246325
0.00229006
0.00216239
0.00206622
0.00199009
0.00192521
0.00186547
0.0018071
0.00174825
0.00168847
0.00162819
0.00156836
0.00151011
0.00145454
0.00140261
0.00135511
0.00131262
0.00127555
0.00124417
0.00121865
0.00119914
0.0011861
0.00117991
0.00117817
0.00118313
0.00119601
0.00121614
0.00124437
0.00128151
0.00132869
0.00138734
0.00145933
0.00154707
0.00165361
0.00178285
0.00193973
0.00213044
0.00236257
0.00264521
0.00298876
0.00340435
0.00390247
0.00449071
0.00517022
0.00593141
0.00674964
0.00758354
0.00838034
0.0090969
0.00974668
0.0104327
0.0113182
0.0128725
0.0161515
0.0225636
0.0324865
0.0384265
0.0392138
0.0307189
0.017203
0.00783233
0.00681413
0.0197225
0.0103533
0.00959272
0.00985161
0.0101781
0.0102992
0.0101839
0.00980274
0.00908357
0.00811406
0.00700855
0.00590834
0.00493015
0.00413131
0.00351195
0.00304333
0.00269306
0.00243401
0.00224409
0.0021048
0.00200045
0.00191823
0.00184838
0.00178412
0.00172133
0.00165802
0.00159376
0.00152909
0.00146505
0.00140285
0.0013436
0.00128828
0.00123758
0.00119201
0.00115187
0.00111731
0.00108838
0.00106507
0.00104737
0.00103558
0.00103
0.00102842
0.00103265
0.00104388
0.00106146
0.00108608
0.00111843
0.00115945
0.00121038
0.00127282
0.00134885
0.00144114
0.00155316
0.00168937
0.00185549
0.0020588
0.0023084
0.00261538
0.00299264
0.00345422
0.00401354
0.00468031
0.00545576
0.00632661
0.00725918
0.00819704
0.00906943
0.00982295
0.0104639
0.0111803
0.0122207
0.0142583
0.0188447
0.0272572
0.0372267
0.0407648
0.0368149
0.022386
0.0100667
0.00787008
0.0209373
0.0110173
0.0101092
0.0102714
0.0104536
0.0104441
0.0101316
0.00951556
0.00860503
0.00750713
0.00635511
0.00528197
0.00437637
0.00366452
0.0031269
0.00272808
0.00243519
0.00222177
0.00206632
0.00195101
0.00186131
0.00178611
0.00171764
0.00165117
0.00158437
0.00151669
0.00144866
0.0013814
0.00131615
0.00125409
0.00119615
0.00114301
0.0010951
0.00105263
0.00101565
0.000984115
0.000957926
0.000936963
0.000921105
0.00091056
0.000905569
0.000904163
0.000907802
0.000917599
0.000932991
0.000954515
0.000982772
0.00101857
0.00106295
0.00111729
0.00118336
0.00126347
0.00136061
0.00147871
0.00162288
0.00179976
0.00201795
0.00228835
0.00262446
0.00304226
0.00355926
0.00419222
0.00495288
0.00584132
0.00683758
0.00789377
0.00893175
0.00985711
0.0106402
0.0112397
0.0120265
0.0133359
0.0162466
0.0226992
0.0337777
0.0410309
0.0415499
0.0284836
0.0128204
0.00902191
0.0219192
0.0115865
0.0105235
0.0105679
0.0106352
0.0104639
0.009987
0.00916504
0.00810374
0.00692267
0.0057616
0.00473708
0.00390885
0.00327785
0.00281172
0.00247196
0.00222612
0.00204851
0.00191841
0.0018191
0.00173769
0.00166502
0.00159538
0.00152586
0.00145559
0.00138502
0.00131525
0.0012476
0.00118326
0.00112318
0.00106803
0.00101818
0.000973782
0.000934816
0.000901161
0.00087264
0.000849058
0.000830232
0.000816
0.000806482
0.000801951
0.000800654
0.000803714
0.000812219
0.000825687
0.000844548
0.00086932
0.000900695
0.000939572
0.000987119
0.00104485
0.00111474
0.00119936
0.00130209
0.00142739
0.00158116
0.00177118
0.00200765
0.00230373
0.00267593
0.00314401
0.00372969
0.00445355
0.00532896
0.00635287
0.00749432
0.00868423
0.00981603
0.0107728
0.0115007
0.0120485
0.0129962
0.014862
0.0194186
0.0286734
0.0401882
0.043869
0.035283
0.0163459
0.0104859
0.0226568
0.0120624
0.0108324
0.0107597
0.0107205
0.0104122
0.00975156
0.00877532
0.00760277
0.00637581
0.00523235
0.00426806
0.00351591
0.00295762
0.00255298
0.00226248
0.00205448
0.00190421
0.00179204
0.00170275
0.00162535
0.00155272
0.00148101
0.00140881
0.00133633
0.0012646
0.00119496
0.00112866
0.00106669
0.00100972
0.000958112
0.000911969
0.000871226
0.000835703
0.000805165
0.00077936
0.000758047
0.000741024
0.000728113
0.000719352
0.000715119
0.000713852
0.000716306
0.000723629
0.000735395
0.00075195
0.000773748
0.000801387
0.000835642
0.000877515
0.000928304
0.000989693
0.00106388
0.00115377
0.00126321
0.00139733
0.001563
0.00176945
0.00202891
0.00235743
0.00277532
0.00330704
0.00397935
0.0048167
0.00583257
0.00701648
0.00831837
0.00963638
0.010823
0.0117877
0.0123917
0.0129423
0.0142251
0.0171853
0.0243449
0.0372627
0.0446714
0.0419297
0.0208565
0.0124313
0.0231582
0.0124467
0.0110433
0.0108587
0.0107075
0.0102796
0.00946612
0.00836711
0.00711832
0.0058747
0.00476646
0.00386699
0.00318621
0.00269193
0.00233951
0.00208954
0.00191142
0.00178148
0.00168151
0.00159807
0.00152212
0.00144845
0.0013748
0.0013009
0.00122762
0.00115628
0.0010882
0.00102444
0.000965695
0.000912347
0.000864491
0.000822028
0.000784738
0.00075234
0.000724536
0.000701044
0.000681613
0.000666041
0.000654161
0.000645913
0.000641828
0.000640522
0.000642355
0.000648592
0.000658847
0.000673401
0.00069265
0.00071712
0.000747484
0.000784609
0.000829615
0.000883946
0.00094949
0.00102873
0.00112497
0.00124263
0.00138771
0.00156835
0.00179562
0.00208444
0.00245458
0.00293134
0.0035451
0.00432856
0.00530979
0.00649957
0.00787313
0.00934982
0.0107829
0.0119823
0.0127884
0.0132603
0.0140367
0.0159942
0.0212782
0.0325622
0.0447241
0.0469603
0.0266327
0.0148246
0.0234342
0.0127402
0.0111632
0.0108634
0.0106366
0.0100747
0.00914705
0.00795649
0.00666099
0.00542257
0.00436004
0.00352534
0.00290952
0.00247075
0.00216219
0.00194517
0.00179024
0.0016751
0.00158316
0.00150284
0.00142703
0.00135216
0.00127721
0.00120272
0.00112992
0.00106017
0.000994614
0.000934042
0.000878877
0.000829234
0.000785004
0.000745942
0.000711733
0.00068204
0.000656545
0.00063496
0.000617044
0.000602607
0.000591498
0.000583637
0.00057955
0.000578148
0.000579372
0.000584617
0.000593532
0.000606341
0.000623399
0.000645166
0.000672236
0.000705368
0.000745533
0.000793985
0.000852348
0.000922759
0.00100805
0.00111204
0.0012399
0.00139874
0.00159837
0.0018523
0.00217902
0.00260325
0.00315671
0.00387717
0.00480375
0.00596621
0.00736617
0.00895164
0.0105912
0.0120683
0.0131784
0.0137153
0.0141375
0.0154512
0.0189929
0.0281756
0.043253
0.0494427
0.0340412
0.0175864
0.0234492
0.0129429
0.011208
0.0108201
0.0104872
0.00982558
0.0088093
0.00755516
0.00623706
0.00501932
0.00400772
0.00323485
0.00267695
0.00228579
0.00201376
0.00182322
0.00168607
0.0015815
0.00149467
0.00141588
0.00133971
0.00126396
0.00118856
0.00111451
0.00104317
0.000975792
0.000913282
0.000856153
0.000804575
0.000758455
0.000717538
0.000681485
0.000649931
0.00062252
0.000598934
0.000578897
0.000562186
0.00054863
0.000538096
0.000530511
0.00052633
0.000524796
0.000525451
0.000529796
0.00053752
0.000548808
0.00056397
0.000583418
0.00060768
0.000637428
0.000673516
0.000717038
0.00076941
0.000832478
0.000908689
0.00100133
0.00111487
0.00125547
0.00143173
0.00165566
0.00194413
0.00232042
0.00281592
0.00347078
0.00433176
0.00544428
0.00683556
0.00848741
0.0103025
0.0120784
0.0135275
0.0142685
0.0146244
0.0153061
0.0176989
0.0247549
0.0398664
0.0503266
0.0422402
0.0205939
0.0233372
0.0130751
0.0111931
0.0107115
0.0102848
0.00954533
0.00846461
0.00717122
0.00584957
0.00466282
0.00370363
0.00298803
0.00248102
0.00213035
0.0018885
0.00171907
0.0015954
0.0014983
0.00141468
0.00133656
0.00126003
0.00118395
0.00110888
0.00103607
0.000966851
0.000902281
0.000843008
0.000789295
0.000741101
0.000698183
0.000660191
0.000626733
0.000597423
0.000571911
0.00054989
0.000531105
0.000515355
0.000502485
0.000492383
0.000484982
0.000480652
0.000478963
0.000479126
0.000482655
0.000489324
0.000499278
0.000512793
0.000530238
0.000552089
0.000578945
0.000611567
0.000650925
0.00069826
0.000755187
0.000823832
0.000907039
0.00100867
0.00113408
0.00129073
0.00148923
0.00174464
0.00207837
0.00252032
0.00311084
0.00390083
0.00494709
0.00629848
0.00796927
0.00990084
0.0119212
0.0137285
0.0147863
0.0152108
0.01553
0.0170848
0.0222594
0.035741
0.0503347
0.04982
0.023344
0.0230779
0.0131613
0.0111384
0.0105449
0.0100442
0.00924533
0.00812202
0.00680993
0.00549926
0.00434981
0.003442
0.0027783
0.00231551
0.00199903
0.00178196
0.00162925
0.00151576
0.0014239
0.0013423
0.00126453
0.00118787
0.00111203
0.00103792
0.000966909
0.000900185
0.000838582
0.000782506
0.000732008
0.000686888
0.0006468
0.000611336
0.000580081
0.000552653
0.000528712
0.000507975
0.000490208
0.000475231
0.000462907
0.00045314
0.00044587
0.000441352
0.000439442
0.000439265
0.000442045
0.000447777
0.00045656
0.000468636
0.000484339
0.000504101
0.000528464
0.000558115
0.00059392
0.000636985
0.000688737
0.000751039
0.000826374
0.000918099
0.00103085
0.00117113
0.00134822
0.00157546
0.00187219
0.00226617
0.00279647
0.00351548
0.00448754
0.00577925
0.00743559
0.00943911
0.0116582
0.0138051
0.0153252
0.0158965
0.0160865
0.0168857
0.0204032
0.0314035
0.049769
0.0550809
0.0252356
0.0226782
0.0131941
0.0110284
0.0103412
0.00977677
0.0089351
0.00778821
0.0064743
0.00518538
0.00407652
0.00321744
0.00260002
0.0021753
0.00188753
0.00169072
0.00155122
0.00144539
0.00135725
0.00127699
0.0011995
0.00112305
0.00104791
0.000975237
0.000906344
0.000842259
0.000783588
0.000730525
0.000682953
0.000640557
0.000602924
0.000569619
0.000540224
0.000514367
0.000491731
0.000472053
0.000455123
0.000440779
0.000428897
0.000419396
0.000412222
0.000407503
0.000405341
0.000404926
0.000407047
0.000411951
0.000419702
0.000430514
0.000444692
0.000462631
0.000484826
0.000511904
0.00054465
0.000584062
0.000631413
0.000688359
0.000757082
0.000840523
0.000942721
0.00106934
0.00122849
0.00143191
0.00169686
0.00204868
0.00252415
0.00317499
0.00406938
0.00528668
0.00689825
0.00892784
0.0112951
0.0137655
0.0157726
0.0166045
0.0167878
0.0170321
0.0194547
0.0280643
0.0474136
0.0576425
0.026
0.0221515
0.0131864
0.0108867
0.0101108
0.00949228
0.00862226
0.00746788
0.00616572
0.00490624
0.00383905
0.00302512
0.00244846
0.00205626
0.00179246
0.00161214
0.00148306
0.00138303
0.00129759
0.00121829
0.00114117
0.00106525
0.000991182
0.000920227
0.000853594
0.000792129
0.00073623
0.000685918
0.000640949
0.000600928
0.000565405
0.000533933
0.000506105
0.000481565
0.000460019
0.000441225
0.000424993
0.000411175
0.000399662
0.00039038
0.000383282
0.000378386
0.000375985
0.000375359
0.000376914
0.000381088
0.00038793
0.000397629
0.000410464
0.0004268
0.000447094
0.000471925
0.000502012
0.000538266
0.000581841
0.000634222
0.000697354
0.000773832
0.000867199
0.00098241
0.00112654
0.00130993
0.00154785
0.00186316
0.00228984
0.00287755
0.0036955
0.00483155
0.00637857
0.00839755
0.0108532
0.0135381
0.01605
0.0173357
0.0176153
0.0176181
0.0190247
0.0258834
0.0440186
0.0585115
0.0261253
0.0215188
0.0131579
0.0107243
0.00986328
0.00919895
0.00831283
0.00716419
0.00588439
0.00465953
0.00363364
0.00286084
0.00231964
0.00195502
0.00171113
0.00154421
0.00142334
0.00132774
0.00124432
0.00116583
0.00108922
0.00101409
0.000941334
0.00087223
0.00080786
0.000748885
0.00069553
0.000647677
0.000604987
0.000567017
0.000533296
0.00050338
0.000476875
0.000453447
0.00043282
0.000414773
0.000399132
0.000385762
0.000374562
0.000365463
0.000358423
0.000353427
0.000350784
0.000349958
0.00035103
0.000354564
0.000360603
0.000369317
0.000380965
0.000395883
0.0004145
0.000437351
0.000465106
0.000498606
0.000538909
0.000587366
0.000645729
0.000716314
0.000802257
0.000907913
0.00103949
0.00120606
0.00142111
0.00170508
0.00208895
0.00261938
0.00336432
0.00441618
0.00588466
0.00786665
0.0103823
0.0132814
0.0161562
0.0180063
0.0184973
0.018341
0.0189016
0.0239941
0.0406985
0.0584772
0.0258037
0.0208131
0.013102
0.0105485
0.00960662
0.00890357
0.00801131
0.00687899
0.00562966
0.00444284
0.00345683
0.00272091
0.00221028
0.00186886
0.0016414
0.00148533
0.00137097
0.00127881
0.00119697
0.00111922
0.00104327
0.000969117
0.000897807
0.000830577
0.000768374
0.000711697
0.000660625
0.000614934
0.000574221
0.000538011
0.000505827
0.000477233
0.000451852
0.000429368
0.000409525
0.000392118
0.000376986
0.000364003
0.000353076
0.00034414
0.000337152
0.000332096
0.000329228
0.000328217
0.000328879
0.000331853
0.000337182
0.000345024
0.000355617
0.000369277
0.000386403
0.000407499
0.000433193
0.000464268
0.000501709
0.000546761
0.000601022
0.000666583
0.000746248
0.000843875
0.000964934
0.0011174
0.00131318
0.00157045
0.00191721
0.00239661
0.00307384
0.00404241
0.00542304
0.00734142
0.00986866
0.0129238
0.0161729
0.0186196
0.0194358
0.0192538
0.0191769
0.0227643
0.0374735
0.0568029
0.0252116
0.0200545
0.0130327
0.0103663
0.00934751
0.00861161
0.00772109
0.00661328
0.00540047
0.00425338
0.00330537
0.00260228
0.00211767
0.00179557
0.00158159
0.00143427
0.00132507
0.00123562
0.00115509
0.0010781
0.00100292
0.000929859
0.000860035
0.000794621
0.000734431
0.000679826
0.00063077
0.00058696
0.000547948
0.000513243
0.00048237
0.000454903
0.000430481
0.000408806
0.000389638
0.000372786
0.000358098
0.000345457
0.000334775
0.000325988
0.000319053
0.000313954
0.000310884
0.0003097
0.00031002
0.000312505
0.000317207
0.000324275
0.00033393
0.000346467
0.000362264
0.000381795
0.000405654
0.000434581
0.000469498
0.000511569
0.000562269
0.000623513
0.000697833
0.000788681
0.000900907
0.00104155
0.00122112
0.00145575
0.00177057
0.00220508
0.00282072
0.00370967
0.0049994
0.00683914
0.00934658
0.012503
0.0160326
0.0191164
0.0203476
0.0202801
0.0198046
0.0220231
0.0345994
0.0546163
0.0244302
0.0192591
0.0129647
0.0101858
0.00909199
0.00832746
0.00744458
0.00636735
0.00519526
0.00408871
0.00317646
0.0025023
0.00203959
0.00173338
0.00153034
0.00139003
0.00128495
0.00119769
0.00111829
0.00104208
0.000967761
0.00089584
0.000827477
0.000763765
0.000705401
0.00065263
0.000605331
0.000563142
0.000525587
0.000492167
0.000462411
0.000435907
0.000412309
0.000391333
0.000372751
0.000356384
0.000342089
0.000329754
0.000319293
0.000310644
0.000303765
0.000298635
0.000295385
0.000294034
0.000294072
0.000296131
0.00030028
0.00030666
0.000315479
0.000327013
0.000341621
0.000359751
0.00038197
0.000408979
0.000441655
0.000481094
0.000528679
0.000586182
0.000655921
0.000741016
0.000845801
0.000976521
0.00114248
0.00135798
0.00164549
0.00204087
0.00260125
0.00341558
0.00461395
0.00636339
0.0088248
0.0120452
0.0157975
0.019467
0.0212747
0.0214081
0.02059
0.0217036
0.0320519
0.0519645
0.0235669
0.018441
0.0128944
0.0100113
0.00884457
0.00805454
0.00718344
0.00614101
0.00501229
0.00394646
0.00306766
0.00241874
0.00197421
0.00168086
0.00148655
0.00135182
0.00125002
0.00116455
0.00108618
0.00101078
0.00093737
0.0008666
0.000799629
0.000737473
0.000680733
0.000629564
0.000583778
0.000542974
0.000506661
0.000474334
0.000445532
0.000419853
0.000396965
0.000376594
0.000358526
0.000342586
0.000328639
0.000316578
0.000306318
0.000297799
0.000290977
0.000285829
0.000282421
0.000280872
0.000280712
0.000282394
0.000286054
0.000291824
0.000299897
0.000310534
0.000324076
0.00034095
0.000361697
0.000386987
0.00041766
0.00045476
0.000499596
0.000553832
0.000619616
0.0006998
0.000798296
0.00092068
0.00107521
0.00127458
0.00153885
0.00190038
0.0024118
0.00315756
0.00426714
0.00591946
0.00831284
0.0115647
0.0155317
0.0196308
0.0221655
0.0226142
0.0215466
0.0216305
0.0299156
0.0490958
0.022611
0.0176424
0.0128411
0.00984966
0.00860954
0.00779555
0.00693876
0.00593375
0.00484977
0.00382446
0.00297686
0.00234976
0.00192006
0.00163684
0.00144935
0.00131897
0.00121977
0.0011358
0.0010584
0.000983834
0.000911359
0.000841712
0.000776034
0.000715275
0.000659956
0.000610165
0.000565668
0.000526039
0.000490775
0.000459376
0.000431387
0.000406416
0.00038414
0.000364297
0.000346677
0.000331115
0.000317477
0.000305661
0.000295582
0.000287181
0.000280414
0.000275255
0.000271713
0.000269971
0.000269642
0.000270998
0.000274228
0.000279455
0.000286862
0.000296699
0.000309285
0.00032503
0.000344453
0.000368199
0.000397073
0.000432082
0.000474477
0.000525838
0.000588182
0.000664149
0.000757307
0.000872677
0.00101763
0.00120344
0.00144799
0.00178041
0.00224879
0.00293237
0.00395751
0.00550983
0.00781773
0.0110637
0.0151952
0.0196924
0.0229877
0.0238875
0.0226281
0.0219935
0.0282055
0.0462517
0.0216885
0.0169977
0.0128081
0.00970433
0.00838997
0.00755251
0.00671116
0.00574477
0.00470611
0.00372072
0.00290214
0.00229379
0.00187592
0.00160042
0.00141802
0.00129093
0.00119377
0.00111109
0.00103461
0.000960889
0.000889355
0.000820782
0.000756286
0.00069676
0.000642666
0.000594045
0.000550633
0.000511989
0.000477607
0.000446991
0.000419692
0.000395326
0.000373578
0.000354192
0.000336965
0.000321735
0.000308372
0.000296773
0.000286856
0.000278561
0.000271841
0.000266669
0.000263036
0.000261106
0.000260615
0.000261687
0.000264536
0.000269281
0.000276096
0.000285215
0.000296945
0.000311677
0.000329909
0.000352263
0.00037952
0.000412651
0.000452866
0.000501681
0.000561013
0.000633337
0.000721946
0.000831401
0.000968318
0.00114275
0.00137066
0.00167815
0.00210899
0.00273677
0.00368294
0.00513546
0.00734614
0.010558
0.0148149
0.0196962
0.0237085
0.0250778
0.0239875
0.0225977
0.0268909
0.0435068
0.0207994
0.016409
0.0127912
0.00957957
0.00818893
0.00732712
0.00650099
0.00557322
0.00457977
0.00363353
0.00284192
0.0022496
0.00184087
0.00157085
0.001392
0.00126726
0.00117165
0.00109005
0.00101446
0.000941614
0.000871015
0.000803459
0.00074003
0.000681578
0.000628525
0.000580882
0.00053837
0.000500541
0.000466892
0.000436929
0.00041021
0.000386359
0.000365063
0.000346073
0.000329188
0.000314248
0.000301125
0.000289718
0.000279944
0.00027174
0.000265061
0.000259876
0.000256171
0.000254066
0.000253416
0.000254238
0.000256749
0.000261066
0.000267353
0.000275832
0.000286795
0.000300619
0.000317779
0.000338881
0.00036468
0.000396121
0.000434382
0.000480929
0.000537607
0.000606765
0.000691481
0.000795941
0.000926129
0.00109105
0.00130494
0.00159121
0.00198947
0.00256763
0.00344095
0.00479601
0.00690124
0.010053
0.0143881
0.0195785
0.0243533
0.0262994
0.0254259
0.0234299
0.0260005
0.0409979
0.0200233
0.0158354
0.0127932
0.0094786
0.00800855
0.00712062
0.0063084
0.00541827
0.00446934
0.00356127
0.00279477
0.00221602
0.00181404
0.00154755
0.00137084
0.00124758
0.00115308
0.0010724
0.000997667
0.000925698
0.000856025
0.000789425
0.000726954
0.000669429
0.000617247
0.000570409
0.000528628
0.000491462
0.00045841
0.000428985
0.000402749
0.000379328
0.000358416
0.000339765
0.000323174
0.000308485
0.000295571
0.000284329
0.000274677
0.000266552
0.000259904
0.000254704
0.000250934
0.00024867
0.00024786
0.000248459
0.00025067
0.000254605
0.000260421
0.000268329
0.000278608
0.000291617
0.000307817
0.000327792
0.000352278
0.000382197
0.0004187
0.00046322
0.000517548
0.00058394
0.000665309
0.000765544
0.000890102
0.00104709
0.00124923
0.0015175
0.00188767
0.00242199
0.00322882
0.00449046
0.00648577
0.00955784
0.0139391
0.0194028
0.0248806
0.0275017
0.0270091
0.0244406
0.0255651
0.0387404
0.0193709
0.0152694
0.0128012
0.00940344
0.00785111
0.00693404
0.00613343
0.00527915
0.00437357
0.00350246
0.00275956
0.00219258
0.00179518
0.00153017
0.00135419
0.00123157
0.00113776
0.00105784
0.000983937
0.000912855
0.000844097
0.0007784
0.000716788
0.000660056
0.000608594
0.000562403
0.000521204
0.000484562
0.000451984
0.00042299
0.000397146
0.000374081
0.00035349
0.000335123
0.000318782
0.000304307
0.00029157
0.000280467
0.000270916
0.000262852
0.000256226
0.000251005
0.000247173
0.000244765
0.000243791
0.000244188
0.000246128
0.000249721
0.000255117
0.000262519
0.000272187
0.000284469
0.00029981
0.000318774
0.000342079
0.000370628
0.00040555
0.000448254
0.000500492
0.000564457
0.000642939
0.000739595
0.000859452
0.00100985
0.0012022
0.00145529
0.00180133
0.00229717
0.00304386
0.00421722
0.00610086
0.00907638
0.0134706
0.0191849
0.0252689
0.0287037
0.028689
0.0255846
0.025412
0.036781
0.0188826
0.0147028
0.012819
0.00934846
0.00771638
0.0067678
0.00597599
0.00515521
0.00429132
0.0034559
0.00273524
0.00217762
0.00178294
0.00151827
0.00134187
0.00121904
0.00112547
0.00104612
0.000973011
0.000902822
0.000834969
0.000770131
0.000709295
0.000653243
0.000602367
0.000556683
0.000515928
0.000479684
0.000447469
0.000418809
0.000393275
0.000370496
0.000350165
0.000332034
0.000315901
0.000301605
0.000289015
0.000278024
0.00026855
0.000260526
0.000253906
0.000248655
0.000244757
0.000242221
0.000241076
0.000241287
0.000242981
0.000246265
0.000251287
0.000258241
0.000267364
0.000278999
0.000293577
0.000311637
0.000333883
0.000361202
0.000394703
0.000435779
0.000486155
0.000547984
0.000623969
0.000717589
0.00083353
0.000978487
0.00116273
0.00140309
0.00172854
0.00219078
0.00288343
0.00397427
0.00574684
0.00861273
0.0129871
0.0189094
0.0255257
0.0299147
0.0304507
0.0268794
0.0254737
0.0351111
0.0185556
0.014144
0.0128211
0.00933236
0.0076076
0.00662266
0.00583606
0.00504586
0.00422153
0.00342023
0.00272056
0.00217346
0.00177975
0.00151195
0.0013335
0.00120978
0.00111599
0.00103702
0.000964643
0.000895348
0.00082841
0.000764409
0.000704278
0.000648789
0.000598377
0.000553079
0.000512658
0.000476708
0.000444764
0.000416356
0.000391059
0.000368503
0.000348378
0.000330434
0.000314476
0.000300325
0.000287843
0.000276927
0.000267496
0.000259486
0.000252847
0.000247549
0.000243576
0.000240933
0.000239644
0.000239705
0.000241176
0.000244175
0.000248845
0.000255368
0.000264
0.000275059
0.000288966
0.000306219
0.000327522
0.000353742
0.00038597
0.000425589
0.000474305
0.000534252
0.000608072
0.000699119
0.00081181
0.00095231
0.00112991
0.00135968
0.00166766
0.00210071
0.00274511
0.00375956
0.00542346
0.00817028
0.0124963
0.018585
0.0257066
0.031034
0.032168
0.0285204
0.0259378
0.0337167
0.0183983
0.0135968
0.0128119
0.00934638
0.00752635
0.00649955
0.00571368
0.00495057
0.00416341
0.00339512
0.00271757
0.00217652
0.00178237
0.0015125
0.00132997
0.00120368
0.00110923
0.0010304
0.00095866
0.000890237
0.000824162
0.000760926
0.000701502
0.000646707
0.000596787
0.000551828
0.000511644
0.000475876
0.000444083
0.000415815
0.000390651
0.000368222
0.000348215
0.000330375
0.000314492
0.000300391
0.000287946
0.000277054
0.000267631
0.000259611
0.000252942
0.000247589
0.000243533
0.000240777
0.000239352
0.000239274
0.000240549
0.00024334
0.000247748
0.000253923
0.000262113
0.000272624
0.000285867
0.000302387
0.000322855
0.000348103
0.000379193
0.000417516
0.000464756
0.000523044
0.000594988
0.000683858
0.000793869
0.000930752
0.00110295
0.00132401
0.00161728
0.00202512
0.00262666
0.00357089
0.00512984
0.00775104
0.0120034
0.018216
0.0257937
0.0321157
0.0339281
0.0302938
0.0265602
0.0325612
0.0183489
0.0130622
0.0127851
0.00938752
0.00747184
0.00639899
0.00560907
0.00486908
0.00411634
0.00337938
0.00272108
0.00218551
0.00179004
0.00151627
0.00133084
0.00120148
0.00110496
0.00102592
0.000954729
0.000887159
0.000822241
0.000760135
0.000701525
0.000647005
0.000597236
0.000552362
0.000512223
0.00047648
0.000444708
0.000416465
0.000391334
0.000368945
0.000348986
0.000331197
0.000315367
0.000301327
0.000288936
0.000278085
0.000268685
0.000260671
0.000253989
0.000248604
0.0002445
0.000241669
0.000240121
0.000239894
0.000240947
0.000243484
0.000247638
0.000253552
0.000261448
0.000271601
0.000284335
0.000300201
0.000319861
0.000344173
0.000374243
0.00041143
0.000457357
0.000514192
0.000584517
0.000671549
0.000779367
0.000913356
0.00108125
0.00129523
0.00157623
0.00196243
0.00252611
0.00340622
0.00486484
0.00735638
0.0115129
0.0178135
0.0258222
0.0331285
0.0357219
0.0322803
0.0274614
0.0316522
0.0184239
0.0125465
0.0127333
0.00946375
0.00744864
0.00632163
0.00552223
0.00480104
0.00407963
0.00337269
0.00273111
0.00220357
0.00180564
0.00152528
0.00133454
0.00120239
0.00110421
0.00102414
0.000953217
0.000886647
0.00082254
0.0007609
0.000702651
0.000648514
0.000598969
0.000554203
0.000514104
0.000478367
0.000446597
0.000418367
0.000393264
0.000370917
0.000351009
0.000333275
0.0003175
0.000303508
0.000291154
0.000280324
0.000270926
0.000262891
0.000256167
0.000250719
0.000246528
0.00024359
0.000241918
0.000241551
0.000242417
0.000244714
0.000248617
0.000254232
0.000261775
0.000271542
0.000283924
0.00029939
0.000318501
0.000342065
0.000371189
0.000407241
0.00045199
0.00050757
0.000576508
0.000661996
0.000768045
0.000899763
0.00106429
0.00127263
0.00154352
0.00191128
0.00244169
0.00326356
0.00462715
0.00698717
0.0110279
0.0173778
0.0257979
0.0340662
0.0375337
0.0344248
0.0285582
0.0309655
0.0186928
0.0120426
0.0126724
0.00955017
0.00745524
0.0062701
0.00545426
0.00474662
0.00405329
0.00337485
0.00275113
0.00222935
0.00182837
0.00154107
0.00134286
0.00120572
0.00110534
0.00102462
0.000953679
0.000887448
0.000823974
0.000763082
0.000705487
0.000651871
0.00060264
0.000558008
0.000517925
0.000482145
0.000450301
0.000421991
0.000396819
0.000374421
0.000354478
0.000336721
0.000320928
0.000306917
0.000294541
0.000283681
0.000274244
0.000266159
0.00025937
0.000253842
0.000249554
0.000246504
0.000244709
0.000244211
0.000244918
0.000246993
0.00025068
0.000256041
0.000263291
0.000272709
0.000284661
0.000299628
0.000318256
0.000341354
0.000369901
0.000405126
0.000448841
0.000503199
0.000570857
0.000655054
0.00075971
0.000889696
0.00105167
0.00125562
0.00151833
0.00187054
0.00237184
0.00314109
0.00441536
0.00664401
0.0105523
0.0169113
0.0256893
0.0349088
0.0393619
0.0367651
0.0298922
0.0305098
0.0190873
0.0115454
0.0125894
0.00964444
0.00748012
0.00623938
0.0054046
0.00470588
0.00403632
0.00338268
0.00277816
0.00226252
0.00185818
0.00156302
0.00135669
0.00121297
0.00110866
0.00102651
0.000955369
0.000889632
0.000827123
0.000767245
0.000710343
0.000657138
0.00060812
0.000563538
0.000523392
0.000487484
0.000455492
0.000427035
0.000401732
0.000379223
0.000359191
0.000341361
0.000325507
0.00031144
0.00029901
0.000288094
0.000278595
0.000270439
0.000263569
0.00025795
0.000253558
0.000250394
0.000248478
0.000247856
0.000248429
0.000250303
0.000253799
0.000258946
0.000265952
0.000275086
0.000286704
0.000301269
0.000319394
0.000341878
0.000369781
0.000404477
0.000447612
0.000501136
0.000567846
0.000651008
0.000754515
0.000883163
0.00104321
0.00124373
0.00149994
0.00183921
0.00231525
0.00303714
0.00422796
0.00632698
0.0100896
0.0164245
0.0255435
0.0356437
0.041192
0.0392896
0.031432
0.0302926
0.0196472
0.0110512
0.0124714
0.00974324
0.0075338
0.00624124
0.00537433
0.0046785
0.00403036
0.00339931
0.00281227
0.00230293
0.00189523
0.00159151
0.0013759
0.00122475
0.00111549
0.00103073
0.00095899
0.000893735
0.000831987
0.000772935
0.000716741
0.000663993
0.000615203
0.000570663
0.000530426
0.000494349
0.000462152
0.00043349
0.000407995
0.000385318
0.000365142
0.000347191
0.000331233
0.000317075
0.000304559
0.000293559
0.000283975
0.000275731
0.000268767
0.000263045
0.000258545
0.000255265
0.000253227
0.000252488
0.00025295
0.000254645
0.000257972
0.000262938
0.000269743
0.00027865
0.000290004
0.000304257
0.000322006
0.000344033
0.000371366
0.000405341
0.000447678
0.000500623
0.000566797
0.000649414
0.000752213
0.00088011
0.00103909
0.00123742
0.00148827
0.00181646
0.00227076
0.00295022
0.00406344
0.00603562
0.00964094
0.0159125
0.0253195
0.0362784
0.0430221
0.0419173
0.0332475
0.0302318
0.0203885
0.010556
0.0123059
0.00984121
0.00761273
0.00625889
0.00536855
0.00466795
0.00403414
0.00342441
0.00285349
0.00235061
0.0019397
0.00162697
0.00140104
0.00124119
0.00112594
0.00103783
0.000964744
0.000899444
0.000838301
0.000780038
0.000724566
0.000672323
0.000623797
0.000579314
0.00053898
0.000502708
0.000470268
0.000441351
0.000415612
0.000392713
0.000372343
0.000354224
0.000338119
0.000323832
0.000311199
0.000300089
0.0002904
0.000282049
0.000274978
0.000269146
0.000264532
0.000261135
0.00025898
0.000258129
0.000258501
0.000260046
0.000263214
0.000268034
0.000274681
0.000283411
0.000294563
0.00030858
0.000326048
0.000347737
0.000374662
0.000408147
0.000449906
0.000502124
0.000567513
0.000649393
0.000751778
0.000879315
0.00103783
0.00123517
0.00148291
0.00180209
0.00223733
0.00287902
0.00392041
0.00576968
0.00920959
0.0153844
0.025026
0.0368064
0.0448511
0.0446045
0.0353629
0.0304529
0.0213191
0.0100567
0.0120806
0.00992864
0.00771149
0.00630155
0.00537814
0.00467222
0.00404619
0.00345658
0.0029015
0.00240546
0.00199179
0.00166989
0.00143275
0.00126293
0.00114041
0.00104786
0.000972664
0.00090683
0.000846037
0.000788472
0.000733716
0.00068202
0.000633809
0.000589418
0.000549003
0.000512531
0.000479826
0.000450617
0.000424591
0.000401424
0.000380812
0.00036248
0.00034619
0.000331738
0.000318958
0.000307713
0.000297897
0.000289425
0.000282236
0.000276288
0.000271557
0.000268044
0.000265774
0.000264819
0.00026512
0.000266541
0.00026957
0.000274277
0.000280805
0.000289408
0.000300416
0.000314269
0.00033154
0.000352993
0.000379632
0.000412777
0.000454145
0.000505929
0.000570877
0.000652347
0.000754339
0.000881555
0.00103964
0.00123593
0.00148164
0.0017956
0.00221389
0.00282225
0.00379753
0.00552841
0.00879657
0.0148419
0.0246618
0.0372082
0.0466955
0.0473488
0.0377689
0.0309379
0.0224388
0.00955019
0.0117848
0.00999896
0.0078273
0.00637283
0.00540551
0.00468766
0.00407066
0.00349654
0.00295622
0.00246738
0.00205164
0.00172072
0.00147174
0.00129072
0.00115955
0.00106134
0.000983085
0.00091607
0.000855249
0.000798205
0.000744115
0.00069299
0.000645145
0.0006009
0.00056044
0.000523785
0.000490811
0.000461291
0.000434946
0.000411473
0.00039058
0.000371996
0.000355482
0.000340833
0.000327877
0.000316475
0.000306514
0.000297907
0.000290591
0.000284521
0.000279674
0.000276047
0.000273668
0.000272617
0.000272863
0.000274187
0.000277102
0.000281729
0.000288179
0.000296701
0.000307625
0.000321382
0.000338542
0.000359858
0.000386328
0.000419268
0.000460398
0.000511929
0.000576644
0.000657953
0.000759917
0.000887271
0.00104556
0.00124167
0.00148552
0.00179435
0.0022013
0.002779
0.00369362
0.00531118
0.00840361
0.0142894
0.0242335
0.0375084
0.0484994
0.0502372
0.0403867
0.0316764
0.0237894
0.00903456
0.0114076
0.0100308
0.00795724
0.00646927
0.00546057
0.00472132
0.00410652
0.00354455
0.00301765
0.0025363
0.00211936
0.00177991
0.00151871
0.00132543
0.00118421
0.00107897
0.000996506
0.000927478
0.000866094
0.000809279
0.000755734
0.000705164
0.000657726
0.000613684
0.000573231
0.000536429
0.000503202
0.000473371
0.000446691
0.000422887
0.000401683
0.000382814
0.000366046
0.00035117
0.000338014
0.000326432
0.00031631
0.000307558
0.000300108
0.000293914
0.000288952
0.000285218
0.000282739
0.000281602
0.00028181
0.000283062
0.000285894
0.000290474
0.000296885
0.000305376
0.000316274
0.000330005
0.000347135
0.000368413
0.000394831
0.000427703
0.000468752
0.000520203
0.000584874
0.000666228
0.000768395
0.000896161
0.00105503
0.00125159
0.00149484
0.00179982
0.00219694
0.00274774
0.00360742
0.00511717
0.00803179
0.0137293
0.0237397
0.037682
0.0502424
0.0532173
0.0432646
0.0326767
0.0253541
0.00851068
0.0109437
0.0100147
0.00808484
0.00658565
0.00553826
0.00477482
0.00415502
0.00360114
0.00308588
0.00261213
0.00219499
0.00184782
0.0015744
0.001368
0.00121537
0.00110161
0.00101362
0.000941541
0.000878872
0.000821844
0.000768616
0.00071852
0.000671495
0.000627703
0.000587317
0.000550419
0.000516974
0.000486849
0.000459837
0.000435693
0.000414158
0.000394983
0.000377936
0.000362811
0.000349434
0.000337657
0.000327362
0.000318456
0.000310869
0.000304552
0.00029948
0.000295648
0.000293081
0.000291874
0.000292059
0.000293266
0.000296049
0.000300617
0.000307031
0.00031554
0.000326468
0.000340243
0.000357427
0.000378765
0.000405249
0.000438189
0.000479314
0.000530863
0.000595682
0.000677288
0.000779879
0.000908312
0.00106809
0.00126558
0.00150903
0.00181159
0.00219923
0.00272989
0.00353818
0.00494567
0.00768275
0.0131656
0.0231857
0.0377502
0.0519191
0.0562928
0.0463793
0.0339685
0.0271819
0.00798042
0.0103918
0.00993647
0.00824456
0.00672582
0.00563904
0.00484721
0.0042172
0.00366705
0.00316118
0.00269482
0.00227848
0.0019247
0.00163946
0.00141941
0.00125413
0.00113033
0.00103533
0.000958956
0.000894067
0.000836199
0.000782916
0.000733112
0.000686443
0.000642918
0.000602648
0.000565711
0.0005321
0.000501716
0.000474392
0.000449914
0.000428046
0.000408554
0.000391214
0.000375827
0.000362215
0.000350233
0.000339758
0.000330694
0.00032297
0.000316536
0.000311363
0.000307445
0.000304806
0.000303548
0.000303726
0.000304917
0.000307688
0.000312281
0.000318741
0.000327318
0.000338337
0.000352225
0.000369546
0.000391045
0.000417713
0.000450861
0.000492222
0.000544048
0.000609214
0.00069128
0.000794514
0.000923848
0.00108481
0.00128364
0.00152799
0.00182944
0.00221055
0.00272314
0.00348411
0.00479562
0.00735772
0.0126008
0.0225695
0.0377516
0.0535001
0.0594454
0.0497448
0.0355721
0.0292588
0.00745112
0.00975796
0.00975558
0.00841624
0.00689179
0.00576436
0.0049397
0.00429414
0.00374311
0.00324391
0.00278437
0.00236972
0.00201068
0.00171445
0.00148061
0.00130171
0.00116639
0.00106278
0.000980664
0.000912393
0.000852841
0.000798949
0.000749115
0.000702648
0.000659346
0.000619211
0.000582282
0.000548556
0.000517961
0.000490361
0.000465572
0.000443383
0.000423578
0.000405946
0.000390291
0.000376442
0.000364251
0.000353595
0.000344377
0.000336522
0.00032998
0.000324719
0.000320732
0.000318042
0.000316757
0.000316945
0.00031815
0.00032095
0.000325608
0.00033216
0.000340857
0.000352027
0.000366101
0.000383645
0.000405406
0.000432377
0.000465875
0.000507636
0.000559925
0.000625637
0.000708374
0.000812465
0.000942917
0.00110531
0.00130581
0.00155159
0.00185285
0.00222873
0.00272304
0.00344383
0.00466608
0.00705624
0.0120412
0.0218878
0.0375779
0.054946
0.0626608
0.0533982
0.0374725
0.0316235
0.00694032
0.00904081
0.00954461
0.00853212
0.00707127
0.00591418
0.0050538
0.00438724
0.00383035
0.00333461
0.00288083
0.00246858
0.00210575
0.00179976
0.0015525
0.00135934
0.00121118
0.00109734
0.00100789
0.000934844
0.000872523
0.000817246
0.000766876
0.000720319
0.000677099
0.000637054
0.000600146
0.000566345
0.000535586
0.000507754
0.000482691
0.000460208
0.000440109
0.000422196
0.000406283
0.000392203
0.000379809
0.00036898
0.000359617
0.000351644
0.000345009
0.000339679
0.000335645
0.000332928
0.000331648
0.000331864
0.000333114
0.000335989
0.000340755
0.000347446
0.000356318
0.000367704
0.000382038
0.000399892
0.000422019
0.000449417
0.000483409
0.000525738
0.000578676
0.000645138
0.000728756
0.000833911
0.000965682
0.00112972
0.00133214
0.00157978
0.00188172
0.00225425
0.00273499
0.00341935
0.00455646
0.00677814
0.0114912
0.021149
0.0372918
0.0562326
0.0659204
0.0573635
0.0396853
0.0342643
0.00645639
0.0082817
0.00929014
0.00858972
0.00724481
0.00608231
0.00518914
0.00449762
0.00392992
0.003434
0.00298439
0.0025749
0.00220976
0.0018956
0.00163579
0.00142824
0.00126623
0.00114063
0.00104213
0.000962736
0.000896314
0.000838626
0.000786992
0.000739866
0.000696443
0.000656344
0.000619402
0.000585526
0.000554632
0.000526607
0.000501308
0.000478567
0.000458204
0.000440035
0.000423884
0.00040959
0.00039701
0.000386025
0.000376534
0.000368463
0.000361756
0.000356381
0.000352327
0.000349613
0.000348377
0.000348642
0.000349971
0.000352971
0.00035789
0.000364772
0.000373878
0.000385545
0.000400217
0.000418472
0.000441072
0.000469025
0.000503659
0.000546725
0.000600504
0.000667919
0.000752625
0.000859042
0.000992312
0.00115815
0.00136268
0.00161251
0.00191576
0.0022862
0.00275568
0.00340857
0.00446507
0.00652284
0.0109532
0.0203511
0.036856
0.0573167
0.0691864
0.0616349
0.0422438
0.0372056
0.00599846
0.00750688
0.00897164
0.00856666
0.00742514
0.00626717
0.00534503
0.00462602
0.00404295
0.00354294
0.00309541
0.00268855
0.00232246
0.00200196
0.00173099
0.00150949
0.00133306
0.0011944
0.0010852
0.000997736
0.000925657
0.000864272
0.000810385
0.00076198
0.000717878
0.00067743
0.000640291
0.000606266
0.000575215
0.000547007
0.0005215
0.000498533
0.000477939
0.000459544
0.000443184
0.000428703
0.000415963
0.000404846
0.000395254
0.00038711
0.00038036
0.00037497
0.00037093
0.000368251
0.000367107
0.000367444
0.000368888
0.00037207
0.000377192
0.00038432
0.000393721
0.000405741
0.000420832
0.000439584
0.000462769
0.000491407
0.000526835
0.000570812
0.000625621
0.000694191
0.000780185
0.00088805
0.00102297
0.00119073
0.0013975
0.0016497
0.00195475
0.00232416
0.00278417
0.00340652
0.00439039
0.00628992
0.0104291
0.0194997
0.0362375
0.0581865
0.0724323
0.0662196
0.0451785
0.0404391
0.00556051
0.00673902
0.0085841
0.00848074
0.00760248
0.0064666
0.00552068
0.00477286
0.00417044
0.00366234
0.00321435
0.00280954
0.00244354
0.00211863
0.00183835
0.00160396
0.00141314
0.00126053
0.00113915
0.00104187
0.000962414
0.0008958
0.000838395
0.000787735
0.000742239
0.000700946
0.000663286
0.000628913
0.000597597
0.000569157
0.000543427
0.000520242
0.000499436
0.000480843
0.000464301
0.000449662
0.000436792
0.000425574
0.000415911
0.000407727
0.000400968
0.000395599
0.00039161
0.000389003
0.000388008
0.00038844
0.000390041
0.000393465
0.000398844
0.000406279
0.000416042
0.000428492
0.00044409
0.000463439
0.000487327
0.000516785
0.000553162
0.000598222
0.000654251
0.00072417
0.000811641
0.000921118
0.00105782
0.00122758
0.00143661
0.00169129
0.00199844
0.00236774
0.00282043
0.0034165
0.00433279
0.0060796
0.00992254
0.0186052
0.0354336
0.0587036
0.0756056
0.0711086
0.0485282
0.0439731
0.00513196
0.00600753
0.00809582
0.00832104
0.00773284
0.006668
0.00571319
0.00493823
0.0043134
0.0037933
0.00334194
0.00293803
0.00257277
0.00224527
0.00195784
0.00171224
0.00150775
0.00134088
0.00120619
0.0010975
0.00100889
0.000935321
0.000872876
0.000818695
0.00077081
0.000727924
0.000689204
0.000654109
0.00062228
0.000593452
0.000567408
0.000543958
0.000522921
0.000504128
0.000487416
0.000472639
0.000459662
0.000448371
0.000438668
0.000430478
0.000423744
0.000418434
0.000414536
0.00041204
0.00041126
0.000411813
0.000413613
0.000417348
0.000423044
0.00043085
0.00044105
0.000454011
0.000470211
0.000490266
0.00051498
0.000545398
0.000582881
0.000629197
0.000686625
0.000758077
0.000847194
0.000958421
0.00109698
0.00126877
0.00148003
0.00173715
0.00204657
0.00241645
0.00286367
0.00343751
0.00429092
0.00589145
0.00943598
0.0176771
0.0344416
0.0589062
0.0786819
0.0762922
0.0523335
0.0477955
0.00471308
0.00532718
0.00750993
0.00809996
0.00773805
0.00684996
0.00591183
0.0051184
0.00447132
0.00393645
0.00347889
0.00307436
0.00271001
0.00238153
0.00208924
0.0018346
0.00161787
0.00143714
0.00128859
0.00116722
0.00106778
0.000985473
0.000916263
0.000857026
0.000805461
0.000759943
0.000719354
0.000682932
0.000650146
0.000620612
0.000594036
0.000570171
0.000548808
0.000529756
0.000512843
0.000497913
0.000484831
0.000473477
0.000463753
0.000455581
0.000448903
0.000443687
0.000439918
0.000437568
0.000437072
0.000437773
0.000439821
0.000443936
0.000450012
0.000458261
0.000468978
0.000482542
0.000499446
0.000520322
0.000545991
0.000577512
0.000616257
0.000663993
0.000722992
0.000796138
0.000887043
0.00100012
0.00114059
0.00131435
0.00152774
0.00178715
0.00209883
0.00246971
0.00291293
0.00346797
0.00426572
0.00572545
0.00897247
0.0167264
0.0332521
0.0588899
0.0815805
0.0817227
0.0566372
0.0518992
0.00431827
0.00469594
0.00686446
0.00779991
0.00768011
0.0070174
0.0061138
0.00531098
0.00464362
0.0040923
0.00362602
0.00321912
0.00285541
0.00252716
0.00223224
0.00197106
0.00174416
0.00155078
0.00138853
0.00125376
0.00114215
0.0010494
0.000971615
0.000905585
0.000848773
0.000799279
0.000755711
0.000717069
0.000682626
0.00065185
0.000624333
0.000599752
0.00057784
0.000558368
0.000541139
0.000525979
0.00051274
0.000501294
0.000491534
0.000483379
0.000476766
0.000471663
0.00046805
0.00046588
0.000465717
0.000466597
0.00046897
0.000473496
0.000480026
0.000488798
0.000500119
0.000514384
0.0005321
0.000553917
0.000580673
0.00061344
0.000653595
0.000702906
0.000763622
0.000838597
0.000931394
0.00104638
0.00118873
0.00136437
0.00157968
0.00184115
0.00215491
0.00252705
0.00296747
0.00350664
0.00425521
0.00558061
0.00853474
0.0157608
0.031857
0.0582464
0.0842163
0.0873535
0.0614899
0.0562627
0.00395797
0.00412197
0.0061904
0.00740172
0.00753584
0.0071084
0.00629345
0.00550516
0.00482628
0.00426003
0.00378381
0.00337303
0.0030094
0.00268218
0.00238662
0.00212152
0.001887
0.00168289
0.00150796
0.00135982
0.00123523
0.00113065
0.00104259
0.000967958
0.000904139
0.000849054
0.00080109
0.00075902
0.00072192
0.000689085
0.000659973
0.000634155
0.000611285
0.000591075
0.000573283
0.000557705
0.000544165
0.00053252
0.000522648
0.000514457
0.000507877
0.00050287
0.00049941
0.000497458
0.000497571
0.000498705
0.000501487
0.000506456
0.000513502
0.000522872
0.000534884
0.000549947
0.000568584
0.000591462
0.000619432
0.000653577
0.000695279
0.000746293
0.000808846
0.000885745
0.000980491
0.00109738
0.00124155
0.00141888
0.00163584
0.00189902
0.00221457
0.00258799
0.00302647
0.00355232
0.00425394
0.00545628
0.00812696
0.0147957
0.0303008
0.0572504
0.0863677
0.0931555
0.0669421
0.0608624
0.0036373
0.00360967
0.00551564
0.00690537
0.00730685
0.00707797
0.00644185
0.00569072
0.00501332
0.00443728
0.00395202
0.00353675
0.00317274
0.00284706
0.0025525
0.00228597
0.00204664
0.00183434
0.00164854
0.00148789
0.00135028
0.00123305
0.00113336
0.00104844
0.000975802
0.000913339
0.000859304
0.0008123
0.000771221
0.000735196
0.000703534
0.000675684
0.000651199
0.000629713
0.000610919
0.000594565
0.000580438
0.000568363
0.000558197
0.000549829
0.000543172
0.000538181
0.000534812
0.000533098
0.000533381
0.000534804
0.000538042
0.000543484
0.00055109
0.000561117
0.000573893
0.000589841
0.000609497
0.000633541
0.000662836
0.000698472
0.000741827
0.000794642
0.000859108
0.000937977
0.00103468
0.00115342
0.00129926
0.00147805
0.00169632
0.00196079
0.00227771
0.00265214
0.00308943
0.00360502
0.00426735
0.00535497
0.00775435
0.0138481
0.0285967
0.0557711
0.0877849
0.0990173
0.0730446
0.0656646
0.0033548
0.00315363
0.00486979
0.00633977
0.00699228
0.00695996
0.00652991
0.00585058
0.00519489
0.00461922
0.0041291
0.00371052
0.00334637
0.00302275
0.00273056
0.00246484
0.00222351
0.00200588
0.00181167
0.00164024
0.00149043
0.00136051
0.0012484
0.00115188
0.0010688
0.000997172
0.00093526
0.000881587
0.000834926
0.000794266
0.000758778
0.000727786
0.000700731
0.000677151
0.000656664
0.000638951
0.000623747
0.000610833
0.000600031
0.000591203
0.000584238
0.000579076
0.00057565
0.000574048
0.000574448
0.000576102
0.000579738
0.000585644
0.000593821
0.000604531
0.000618114
0.000635003
0.000655743
0.000681028
0.000711725
0.000748927
0.000794002
0.000848668
0.000915074
0.000995907
0.00109451
0.00121499
0.00136231
0.00154229
0.00176149
0.00202677
0.00234445
0.00271956
0.00315623
0.00366431
0.00429433
0.00527691
0.00742215
0.0129361
0.0267942
0.0538842
0.0884099
0.10483
0.0798454
0.0706294
0.0031005
0.00275664
0.00426461
0.00573061
0.00656929
0.00673429
0.0064974
0.00596092
0.00535628
0.00479805
0.0043118
0.00389389
0.00353129
0.00321077
0.00292226
0.00265933
0.00241859
0.00219859
0.00199882
0.001819
0.00165865
0.00151685
0.00139233
0.00128354
0.00118881
0.00110647
0.00103494
0.000972788
0.000918764
0.000871775
0.000830895
0.000795336
0.000764436
0.000737634
0.000714462
0.000694524
0.000677491
0.000663089
0.000651093
0.000641326
0.000633645
0.00062796
0.000624198
0.000622394
0.000622805
0.000624548
0.000628389
0.000634663
0.000643342
0.000654693
0.00066906
0.000686883
0.000708717
0.00073526
0.000767383
0.000806172
0.000852981
0.000909498
0.000977822
0.00106057
0.00116098
0.00128307
0.00143167
0.00161255
0.00183231
0.00209784
0.00241571
0.0027912
0.00322769
0.00373084
0.0043361
0.00523304
0.00714039
0.0120837
0.0249452
0.0515937
0.0885136
0.11043
0.0873832
0.0757128
0.00286801
0.00241347
0.00370919
0.00510402
0.00605634
0.00642601
0.00636535
0.00599321
0.00547658
0.00496106
0.00449379
0.00408486
0.00372812
0.00341305
0.00312995
0.00287173
0.00263396
0.00241435
0.00221197
0.00202654
0.00185794
0.0017059
0.00156982
0.00144887
0.00134194
0.00124783
0.00116525
0.00109297
0.0010298
0.000974685
0.000926652
0.000884852
0.000848544
0.000817084
0.00078992
0.00076658
0.000746663
0.000729833
0.000715809
0.000704365
0.000695322
0.000688535
0.000683955
0.0006814
0.00068159
0.000683126
0.000686798
0.000693215
0.000702203
0.000714033
0.000729053
0.000747709
0.000770559
0.000798302
0.000831806
0.000872148
0.000920659
0.00097899
0.00104919
0.00113379
0.00123594
0.00135951
0.00150924
0.00169083
0.00191081
0.00217617
0.00249386
0.00286951
0.00330636
0.00380735
0.00439535
0.00521901
0.0069144
0.0113182
0.0231036
0.0488528
0.0874141
0.115548
0.0956756
0.0808665
0.00265798
0.00212005
0.00321009
0.00448532
0.00548078
0.00601299
0.00610898
0.00593343
0.00553683
0.00509323
0.00466628
0.00427982
0.00393692
0.00363191
0.00335711
0.00310582
0.00287327
0.0026566
0.00245438
0.00226618
0.00209197
0.00193186
0.00178582
0.0016536
0.0015347
0.00142841
0.00133389
0.00125019
0.00117635
0.00111139
0.00105442
0.00100458
0.000961111
0.00092331
0.000890565
0.00086234
0.000838168
0.000817649
0.000800445
0.000786275
0.000774916
0.000766175
0.000759977
0.000756079
0.000755146
0.000756192
0.000759218
0.000765291
0.000774201
0.000786187
0.000801596
0.000820871
0.000844568
0.000873384
0.000908178
0.000950011
0.00100019
0.00106032
0.0011324
0.00121887
0.00132278
0.00144788
0.00159878
0.00178109
0.00200122
0.00226638
0.00258388
0.00295996
0.00339829
0.00390067
0.00448103
0.00525088
0.00680122
0.0106866
0.0213583
0.045841
0.0854668
0.120185
0.104454
0.0860448
0.00247877
0.0018759
0.00277294
0.00389753
0.00487389
0.00551193
0.00577538
0.00575498
0.00552171
0.00517887
0.00481783
0.00447304
0.00415673
0.00386976
0.00360822
0.00336719
0.00314245
0.00293113
0.0027316
0.00254324
0.00236602
0.00220025
0.00204625
0.00190425
0.00177427
0.00165613
0.00154941
0.00145357
0.00136791
0.0012917
0.00122416
0.00116454
0.00111209
0.00106611
0.00102599
0.000991133
0.000961033
0.000935239
0.000913361
0.00089507
0.000880095
0.000868213
0.000859269
0.000853147
0.000849733
0.000849884
0.000851787
0.000856507
0.000864833
0.000876542
0.000891985
0.000911602
0.000935949
0.000965717
0.00100175
0.0010451
0.00109703
0.00115912
0.00123329
0.00132192
0.00142794
0.001555
0.00170758
0.00189111
0.00211204
0.00237775
0.00269604
0.00307402
0.00351644
0.00402563
0.00461132
0.00535853
0.00677668
0.0103097
0.0198439
0.0427212
0.0826603
0.124125
0.113657
0.0912037
0.00234916
0.00168467
0.00240345
0.00336122
0.00426999
0.00495771
0.0053539
0.00548388
0.00542688
0.00521195
0.0049405
0.00465889
0.00438623
0.00412932
0.00388906
0.00366353
0.00345024
0.00324707
0.00305269
0.00286655
0.00268868
0.0025195
0.0023596
0.00220956
0.0020698
0.00194059
0.00182196
0.00171374
0.0016156
0.00152708
0.00144761
0.00137659
0.00131338
0.00125735
0.0012079
0.00116445
0.00112649
0.00109353
0.00106516
0.00104102
0.0010208
0.00100426
0.000991195
0.000981497
0.000974995
0.000972052
0.000972734
0.000975767
0.000982511
0.000993484
0.00100865
0.00102844
0.0010534
0.00108422
0.00112173
0.00116695
0.00122113
0.00128579
0.00136282
0.00145452
0.00156375
0.00169406
0.00184979
0.00203634
0.00226019
0.00252903
0.00285128
0.00323531
0.00368781
0.00421354
0.00482284
0.00558625
0.00693413
0.0101922
0.0188718
0.0398305
0.0793546
0.127236
0.123092
0.0963295
0.00230313
0.00155755
0.00210707
0.00289443
0.00370358
0.00439262
0.00487906
0.00514936
0.00523494
0.00518195
0.00503486
0.00483743
0.00462734
0.00441554
0.00420791
0.00400585
0.0038095
0.00361836
0.00343206
0.00325055
0.00307415
0.00290352
0.00273949
0.00258292
0.00243459
0.00229514
0.00216498
0.00204433
0.00193322
0.00183147
0.00173882
0.00165484
0.00157909
0.00151106
0.00145022
0.00139608
0.00134814
0.00130595
0.00126909
0.00123721
0.00121
0.00118718
0.00116857
0.001154
0.00114345
0.00113665
0.00113475
0.00113635
0.00114123
0.00115123
0.00116629
0.00118662
0.00121279
0.00124547
0.00128547
0.00133381
0.00139172
0.00146071
0.00154263
0.00163977
0.00175495
0.00189171
0.00205439
0.00224843
0.00248057
0.00275902
0.00309312
0.00349329
0.00396927
0.00453143
0.00519589
0.00603249
0.00739754
0.01049
0.0185221
0.0378461
0.0763267
0.129807
0.132393
0.101392
0.0023739
0.00150805
0.00188958
0.00251365
0.00320801
0.00386351
0.00440035
0.00478218
0.00500971
0.00510573
0.00508983
0.0050154
0.00488914
0.00474073
0.00458008
0.00441225
0.00424075
0.00406713
0.00389275
0.00371857
0.00354557
0.00337486
0.00320769
0.00304528
0.00288876
0.00273914
0.0025972
0.00246355
0.00233856
0.00222242
0.00211512
0.00201654
0.00192644
0.00184449
0.00177033
0.00170356
0.00164378
0.0015906
0.00154365
0.0015026
0.00146716
0.00143707
0.00141215
0.00139226
0.00137736
0.00136719
0.00136246
0.00136341
0.00136774
0.00137764
0.00139418
0.00141698
0.00144659
0.00148369
0.00152911
0.00158391
0.00164936
0.00172701
0.00181876
0.00192703
0.00205472
0.00220555
0.00238408
0.00259633
0.00284953
0.00315315
0.00351801
0.00395812
0.00448764
0.00512678
0.00590212
0.00690062
0.00841264
0.0115541
0.0190153
0.0370749
0.0741417
0.132195
0.141371
0.106471
0.00262059
0.00155005
0.00176701
0.00223996
0.00281879
0.00342158
0.00397827
0.00444224
0.00479379
0.00503814
0.00516378
0.00520697
0.0051896
0.00513138
0.00503391
0.00491386
0.00477679
0.00462731
0.00446907
0.00430464
0.00413609
0.00396546
0.0037947
0.00362562
0.00345988
0.00329893
0.00314403
0.00299617
0.00285611
0.00272439
0.00260135
0.00248713
0.00238176
0.00228511
0.00219701
0.00211718
0.00204536
0.00198123
0.00192449
0.00187486
0.00183207
0.00179593
0.00176634
0.00174319
0.00172621
0.00171549
0.00171208
0.00171442
0.0017218
0.00173709
0.00176001
0.00179077
0.00182996
0.00187829
0.00193666
0.00200636
0.00208884
0.00218592
0.00229972
0.00243309
0.00258928
0.00277278
0.00298873
0.00324456
0.00354846
0.00391312
0.00435157
0.00488553
0.00553504
0.00634017
0.00734108
0.0086665
0.0105672
0.0140254
0.0213676
0.0378792
0.0733759
0.13483
0.149571
0.11162
0.00312332
0.00170655
0.00176832
0.00211289
0.00259047
0.00314071
0.00370742
0.00424301
0.00471162
0.00507602
0.0053252
0.00548832
0.00558478
0.00561905
0.00560297
0.00554948
0.00545625
0.00533754
0.00519957
0.00504747
0.00488469
0.00471474
0.00454066
0.00436516
0.00419061
0.00401907
0.00385229
0.00369171
0.00353849
0.00339352
0.00325745
0.0031307
0.00301351
0.00290596
0.00280807
0.00271967
0.00264065
0.0025708
0.00250984
0.00245755
0.00241382
0.00237882
0.00235274
0.00233494
0.00232407
0.00232446
0.00232999
0.00234383
0.00236797
0.00240128
0.00244435
0.00249795
0.00256313
0.00264077
0.00273192
0.00283889
0.00296367
0.00310873
0.00327678
0.00347194
0.00369842
0.00396311
0.00427212
0.0046371
0.0050675
0.00558433
0.00620195
0.00695932
0.00787809
0.00903516
0.0104694
0.0123787
0.0149668
0.01913
0.0267327
0.0426952
0.0757274
0.1391
0.156802
0.117136
0.00399104
0.00200707
0.00189714
0.002174
0.00261951
0.00316122
0.00374452
0.00432203
0.00485589
0.00532053
0.0057081
0.00600154
0.006206
0.00633409
0.00639669
0.00640122
0.0063679
0.00629076
0.00618318
0.0060539
0.00590789
0.00575002
0.00558436
0.00541458
0.00524377
0.00507461
0.00490937
0.00474988
0.00459766
0.00445404
0.00431996
0.00419608
0.00408292
0.00398073
0.00388985
0.00380991
0.00374168
0.0036846
0.00363821
0.00360299
0.00357941
0.00356557
0.00356649
0.00357457
0.00359386
0.00362849
0.00367502
0.00373433
0.00380793
0.00389651
0.00400085
0.00412298
0.00426426
0.00442648
0.00461245
0.00482445
0.00506542
0.00534046
0.00565326
0.00601351
0.00642665
0.00690559
0.00745563
0.00809968
0.00884476
0.0097326
0.0107668
0.0120259
0.0135034
0.0153518
0.0175407
0.0204077
0.0239632
0.0293022
0.0374246
0.0535015
0.084594
0.146517
0.163935
0.120184
0.00542084
0.00249961
0.00224386
0.00249879
0.00297446
0.00357449
0.00424247
0.00493004
0.00559837
0.00621887
0.00677357
0.00723318
0.00759196
0.0078585
0.00804187
0.00814987
0.00820193
0.00819706
0.00815921
0.008081
0.00797933
0.00786022
0.00772898
0.00759088
0.0074498
0.00730955
0.00717329
0.00704326
0.0069218
0.00681102
0.0067122
0.0066265
0.00655497
0.00649803
0.00645702
0.00643033
0.00642418
0.00643144
0.00645268
0.0064954
0.00655701
0.00663675
0.00673663
0.00685655
0.0069968
0.00716076
0.00734873
0.00756306
0.00780536
0.0080777
0.00838251
0.0087241
0.00910512
0.00953104
0.010005
0.0105344
0.0111232
0.0117808
0.0125149
0.0133335
0.0142411
0.0152659
0.0164026
0.017706
0.0191607
0.0208512
0.0227227
0.0249462
0.0273887
0.0303805
0.033637
0.0378356
0.0424846
0.049267
0.0580851
0.0747072
0.102973
0.159091
0.171148
0.121327
0.00742054
0.00330485
0.00304739
0.00360326
0.00445694
0.00545968
0.00654353
0.00765014
0.00872938
0.00973794
0.0106489
0.0114365
0.0120944
0.0126293
0.0130518
0.0133736
0.013613
0.0137796
0.0138957
0.0139617
0.0139977
0.01401
0.0140076
0.0139997
0.0139885
0.0139818
0.0139848
0.013998
0.0140279
0.0140784
0.0141495
0.0142439
0.0143636
0.0145102
0.0146862
0.0148912
0.0151298
0.0154013
0.0157068
0.0160479
0.016429
0.0168514
0.0173132
0.0178214
0.0183752
0.018981
0.019638
0.0203538
0.0211297
0.0219754
0.0228902
0.0238851
0.0249585
0.0261246
0.0273804
0.0287422
0.0302058
0.0317907
0.0334912
0.0353342
0.0373067
0.0394492
0.0417381
0.0442363
0.0468742
0.0498118
0.0528836
0.0564379
0.0600562
0.0644496
0.0687716
0.0744529
0.0799474
0.0882821
0.0973217
0.114333
0.138144
0.1793
0.178991
0.118561
0.00928502
0.0045178
0.00571185
0.00832402
0.0113909
0.0147151
0.0181156
0.0214219
0.0244746
0.0271857
0.0295233
0.0314962
0.0331375
0.0344894
0.0355952
0.0364973
0.0372377
0.0378503
0.0383724
0.0388212
0.0392253
0.039605
0.0399744
0.0403479
0.0407346
0.0411446
0.0415856
0.0420633
0.0425832
0.0431518
0.0437704
0.0444439
0.0451733
0.0459633
0.0468148
0.047732
0.0487146
0.0497681
0.05089
0.0520877
0.0533557
0.0547061
0.0561314
0.0576431
0.0592322
0.0609151
0.0626777
0.0645439
0.0664964
0.068559
0.0707083
0.0729717
0.0753206
0.0777882
0.0803418
0.0830176
0.0857818
0.0886735
0.0916592
0.0947792
0.0980057
0.101366
0.104854
0.108482
0.112273
0.116226
0.120383
0.125033
0.129698
0.135259
0.140527
0.147545
0.153792
0.163575
0.172043
0.187037
0.20019
0.207373
0.184261
0.108067
0.0112216
0.00892193
0.0198086
0.0343913
0.0495769
0.065299
0.0807513
0.0950739
0.10756
0.117961
0.126274
0.132729
0.137644
0.141302
0.143967
0.145874
0.14722
0.148166
0.148844
0.149351
0.149754
0.150114
0.150478
0.150881
0.151349
0.151899
0.152541
0.15329
0.154142
0.155112
0.15619
0.15739
0.158696
0.160122
0.161651
0.163299
0.165041
0.1669
0.168844
0.170902
0.173036
0.175279
0.17759
0.180005
0.18248
0.185055
0.187682
0.19041
0.193161
0.195999
0.198848
0.201778
0.204719
0.207741
0.210781
0.213906
0.217076
0.220319
0.223649
0.22702
0.23055
0.234045
0.237821
0.241424
0.245522
0.249231
0.253845
0.257198
0.262007
0.264767
0.269512
0.271511
0.275544
0.276101
0.275043
0.26937
0.25504
0.225658
0.180499
0.093624
0.00690293
0.0136333
0.0210349
0.028645
0.036029
0.0430482
0.0496951
0.0559591
0.0618136
0.0671949
0.0720633
0.0763928
0.0801964
0.0834993
0.0863364
0.08874
0.0907544
0.0924092
0.0937561
0.0948148
0.0956403
0.0962381
0.0966804
0.0969373
0.0971132
0.0971236
0.0970892
0.0970024
0.0968494
0.0966589
0.0964478
0.0962205
0.0959953
0.0957689
0.095563
0.0953665
0.0952051
0.0950598
0.0949619
0.0948835
0.0948633
0.0948789
0.0949292
0.095013
0.0951793
0.0953505
0.095621
0.095882
0.0962604
0.0966009
0.097086
0.0974983
0.0980946
0.0985733
0.0992901
0.0998312
0.100682
0.101282
0.102284
0.102939
0.104104
0.104808
0.106138
0.106879
0.108342
0.109121
0.110695
0.111673
0.113596
0.114793
0.116895
0.118256
0.120349
0.121687
0.12337
0.123766
0.122948
0.119665
0.109757
0.0807754
)
;

boundaryField
{
    movingWall
    {
        type            epsilonWallFunction;
        value           nonuniform List<scalar> 
80
(
0.00690293
0.0136333
0.0210349
0.028645
0.036029
0.0430482
0.0496951
0.0559591
0.0618136
0.0671949
0.0720633
0.0763928
0.0801964
0.0834993
0.0863364
0.08874
0.0907544
0.0924092
0.0937561
0.0948148
0.0956403
0.0962381
0.0966804
0.0969373
0.0971132
0.0971236
0.0970892
0.0970024
0.0968494
0.0966589
0.0964478
0.0962205
0.0959953
0.0957689
0.095563
0.0953665
0.0952051
0.0950598
0.0949619
0.0948835
0.0948633
0.0948789
0.0949292
0.095013
0.0951793
0.0953505
0.095621
0.095882
0.0962604
0.0966009
0.097086
0.0974983
0.0980946
0.0985733
0.0992901
0.0998312
0.100682
0.101282
0.102284
0.102939
0.104104
0.104808
0.106138
0.106879
0.108342
0.109121
0.110695
0.111673
0.113596
0.114793
0.116895
0.118256
0.120349
0.121687
0.12337
0.123766
0.122948
0.119665
0.109757
0.0807754
)
;
    }
    fixedWalls
    {
        type            epsilonWallFunction;
        value           nonuniform List<scalar> 
240
(
2.06552e-05
0.000100647
0.000222067
0.000386957
0.000619196
0.000947868
0.00140183
0.00200812
0.00278706
0.00374971
0.00491752
0.0063394
0.00793466
0.00965869
0.0114559
0.0132663
0.0150297
0.0167219
0.0183008
0.0197225
0.0209373
0.0219192
0.0226568
0.0231582
0.0234342
0.0234492
0.0233372
0.0230779
0.0226782
0.0221515
0.0215188
0.0208131
0.0200545
0.0192591
0.018441
0.0176424
0.0169977
0.016409
0.0158354
0.0152694
0.0147028
0.014144
0.0135968
0.0130622
0.0125465
0.0120426
0.0115454
0.0110512
0.010556
0.0100567
0.00955019
0.00903456
0.00851068
0.00798042
0.00745112
0.00694032
0.00645639
0.00599846
0.00556051
0.00513196
0.00471308
0.00431827
0.00395797
0.0036373
0.0033548
0.0031005
0.00286801
0.00265798
0.00247877
0.00234916
0.00230313
0.0023739
0.00262059
0.00312332
0.00399104
0.00542084
0.00742054
0.00928502
0.0112216
0.00690293
4.65184e-05
0.000244231
0.000640286
0.00103829
0.00129717
0.00138323
0.00134295
0.00125723
0.0011813
0.0011496
0.00118068
0.00131755
0.00165874
0.00222877
0.00297675
0.00385179
0.0048028
0.00578762
0.00681413
0.00787008
0.00902191
0.0104859
0.0124313
0.0148246
0.0175864
0.0205939
0.023344
0.0252356
0.026
0.0261253
0.0258037
0.0252116
0.0244302
0.0235669
0.022611
0.0216885
0.0207994
0.0200233
0.0193709
0.0188826
0.0185556
0.0183983
0.0183489
0.0184239
0.0186928
0.0190873
0.0196472
0.0203885
0.0213191
0.0224388
0.0237894
0.0253541
0.0271819
0.0292588
0.0316235
0.0342643
0.0372056
0.0404391
0.0439731
0.0477955
0.0518992
0.0562627
0.0608624
0.0656646
0.0706294
0.0757128
0.0808665
0.0860448
0.0912037
0.0963295
0.101392
0.106471
0.11162
0.117136
0.120184
0.121327
0.118561
0.108067
0.093624
0.0807754
2.06552e-05
0.000105551
0.000251653
0.00040565
0.000527493
0.000603967
0.000642716
0.000661983
0.000682242
0.000723144
0.000800442
0.000928562
0.00111947
0.00137561
0.00168837
0.00204481
0.00243073
0.00284106
0.00325653
0.00366614
0.00407416
0.00450888
0.00500898
0.0056101
0.00631283
0.0070668
0.00781432
0.00856359
0.00932493
0.0101171
0.0109426
0.0117749
0.0125904
0.0133865
0.014172
0.0149638
0.0157709
0.0166082
0.0174834
0.018407
0.0193829
0.020419
0.0215234
0.0227031
0.0239663
0.0253262
0.0268252
0.0285536
0.0307031
0.0329144
0.0351603
0.0373753
0.0395259
0.0415455
0.0433672
0.0449173
0.0460961
0.0466796
0.0469057
0.0466638
0.0455902
0.0437763
0.041235
0.0380084
0.0342552
0.0300438
0.0256488
0.021267
0.0170869
0.013208
0.00998374
0.00732711
0.00515944
0.0034779
0.00225067
0.00140021
0.000837887
0.000473232
0.000219554
4.65184e-05
)
;
    }
    frontAndBack
    {
        type            empty;
    }
}


// ************************************************************************* //
