/*--------------------------------*- C++ -*----------------------------------*\
  =========                 |
  \\      /  F ield         | OpenFOAM: The Open Source CFD Toolbox
   \\    /   O peration     | Website:  https://openfoam.org
    \\  /    A nd           | Version:  13
     \\/     M anipulation  |
\*---------------------------------------------------------------------------*/
FoamFile
{
    format      ascii;
    class       volScalarField;
    location    "2.2";
    object      k;
}
// * * * * * * * * * * * * * * * * * * * * * * * * * * * * * * * * * * * * * //

dimensions      [0 2 -2 0 0 0 0];

internalField   nonuniform List<scalar> 
6400
(
2.29902e-07
1.15293e-06
2.55946e-06
4.12207e-06
5.70485e-06
7.30561e-06
8.98028e-06
1.07967e-05
1.28158e-05
1.50885e-05
1.7656e-05
2.05515e-05
2.38122e-05
2.74551e-05
3.14789e-05
3.58686e-05
4.05933e-05
4.56138e-05
5.08818e-05
5.63464e-05
6.1961e-05
6.76927e-05
7.35355e-05
7.95335e-05
8.58159e-05
9.26102e-05
0.000100191
0.000108561
0.00011753
0.000126907
0.000136908
0.000147576
0.000158957
0.00017106
0.000183637
0.000196514
0.000209647
0.000223108
0.000236909
0.000251137
0.000265861
0.000281191
0.000297273
0.00031398
0.000331188
0.000348718
0.000366686
0.000385299
0.00040544
0.000429663
0.000455476
0.000480428
0.000504274
0.000526141
0.000545219
0.000560358
0.000569292
0.000573271
0.000573516
0.000564046
0.000546063
0.000519411
0.000484475
0.00044285
0.000395958
0.000345721
0.000292649
0.000239273
0.000188181
0.000141796
0.000102756
7.23338e-05
4.86542e-05
3.12284e-05
1.91397e-05
1.12004e-05
6.2364e-06
3.21241e-06
1.3418e-06
2.65673e-07
1.1527e-06
9.74441e-06
2.20638e-05
3.52799e-05
4.83718e-05
6.13871e-05
7.47578e-05
8.89626e-05
0.000104407
0.00012141
0.000140214
0.000160997
0.000183844
0.00020881
0.000235874
0.000264918
0.000295754
0.000328165
0.000361909
0.000396757
0.000432535
0.00046917
0.000506733
0.000545543
0.000586321
0.000630142
0.000677995
0.000729473
0.000783335
0.000838536
0.000895552
0.000953707
0.00101269
0.00107203
0.00113047
0.00118712
0.00124183
0.001295
0.00134683
0.00139789
0.00144864
0.00149967
0.00155155
0.00160418
0.00165739
0.00171087
0.0017646
0.00181814
0.00187022
0.00191985
0.001969
0.00201793
0.00206522
0.0021089
0.00214715
0.00217744
0.00219316
0.0021981
0.0021905
0.00216247
0.00211072
0.00203456
0.00193304
0.00180826
0.00166323
0.00149945
0.00132235
0.00113826
0.000954009
0.000776527
0.000610313
0.000459463
0.000330648
0.000226788
0.000147643
9.08093e-05
5.24826e-05
2.77108e-05
1.15257e-05
1.39213e-06
2.65313e-06
2.27709e-05
4.99058e-05
7.68009e-05
0.000102284
0.000127268
0.000152817
0.00017981
0.000208928
0.00024071
0.000275587
0.000313891
0.000355843
0.000401537
0.000450913
0.000503758
0.000559712
0.000618314
0.000679043
0.000741374
0.000804803
0.000868856
0.000933061
0.000996955
0.00106003
0.00112168
0.00118131
0.00123874
0.00129351
0.00134551
0.00139398
0.00143913
0.00148165
0.00152303
0.00156505
0.00160713
0.00164955
0.00169307
0.00173796
0.00178472
0.00183359
0.00188479
0.0019383
0.00199429
0.00205295
0.00211441
0.00217859
0.00224551
0.00231384
0.00238355
0.00245416
0.00252455
0.00259332
0.00265862
0.00271833
0.00276969
0.00280964
0.00283081
0.00283693
0.00282463
0.0027837
0.00271237
0.0026078
0.00246808
0.00229851
0.00210371
0.00188775
0.00165718
0.00142002
0.00118496
0.000960319
0.000753465
0.000570615
0.000415965
0.000290806
0.000193805
0.000121337
6.82268e-05
2.90864e-05
3.45475e-06
4.70411e-06
3.98636e-05
8.3007e-05
0.00012239
0.0001586
0.000193984
0.000230282
0.00026872
0.000310203
0.000355425
0.000404921
0.000459063
0.000518032
0.000581786
0.000650047
0.000722293
0.000797755
0.000875449
0.000954247
0.00103292
0.00111021
0.00118483
0.00125559
0.00132143
0.00138149
0.00143532
0.0014829
0.0015248
0.00156149
0.00159407
0.00162481
0.00165487
0.00168492
0.00171612
0.00174854
0.00178267
0.00181909
0.00185797
0.00189959
0.00194412
0.00199166
0.00204231
0.00209612
0.00215318
0.00221342
0.00227668
0.00234263
0.00241083
0.00248142
0.00255418
0.00262848
0.00270322
0.00277714
0.00284869
0.002916
0.00297697
0.00302891
0.00306722
0.00308553
0.00308882
0.00306816
0.00301662
0.002932
0.0028091
0.00264484
0.00244798
0.00222358
0.00197748
0.00171786
0.00145427
0.00119686
0.000955292
0.000737781
0.000550155
0.000395321
0.000272782
0.000178664
0.000106316
4.7757e-05
5.78094e-06
7.3561e-06
6.10845e-05
0.000120816
0.000172043
0.000218318
0.000263541
0.000310156
0.000359756
0.000413443
0.000471989
0.000535892
0.000605379
0.000680371
0.000760467
0.000844924
0.000932657
0.00102225
0.001112
0.00119998
0.00128417
0.00136261
0.00143357
0.00149583
0.00154876
0.00159242
0.00162769
0.00165575
0.00167875
0.00169912
0.0017181
0.00173745
0.00175728
0.00177874
0.00180233
0.00182817
0.0018566
0.00188761
0.00192106
0.00195733
0.00199651
0.00203865
0.00208379
0.002132
0.00218331
0.0022377
0.00229506
0.00235505
0.00241785
0.00248371
0.00255223
0.00262296
0.00269531
0.0027684
0.00284108
0.00291176
0.00297833
0.00303811
0.00308815
0.00312278
0.00313787
0.00313837
0.00310939
0.00305406
0.00296918
0.00284323
0.00266911
0.00245848
0.00221681
0.00195152
0.00167264
0.00139201
0.00112206
0.000874188
0.000657152
0.000476181
0.000332203
0.000221508
0.000135823
6.3546e-05
7.80203e-06
1.06722e-05
8.64464e-05
0.000163419
0.000226519
0.000282894
0.000338022
0.000395054
0.000455942
0.000521925
0.000593731
0.00067165
0.000755546
0.000844858
0.000938597
0.00103536
0.00113334
0.00123036
0.00132395
0.00141153
0.0014906
0.00155914
0.00161589
0.00166067
0.00169415
0.00171783
0.00173417
0.00174594
0.00175544
0.00176431
0.00177335
0.00178383
0.00179558
0.00180934
0.00182547
0.00184401
0.00186512
0.00188879
0.00191534
0.00194396
0.00197446
0.00200685
0.00204111
0.00207728
0.00211545
0.0021558
0.00219881
0.00224506
0.00229452
0.0023471
0.00240287
0.00246185
0.00252395
0.00258889
0.00265623
0.00272522
0.00279478
0.00286335
0.00292857
0.00298749
0.0030368
0.00306724
0.00307813
0.00306379
0.00301523
0.00293663
0.00281827
0.00264235
0.00242428
0.00216903
0.00188592
0.00158819
0.00129147
0.00101153
0.000761762
0.000551286
0.000383528
0.000255555
0.000157822
7.54569e-05
9.31463e-06
1.47283e-05
0.000115745
0.000210757
0.000286061
0.00035284
0.000418125
0.000485752
0.000557986
0.000636115
0.000720679
0.000811578
0.000908119
0.00100907
0.00111271
0.00121686
0.00131897
0.00141617
0.00150549
0.00158411
0.00164978
0.00170126
0.00173849
0.00176334
0.00177707
0.00178282
0.0017844
0.00178431
0.00178303
0.0017825
0.00178326
0.00178653
0.0017925
0.0018008
0.00181057
0.00182194
0.00183469
0.00184848
0.00186256
0.00187721
0.00189329
0.0019108
0.00192994
0.00195091
0.00197397
0.00199937
0.00202723
0.00205771
0.0020911
0.00212772
0.002168
0.00221233
0.00226117
0.00231487
0.00237366
0.00243757
0.00250632
0.00257931
0.00265549
0.00273286
0.0028088
0.00287886
0.0029383
0.00297277
0.002984
0.00295926
0.00289845
0.00279173
0.0026178
0.00239113
0.00211795
0.00181157
0.00149042
0.00117536
0.000886188
0.000638177
0.000439346
0.000288867
0.000176559
8.47198e-05
1.04412e-05
1.96844e-05
0.000148594
0.000262618
0.000350548
0.000428082
0.000503758
0.000582039
0.00066543
0.000755148
0.000851401
0.000953536
0.00106016
0.00116926
0.00127832
0.00138444
0.00148444
0.00157509
0.00165336
0.00171685
0.00176425
0.00179604
0.00181144
0.00181621
0.00181509
0.0018073
0.00179709
0.00178753
0.0017799
0.00177424
0.00176961
0.00176654
0.00176431
0.00176242
0.00176068
0.00175988
0.00175968
0.00176043
0.00176249
0.00176633
0.00177138
0.00177798
0.00178633
0.00179644
0.00180842
0.00182237
0.00183845
0.00185687
0.0018779
0.00190194
0.00192941
0.00196083
0.00199677
0.00203798
0.00208524
0.00213933
0.00220095
0.00227063
0.00234861
0.00243411
0.00252549
0.00262044
0.00271567
0.00280426
0.00287646
0.00291166
0.00291787
0.00287539
0.00278632
0.00261151
0.00236901
0.00206975
0.0017328
0.00138351
0.00104916
0.000753667
0.000512786
0.000330473
0.000197439
9.36506e-05
1.14967e-05
2.55041e-05
0.000184918
0.000318623
0.000419554
0.000508129
0.000594297
0.000683073
0.000777099
0.000877404
0.000983729
0.00109475
0.0012083
0.00132158
0.00143134
0.00153412
0.00162644
0.0017051
0.00176764
0.00181275
0.00183831
0.00184756
0.00184751
0.0018371
0.0018217
0.00180493
0.00178913
0.00177371
0.00175891
0.00174444
0.0017298
0.00171583
0.00170226
0.00168967
0.00167883
0.00166913
0.00166087
0.00165434
0.00164981
0.00164763
0.00164693
0.00164781
0.00165117
0.00165626
0.00166335
0.00167238
0.00168342
0.00169654
0.00171186
0.00172963
0.00175013
0.00177372
0.00180084
0.00183203
0.00186796
0.00190949
0.00195773
0.00201403
0.00208001
0.00215753
0.0022472
0.00234681
0.00245697
0.0025742
0.00269082
0.00279764
0.00286751
0.0028932
0.00287347
0.00279865
0.00261693
0.00234977
0.00201584
0.00164213
0.00126284
0.000912147
0.00061698
0.000390212
0.000226638
0.000105152
1.28905e-05
3.21788e-05
0.000224383
0.000378197
0.000492396
0.000592155
0.000688723
0.000787569
0.00089137
0.00100085
0.0011152
0.00123236
0.00134939
0.00146278
0.00156873
0.0016635
0.00174367
0.00180654
0.00185062
0.00187238
0.00187847
0.00187281
0.00185604
0.00183448
0.00181206
0.00178793
0.00176304
0.00173764
0.00171251
0.00168801
0.00166491
0.0016428
0.0016221
0.00160339
0.00158707
0.00157308
0.00156175
0.00155318
0.00154744
0.0015447
0.00154386
0.00154501
0.00154908
0.00155495
0.00156285
0.00157258
0.00158412
0.00159748
0.00161277
0.00163004
0.0016494
0.001671
0.00169502
0.00172167
0.00175123
0.0017841
0.00182082
0.00186206
0.00190906
0.00196371
0.00202916
0.00211127
0.00221089
0.0023295
0.0024603
0.00260152
0.00273853
0.00284369
0.00288834
0.00288836
0.00281709
0.0026211
0.00231951
0.00194275
0.00152895
0.00112218
0.000763159
0.0004782
0.000271096
0.000122579
1.50852e-05
3.96562e-05
0.000266513
0.0004406
0.000568166
0.000679072
0.000785727
0.000893959
0.00100637
0.00112332
0.00124335
0.00136372
0.00148078
0.00159047
0.00168868
0.00177172
0.0018367
0.00188113
0.00190179
0.00190623
0.00189652
0.00187484
0.00184848
0.00181825
0.00178495
0.00175017
0.0017155
0.00168198
0.00164922
0.00161789
0.0015886
0.00156161
0.00153754
0.00151689
0.00149992
0.00148667
0.00147711
0.0014717
0.00146958
0.00146939
0.00147236
0.00147781
0.00148548
0.00149492
0.00150606
0.00151873
0.00153289
0.00154854
0.00156564
0.00158422
0.00160434
0.00162609
0.00164958
0.0016749
0.00170214
0.00173141
0.00176301
0.00179696
0.00183382
0.00187436
0.00192018
0.00197379
0.00203885
0.00212253
0.00223653
0.00237684
0.00253424
0.00269883
0.00283723
0.00290147
0.00290873
0.00283411
0.00260996
0.00226244
0.00183671
0.00138318
0.000957432
0.000602925
0.000338004
0.000149803
1.86492e-05
4.78556e-05
0.000310731
0.000504955
0.00064579
0.0007676
0.000883819
0.00100053
0.00112018
0.00124268
0.00136598
0.00148667
0.00160056
0.00170323
0.00179057
0.00185932
0.00190644
0.00192815
0.00193234
0.00192045
0.00189507
0.0018639
0.00182577
0.00178352
0.00174035
0.00169767
0.00165582
0.00161561
0.00157733
0.00154186
0.00150996
0.00148215
0.00145898
0.00144068
0.00142725
0.00141881
0.00141502
0.00141414
0.00141637
0.00142174
0.00142953
0.00143935
0.00145082
0.00146368
0.0014778
0.00149304
0.00150939
0.00152683
0.0015454
0.0015652
0.00158636
0.00160898
0.00163313
0.00165889
0.00168625
0.00171507
0.00174552
0.00177708
0.00180986
0.00184403
0.00188016
0.00191945
0.00196382
0.00201745
0.00208687
0.00218123
0.00231969
0.00249087
0.00267788
0.00284333
0.00292105
0.00293005
0.0028398
0.00256702
0.00216362
0.00168427
0.00119818
0.000768379
0.00043285
0.000190416
2.41545e-05
5.66581e-05
0.000356384
0.000570294
0.000724086
0.000856361
0.000981432
0.00110554
0.00123092
0.00135702
0.00148123
0.0015996
0.00170754
0.00180054
0.00187471
0.00192704
0.00195214
0.00195764
0.00194574
0.00191807
0.0018822
0.00183703
0.00178707
0.00173625
0.00168557
0.00163622
0.0015888
0.0015443
0.00150351
0.0014674
0.00143672
0.00141189
0.00139308
0.00138007
0.00137353
0.00137127
0.00137165
0.00137632
0.00138366
0.00139337
0.0014048
0.00141764
0.00143162
0.00144656
0.00146238
0.00147906
0.00149663
0.00151515
0.00153475
0.00155556
0.00157771
0.00160135
0.00162659
0.00165349
0.00168208
0.00171232
0.00174358
0.00177543
0.00180769
0.00184021
0.00187303
0.00190687
0.00194253
0.00198089
0.00202555
0.0020838
0.00216622
0.00228958
0.00246888
0.00267485
0.00285946
0.00294263
0.00294654
0.00281767
0.00247861
0.00200582
0.00147616
0.000972794
0.00055779
0.000246829
3.20926e-05
6.59068e-05
0.000402757
0.0006356
0.000801827
0.000943947
0.00107702
0.00120735
0.00133692
0.00146473
0.00158769
0.00170144
0.00180122
0.00188261
0.00194209
0.00197341
0.001982
0.00197237
0.00194395
0.00190491
0.00185418
0.00179755
0.00173914
0.00168096
0.00162418
0.00156999
0.00151939
0.00147358
0.00143354
0.00140013
0.00137376
0.00135442
0.00134227
0.00133673
0.00133527
0.0013373
0.00134315
0.00135186
0.00136253
0.00137474
0.00138806
0.00140227
0.00141723
0.00143287
0.00144922
0.00146633
0.00148431
0.00150332
0.00152351
0.00154508
0.00156822
0.00159311
0.00161992
0.00164874
0.0016796
0.00171238
0.00174682
0.00178324
0.00181998
0.00185491
0.00188753
0.00191818
0.00194697
0.00197692
0.00201091
0.00205135
0.00210067
0.00217325
0.00228508
0.00246618
0.00268895
0.00288297
0.00296372
0.00294348
0.00274588
0.00232197
0.00177654
0.00120957
0.000711296
0.000319455
4.27082e-05
7.54249e-05
0.000449114
0.000699854
0.000877801
0.001029
0.00116913
0.00130448
0.00143675
0.00156456
0.00168439
0.00179167
0.00188168
0.00195033
0.00199086
0.00200464
0.00199973
0.00197305
0.00193256
0.00187804
0.00181582
0.00175044
0.00168482
0.00162078
0.00155973
0.00150304
0.00145199
0.00140781
0.00137137
0.00134306
0.00132277
0.00131078
0.00130562
0.00130448
0.0013072
0.00131364
0.00132275
0.00133366
0.0013458
0.00135884
0.00137256
0.00138684
0.00140166
0.00141707
0.00143317
0.00145008
0.00146797
0.00148702
0.00150744
0.00152947
0.00155332
0.00157926
0.00160749
0.00163822
0.00167155
0.00170746
0.00174575
0.00178593
0.0018278
0.00187134
0.00191316
0.00194939
0.00197962
0.00200457
0.00202613
0.00204987
0.00208435
0.0021305
0.0021956
0.00230237
0.00248331
0.00272006
0.00290799
0.00297398
0.00290691
0.00260324
0.00208072
0.00146918
0.000889068
0.000406539
5.58641e-05
8.50231e-05
0.000494729
0.000762078
0.000950866
0.00111028
0.00125646
0.00139566
0.00152928
0.00165557
0.00177075
0.00187016
0.00194932
0.00200246
0.00202475
0.00202614
0.00200477
0.00196484
0.00190894
0.00184239
0.0017709
0.00169815
0.00162678
0.00155869
0.00149552
0.0014388
0.00138988
0.00134973
0.00131876
0.00129674
0.00128391
0.00127842
0.00127718
0.00127973
0.00128605
0.00129489
0.00130539
0.00131692
0.00132914
0.00134186
0.00135501
0.0013686
0.00138269
0.00139741
0.00141289
0.0014293
0.00144683
0.00146567
0.00148605
0.00150821
0.0015324
0.00155893
0.00158808
0.00162015
0.00165537
0.0016939
0.00173573
0.00178061
0.00182793
0.00187661
0.00192657
0.00197578
0.00201839
0.00205029
0.00207298
0.00208737
0.00210095
0.00212452
0.00216715
0.00222689
0.00233302
0.0025193
0.002769
0.00292809
0.00296195
0.00281517
0.00236716
0.00173996
0.00108544
0.000504749
7.1032e-05
9.45107e-05
0.000538919
0.00082138
0.00102
0.00118667
0.00133793
0.00147988
0.00161366
0.00173721
0.00184658
0.00193708
0.0020043
0.00204001
0.00204925
0.00203639
0.00200015
0.00194601
0.00187725
0.00180089
0.00172161
0.00164296
0.00156752
0.00149735
0.00143426
0.00137976
0.00133497
0.00130034
0.00127563
0.00126084
0.00125428
0.00125251
0.00125418
0.00125979
0.0012679
0.00127754
0.00128811
0.00129922
0.00131068
0.00132246
0.00133459
0.00134717
0.00136032
0.0013742
0.00138896
0.00140479
0.00142187
0.00144037
0.00146053
0.00148258
0.00150679
0.00153347
0.00156296
0.00159563
0.00163186
0.00167198
0.00171622
0.0017646
0.00181681
0.00187208
0.00192897
0.00198607
0.00204329
0.00209276
0.00212695
0.00214595
0.00215444
0.00215867
0.0021699
0.00220522
0.00226529
0.00237382
0.00257357
0.00282379
0.00294069
0.00291282
0.00261257
0.00200823
0.00129377
0.000609286
8.74139e-05
0.000103705
0.000581067
0.000876976
0.00108431
0.00125728
0.00141264
0.00155636
0.00168931
0.0018092
0.00191202
0.00199336
0.00204626
0.00206659
0.00206478
0.00203635
0.00198745
0.00191947
0.00184028
0.00175556
0.00166995
0.00158694
0.0015092
0.0014389
0.00137783
0.00132729
0.00128787
0.00125932
0.00124129
0.00123284
0.00123016
0.00123044
0.00123482
0.00124187
0.00125043
0.00125984
0.00126969
0.00127979
0.00129012
0.00130073
0.00131171
0.00132323
0.00133544
0.0013485
0.00136258
0.00137785
0.00139446
0.00141259
0.00143245
0.00145425
0.00147825
0.00150476
0.00153415
0.00156684
0.00160329
0.00164399
0.00168939
0.00173981
0.00179534
0.00185564
0.0019198
0.00198606
0.00205168
0.00211658
0.00217289
0.00220709
0.0022215
0.00222458
0.00222071
0.00221905
0.00224704
0.00230779
0.00242493
0.00264644
0.00286177
0.00293212
0.0027851
0.00225873
0.00150742
0.000715011
0.00010451
0.000112429
0.000620628
0.000928233
0.00114311
0.00132137
0.00147994
0.00162459
0.00175592
0.00187146
0.00196716
0.00203857
0.00207676
0.00208634
0.00207143
0.00203034
0.00196704
0.00188803
0.00179982
0.00170816
0.00161767
0.00153188
0.00145354
0.00138481
0.00132729
0.0012818
0.00124827
0.00122575
0.00121415
0.00120966
0.00120887
0.00121141
0.00121709
0.00122444
0.00123262
0.00124119
0.00124995
0.00125883
0.00126792
0.00127733
0.00128721
0.00129772
0.00130905
0.00132135
0.0013348
0.00134952
0.00136569
0.00138345
0.00140298
0.00142448
0.00144818
0.00147438
0.00150343
0.00153577
0.00157191
0.00161244
0.00165797
0.00170909
0.00176624
0.00182958
0.00189873
0.00197253
0.00204875
0.00212387
0.00219669
0.00225802
0.00228899
0.00229908
0.00229622
0.0022781
0.00226795
0.00228973
0.00235478
0.00248951
0.00273531
0.00287311
0.00286038
0.00247838
0.00172244
0.000821004
0.000121711
0.000120519
0.000657176
0.000974657
0.00119585
0.00137843
0.00153939
0.00168426
0.0018134
0.00192422
0.00201283
0.00207311
0.00209822
0.00209845
0.00207008
0.00201692
0.00194197
0.0018533
0.00175743
0.00166019
0.00156624
0.00147917
0.00140173
0.00133592
0.00128292
0.00124291
0.00121507
0.00119873
0.00119148
0.00118935
0.00118992
0.00119391
0.00119991
0.00120687
0.00121421
0.00122169
0.00122922
0.00123685
0.00124471
0.00125297
0.0012618
0.00127137
0.00128186
0.00129343
0.00130625
0.00132045
0.00133617
0.00135355
0.00137275
0.00139395
0.00141734
0.0014432
0.00147186
0.00150374
0.00153934
0.0015793
0.00162432
0.00167517
0.00173261
0.00179721
0.00186918
0.00194809
0.00203245
0.00211938
0.00220433
0.00228535
0.00234656
0.00237328
0.00237883
0.00236405
0.00232885
0.00231125
0.00233328
0.00240857
0.00257823
0.00279891
0.00287318
0.00265549
0.00193703
0.000932586
0.000139769
0.00012785
0.000690384
0.00101589
0.00124217
0.00142813
0.00159074
0.00173526
0.00186183
0.00196776
0.00204916
0.00209788
0.00211355
0.00210347
0.00206406
0.00199846
0.0019136
0.00181663
0.00171442
0.00161291
0.00151684
0.00142982
0.00135449
0.00129252
0.00124454
0.00121002
0.00118748
0.00117614
0.0011717
0.0011708
0.00117265
0.00117714
0.00118286
0.00118906
0.00119536
0.00120165
0.00120795
0.00121436
0.00122105
0.00122819
0.00123599
0.00124462
0.00125425
0.00126506
0.00127721
0.00129083
0.00130606
0.00132304
0.00134191
0.00136281
0.00138594
0.00141153
0.00143987
0.00147134
0.00150641
0.00154571
0.00158996
0.00164004
0.0016969
0.00176145
0.00183445
0.00191614
0.00200593
0.00210187
0.00220017
0.00229475
0.00238311
0.00243936
0.00245892
0.00245693
0.0024231
0.00237011
0.00234663
0.00237798
0.00247256
0.00268491
0.00281603
0.00275091
0.0021463
0.0010612
0.000160905
0.000134327
0.000720032
0.00105172
0.00128189
0.00147033
0.00163393
0.00177767
0.00190143
0.0020024
0.00207661
0.00211477
0.00212266
0.00210207
0.00205217
0.00197666
0.00188318
0.00177922
0.00167192
0.00156736
0.00147034
0.00138445
0.00131209
0.00125446
0.00121151
0.001182
0.00116451
0.00115653
0.00115387
0.00115373
0.00115636
0.00116077
0.00116588
0.00117115
0.00117635
0.00118145
0.00118654
0.00119176
0.00119728
0.00120331
0.00121003
0.00121767
0.00122637
0.00123633
0.00124771
0.00126065
0.00127532
0.00129183
0.00131033
0.00133095
0.00135387
0.00137928
0.00140743
0.00143864
0.00147336
0.00151213
0.00155566
0.00160485
0.00166074
0.00172448
0.0017972
0.00187981
0.00197257
0.0020746
0.00218329
0.00229365
0.00239788
0.00248954
0.00253456
0.00254606
0.0025272
0.00246747
0.00239972
0.00237621
0.00242432
0.00256581
0.00274947
0.00278392
0.00234794
0.00121857
0.000187809
0.000139887
0.000745998
0.00108207
0.00131494
0.00150504
0.00166906
0.00181168
0.00193259
0.00202897
0.00209581
0.00212507
0.00212624
0.00209677
0.00203673
0.00195265
0.00185183
0.00174209
0.00163083
0.00152429
0.00142732
0.00134338
0.00127451
0.00122135
0.00118319
0.00115817
0.00114474
0.00113901
0.00113739
0.00113786
0.00114073
0.00114474
0.00114907
0.00115334
0.00115743
0.00116136
0.00116526
0.00116928
0.00117361
0.00117847
0.00118405
0.00119057
0.00119823
0.0012072
0.00121768
0.00122983
0.0012438
0.00125975
0.00127783
0.00129815
0.00132089
0.0013462
0.00137431
0.00140547
0.00144007
0.00147857
0.00152163
0.00157009
0.001625
0.00168763
0.00175937
0.00184159
0.00193532
0.00204072
0.00215639
0.00227859
0.00240056
0.00251409
0.00259729
0.00262896
0.00262952
0.00258215
0.0024902
0.00242066
0.00241015
0.00248742
0.00268162
0.00277627
0.00252172
0.00140204
0.000220612
0.000144495
0.00076826
0.00110698
0.00134145
0.00153241
0.00169636
0.00183766
0.00195578
0.00204786
0.00210745
0.00212992
0.0021246
0.0020867
0.00201873
0.00192741
0.00182046
0.00170607
0.00159187
0.00148427
0.00138811
0.00130663
0.00124147
0.00119267
0.00115885
0.0011377
0.00112725
0.00112305
0.00112202
0.00112291
0.00112565
0.00112907
0.00113255
0.00113581
0.0011388
0.00114157
0.00114427
0.00114706
0.00115015
0.00115375
0.00115808
0.00116336
0.00116983
0.00117767
0.00118709
0.00119829
0.00121144
0.00122672
0.00124428
0.00126426
0.00128682
0.0013121
0.00134028
0.00137159
0.00140632
0.00144487
0.00148779
0.00153584
0.00159002
0.0016516
0.0017221
0.00180323
0.00189661
0.00200334
0.00212327
0.0022541
0.00239025
0.00252203
0.0026412
0.00270599
0.00272339
0.00269781
0.00261169
0.00248816
0.00243042
0.00245372
0.00258519
0.00271379
0.00263148
0.00159601
0.000256069
0.00014814
0.000786887
0.00112662
0.0013616
0.00155272
0.00171616
0.00185597
0.00197139
0.00205937
0.00211255
0.00212985
0.00211922
0.00207378
0.0019991
0.00190177
0.00178984
0.00167182
0.00155557
0.00144763
0.00135281
0.00127408
0.0012126
0.0011678
0.00113772
0.00111993
0.00111151
0.0011083
0.00110764
0.00110869
0.0011111
0.00111384
0.00111644
0.00111869
0.00112059
0.0011222
0.00112367
0.00112518
0.00112696
0.00112921
0.00113218
0.0011361
0.00114122
0.00114778
0.00115599
0.00116609
0.00117828
0.00119275
0.0012097
0.00122927
0.00125161
0.00127688
0.00130523
0.00133683
0.00137192
0.00141081
0.00145395
0.00150199
0.00155582
0.00161664
0.00168601
0.00176579
0.00185803
0.00196461
0.00208657
0.00222318
0.0023707
0.00252121
0.00266197
0.00276858
0.00281032
0.00280839
0.00273872
0.00260356
0.00247755
0.00244609
0.00252259
0.00266891
0.00267794
0.00179988
0.000294289
0.000150832
0.000801983
0.00114121
0.0013757
0.00156631
0.00172882
0.00186699
0.00197975
0.0020639
0.00211218
0.00212654
0.00210968
0.00205865
0.00197858
0.00187643
0.00176059
0.00163985
0.0015223
0.00141457
0.0013214
0.00124548
0.00118746
0.00114622
0.00111932
0.00110414
0.00109714
0.00109458
0.00109411
0.00109513
0.00109708
0.00109911
0.00110082
0.00110207
0.00110287
0.0011033
0.00110352
0.00110372
0.00110411
0.00110495
0.00110645
0.00110889
0.00111255
0.00111769
0.00112456
0.00113341
0.0011445
0.00115804
0.00117424
0.0011933
0.00121538
0.00124062
0.00126917
0.00130117
0.00133679
0.00137628
0.00141997
0.00146839
0.0015223
0.00158279
0.00165133
0.00172984
0.00182061
0.00192609
0.00204832
0.002188
0.00234312
0.00250736
0.00266858
0.00281346
0.00289164
0.00291012
0.00286602
0.00273812
0.00255702
0.00246828
0.00248582
0.00262823
0.0026877
0.00200302
0.00033393
0.000152605
0.000813703
0.00115102
0.00138405
0.00157344
0.00173449
0.00187077
0.00198118
0.00206289
0.00210823
0.002119
0.00209745
0.00204201
0.00195779
0.00185197
0.0017332
0.00161053
0.00149227
0.00138513
0.00129376
0.00122052
0.00116562
0.00112743
0.00110315
0.00108991
0.0010839
0.00108173
0.00108135
0.00108218
0.00108361
0.00108494
0.00108572
0.00108595
0.00108569
0.00108495
0.00108389
0.00108273
0.00108168
0.00108112
0.00108106
0.00108196
0.00108406
0.00108767
0.00109308
0.00110057
0.00111042
0.0011229
0.00113825
0.00115668
0.00117839
0.00120355
0.00123229
0.00126474
0.00130102
0.0013413
0.00138582
0.00143498
0.00148939
0.00154999
0.00161813
0.00169566
0.00178499
0.00188891
0.00201027
0.00215111
0.00231132
0.00248679
0.00266764
0.00283704
0.00295938
0.00300409
0.00298755
0.00287564
0.00268024
0.0025117
0.00247532
0.00256745
0.00266377
0.00218669
0.000371537
0.000153508
0.000822205
0.00115623
0.00138664
0.00157412
0.00173385
0.00186907
0.00197821
0.00205786
0.00209961
0.00210784
0.00208302
0.00202442
0.00193724
0.00182882
0.00170803
0.00158414
0.00146563
0.0013593
0.00126969
0.00119889
0.00114668
0.00111102
0.0010888
0.00107696
0.0010716
0.00106965
0.00106928
0.00106982
0.00107072
0.00107119
0.00107118
0.00107047
0.00106912
0.0010672
0.00106488
0.00106236
0.00105988
0.00105772
0.00105618
0.00105559
0.00105606
0.00105808
0.00106195
0.00106798
0.00107649
0.00108779
0.00110215
0.00111983
0.00114107
0.00116605
0.00119493
0.00122782
0.00126481
0.00130602
0.00135158
0.00140178
0.00145707
0.00151822
0.00158641
0.00166337
0.00175148
0.00185373
0.00197353
0.00211399
0.00227668
0.00245965
0.00265501
0.00284699
0.003012
0.00309186
0.00310156
0.00301552
0.00281995
0.00258437
0.00248623
0.00253029
0.00263136
0.00233687
0.000403646
0.000153487
0.000827412
0.00115707
0.00138515
0.0015711
0.00172938
0.00186303
0.00197022
0.00204746
0.00208712
0.00209384
0.00206689
0.00200632
0.00191732
0.00180732
0.00168535
0.00156082
0.00144241
0.00133698
0.001249
0.00118028
0.00113028
0.00109663
0.00107598
0.00106509
0.00106013
0.00105826
0.00105781
0.001058
0.00105823
0.00105808
0.00105722
0.00105558
0.00105319
0.00105012
0.00104657
0.00104272
0.00103883
0.00103519
0.00103207
0.00102987
0.00102894
0.00102932
0.00103161
0.00103612
0.00104322
0.00105323
0.00106649
0.0010833
0.00110393
0.00112862
0.00115753
0.0011908
0.00122851
0.00127071
0.00131746
0.00136892
0.0014254
0.00148749
0.00155618
0.00163302
0.00172028
0.00182099
0.00193891
0.00207802
0.00224143
0.00242938
0.00263658
0.00284936
0.00304596
0.00317086
0.00320642
0.00315139
0.00296726
0.0026935
0.0025191
0.00250858
0.00260747
0.00244263
0.000426812
0.000152983
0.000830291
0.00115538
0.0013802
0.00156339
0.00171945
0.00185114
0.00195683
0.00203277
0.00207147
0.00207745
0.00204948
0.00198807
0.00189833
0.00178772
0.00166531
0.00154068
0.00142262
0.00131808
0.00123147
0.00116443
0.00111614
0.00108397
0.00106444
0.00105414
0.00104937
0.00104746
0.00104683
0.00104663
0.00104634
0.0010455
0.00104386
0.00104133
0.00103794
0.0010338
0.00102907
0.00102396
0.00101873
0.00101368
0.0010091
0.00100533
0.00100281
0.00100184
0.00100253
0.00100551
0.00101114
0.0010198
0.00103186
0.00104767
0.00106756
0.00109181
0.00112064
0.00115419
0.00119255
0.00123573
0.00128375
0.00133663
0.00139455
0.00145791
0.0015275
0.00160466
0.00169147
0.00179092
0.00190693
0.00204409
0.00220676
0.00239729
0.00261306
0.0028432
0.00306612
0.00323724
0.0033042
0.00328138
0.0031164
0.002829
0.00256513
0.00250075
0.00257802
0.00250585
0.00044062
0.00015168
0.000830328
0.00115056
0.00137074
0.00155087
0.00170476
0.00183487
0.00193935
0.00201447
0.00205308
0.00205906
0.00203111
0.00196992
0.00188048
0.00177016
0.00164803
0.00152373
0.00140619
0.00130246
0.00121692
0.00115111
0.00110401
0.00107285
0.00105401
0.001044
0.00103926
0.0010372
0.00103631
0.00103575
0.00103493
0.00103346
0.00103109
0.00102774
0.00102344
0.0010183
0.00101249
0.00100622
0.000999768
0.000993412
0.000987475
0.000982297
0.000978231
0.000975839
0.000975186
0.000976633
0.000980797
0.000988069
0.000998858
0.00101357
0.00103258
0.00105624
0.00108482
0.00111851
0.00115741
0.00120154
0.00125083
0.00130523
0.00136476
0.00142965
0.00150048
0.00157835
0.00166515
0.00176369
0.00187792
0.00201282
0.00217377
0.00236492
0.00258629
0.00282974
0.00307532
0.00328968
0.0033957
0.00340379
0.0032666
0.00297747
0.00263999
0.00250203
0.0025502
0.00253581
0.000446881
0.000149802
0.000828964
0.00114233
0.00135796
0.00153476
0.00168626
0.00181477
0.00191828
0.00199304
0.0020323
0.00203899
0.00201203
0.00195206
0.00186389
0.00175471
0.00163353
0.00150997
0.00139308
0.00129001
0.0012052
0.00114014
0.00109373
0.0010631
0.00104459
0.00103458
0.0010297
0.00102741
0.00102624
0.0010253
0.001024
0.00102195
0.00101892
0.00101483
0.00100972
0.0010037
0.000996931
0.000989641
0.000982095
0.000974587
0.000967439
0.000960993
0.000955608
0.000951709
0.000949896
0.000949927
0.000952665
0.000958551
0.00096803
0.000981557
0.000999575
0.00102249
0.00105066
0.00108433
0.00112363
0.00116858
0.0012191
0.00127505
0.00133631
0.00140293
0.00147528
0.00155422
0.00164139
0.00173939
0.00185209
0.00198467
0.00214325
0.0023336
0.00255832
0.00281243
0.00307842
0.00332578
0.00348049
0.0035174
0.00341318
0.00313045
0.00274442
0.00252448
0.00252755
0.00254738
0.000449133
0.000147465
0.000825579
0.00113179
0.00134239
0.00151556
0.0016645
0.00179138
0.00189411
0.00196889
0.00200944
0.00201751
0.00199242
0.00193461
0.00184861
0.0017414
0.00162177
0.00149932
0.00138321
0.00128065
0.00119621
0.00113141
0.00108519
0.00105463
0.00103606
0.00102582
0.00102064
0.00101806
0.00101659
0.00101528
0.00101353
0.00101096
0.00100735
0.00100263
0.000996831
0.000990054
0.000982473
0.000974315
0.000965843
0.000957354
0.00094917
0.000941633
0.000935104
0.000929962
0.000926801
0.000925762
0.000927137
0.000931676
0.000939845
0.000952142
0.000969072
0.000991118
0.00101871
0.00105217
0.0010917
0.00113735
0.00118901
0.00124648
0.00130952
0.00137801
0.00145209
0.0015324
0.00162028
0.00171811
0.00182958
0.00195991
0.00211573
0.00230411
0.00253008
0.0027921
0.00307636
0.00335208
0.00355463
0.00362468
0.00355578
0.0032845
0.00287347
0.0025551
0.00250669
0.00254962
0.000449509
0.00014456
0.000819998
0.0011192
0.00132448
0.00149377
0.00163999
0.00176521
0.00186728
0.00194241
0.00198477
0.00199486
0.00197241
0.00191761
0.00183464
0.00173017
0.0016127
0.00149171
0.00137648
0.0012743
0.00118986
0.00112486
0.00107831
0.00104738
0.0010284
0.00101769
0.00101208
0.00100913
0.00100731
0.00100564
0.00100349
0.00100047
0.000996387
0.000991148
0.000984782
0.000977397
0.000969165
0.00096031
0.000951095
0.000941814
0.000932787
0.000924353
0.000916867
0.000910703
0.000906313
0.000904298
0.000904473
0.000907754
0.000914652
0.00092571
0.000941493
0.000962561
0.000989429
0.00102252
0.0010621
0.00110828
0.00116096
0.00121988
0.00128471
0.00135514
0.00143113
0.00151303
0.00160193
0.00169993
0.00181048
0.00193872
0.00209159
0.00227716
0.00250254
0.00276945
0.00306778
0.00336955
0.00361818
0.00372534
0.00369328
0.0034421
0.0030135
0.00260727
0.00249187
0.00253138
0.000445064
0.00014142
0.000812802
0.00110491
0.00130465
0.00146985
0.0016132
0.0017367
0.00183821
0.00191393
0.00195852
0.0019712
0.00195209
0.00190106
0.00182191
0.00172092
0.00160619
0.00148708
0.00137294
0.00127101
0.00118607
0.00112041
0.00107309
0.00104135
0.00102159
0.00101019
0.001004
0.0010006
0.000998397
0.000996366
0.000993861
0.000990482
0.000986013
0.00098037
0.000973577
0.000965737
0.000957021
0.000947649
0.000937879
0.000928004
0.000918335
0.000909206
0.000900964
0.000893978
0.000888634
0.000885575
0.00088483
0.000886959
0.000892662
0.000902514
0.000917133
0.000937156
0.000963189
0.000995756
0.00103523
0.00108177
0.00113533
0.00119561
0.00126218
0.00133461
0.00141261
0.00149629
0.00158646
0.00168492
0.00179484
0.00192121
0.00207108
0.00225328
0.00247673
0.00274626
0.00305566
0.00338
0.00367011
0.00382047
0.00382413
0.00359897
0.0031619
0.00267612
0.00248495
0.00250486
0.000439008
0.000138488
0.000803455
0.00108913
0.0012833
0.00144423
0.00158458
0.00170631
0.0018073
0.00188378
0.00193088
0.00194666
0.00193148
0.00188491
0.00181032
0.00171351
0.00160225
0.00148586
0.00137314
0.00127133
0.0011858
0.00111859
0.00106967
0.00103661
0.00101571
0.00100336
0.000996412
0.000992455
0.000989826
0.000987446
0.000984629
0.000980959
0.000976206
0.00097028
0.000963197
0.000955057
0.000946023
0.000936311
0.000926175
0.000915899
0.000905788
0.000896165
0.000887368
0.000879752
0.000873691
0.000869713
0.000868187
0.000869318
0.000873941
0.000882659
0.000896141
0.000915096
0.000940226
0.000972159
0.00101138
0.00105814
0.00111243
0.00117396
0.00124222
0.00131664
0.00139672
0.00148233
0.00157396
0.00167312
0.00178269
0.00190741
0.00205435
0.0022328
0.00245321
0.00272335
0.00304106
0.00338494
0.00370917
0.00391163
0.00394808
0.00375496
0.00331428
0.00276591
0.00248301
0.00246884
0.000431267
0.000135276
0.000792083
0.00107206
0.00126074
0.00141733
0.00155455
0.00167441
0.00177488
0.00185223
0.00190202
0.00192135
0.00191058
0.00186907
0.0017997
0.00170777
0.00160059
0.00148684
0.00137513
0.00127345
0.00118721
0.00111902
0.00106837
0.00103334
0.00101087
0.000997266
0.000989369
0.000984726
0.000981608
0.000978867
0.000975773
0.000971878
0.000966935
0.000960841
0.000953601
0.000945308
0.000936118
0.000926237
0.000915913
0.00090542
0.000895055
0.000885129
0.000875969
0.000867917
0.000861334
0.000856641
0.000854433
0.000854739
0.000858419
0.000866109
0.000878524
0.00089644
0.000920647
0.000951884
0.000990749
0.0010376
0.0010925
0.00115517
0.00122506
0.00130144
0.00138365
0.00147127
0.00156452
0.00166459
0.00177404
0.00189731
0.00204144
0.0022159
0.0024324
0.00270143
0.00302502
0.00338622
0.00374127
0.00399394
0.00406673
0.00390869
0.00346625
0.0028759
0.0024907
0.00242994
0.000423421
0.00013179
0.000779113
0.00105393
0.00123728
0.00138947
0.00152347
0.00164139
0.00174129
0.00181956
0.00187206
0.00189534
0.00188938
0.00185342
0.00178988
0.00170347
0.00160097
0.00148987
0.00137987
0.00127839
0.00119102
0.00112113
0.00106885
0.00103174
0.00100724
0.00099204
0.000982953
0.000977465
0.000973767
0.000970636
0.000967282
0.000963216
0.000958164
0.000952005
0.000944731
0.000936421
0.000927221
0.000917329
0.000906981
0.000896441
0.000885994
0.00087594
0.000866592
0.000858279
0.000851349
0.000846179
0.000843357
0.000843028
0.000845917
0.000852711
0.000864166
0.000881116
0.000904436
0.000934972
0.000973438
0.00102031
0.00107573
0.00113944
0.00121087
0.00128918
0.00137352
0.00146323
0.00155841
0.00165982
0.00176947
0.00189137
0.00203234
0.00220265
0.00241457
0.00268092
0.00300795
0.00338373
0.00376663
0.00406807
0.00417991
0.00406021
0.00362385
0.00299348
0.00250954
0.00238925
0.00041558
0.000128041
0.00076471
0.00103493
0.00121313
0.00136097
0.00149169
0.00160756
0.00170683
0.00178601
0.00184115
0.0018687
0.00186782
0.00183783
0.0017806
0.0017002
0.00160261
0.00149567
0.00138776
0.00128663
0.00119819
0.00112598
0.00107103
0.00103193
0.00100499
0.000987848
0.000977292
0.00097076
0.000966359
0.000962778
0.000959155
0.00095495
0.000949853
0.000943716
0.000936513
0.000928306
0.000919228
0.000909464
0.000899236
0.000888798
0.000878421
0.000868392
0.000859013
0.000850596
0.000843478
0.000838022
0.000834724
0.00083391
0.000836168
0.000842218
0.000852852
0.000868955
0.000891477
0.000921362
0.000959443
0.00100631
0.00106219
0.00112688
0.0011998
0.00127995
0.00136645
0.00145853
0.00155565
0.00165809
0.00176794
0.00188908
0.00202739
0.00219305
0.00239989
0.00266222
0.00299032
0.00337748
0.00378601
0.00413398
0.00428786
0.00420813
0.00378354
0.00312126
0.00253956
0.0023489
0.000408324
0.000124046
0.000748984
0.00101522
0.00118853
0.00133208
0.00145947
0.00157321
0.00167176
0.0017518
0.00180947
0.00184138
0.00184577
0.00182218
0.00177169
0.00169783
0.00160599
0.0015035
0.0013982
0.00129777
0.00120833
0.00113391
0.0010759
0.00103365
0.00100462
0.000984963
0.000972577
0.000964749
0.000959475
0.000955344
0.000951411
0.000947071
0.000941967
0.000935917
0.000928869
0.000920864
0.000912018
0.000902499
0.000892515
0.000882305
0.000872128
0.000862256
0.000852978
0.000844596
0.000837431
0.000831839
0.000828245
0.000827074
0.000828864
0.000834328
0.000844306
0.000859719
0.000881579
0.000910921
0.000948686
0.000995579
0.00105192
0.00111754
0.00119193
0.00127411
0.00136285
0.00145679
0.00155523
0.00165875
0.00176894
0.0018892
0.0020257
0.00218726
0.0023884
0.00264564
0.0029728
0.00336869
0.0038004
0.00419128
0.00439081
0.00435259
0.00394569
0.00325532
0.00258068
0.0023097
0.000401839
0.000119872
0.000732101
0.000994941
0.00116366
0.00130303
0.00142709
0.00153862
0.00163633
0.00171711
0.00177725
0.00181335
0.00182316
0.0018062
0.00176295
0.00169609
0.00161065
0.00151316
0.00141103
0.00131172
0.00122152
0.00114486
0.00108374
0.00103786
0.00100568
0.000983727
0.000969082
0.000959631
0.000953257
0.000948428
0.0009441
0.000939591
0.000934486
0.000928559
0.000921723
0.000913995
0.000905466
0.000896285
0.000886645
0.000876768
0.000866898
0.000857294
0.000848231
0.000839998
0.000832909
0.000827309
0.000823595
0.00082222
0.000823691
0.000828721
0.000838233
0.000853144
0.00087452
0.000903474
0.000941048
0.000988059
0.00104496
0.0011117
0.00118764
0.00127162
0.0013619
0.00145759
0.00155796
0.00166286
0.00177349
0.00189292
0.00202692
0.00218497
0.00237997
0.00263126
0.00295568
0.00335765
0.00381007
0.00423931
0.0044897
0.00449283
0.0041096
0.00339477
0.00263327
0.00227336
0.00039654
0.000115609
0.000714287
0.000974233
0.00113869
0.00127401
0.00139476
0.001504
0.00160074
0.00168212
0.00174457
0.00178471
0.0018
0.00178965
0.00175414
0.00169468
0.00161616
0.00152431
0.001426
0.00132838
0.0012378
0.00115903
0.00109468
0.00104512
0.00100893
0.000984252
0.000967151
0.000955697
0.000947917
0.000942175
0.000937314
0.000932557
0.000927416
0.000921611
0.000915013
0.000907605
0.000899452
0.000890682
0.000881465
0.000872004
0.000862528
0.000853281
0.000844525
0.00083654
0.00082963
0.000824136
0.000820448
0.000819028
0.000820339
0.000825107
0.000834407
0.000849091
0.000870264
0.000899097
0.000936716
0.000984028
0.00104155
0.00110925
0.00118622
0.0012715
0.00136382
0.00146165
0.00156385
0.00167005
0.00178114
0.00189982
0.00203144
0.00218506
0.00237452
0.00261911
0.00293914
0.00334461
0.0038143
0.00427914
0.00458557
0.0046284
0.00427449
0.00353781
0.00269856
0.00224081
0.000392815
0.000111297
0.000695677
0.000953213
0.00111375
0.00124518
0.00136265
0.00146955
0.00156519
0.00164698
0.00171155
0.00175554
0.00177626
0.00177237
0.00174497
0.00169327
0.00162214
0.00153658
0.00144281
0.00134757
0.00125714
0.00117658
0.00110905
0.0010556
0.00101545
0.00098674
0.000967264
0.000953344
0.000943779
0.000936825
0.000931215
0.000926066
0.000920804
0.000915078
0.000908708
0.000901636
0.000893893
0.000885576
0.000876834
0.000867849
0.00085883
0.000850009
0.000841635
0.00083398
0.000827343
0.000822063
0.000818537
0.000817256
0.000818602
0.000823334
0.000832637
0.000847313
0.000868498
0.000897377
0.000935112
0.000982679
0.00104066
0.0011091
0.0011875
0.00127464
0.00136895
0.00146875
0.00157268
0.0016801
0.00179161
0.00190957
0.00203894
0.00218846
0.00237207
0.00260909
0.00292333
0.00333015
0.00381527
0.00431285
0.00467401
0.00476027
0.00444066
0.00368652
0.00277293
0.00221185
0.000391071
0.000106968
0.00067639
0.000931975
0.00108895
0.00121667
0.00133093
0.00143544
0.00152983
0.00161184
0.00167828
0.00172589
0.00175188
0.00175443
0.00173488
0.00169159
0.00162825
0.00154957
0.00146109
0.001369
0.00127944
0.0011976
0.00112712
0.00106973
0.0010253
0.000992374
0.000969175
0.000953185
0.000941304
0.000932746
0.000926086
0.000920326
0.000914789
0.000909044
0.000902844
0.00089608
0.00088874
0.000880889
0.000872646
0.000864171
0.000855654
0.000847311
0.000839381
0.000832127
0.000825847
0.000820883
0.000817653
0.000816626
0.000818093
0.000822909
0.00083232
0.000847096
0.000868405
0.000897503
0.000935618
0.000983779
0.00104263
0.00111227
0.00119211
0.00128093
0.00137706
0.00147868
0.00158421
0.00169276
0.00180463
0.00192184
0.00204896
0.0021943
0.00237156
0.00260088
0.00290811
0.00331405
0.00381197
0.00434033
0.00475555
0.00488795
0.0046073
0.00384175
0.00285732
0.00218826
0.000390633
0.000102649
0.000656526
0.000910586
0.00106437
0.00118859
0.0012997
0.0014018
0.00149482
0.00157682
0.00164487
0.00169581
0.00172682
0.00173586
0.00172362
0.00168926
0.00163407
0.00156284
0.00148039
0.00139233
0.00130448
0.00122207
0.0011491
0.00108791
0.00103907
0.00100173
0.000974166
0.000954815
0.000941078
0.000930441
0.000922334
0.000915652
0.00090961
0.000903677
0.00089753
0.000890994
0.00088401
0.000876601
0.000868852
0.000860898
0.000852907
0.000845079
0.000837641
0.00083085
0.000825001
0.000820443
0.000817589
0.000816939
0.000818661
0.000823797
0.000833581
0.00084877
0.000870553
0.000900205
0.00093898
0.000987942
0.00104777
0.00111859
0.00119981
0.00129019
0.00138798
0.00149123
0.00159819
0.00170774
0.00181986
0.00193626
0.00206113
0.00220232
0.00237318
0.00259434
0.00289339
0.00329625
0.003804
0.00436146
0.00482969
0.00501137
0.00477411
0.00400256
0.00295107
0.00216985
0.000392702
9.83596e-05
0.000636173
0.00088909
0.00104007
0.00116101
0.00126908
0.00136875
0.00146027
0.00154205
0.00161142
0.00166537
0.00170112
0.00171648
0.00171113
0.0016859
0.00163919
0.00157593
0.00150024
0.00141711
0.00133194
0.00124984
0.00117506
0.00111045
0.00105725
0.00101527
0.000983299
0.000959555
0.000942749
0.00093044
0.000920526
0.000912504
0.000905633
0.000899264
0.000892981
0.000886537
0.000879812
0.000872779
0.000865488
0.000858038
0.000850576
0.000843283
0.000836373
0.000830097
0.000824751
0.000820687
0.00081834
0.000818206
0.000820343
0.000826058
0.000836464
0.000852336
0.00087487
0.000905348
0.000945028
0.000994981
0.0010559
0.00112791
0.00121045
0.00130225
0.00140152
0.0015062
0.00161437
0.00172472
0.00183696
0.00195246
0.00207502
0.00221208
0.00237656
0.00258916
0.00287904
0.00327686
0.00379176
0.00437591
0.00489588
0.00513029
0.00494067
0.00416946
0.00305524
0.00215998
0.000397664
9.41177e-05
0.000615418
0.000867511
0.00101609
0.00113399
0.00123912
0.00133637
0.00142629
0.00150764
0.00157803
0.00163465
0.00167476
0.00169616
0.00169753
0.00168086
0.00164335
0.00158841
0.00152012
0.00144281
0.00136135
0.00128062
0.00120494
0.00113754
0.00108027
0.00103362
0.00099693
0.000968857
0.000947731
0.000932471
0.000920949
0.000911508
0.000903401
0.000896256
0.000889571
0.000883009
0.000876384
0.000869614
0.0008627
0.000855706
0.00084875
0.000841992
0.00083563
0.000829913
0.000825126
0.000821661
0.000819968
0.000820396
0.000823193
0.000829751
0.000841013
0.000857821
0.000881371
0.000912929
0.000953736
0.00100485
0.00106695
0.00114016
0.00122392
0.00131696
0.00141747
0.0015233
0.00163243
0.00174334
0.0018555
0.00196997
0.00209017
0.00222307
0.00238113
0.00258491
0.0028648
0.00325576
0.00377511
0.0043828
0.00495343
0.00524437
0.00510634
0.00434221
0.00316926
0.00215601
0.000405263
8.9939e-05
0.00059435
0.000845862
0.000992425
0.00110755
0.00120988
0.00130472
0.00139296
0.00147368
0.00154479
0.0016037
0.00164778
0.00167478
0.00168307
0.00167383
0.00164596
0.0015997
0.00153944
0.00146881
0.00139213
0.00131393
0.00123845
0.00116916
0.0011084
0.00105729
0.00101579
0.000983033
0.000957695
0.000938264
0.00092383
0.000912643
0.00090346
0.000895298
0.000887862
0.000880876
0.000874128
0.00086745
0.000860784
0.000854154
0.000847645
0.000841397
0.000835581
0.000830417
0.000826267
0.000823513
0.000822618
0.000823672
0.000827365
0.000835033
0.000847374
0.000865362
0.00089017
0.000923035
0.000965156
0.00101755
0.00108087
0.00115523
0.00124006
0.00133412
0.00143558
0.00154225
0.00165202
0.0017632
0.00187505
0.00198833
0.00210607
0.00223479
0.0023864
0.00258117
0.00285035
0.00323283
0.00375431
0.00438467
0.00500198
0.00535333
0.00527045
0.0045215
0.00329411
0.00215596
0.000416355
8.58379e-05
0.000573062
0.000824144
0.000969077
0.00108169
0.00118137
0.00127385
0.00136035
0.00144025
0.00151179
0.00157261
0.00162023
0.00165242
0.00166744
0.00166494
0.00164637
0.00160945
0.00155771
0.00149451
0.00142362
0.00134915
0.00127511
0.00120507
0.0011417
0.00108665
0.00104049
0.00100291
0.000972984
0.000949477
0.000931072
0.000916891
0.000905687
0.000896381
0.000888224
0.000880751
0.000873643
0.000866819
0.000860209
0.000853795
0.000847621
0.000841755
0.000836417
0.000831886
0.000828471
0.000826542
0.000826542
0.000828349
0.000833199
0.000842146
0.000855795
0.000875187
0.000901465
0.000935818
0.000979386
0.00103313
0.00109764
0.00117303
0.00125872
0.0013535
0.00145555
0.0015627
0.00167274
0.00178387
0.00189514
0.00200703
0.00212221
0.00224669
0.00239185
0.00257747
0.00283535
0.00320774
0.00372858
0.0043789
0.00504137
0.00545677
0.00543196
0.00470675
0.00343028
0.00217019
0.000431687
8.18276e-05
0.000551655
0.000802355
0.000946022
0.00105641
0.00115359
0.00124378
0.00132849
0.00140742
0.00147911
0.00154146
0.00159218
0.00162907
0.00165037
0.00165499
0.00164482
0.00161759
0.00157446
0.00151925
0.00145508
0.00138551
0.00131424
0.00124476
0.00117993
0.0011218
0.00107147
0.00102919
0.000994505
0.000966538
0.000944187
0.000926327
0.000912012
0.000900555
0.000890942
0.000882526
0.000874912
0.000867826
0.000861136
0.000854798
0.000848848
0.00084341
0.000838648
0.000834818
0.00083221
0.000831248
0.000832007
0.000834908
0.000841169
0.000851494
0.000866638
0.000887614
0.000915518
0.000951474
0.000996545
0.00105161
0.00111721
0.00119342
0.00127969
0.00137482
0.00147705
0.00158424
0.00169414
0.00180486
0.00191526
0.00202555
0.00213802
0.00225822
0.00239693
0.00257331
0.00281942
0.0031803
0.00369771
0.00436412
0.00507015
0.00555486
0.00558934
0.00489766
0.00357731
0.00219115
0.000451006
7.79203e-05
0.000530234
0.000780489
0.00092322
0.00103166
0.00112653
0.0012145
0.00129743
0.00137524
0.00144683
0.00151035
0.0015637
0.00160479
0.00163185
0.00164359
0.00164045
0.00162303
0.001589
0.00154235
0.0014857
0.00142214
0.00135498
0.00128748
0.00122255
0.00116249
0.00110883
0.00106232
0.00102301
0.000990425
0.000963763
0.000942088
0.000924474
0.000909998
0.000898018
0.000887929
0.000879236
0.000871497
0.000864483
0.00085809
0.000852316
0.000847266
0.000843061
0.000839906
0.000838156
0.000838184
0.000839757
0.000843956
0.000851735
0.000863575
0.000880348
0.000903022
0.00093263
0.000970214
0.00101674
0.00107301
0.0011395
0.00121623
0.00130269
0.00139774
0.00149969
0.00160643
0.00171575
0.00182566
0.00193486
0.00204331
0.00215294
0.00226881
0.00240112
0.00256817
0.00280217
0.00315035
0.00366186
0.00434107
0.00508645
0.0056448
0.0057421
0.00509368
0.00373631
0.00222525
0.000475546
7.41277e-05
0.000508908
0.000758542
0.000900627
0.00100739
0.00110015
0.00118601
0.00126716
0.00134375
0.00141501
0.00147936
0.0015349
0.00157967
0.00161192
0.00163028
0.00163401
0.00162475
0.00160095
0.00156316
0.0015147
0.00145813
0.00139632
0.00133224
0.0012687
0.00120811
0.00115229
0.0011024
0.00105895
0.0010219
0.000990808
0.000964992
0.000943668
0.000926035
0.000911396
0.000899108
0.000888666
0.000879704
0.000871933
0.000865172
0.000859345
0.000854455
0.000850622
0.000848075
0.000847229
0.000847973
0.000850627
0.000856293
0.000865536
0.000878969
0.000897428
0.000921822
0.000953107
0.000992231
0.00104006
0.00109729
0.00116433
0.0012412
0.00132739
0.00142186
0.001523
0.00162879
0.00173704
0.00184573
0.0019534
0.00205977
0.0021664
0.00227785
0.00240347
0.00256149
0.00278316
0.00311757
0.00362093
0.0043102
0.00509276
0.00572491
0.00588941
0.00529413
0.00390655
0.00226978
0.000505138
7.04604e-05
0.000487789
0.000736517
0.000878187
0.000983553
0.00107441
0.00115828
0.00123768
0.00131299
0.00138373
0.00144859
0.00150589
0.00155382
0.0015907
0.00161511
0.00162609
0.00162389
0.00160988
0.00158133
0.00154145
0.00149261
0.00143723
0.00137792
0.00131728
0.0012577
0.00120113
0.00114904
0.00110232
0.00106134
0.00102603
0.000996027
0.00097076
0.000949585
0.000931865
0.000917005
0.000904485
0.000893901
0.000884939
0.000877385
0.000871122
0.000866126
0.000862482
0.000860421
0.000860377
0.000861766
0.000865529
0.00087261
0.0008833
0.0008983
0.000918389
0.000944406
0.000977213
0.00101766
0.00106649
0.00112432
0.00119149
0.00126799
0.00135339
0.00144671
0.00154648
0.00165077
0.00175746
0.00186449
0.0019703
0.00207435
0.00217787
0.00228495
0.00240406
0.0025529
0.00276199
0.00308162
0.0035745
0.00427113
0.00509237
0.00579427
0.0060303
0.0054976
0.0040884
0.00232763
0.000540798
6.69284e-05
0.000466989
0.000714422
0.000855844
0.000960068
0.00104923
0.00113125
0.00120896
0.00128297
0.00135303
0.00141812
0.00147678
0.00152738
0.00156831
0.00159817
0.00161592
0.00162107
0.00161477
0.00159627
0.00156522
0.00152469
0.00147664
0.0014233
0.001367
0.00130998
0.00125423
0.00120137
0.00115259
0.00110859
0.00106966
0.00103577
0.00100661
0.000981749
0.000960676
0.000942879
0.000927879
0.000915271
0.000904731
0.000896021
0.000888997
0.000883606
0.00087991
0.000878182
0.000878578
0.000880657
0.000885468
0.00089373
0.000905744
0.000922161
0.000943691
0.000971088
0.00100512
0.00104651
0.00109592
0.00115385
0.00122061
0.00129619
0.00138019
0.00147177
0.00156957
0.00167181
0.00177644
0.00188138
0.00198498
0.00208647
0.00218674
0.00228901
0.00240209
0.00254184
0.00273821
0.00304214
0.00352197
0.00422149
0.0050758
0.00585039
0.00616336
0.00570315
0.00428136
0.00239848
0.00058267
6.35403e-05
0.000446615
0.000692276
0.000833546
0.000936862
0.00102455
0.00110488
0.00118098
0.00125368
0.00132296
0.00138805
0.00144771
0.00150049
0.00154491
0.0015796
0.00160345
0.00161575
0.00161613
0.00160697
0.0015856
0.00155367
0.00151359
0.00146719
0.00141647
0.00136348
0.00131012
0.00125806
0.00120866
0.00116287
0.00112129
0.00108419
0.00105154
0.00102316
0.00099871
0.000977808
0.000960063
0.000945112
0.000932647
0.000922432
0.000914306
0.000908198
0.000904145
0.000902451
0.000903073
0.00090563
0.00091123
0.000920418
0.000933488
0.000951023
0.000973651
0.00100203
0.00103682
0.00107866
0.00112808
0.00118552
0.00125125
0.00132526
0.00140723
0.00149644
0.00159168
0.00169131
0.00179337
0.00189583
0.0019969
0.00209561
0.00219219
0.00229015
0.00239711
0.00252788
0.00271147
0.00299894
0.00346353
0.00416242
0.00504689
0.00589282
0.00628741
0.00590917
0.00448537
0.00248491
0.000631542
6.03038e-05
0.000426771
0.00067011
0.000811245
0.000913854
0.00100028
0.0010791
0.00115369
0.00122513
0.00129355
0.00135845
0.0014188
0.00147333
0.0015207
0.00155961
0.00158893
0.00160781
0.0016156
0.00161342
0.00160189
0.00157892
0.00154723
0.00150847
0.00146435
0.00141665
0.00136714
0.00131745
0.00126897
0.00122283
0.00117985
0.00114054
0.00110517
0.00107377
0.00104623
0.00102232
0.00100177
0.000984309
0.000969681
0.000957671
0.000948127
0.000940971
0.00093622
0.000934166
0.000934794
0.0009375
0.000943457
0.000953201
0.000966923
0.000985127
0.00100836
0.00103717
0.00107213
0.00111376
0.00116253
0.0012188
0.0012828
0.00135457
0.00143387
0.00152008
0.00161217
0.00170866
0.00180769
0.00190726
0.00200544
0.00210079
0.00219406
0.00228794
0.00238873
0.00251062
0.00268139
0.0029517
0.00339877
0.00409289
0.00500328
0.00591419
0.00640102
0.00611364
0.00469973
0.00258675
0.000687523
5.7225e-05
0.000407551
0.000647968
0.000788901
0.000890968
0.000976336
0.00105383
0.00112705
0.00119729
0.00126484
0.0013294
0.00139018
0.00144608
0.0014959
0.00153843
0.00157258
0.00159747
0.00161265
0.00161729
0.00161321
0.00160001
0.00157685
0.00154618
0.0015094
0.00146802
0.00142361
0.00137769
0.00133163
0.00128664
0.00124366
0.0012034
0.00116634
0.00113275
0.00110269
0.00107615
0.001053
0.00103308
0.00101621
0.00100223
0.000991024
0.00098252
0.000976726
0.000973861
0.000974216
0.000976668
0.000982443
0.000992257
0.00100609
0.00102438
0.00104758
0.00107616
0.00111058
0.00115129
0.00119866
0.00125302
0.00131459
0.00138344
0.00145941
0.00154204
0.00163043
0.00172327
0.00181883
0.00191495
0.00200964
0.00210224
0.00219234
0.00228177
0.0023765
0.00248965
0.00264764
0.00290023
0.00332755
0.00401263
0.00494529
0.00592136
0.00650346
0.00631416
0.00492441
0.00270609
0.000751149
5.43091e-05
0.000389042
0.000625906
0.000766491
0.000868131
0.000952638
0.00102899
0.001101
0.00117014
0.00123683
0.00130099
0.00136198
0.00141892
0.00147074
0.00151634
0.00155467
0.00158485
0.0016062
0.00161786
0.00162089
0.00161586
0.00160207
0.00157962
0.0015506
0.00151625
0.00147792
0.00143695
0.00139465
0.0013522
0.00131063
0.00127076
0.00123323
0.00119846
0.00116675
0.00113822
0.00111291
0.00109079
0.00107179
0.00105583
0.00104282
0.00103275
0.00102561
0.00102153
0.0010211
0.00102297
0.00102803
0.0010373
0.00105061
0.00106831
0.00109076
0.00111834
0.00115145
0.00119045
0.00123566
0.00128738
0.00134582
0.00141111
0.00148316
0.00156164
0.00164583
0.00173457
0.00182601
0.00191829
0.00201017
0.00209964
0.00218617
0.00227124
0.00236007
0.00246468
0.00260998
0.00284437
0.00324975
0.00392071
0.00486937
0.00591049
0.00659177
0.00650701
0.00515855
0.00284353
0.000822473
5.15597e-05
0.00037132
0.000603996
0.000744006
0.000845282
0.000929103
0.00100452
0.0010755
0.00114366
0.00120957
0.00127329
0.00133436
0.00139207
0.00144549
0.00149365
0.00153556
0.00157036
0.00159732
0.00161595
0.00162584
0.00162738
0.00162193
0.00160833
0.00158721
0.00156028
0.00152867
0.00149354
0.00145607
0.00141739
0.00137851
0.00134031
0.00130352
0.00126872
0.00123633
0.00120663
0.00117981
0.00115596
0.00113513
0.00111731
0.00110252
0.00109075
0.00108203
0.00107647
0.00107453
0.00107564
0.00107951
0.00108748
0.00109959
0.00111597
0.00113692
0.00116275
0.00119377
0.0012303
0.00127261
0.00132099
0.00137566
0.00143679
0.00150439
0.00157825
0.0016578
0.00174182
0.00182889
0.00191778
0.00200612
0.00209221
0.00217518
0.00225601
0.00233912
0.00243541
0.00256819
0.00278405
0.00316555
0.00381723
0.00477361
0.00587061
0.00666434
0.00668971
0.0054019
0.00300145
0.000901731
4.89799e-05
0.000354454
0.000582325
0.000721452
0.000822374
0.000905658
0.000980336
0.00105048
0.00111784
0.00118308
0.00124638
0.00130745
0.00136573
0.00142043
0.0014707
0.00151563
0.0015544
0.00158628
0.0016108
0.00162698
0.00163579
0.00163681
0.00163151
0.00161876
0.00159935
0.00157479
0.00154607
0.0015142
0.00148021
0.00144507
0.00140966
0.00137475
0.00134101
0.00130894
0.00127896
0.00125138
0.00122639
0.00120416
0.00118478
0.00116833
0.00115486
0.00114443
0.00113716
0.00113325
0.00113319
0.0011355
0.00114144
0.00115172
0.0011661
0.00118484
0.00120818
0.00123639
0.00126973
0.00130849
0.00135291
0.00140326
0.00145974
0.00152244
0.00159128
0.00166567
0.00174467
0.00182761
0.00191239
0.00199703
0.00207967
0.00215912
0.00223582
0.00231341
0.00240163
0.00252208
0.00271921
0.0030752
0.00370299
0.00465971
0.00580486
0.00671231
0.00685945
0.00565312
0.00318052
0.000988695
4.6572e-05
0.000338502
0.000560982
0.000698862
0.000799379
0.000882251
0.000956389
0.00102592
0.00109267
0.00115739
0.00122036
0.00128142
0.00134013
0.00139586
0.00144785
0.00149531
0.00153745
0.00157357
0.00160311
0.00162553
0.00164061
0.00164851
0.00164938
0.00164457
0.00163305
0.00161558
0.0015935
0.00156768
0.001539
0.00150837
0.00147662
0.00144453
0.00141278
0.00138196
0.00135255
0.00132496
0.00129948
0.00127636
0.00125579
0.00123791
0.00122283
0.00121067
0.00120153
0.00119559
0.00119325
0.0011941
0.00119771
0.00120538
0.00121715
0.00123303
0.00125324
0.00127802
0.00130761
0.00134226
0.00138223
0.00142782
0.00147926
0.00153672
0.00160017
0.00166898
0.00174323
0.0018214
0.00190187
0.00198267
0.0020618
0.00213777
0.00221048
0.00228276
0.00236317
0.00247151
0.00264979
0.0029788
0.00357803
0.00452713
0.00571347
0.00673167
0.00701418
0.00591085
0.00338172
0.00108323
4.4337e-05
0.000323508
0.000540064
0.000676298
0.000776299
0.000858849
0.000932643
0.00100179
0.00106817
0.00113256
0.00119534
0.00125644
0.00131554
0.00137211
0.00142552
0.00147507
0.00152004
0.00155977
0.00159368
0.00162135
0.00164199
0.00165625
0.0016638
0.0016649
0.00166078
0.0016507
0.00163523
0.00161558
0.00159254
0.00156687
0.00153937
0.00151077
0.00148175
0.00145292
0.00142482
0.00139789
0.00137253
0.00134904
0.00132767
0.00130864
0.00129212
0.00127827
0.00126722
0.00125914
0.00125424
0.00125284
0.00125427
0.00125876
0.00126741
0.00127994
0.00129653
0.00131741
0.00134278
0.00137292
0.0014081
0.00144861
0.00149475
0.00154676
0.00160427
0.00166794
0.00173689
0.0018101
0.00188608
0.0019629
0.00203845
0.00211097
0.00217982
0.00224703
0.00231991
0.00241641
0.00257581
0.00287655
0.0034427
0.00437563
0.0055957
0.0067325
0.00714822
0.00617262
0.00360575
0.0011849
4.22761e-05
0.000309515
0.000519675
0.00065384
0.000753163
0.000835454
0.000909099
0.000978119
0.00104438
0.0011087
0.00117149
0.00123274
0.00129223
0.00134955
0.00140415
0.00145544
0.00150277
0.00154553
0.00158314
0.00161515
0.00164109
0.00166079
0.00167427
0.00168162
0.00168307
0.0016797
0.00167106
0.00165746
0.00164006
0.00161954
0.00159658
0.00157187
0.00154606
0.00151976
0.0014935
0.00146779
0.00144304
0.00141961
0.00139783
0.00137794
0.00136018
0.00134474
0.00133179
0.00132151
0.00131409
0.00130973
0.00130869
0.00131033
0.00131517
0.00132402
0.00133668
0.00135334
0.00137423
0.00139961
0.00142978
0.00146506
0.00150577
0.00155184
0.00160402
0.00166205
0.00172554
0.00179363
0.00186495
0.00193765
0.00200955
0.00207863
0.00214376
0.00220613
0.00227179
0.00235676
0.00249737
0.00276876
0.0032972
0.00420421
0.00544393
0.00668142
0.00725386
0.00643612
0.00385454
0.00129318
4.03917e-05
0.000296566
0.000499934
0.000631596
0.000730042
0.000812114
0.000885804
0.000954971
0.00102141
0.00108596
0.001149
0.00121059
0.00127057
0.0013286
0.00138426
0.00143702
0.00148632
0.00153159
0.00157231
0.00160801
0.00163833
0.00166278
0.00168148
0.00169439
0.00170161
0.00170339
0.00170067
0.00169329
0.00168131
0.00166583
0.00164744
0.00162676
0.00160438
0.00158089
0.00155682
0.00153267
0.00150889
0.00148587
0.00146396
0.00144346
0.00142465
0.00140775
0.00139297
0.00138051
0.00137056
0.00136331
0.00135899
0.0013578
0.00135931
0.00136392
0.00137248
0.0013848
0.00140108
0.00142163
0.00144674
0.00147676
0.00151177
0.00155244
0.00159894
0.00165128
0.0017092
0.00177203
0.00183854
0.00190696
0.0019751
0.00204073
0.00210225
0.00216002
0.00221881
0.00229264
0.00241472
0.00265601
0.0031424
0.00401507
0.00526478
0.00659388
0.00732777
0.00669739
0.00412808
0.00140713
3.86887e-05
0.000284716
0.000480968
0.000609696
0.000707053
0.000788938
0.000862876
0.000932491
0.000999456
0.00106456
0.00112817
0.00119035
0.00125097
0.00130979
0.00136644
0.00142049
0.00147144
0.0015188
0.00156208
0.00160083
0.00163467
0.00166323
0.00168639
0.00170408
0.00171634
0.0017233
0.0017252
0.00172291
0.00171643
0.00170566
0.00169162
0.00167484
0.00165588
0.00163525
0.00161349
0.00159107
0.00156844
0.00154603
0.00152419
0.00150326
0.00148355
0.0014653
0.00144879
0.00143422
0.0014218
0.00141174
0.00140426
0.00139955
0.00139785
0.00139897
0.00140303
0.00141102
0.00142275
0.00143852
0.00145867
0.00148334
0.00151309
0.00154827
0.00158912
0.00163576
0.00168807
0.00174552
0.00180704
0.00187099
0.00193522
0.00199733
0.00205531
0.00210873
0.00216104
0.00222423
0.00232829
0.00253907
0.002979
0.0038074
0.00505208
0.00645915
0.00736243
0.00695109
0.00442651
0.00152582
3.71749e-05
0.000274035
0.000462923
0.000588307
0.000684377
0.000766121
0.000840533
0.000910927
0.000978808
0.00104488
0.00110942
0.0011725
0.00123401
0.00129374
0.0013514
0.00140663
0.001459
0.00150808
0.00155345
0.00159467
0.00163139
0.00166332
0.0016901
0.00171175
0.00172822
0.00173958
0.00174597
0.0017476
0.0017454
0.00173928
0.00172915
0.00171595
0.00170014
0.00168222
0.00166266
0.00164194
0.0016205
0.00159875
0.00157707
0.00155581
0.00153531
0.00151585
0.00149772
0.00148115
0.00146638
0.00145365
0.00144318
0.00143517
0.00142987
0.0014275
0.00142816
0.00143159
0.00143888
0.0014501
0.00146536
0.00148511
0.00150974
0.00153953
0.00157482
0.00161581
0.00166247
0.00171442
0.00177077
0.00183004
0.00189015
0.00194863
0.00200311
0.00205241
0.0020987
0.00215188
0.00223865
0.00241896
0.00281004
0.00358445
0.00480863
0.00627989
0.0073717
0.00719164
0.00474894
0.00164799
3.5872e-05
0.000264667
0.000445981
0.00056765
0.00066228
0.00074397
0.000819127
0.000890687
0.000959939
0.00102743
0.00109334
0.00115769
0.00122038
0.00128122
0.00133997
0.00139632
0.00144993
0.00150044
0.00154745
0.00159061
0.00162957
0.001664
0.00169364
0.0017184
0.00173822
0.00175311
0.00176314
0.00176848
0.00176929
0.00176671
0.00176027
0.00175011
0.00173703
0.00172146
0.00170385
0.00168464
0.00166425
0.00164311
0.00162158
0.00160005
0.00157884
0.00155828
0.00153866
0.00152026
0.00150334
0.00148815
0.00147493
0.00146391
0.00145534
0.00144944
0.00144649
0.00144676
0.00144968
0.00145639
0.00146722
0.00148234
0.00150203
0.00152665
0.00155654
0.00159195
0.00163295
0.0016793
0.00173029
0.00178464
0.00184039
0.00189508
0.00194608
0.00199151
0.00203231
0.00207629
0.00214685
0.0022977
0.00263937
0.00335011
0.00453782
0.00605004
0.00733228
0.00740905
0.00509322
0.0017724
3.48364e-05
0.000256592
0.000430332
0.000548025
0.000641148
0.00072295
0.000799199
0.000872396
0.000943535
0.00101296
0.00108071
0.00114675
0.00121094
0.00127312
0.00133305
0.00139049
0.00144516
0.0014968
0.00154506
0.00158959
0.00163004
0.00166607
0.00169777
0.0017248
0.00174707
0.00176457
0.00177733
0.00178546
0.00178906
0.00178852
0.00178497
0.0017774
0.00176647
0.00175278
0.00173673
0.00171873
0.0016992
0.00167852
0.0016571
0.00163529
0.00161345
0.00159192
0.001571
0.00155099
0.00153218
0.00151483
0.00149921
0.00148556
0.00147412
0.00146513
0.00145886
0.00145555
0.00145558
0.00145822
0.00146474
0.00147552
0.0014906
0.00151032
0.00153501
0.00156498
0.00160035
0.00164103
0.0016865
0.00173569
0.00178686
0.00183763
0.00188521
0.00192718
0.00196325
0.00199915
0.00205494
0.00217834
0.00247152
0.00311318
0.00425094
0.00578235
0.00724375
0.00759837
0.00545557
0.00189774
3.41428e-05
0.000249591
0.00041617
0.000529827
0.000621532
0.000703747
0.000781557
0.000856946
0.000930546
0.00100244
0.00107253
0.00114064
0.00120666
0.00127036
0.00133151
0.00138992
0.00144534
0.00149752
0.00154629
0.0015914
0.00163263
0.0016699
0.00170281
0.0017312
0.00175499
0.00177414
0.00178866
0.00179864
0.00180416
0.00180528
0.00180324
0.00179767
0.00178829
0.00177596
0.00176106
0.00174396
0.00172505
0.00170471
0.00168334
0.00166129
0.00163893
0.0016166
0.00159462
0.00157331
0.00155296
0.00153385
0.00151624
0.00150041
0.00148659
0.00147502
0.00146594
0.00145961
0.0014563
0.00145637
0.00145904
0.00146558
0.00147641
0.00149155
0.00151132
0.00153603
0.0015659
0.00160093
0.0016408
0.00168469
0.00173113
0.00177794
0.00182233
0.0018615
0.00189414
0.00192394
0.00196756
0.00206639
0.00231426
0.00288605
0.00396085
0.0054911
0.00709564
0.00775131
0.00583147
0.00202288
3.37644e-05
0.000244093
0.000403866
0.000513646
0.00060424
0.000687361
0.000767328
0.000845527
0.000922161
0.000997034
0.00106989
0.00114027
0.00120775
0.00127247
0.00133435
0.00139325
0.00144903
0.00150156
0.00155063
0.00159603
0.00163756
0.00167501
0.00170822
0.00173703
0.00176139
0.00178124
0.0017966
0.00180751
0.00181406
0.00181625
0.00181495
0.00181055
0.0018022
0.0017908
0.00177667
0.0017602
0.00174175
0.00172169
0.00170039
0.00167822
0.00165554
0.00163268
0.00160998
0.00158775
0.00156629
0.0015459
0.00152683
0.00150934
0.0014937
0.00148011
0.00146882
0.00146003
0.00145401
0.00145107
0.00145136
0.00145425
0.00146101
0.00147198
0.00148722
0.00150703
0.00153167
0.00156126
0.00159567
0.00163437
0.00167622
0.00171938
0.00176119
0.00179876
0.00183005
0.00185708
0.00189388
0.00197738
0.00218822
0.00268858
0.0036894
0.00519617
0.00690137
0.00787139
0.0062113
0.00214646
3.38337e-05
0.000240745
0.000394111
0.000500401
0.000590465
0.000675181
0.000757974
0.000839553
0.000919665
0.000997442
0.00107229
0.00114428
0.00121332
0.00127926
0.00134189
0.00140112
0.00145687
0.00150905
0.00155753
0.00160224
0.00164304
0.00167981
0.00171243
0.00174078
0.00176482
0.00178451
0.00179988
0.00181096
0.00181781
0.00182043
0.00181943
0.00181559
0.00180788
0.00179709
0.00178354
0.00176759
0.00174958
0.00172987
0.00170881
0.00168677
0.0016641
0.00164112
0.00161815
0.00159551
0.0015735
0.00155239
0.00153246
0.00151396
0.00149713
0.00148218
0.00146934
0.00145879
0.00145072
0.00144542
0.0014432
0.00144393
0.00144729
0.00145453
0.00146589
0.00148147
0.00150156
0.00152639
0.00155604
0.00159025
0.00162835
0.00166903
0.00171044
0.0017501
0.00178594
0.00181863
0.00185749
0.00193777
0.00213236
0.00258197
0.00348885
0.0049252
0.00668517
0.00795502
0.0065878
0.00226823
3.45308e-05
0.000240874
0.00038803
0.000491526
0.000581908
0.000669004
0.000755144
0.000839957
0.000922515
0.00100261
0.00107993
0.00115382
0.00122403
0.00129032
0.00135273
0.00141128
0.001466
0.00151689
0.00156395
0.00160714
0.00164639
0.00168168
0.00171297
0.00174029
0.00176354
0.00178261
0.00179751
0.00180828
0.00181499
0.00181762
0.00181669
0.00181304
0.00180571
0.00179535
0.0017823
0.00176689
0.00174945
0.00173034
0.0017099
0.00168847
0.00166635
0.00164383
0.00162122
0.00159883
0.00157695
0.00155586
0.00153583
0.00151712
0.00149992
0.00148446
0.0014709
0.00145946
0.0014503
0.00144364
0.00143973
0.00143905
0.00144059
0.00144517
0.00145409
0.00146703
0.00148434
0.0015064
0.00153348
0.00156568
0.00160277
0.00164407
0.00168825
0.00173333
0.00177727
0.00182007
0.0018696
0.00195412
0.00213829
0.00255505
0.00340626
0.00475793
0.00651753
0.0080142
0.00693786
0.0023879
3.60548e-05
0.00024402
0.000387831
0.000489442
0.000580724
0.000669862
0.00075827
0.000845588
0.000931114
0.00101356
0.00109207
0.00116633
0.00123622
0.00130167
0.00136276
0.00141964
0.00147239
0.00152112
0.00156597
0.00160705
0.00164456
0.00167824
0.00170805
0.00173391
0.00175583
0.00177382
0.00178787
0.00179806
0.00180447
0.00180708
0.00180626
0.00180296
0.00179628
0.00178674
0.00177467
0.00176037
0.00174414
0.00172627
0.00170707
0.00168692
0.00166607
0.00164481
0.00162343
0.00160224
0.00158151
0.00156151
0.0015425
0.00152468
0.00150829
0.00149356
0.00148063
0.00146971
0.00146101
0.00145485
0.00145131
0.00145107
0.00145296
0.00145805
0.0014675
0.00148109
0.00149929
0.0015226
0.00155155
0.00158663
0.00162824
0.00167661
0.00173135
0.00179167
0.00185648
0.00192603
0.00200594
0.00211699
0.00231135
0.00269647
0.00343449
0.00470116
0.00644209
0.00807089
0.0072516
0.00250818
3.87755e-05
0.000251876
0.000391895
0.000492999
0.000585408
0.000676727
0.000767922
0.000857522
0.000943972
0.0010264
0.00110425
0.00117727
0.00124544
0.00130879
0.00136739
0.00142161
0.00147182
0.00151833
0.00156105
0.00160004
0.0016352
0.00166662
0.00169439
0.0017185
0.001739
0.00175595
0.00176942
0.00177945
0.00178608
0.00178934
0.00178923
0.00178708
0.00178201
0.0017743
0.00176435
0.00175241
0.0017387
0.00172353
0.00170715
0.00168963
0.0016714
0.00165287
0.00163434
0.0016161
0.00159841
0.00158153
0.00156573
0.00155122
0.00153828
0.00152719
0.00151796
0.00151091
0.00150635
0.00150501
0.00150628
0.00151043
0.00151882
0.00153111
0.00154804
0.00157017
0.00159814
0.00163266
0.00167458
0.00172486
0.00178442
0.00185386
0.00193384
0.00202534
0.00212801
0.00224241
0.00237162
0.00253005
0.00275259
0.00311972
0.00376136
0.00484404
0.00643896
0.00813707
0.00747261
0.00263212
4.33134e-05
0.00026637
0.000403526
0.000504614
0.000598437
0.000691203
0.000782556
0.000871317
0.000956279
0.00103668
0.00111212
0.00118248
0.00124785
0.00130848
0.00136453
0.00141631
0.00146398
0.00150769
0.00154778
0.00158443
0.00161776
0.0016479
0.00167481
0.00169852
0.00171909
0.00173658
0.00175106
0.0017626
0.00177125
0.0017771
0.00178021
0.0017809
0.0017797
0.00177632
0.00177037
0.00176267
0.00175351
0.00174318
0.00173198
0.00172031
0.00170839
0.00169653
0.00168505
0.00167428
0.00166454
0.00165613
0.00164935
0.00164447
0.00164195
0.00164233
0.00164467
0.00165026
0.00165981
0.00167339
0.00169129
0.00171384
0.00174192
0.00177603
0.00181676
0.00186481
0.00192089
0.00198581
0.00206049
0.00214621
0.00224405
0.00235515
0.00248019
0.00261965
0.00277287
0.0029411
0.00312308
0.00332887
0.00357454
0.00391996
0.00445769
0.00536434
0.00673967
0.00828718
0.00758959
0.00271855
5.09072e-05
0.000290714
0.000427002
0.000526361
0.00061861
0.00070976
0.00079935
0.000886003
0.000968558
0.00104644
0.00111942
0.0011875
0.00125085
0.00130969
0.00136453
0.00141535
0.00146256
0.00150646
0.0015473
0.00158508
0.00161991
0.00165196
0.00168132
0.00170804
0.00173222
0.00175391
0.00177322
0.00179022
0.00180502
0.00181771
0.00182841
0.00183735
0.00184483
0.00185122
0.00185658
0.00186112
0.00186509
0.00186877
0.00187253
0.00187669
0.00188165
0.00188782
0.00189566
0.00190558
0.001918
0.00193329
0.00195183
0.00197399
0.00200015
0.00203091
0.00206619
0.00210656
0.00215264
0.00220464
0.00226335
0.00232928
0.00240284
0.00248446
0.00257433
0.00267284
0.0027802
0.00289687
0.00302347
0.00316136
0.0033103
0.00347096
0.00364249
0.00382611
0.00401821
0.00422363
0.00443391
0.00466174
0.00490154
0.00520685
0.00562023
0.00631292
0.00734635
0.00852477
0.0076422
0.00275232
6.05927e-05
0.000323613
0.000458077
0.000557115
0.000651347
0.000744913
0.00083649
0.000924993
0.00100971
0.00109033
0.00116683
0.00123937
0.0013082
0.00137358
0.00143605
0.00149586
0.00155312
0.00160806
0.00166092
0.00171187
0.00176108
0.00180866
0.00185475
0.00189943
0.00194282
0.00198501
0.00202612
0.00206628
0.00210562
0.00214429
0.00218247
0.00222037
0.0022582
0.0022963
0.00233505
0.00237471
0.00241557
0.00245784
0.00250204
0.00254813
0.00259691
0.00264921
0.00270546
0.00276603
0.00283111
0.00290091
0.00297557
0.00305526
0.00314006
0.00323016
0.00332564
0.0034266
0.00353295
0.00364453
0.00376325
0.00388878
0.00402032
0.00415779
0.0043004
0.00444847
0.00460129
0.00475959
0.00492242
0.00509012
0.00526221
0.00544042
0.00562292
0.00581323
0.00600513
0.00620968
0.00640695
0.00662169
0.0068187
0.00706365
0.00733199
0.00778417
0.00835789
0.00888469
0.00762315
0.0027355
7.87133e-05
0.00037575
0.000532164
0.00065711
0.00078377
0.000913863
0.00104631
0.00117886
0.00131008
0.00143937
0.00156665
0.00169203
0.00181564
0.00193757
0.00205804
0.0021772
0.00229503
0.00241151
0.0025267
0.00264069
0.00275353
0.00286524
0.00297584
0.00308536
0.00319381
0.00330125
0.00340773
0.00351333
0.00361815
0.00372233
0.00382598
0.00392931
0.00403241
0.00413555
0.00423885
0.00434269
0.00444716
0.00455253
0.00465918
0.00476646
0.00487699
0.00499158
0.00510922
0.0052295
0.00535171
0.00547581
0.00560125
0.00572824
0.00585629
0.00598574
0.0061161
0.0062479
0.00638006
0.00651403
0.0066469
0.00678026
0.00691328
0.00704753
0.00718209
0.00731875
0.00745631
0.00759663
0.0077384
0.00788334
0.00803012
0.00818038
0.00833311
0.00848974
0.00864829
0.00881595
0.00897428
0.00915052
0.00928718
0.00945966
0.00958016
0.00972829
0.00960814
0.00911528
0.00715544
0.00251853
0.000117712
0.000550898
0.000931601
0.00128855
0.00164407
0.0020093
0.00238691
0.00276655
0.00313915
0.0035002
0.00384828
0.00418312
0.00450472
0.00481302
0.00510801
0.00538985
0.00565876
0.00591504
0.00615898
0.0063911
0.00661179
0.0068215
0.00702063
0.00720972
0.00738916
0.00755948
0.00772106
0.00787449
0.00802013
0.00815861
0.00829025
0.00841575
0.00853532
0.00864975
0.00875906
0.00886424
0.0089649
0.00906259
0.00915603
0.0092479
0.00933539
0.0094183
0.00949651
0.00957146
0.00964289
0.00971246
0.00977965
0.00984631
0.00991149
0.00997729
0.0100422
0.0101087
0.0101753
0.0102441
0.0103134
0.0103851
0.0104573
0.010532
0.0106075
0.0106854
0.0107646
0.0108455
0.0109288
0.0110124
0.0111002
0.0111856
0.011278
0.0113669
0.0114684
0.0115284
0.011609
0.0116248
0.0116181
0.0115496
0.0113879
0.0109875
0.0101692
0.0086906
0.00578862
0.00226892
7.25865e-05
0.0001541
0.000258508
0.000350594
0.00043775
0.000520062
0.000600141
0.000679687
0.000759103
0.000838089
0.000916201
0.000993119
0.00106866
0.00114271
0.00121519
0.00128603
0.00135516
0.00142253
0.00148808
0.00155178
0.00161361
0.00167356
0.00173161
0.00178776
0.00184201
0.00189437
0.00194483
0.00199344
0.00204019
0.00208516
0.00212832
0.00216979
0.00220953
0.0022477
0.00228425
0.00231937
0.00235301
0.00238533
0.00241638
0.00244618
0.00247508
0.00250257
0.00252912
0.00255411
0.00257837
0.00260105
0.00262337
0.0026441
0.00266501
0.00268426
0.00270438
0.00272266
0.00274264
0.00276044
0.00278091
0.00279865
0.00282016
0.00283811
0.00286107
0.0028794
0.00290407
0.0029228
0.0029491
0.00296803
0.00299512
0.00301348
0.00303901
0.00305566
0.00307741
0.00309964
0.00312296
0.00314924
0.00316714
0.00318834
0.00319045
0.00317826
0.00313416
0.00302199
0.00274429
0.00199002
)
;

boundaryField
{
    movingWall
    {
        type            kqRWallFunction;
        value           nonuniform List<scalar> 
80
(
7.25865e-05
0.0001541
0.000258508
0.000350594
0.00043775
0.000520062
0.000600141
0.000679687
0.000759103
0.000838089
0.000916201
0.000993119
0.00106866
0.00114271
0.00121519
0.00128603
0.00135516
0.00142253
0.00148808
0.00155178
0.00161361
0.00167356
0.00173161
0.00178776
0.00184201
0.00189437
0.00194483
0.00199344
0.00204019
0.00208516
0.00212832
0.00216979
0.00220953
0.0022477
0.00228425
0.00231937
0.00235301
0.00238533
0.00241638
0.00244618
0.00247508
0.00250257
0.00252912
0.00255411
0.00257837
0.00260105
0.00262337
0.0026441
0.00266501
0.00268426
0.00270438
0.00272266
0.00274264
0.00276044
0.00278091
0.00279865
0.00282016
0.00283811
0.00286107
0.0028794
0.00290407
0.0029228
0.0029491
0.00296803
0.00299512
0.00301348
0.00303901
0.00305566
0.00307741
0.00309964
0.00312296
0.00314924
0.00316714
0.00318834
0.00319045
0.00317826
0.00313416
0.00302199
0.00274429
0.00199002
)
;
    }
    fixedWalls
    {
        type            kqRWallFunction;
        value           nonuniform List<scalar> 
240
(
2.29902e-07
1.1527e-06
2.65313e-06
4.70411e-06
7.3561e-06
1.06722e-05
1.47283e-05
1.96844e-05
2.55041e-05
3.21788e-05
3.96562e-05
4.78556e-05
5.66581e-05
6.59068e-05
7.54249e-05
8.50231e-05
9.45107e-05
0.000103705
0.000112429
0.000120519
0.00012785
0.000134327
0.000139887
0.000144495
0.00014814
0.000150832
0.000152605
0.000153508
0.000153487
0.000152983
0.00015168
0.000149802
0.000147465
0.00014456
0.00014142
0.000138488
0.000135276
0.00013179
0.000128041
0.000124046
0.000119872
0.000115609
0.000111297
0.000106968
0.000102649
9.83596e-05
9.41177e-05
8.9939e-05
8.58379e-05
8.18276e-05
7.79203e-05
7.41277e-05
7.04604e-05
6.69284e-05
6.35403e-05
6.03038e-05
5.7225e-05
5.43091e-05
5.15597e-05
4.89799e-05
4.6572e-05
4.4337e-05
4.22761e-05
4.03917e-05
3.86887e-05
3.71749e-05
3.5872e-05
3.48364e-05
3.41428e-05
3.37644e-05
3.38337e-05
3.45308e-05
3.60548e-05
3.87755e-05
4.33134e-05
5.09072e-05
6.05927e-05
7.87133e-05
0.000117712
7.25865e-05
2.65673e-07
1.39213e-06
3.45475e-06
5.78094e-06
7.80203e-06
9.31463e-06
1.04412e-05
1.14967e-05
1.28905e-05
1.50852e-05
1.86492e-05
2.41545e-05
3.20926e-05
4.27082e-05
5.58641e-05
7.1032e-05
8.74139e-05
0.00010451
0.000121711
0.000139769
0.000160905
0.000187809
0.000220612
0.000256069
0.000294289
0.00033393
0.000371537
0.000403646
0.000426812
0.00044062
0.000446881
0.000449133
0.000449509
0.000445064
0.000439008
0.000431267
0.000423421
0.00041558
0.000408324
0.000401839
0.00039654
0.000392815
0.000391071
0.000390633
0.000392702
0.000397664
0.000405263
0.000416355
0.000431687
0.000451006
0.000475546
0.000505138
0.000540798
0.00058267
0.000631542
0.000687523
0.000751149
0.000822473
0.000901731
0.000988695
0.00108323
0.0011849
0.00129318
0.00140713
0.00152582
0.00164799
0.0017724
0.00189774
0.00202288
0.00214646
0.00226823
0.0023879
0.00250818
0.00263212
0.00271855
0.00275232
0.0027355
0.00251853
0.00226892
0.00199002
2.29902e-07
1.15293e-06
2.55946e-06
4.12207e-06
5.70485e-06
7.30561e-06
8.98028e-06
1.07967e-05
1.28158e-05
1.50885e-05
1.7656e-05
2.05515e-05
2.38122e-05
2.74551e-05
3.14789e-05
3.58686e-05
4.05933e-05
4.56138e-05
5.08818e-05
5.63464e-05
6.1961e-05
6.76927e-05
7.35355e-05
7.95335e-05
8.58159e-05
9.26102e-05
0.000100191
0.000108561
0.00011753
0.000126907
0.000136908
0.000147576
0.000158957
0.00017106
0.000183637
0.000196514
0.000209647
0.000223108
0.000236909
0.000251137
0.000265861
0.000281191
0.000297273
0.00031398
0.000331188
0.000348718
0.000366686
0.000385299
0.00040544
0.000429663
0.000455476
0.000480428
0.000504274
0.000526141
0.000545219
0.000560358
0.000569292
0.000573271
0.000573516
0.000564046
0.000546063
0.000519411
0.000484475
0.00044285
0.000395958
0.000345721
0.000292649
0.000239273
0.000188181
0.000141796
0.000102756
7.23338e-05
4.86542e-05
3.12284e-05
1.91397e-05
1.12004e-05
6.2364e-06
3.21241e-06
1.3418e-06
2.65673e-07
)
;
    }
    frontAndBack
    {
        type            empty;
    }
}


// ************************************************************************* //
