/*--------------------------------*- C++ -*----------------------------------*\
  =========                 |
  \\      /  F ield         | OpenFOAM: The Open Source CFD Toolbox
   \\    /   O peration     | Website:  https://openfoam.org
    \\  /    A nd           | Version:  13
     \\/     M anipulation  |
\*---------------------------------------------------------------------------*/
FoamFile
{
    format      ascii;
    class       volScalarField;
    location    "8.8";
    object      p;
}
// * * * * * * * * * * * * * * * * * * * * * * * * * * * * * * * * * * * * * //

dimensions      [0 2 -2 0 0 0 0];

internalField   nonuniform List<scalar> 
6400
(
6.79502e-09
2.01497e-05
2.90935e-05
1.34212e-05
-3.20946e-05
-0.000102162
-0.000186919
-0.000277076
-0.000366302
-0.000451494
-0.000533429
-0.000616425
-0.000705235
-0.0008051
-0.000921244
-0.00105779
-0.00121767
-0.00140252
-0.00161362
-0.00185161
-0.0021169
-0.00241098
-0.00273684
-0.00309909
-0.00350422
-0.00395681
-0.00445136
-0.00497858
-0.00551502
-0.00602653
-0.00650868
-0.0069694
-0.00740686
-0.00781832
-0.00819827
-0.00853783
-0.00882534
-0.00904738
-0.00918985
-0.00923875
-0.00918077
-0.00900463
-0.00870224
-0.00826966
-0.00770476
-0.00699905
-0.00614422
-0.00515977
-0.00406268
-0.00286004
-0.00157293
-0.000223001
0.00116016
0.00254348
0.00388575
0.00514144
0.00626633
0.00721876
0.00795944
0.00845767
0.00869592
0.0086735
0.00840558
0.0079067
0.00725088
0.00648248
0.00566833
0.00487171
0.004149
0.0035298
0.00304848
0.0027147
0.00249808
0.00237327
0.00231997
0.00231471
0.00233834
0.00237571
0.00241621
0.00244375
-1.52134e-05
5.33897e-06
9.54773e-06
-1.11855e-05
-5.96048e-05
-0.000129617
-0.000210342
-0.000293137
-0.000373008
-0.000448668
-0.00052229
-0.000598035
-0.000680802
-0.000775368
-0.000885641
-0.00101521
-0.00116734
-0.00134454
-0.00154733
-0.0017759
-0.00202918
-0.0023079
-0.00261543
-0.00295424
-0.0033275
-0.00374269
-0.00420714
-0.00471894
-0.00526368
-0.00581668
-0.00635034
-0.0068558
-0.00733508
-0.00778508
-0.00819992
-0.00857069
-0.00888598
-0.00913299
-0.00929842
-0.00936955
-0.00933423
-0.00918231
-0.00890609
-0.00849981
-0.00795869
-0.00727907
-0.00646774
-0.00553254
-0.00447563
-0.00331536
-0.0020698
-0.000762687
0.000577595
0.00191708
0.00321774
0.00443912
0.0055382
0.00647329
0.00720868
0.00771463
0.00797318
0.00798226
0.00775526
0.00731838
0.00672072
0.00601685
0.00526841
0.00453459
0.00386844
0.0033111
0.00287999
0.00258214
0.00240367
0.00232087
0.00230935
0.00234098
0.00238502
0.00242425
0.00245707
0.00248306
-3.15058e-05
-8.75865e-06
-1.03518e-05
-4.04152e-05
-9.69426e-05
-0.000169506
-0.000246195
-0.000318778
-0.000384668
-0.000445612
-0.000505443
-0.000569215
-0.000641996
-0.000727549
-0.000828382
-0.000946338
-0.00108298
-0.00124058
-0.00142135
-0.00162812
-0.00186452
-0.00213368
-0.00244005
-0.00278863
-0.00318362
-0.00362758
-0.0041209
-0.00465937
-0.00523185
-0.00582058
-0.00640562
-0.00697121
-0.00750818
-0.00800998
-0.00846953
-0.00887756
-0.00922367
-0.00949672
-0.00968484
-0.00977649
-0.00976142
-0.00963072
-0.00937731
-0.00899597
-0.00848352
-0.00783991
-0.0070616
-0.00616144
-0.00514593
-0.00402842
-0.00282599
-0.00156071
-0.000259547
0.00104577
0.00231944
0.0035229
0.00461417
0.00555212
0.00630164
0.00683411
0.00713058
0.00718672
0.00701514
0.00664266
0.00611296
0.00547889
0.00479669
0.0041282
0.00352118
0.00301226
0.00262559
0.00237374
0.0022441
0.00220732
0.0022329
0.00229594
0.00236616
0.00242472
0.00247259
0.00251019
-4.01222e-05
-1.8491e-05
-2.77679e-05
-6.92164e-05
-0.000135961
-0.000211632
-0.000284523
-0.000348074
-0.000400992
-0.000445671
-0.000488415
-0.00053603
-0.000594066
-0.000666253
-0.000754279
-0.000858951
-0.000981696
-0.00112538
-0.00129394
-0.00149301
-0.0017298
-0.00201221
-0.00234753
-0.00273837
-0.00318702
-0.00369468
-0.00425721
-0.00486391
-0.00549892
-0.00614547
-0.006787
-0.00740828
-0.00799708
-0.00854425
-0.00904124
-0.00947871
-0.00984756
-0.0101379
-0.0103395
-0.0104424
-0.0104379
-0.0103182
-0.0100769
-0.00970994
-0.0092159
-0.00859192
-0.00784041
-0.00696694
-0.00597905
-0.00488906
-0.00371295
-0.00247123
-0.00118859
0.000105982
0.00137851
0.00259044
0.00370114
0.00467027
0.00546076
0.00604303
0.00639629
0.0065122
0.00640102
0.00608963
0.00561831
0.00503686
0.00440271
0.00377467
0.00320321
0.00272574
0.00236598
0.00213427
0.00202265
0.00201455
0.00207937
0.00217727
0.00227965
0.00236883
0.00244099
0.00249123
-3.41622e-05
-2.02788e-05
-3.98806e-05
-9.30185e-05
-0.000169371
-0.000247863
-0.000316959
-0.000371645
-0.000412
-0.000442517
-0.00047053
-0.00050371
-0.000548056
-0.000607244
-0.000683415
-0.000778419
-0.000895447
-0.00104031
-0.00122017
-0.00144326
-0.00171942
-0.00205433
-0.00245269
-0.0029188
-0.00345193
-0.00404606
-0.00469087
-0.00537174
-0.00607109
-0.00677259
-0.00746082
-0.00812319
-0.00874899
-0.00932772
-0.00985016
-0.0103075
-0.0106909
-0.0109916
-0.0112011
-0.011311
-0.0113137
-0.0112028
-0.0109723
-0.0106183
-0.0101406
-0.00953816
-0.00881167
-0.00796425
-0.00700253
-0.00593796
-0.00478571
-0.00356418
-0.00229472
-0.00100251
0.00028004
0.00151339
0.0026584
0.0036768
0.00453046
0.00518721
0.00562361
0.00582663
0.00580039
0.00556714
0.00516768
0.00464954
0.00406771
0.00347982
0.00293821
0.00248272
0.00213986
0.00191949
0.00181751
0.00181736
0.00189331
0.00201208
0.0021405
0.00225778
0.00235304
0.00241279
-4.72038e-06
-5.16696e-06
-3.73918e-05
-0.00010453
-0.000189064
-0.000268587
-0.000333555
-0.000380448
-0.000410655
-0.000430312
-0.000447932
-0.000471591
-0.000507457
-0.000559906
-0.00063279
-0.000730624
-0.000860033
-0.00102991
-0.00125123
-0.00153116
-0.00187734
-0.00229705
-0.00279182
-0.00335851
-0.00398826
-0.004669
-0.00538853
-0.00613285
-0.00688641
-0.00763393
-0.00836116
-0.00905645
-0.00970949
-0.0103106
-0.0108513
-0.0113229
-0.0117166
-0.0120247
-0.0122405
-0.0123572
-0.012368
-0.0122687
-0.0120537
-0.0117188
-0.0112672
-0.0106955
-0.0100035
-0.00919341
-0.00826994
-0.00724279
-0.00612533
-0.00493209
-0.00368027
-0.00239185
-0.00110023
0.000155696
0.00134154
0.0024224
0.00335709
0.00411075
0.00465874
0.00498166
0.00507832
0.0049611
0.00466582
0.00424063
0.00373786
0.00321174
0.00271484
0.00229003
0.00196618
0.00175617
0.00165805
0.00165801
0.00173229
0.00185266
0.00198855
0.00211679
0.00222218
0.00228527
5.86671e-05
4.0368e-05
-8.41367e-06
-9.25288e-05
-0.000182319
-0.000262155
-0.000323849
-0.000365248
-0.000389728
-0.000404641
-0.000419031
-0.000441271
-0.000478194
-0.00053595
-0.000621449
-0.000742377
-0.000909139
-0.00113359
-0.00142409
-0.00178945
-0.00223621
-0.0027654
-0.00336835
-0.00403437
-0.00475339
-0.00551343
-0.00630074
-0.00710133
-0.0079014
-0.0086875
-0.00944699
-0.010169
-0.0108436
-0.0114622
-0.0120166
-0.0124983
-0.0128981
-0.0132112
-0.0134322
-0.0135562
-0.0135798
-0.0134977
-0.0133057
-0.0130007
-0.0125822
-0.0120467
-0.0113961
-0.0106338
-0.00976507
-0.00879504
-0.00773036
-0.00658216
-0.00536681
-0.00410728
-0.00282854
-0.00155834
-0.000327491
0.000825885
0.00185408
0.002726
0.00341399
0.00389043
0.00415
0.00419522
0.00405145
0.00376102
0.00337415
0.00294295
0.00251775
0.00214276
0.00184965
0.00165471
0.00155916
0.00155525
0.00161881
0.00172764
0.00185407
0.00197502
0.00207521
0.00213325
0.000166221
0.000127138
5.62179e-05
-4.18174e-05
-0.000137081
-0.000218377
-0.000278953
-0.000319291
-0.000344427
-0.000362793
-0.000383853
-0.000416435
-0.000468749
-0.000549797
-0.000669536
-0.000839485
-0.00107158
-0.00137752
-0.0017658
-0.00224273
-0.0028049
-0.003444
-0.00414961
-0.00491008
-0.00571248
-0.00654391
-0.00739105
-0.00824093
-0.00908103
-0.00989934
-0.0106847
-0.0114272
-0.0121175
-0.0127467
-0.0133068
-0.0137897
-0.0141923
-0.0145108
-0.0147404
-0.0148765
-0.0149157
-0.0148517
-0.0146824
-0.0144062
-0.0140202
-0.0135243
-0.0129206
-0.0122129
-0.0114055
-0.0105011
-0.00950307
-0.0084207
-0.00726838
-0.00606393
-0.00482411
-0.00356644
-0.00232076
-0.00112414
-7.10829e-06
0.00100066
0.00184657
0.0025056
0.00296556
0.0032176
0.00327524
0.0031682
0.00294107
0.00264358
0.00232313
0.00202409
0.00178036
0.00161191
0.0015245
0.00151227
0.00155984
0.00164879
0.00175304
0.00185392
0.0019343
0.00197773
0.000323342
0.000263301
0.000167413
5.53949e-05
-4.65098e-05
-0.000130686
-0.000194151
-0.000239446
-0.000273473
-0.000305661
-0.000345969
-0.000404121
-0.000490398
-0.000616877
-0.000796866
-0.00104249
-0.00136657
-0.00178044
-0.00228705
-0.00288212
-0.00355851
-0.00430477
-0.00510783
-0.00595428
-0.006831
-0.00772504
-0.00862399
-0.00951576
-0.0103888
-0.0112322
-0.0120359
-0.0127908
-0.0134876
-0.0141181
-0.014677
-0.0151618
-0.0155718
-0.0158997
-0.0161398
-0.0162872
-0.0163367
-0.0162873
-0.0161382
-0.0158888
-0.0155353
-0.0150807
-0.0145256
-0.0138717
-0.0131215
-0.0122789
-0.0113497
-0.0103411
-0.00926362
-0.0081302
-0.0069532
-0.00574282
-0.00451926
-0.003308
-0.00213065
-0.00103065
-4.02717e-05
0.00082084
0.00150236
0.00199437
0.00229628
0.00242231
0.00240215
0.00228075
0.00210177
0.00190772
0.00173582
0.00160968
0.00153949
0.00152383
0.00155338
0.00161421
0.00168823
0.00176004
0.00180973
0.00183408
0.000537585
0.000454117
0.000330514
0.000203184
9.19701e-05
1.5894e-06
-6.97656e-05
-0.000127517
-0.000180428
-0.000238872
-0.000313496
-0.000415292
-0.000557108
-0.000753838
-0.00101933
-0.00136581
-0.00180514
-0.00234153
-0.00297096
-0.00368501
-0.00447223
-0.00531825
-0.0062096
-0.0071326
-0.00807442
-0.00902246
-0.00996494
-0.0108905
-0.0117884
-0.0126488
-0.0134626
-0.0142215
-0.0149192
-0.0155512
-0.0161128
-0.0166001
-0.0170074
-0.01733
-0.0175651
-0.0177113
-0.0177666
-0.0177295
-0.0175995
-0.0173762
-0.0170574
-0.0166446
-0.0161392
-0.0155425
-0.0148565
-0.014084
-0.0132293
-0.0122975
-0.0112952
-0.0102294
-0.0091091
-0.00794945
-0.00676813
-0.00558034
-0.00439841
-0.00324487
-0.00214101
-0.0011271
-0.000235582
0.000512813
0.001085
0.0014839
0.00171804
0.00181709
0.00181986
0.00176403
0.00168776
0.00162146
0.00158069
0.00156939
0.00158302
0.00161426
0.00165342
0.00168859
0.00170449
0.00170983
0.000811094
0.000698428
0.00054566
0.000397699
0.000274961
0.000173949
8.82999e-05
9.16125e-06
-7.41562e-05
-0.000172968
-0.000298695
-0.000464182
-0.000684416
-0.000974742
-0.0013483
-0.0018155
-0.00238194
-0.00304587
-0.00379823
-0.00462632
-0.00551621
-0.00645315
-0.00742343
-0.00841355
-0.00941096
-0.0104035
-0.01138
-0.0123297
-0.0132432
-0.0141117
-0.0149274
-0.0156839
-0.0163759
-0.0169993
-0.0175502
-0.0180256
-0.0184216
-0.0187355
-0.0189656
-0.0191108
-0.0191701
-0.0191428
-0.0190286
-0.0188273
-0.0185384
-0.0181629
-0.0177021
-0.0171575
-0.0165312
-0.0158255
-0.0150437
-0.0141897
-0.0132676
-0.0122818
-0.0112375
-0.0101428
-0.00900701
-0.00784172
-0.00666651
-0.00549911
-0.00434819
-0.00323199
-0.00217133
-0.00120713
-0.000364071
0.000323242
0.000846616
0.00121021
0.00143738
0.00155887
0.00160775
0.0016196
0.00162058
0.00162188
0.00162574
0.00162983
0.00163323
0.00162909
0.00161288
0.0016016
0.0011317
0.000989108
0.000800794
0.000629307
0.000491789
0.000375638
0.000268388
0.000157869
3.16134e-05
-0.000122477
-0.000317018
-0.000566141
-0.000885452
-0.00128906
-0.00178734
-0.00238608
-0.00308488
-0.00387563
-0.00474519
-0.00567924
-0.00666264
-0.00768077
-0.00871981
-0.00976649
-0.0108085
-0.0118342
-0.0128332
-0.0137958
-0.0147137
-0.0155797
-0.0163876
-0.0171324
-0.0178101
-0.0184174
-0.0189518
-0.0194112
-0.0197934
-0.0200967
-0.0203201
-0.0204628
-0.0205242
-0.0205042
-0.0204029
-0.0202203
-0.0199569
-0.0196136
-0.0191918
-0.018693
-0.0181193
-0.0174728
-0.0167563
-0.0159726
-0.0151249
-0.0142163
-0.0132503
-0.0122309
-0.0111622
-0.0100493
-0.00890015
-0.00772527
-0.00654197
-0.00536926
-0.00421098
-0.003086
-0.00202206
-0.00106274
-0.000243048
0.000415466
0.000908608
0.00124989
0.00146301
0.00157897
0.00163502
0.0016566
0.00165594
0.00163784
0.00160844
0.00156821
0.00152516
0.00149962
0.0014851
0.00131082
0.00108222
0.000884312
0.000728224
0.000591022
0.000453974
0.000301498
0.000119592
-0.00010476
-0.000384629
-0.000735031
-0.00117022
-0.00170114
-0.00233388
-0.00306852
-0.00389808
-0.00480974
-0.00578841
-0.00681878
-0.00788539
-0.00897365
-0.0100698
-0.0111608
-0.0122349
-0.0132813
-0.0142906
-0.0152547
-0.0161668
-0.0170212
-0.0178134
-0.0185399
-0.019198
-0.0197855
-0.0203008
-0.0207425
-0.0211095
-0.0214011
-0.0216165
-0.0217553
-0.0218174
-0.021803
-0.0217122
-0.0215457
-0.0213041
-0.0209885
-0.0206004
-0.0201413
-0.0196132
-0.0190182
-0.0183586
-0.0176368
-0.016855
-0.0160156
-0.0151207
-0.0141725
-0.0131728
-0.0121233
-0.0110261
-0.00988337
-0.00870005
-0.00748611
-0.00625989
-0.00503442
-0.00381908
-0.00264389
-0.0015552
-0.000598813
0.000188506
0.000789954
0.00121086
0.00147053
0.00160395
0.00165558
0.00165445
0.00161853
0.00156196
0.0014927
0.00143008
0.00139546
0.00185286
0.00164403
0.00137332
0.00114425
0.000965006
0.000800384
0.000625062
0.000420237
0.000170606
-0.000137063
-0.000516832
-0.000982624
-0.00154552
-0.00221212
-0.00298249
-0.00385054
-0.00480426
-0.00582804
-0.00690571
-0.00802129
-0.00915925
-0.0103051
-0.0114453
-0.0125674
-0.0136607
-0.0147155
-0.0157241
-0.01668
-0.017578
-0.0184143
-0.0191858
-0.0198903
-0.0205261
-0.0210922
-0.0215875
-0.0220114
-0.0223633
-0.022643
-0.0228503
-0.0229849
-0.0230471
-0.0230371
-0.0229554
-0.0228026
-0.0225798
-0.022288
-0.0219288
-0.0215037
-0.0210147
-0.0204637
-0.0198528
-0.019184
-0.0184594
-0.0176804
-0.0168484
-0.0159642
-0.0150281
-0.01404
-0.0129991
-0.0119044
-0.0107547
-0.00954985
-0.00829326
-0.00699572
-0.00568108
-0.00435893
-0.00305878
-0.00183789
-0.000754845
0.000135981
0.000805415
0.00125492
0.00150523
0.00160548
0.00161201
0.00156135
0.00148222
0.00139098
0.0013158
0.0012759
0.00220983
0.00196518
0.00164839
0.00138669
0.0011802
0.000981842
0.000760074
0.000493692
0.000166366
-0.000236133
-0.000727401
-0.00131819
-0.00201546
-0.00281926
-0.00372394
-0.00471822
-0.00578644
-0.00691135
-0.00807605
-0.00926418
-0.0104603
-0.0116501
-0.0128208
-0.0139611
-0.0150614
-0.0161141
-0.017113
-0.0180535
-0.018932
-0.0197462
-0.0204944
-0.0211754
-0.0217884
-0.0223331
-0.0228091
-0.0232161
-0.023554
-0.0238228
-0.0240226
-0.0241535
-0.0242156
-0.0242096
-0.0241358
-0.0239952
-0.0237886
-0.0235173
-0.0231828
-0.0227867
-0.0223307
-0.0218168
-0.021247
-0.0206231
-0.0199467
-0.0192192
-0.0184413
-0.0176132
-0.0167342
-0.0158027
-0.0148163
-0.0137717
-0.012665
-0.0114921
-0.0102496
-0.00893719
-0.00756209
-0.00614115
-0.00469924
-0.00327155
-0.00192768
-0.000743505
0.000208325
0.000891046
0.00130843
0.00149526
0.00152374
0.00146453
0.00136524
0.00125551
0.00117257
0.00112872
0.0025284
0.00224856
0.00188559
0.0015891
0.00135108
0.00111263
0.00083736
0.000501997
8.86735e-05
-0.000417754
-0.00102769
-0.00174799
-0.00257929
-0.00351597
-0.00454717
-0.00565722
-0.006828
-0.00804125
-0.00927953
-0.0105264
-0.0117666
-0.0129868
-0.0141751
-0.0153218
-0.0164192
-0.0174615
-0.0184443
-0.0193646
-0.0202206
-0.0210111
-0.0217353
-0.0223931
-0.0229842
-0.0235089
-0.023967
-0.0243588
-0.0246844
-0.0249437
-0.0251372
-0.0252651
-0.0253277
-0.0253254
-0.0252589
-0.025129
-0.0249367
-0.0246832
-0.0243698
-0.0239983
-0.0235702
-0.0230875
-0.022552
-0.0219654
-0.0213293
-0.0206447
-0.0199123
-0.0191319
-0.0183024
-0.0174215
-0.0164858
-0.0154906
-0.01443
-0.0132972
-0.0120856
-0.0107899
-0.00940789
-0.00794312
-0.0064115
-0.00484685
-0.00330028
-0.00185558
-0.000611405
0.00034636
0.000978988
0.00130365
0.00138689
0.00133035
0.00121297
0.00108573
0.000995322
0.000944811
0.00278938
0.00247026
0.00206177
0.00172884
0.001455
0.00117115
0.000837437
0.000427744
-7.86609e-05
-0.000693986
-0.00142466
-0.00227262
-0.0032325
-0.00429361
-0.00544015
-0.00665314
-0.00791285
-0.00920031
-0.0104978
-0.0117891
-0.0130598
-0.0142974
-0.0154919
-0.0166355
-0.0177223
-0.0187483
-0.019711
-0.0206089
-0.0214413
-0.022208
-0.0229092
-0.0235451
-0.0241162
-0.0246227
-0.0250652
-0.0254438
-0.0257588
-0.0260104
-0.0261989
-0.0263248
-0.0263882
-0.0263898
-0.02633
-0.0262099
-0.0260302
-0.0257922
-0.0254971
-0.0251466
-0.0247422
-0.0242856
-0.0237787
-0.023223
-0.02262
-0.0219709
-0.0212761
-0.0205354
-0.0197475
-0.0189102
-0.0180196
-0.0170704
-0.0160557
-0.0149673
-0.0137961
-0.0125328
-0.0111701
-0.00970456
-0.00814051
-0.00649718
-0.00481684
-0.00317067
-0.00166321
-0.000414202
0.000482385
0.00100172
0.00118985
0.00115796
0.00102977
0.000884182
0.000779992
0.000716998
0.00295578
0.00260554
0.00215503
0.00178528
0.0014724
0.00114013
0.000744411
0.000255248
-0.00034649
-0.00107023
-0.00191924
-0.00288859
-0.0039681
-0.00514194
-0.00639028
-0.0076918
-0.00902567
-0.0103725
-0.0117147
-0.0130366
-0.0143248
-0.0155688
-0.0167603
-0.0178934
-0.0189642
-0.0199705
-0.0209111
-0.0217859
-0.022595
-0.0233391
-0.0240189
-0.024635
-0.0251882
-0.025679
-0.026108
-0.0264755
-0.0267818
-0.0270273
-0.0272122
-0.0273369
-0.0274018
-0.0274073
-0.027354
-0.0272428
-0.0270744
-0.0268501
-0.0265709
-0.0262384
-0.0258541
-0.0254196
-0.0249365
-0.0244064
-0.0238308
-0.0232106
-0.0225465
-0.0218384
-0.0210851
-0.0202844
-0.0194325
-0.0185243
-0.0175525
-0.0165084
-0.0153816
-0.0141606
-0.0128342
-0.0113934
-0.00983471
-0.00816526
-0.00641201
-0.00463268
-0.00292049
-0.00140056
-0.000212624
0.000553517
0.000907373
0.000942964
0.000815529
0.000650928
0.000521931
0.000441537
0.0030157
0.00263723
0.00214825
0.00174201
0.00138872
0.00100628
0.000545819
-2.38006e-05
-0.000719426
-0.00154829
-0.00250836
-0.00358977
-0.00477698
-0.0060496
-0.00738473
-0.00875944
-0.0101522
-0.0115436
-0.0129164
-0.0142561
-0.015551
-0.0167922
-0.0179735
-0.0190909
-0.0201424
-0.0211272
-0.0220453
-0.0228974
-0.0236846
-0.0244079
-0.0250684
-0.0256671
-0.0262048
-0.0266822
-0.0270999
-0.0274582
-0.0277577
-0.0279985
-0.0281809
-0.0283053
-0.0283721
-0.0283816
-0.0283345
-0.0282315
-0.0280734
-0.0278612
-0.0275961
-0.0272793
-0.0269122
-0.0264964
-0.0260334
-0.0255246
-0.0249715
-0.0243751
-0.0237361
-0.0230544
-0.0223294
-0.0215589
-0.0207398
-0.019867
-0.0189337
-0.0179313
-0.0168488
-0.0156739
-0.0143933
-0.012994
-0.0114666
-0.00980835
-0.00803173
-0.00617786
-0.00432795
-0.00259205
-0.00111985
-6.36344e-05
0.000510702
0.000665197
0.000565155
0.000382425
0.000216586
0.000117511
0.00295397
0.00255193
0.00202935
0.00158833
0.00119454
0.000760365
0.000234489
-0.000412567
-0.00119751
-0.00212458
-0.00318616
-0.0043676
-0.00564842
-0.0070045
-0.0084107
-0.00984303
-0.0112797
-0.0127015
-0.0140921
-0.0154385
-0.0167308
-0.0179621
-0.0191282
-0.0202267
-0.0212572
-0.02222
-0.0231161
-0.0239469
-0.0247139
-0.0254186
-0.0260621
-0.0266456
-0.0271701
-0.0276362
-0.0280445
-0.0283955
-0.0286895
-0.0289269
-0.0291078
-0.0292325
-0.0293016
-0.0293153
-0.0292742
-0.0291788
-0.0290301
-0.0288288
-0.0285761
-0.028273
-0.0279209
-0.0275212
-0.0270753
-0.0265845
-0.0260502
-0.0254734
-0.0248549
-0.0241948
-0.0234927
-0.022747
-0.021955
-0.0211123
-0.0202127
-0.019248
-0.0182076
-0.017079
-0.0158478
-0.014499
-0.013019
-0.0113984
-0.00963664
-0.007756
-0.00582439
-0.00393882
-0.00222961
-0.000879018
-3.25889e-05
0.000303357
0.000268016
6.98445e-05
-0.000139968
-0.00025694
0.00276172
0.00234177
0.00179155
0.00131847
0.000884382
0.000399121
-0.000188878
-0.000908989
-0.00177695
-0.0027925
-0.00394383
-0.00521143
-0.00657059
-0.00799428
-0.00945581
-0.0109306
-0.0123969
-0.0138362
-0.0152335
-0.0165774
-0.0178599
-0.0190761
-0.0202235
-0.0213014
-0.0223104
-0.0232516
-0.0241269
-0.0249381
-0.0256869
-0.026375
-0.0270037
-0.0275742
-0.0280875
-0.0285441
-0.0289448
-0.0292899
-0.0295798
-0.0298147
-0.0299948
-0.0301205
-0.0301921
-0.03021
-0.0301745
-0.0300864
-0.0299462
-0.0297549
-0.0295133
-0.0292224
-0.0288835
-0.0284979
-0.0280667
-0.0275912
-0.0270728
-0.0265124
-0.0259109
-0.0252686
-0.0245853
-0.0238599
-0.0230902
-0.0222726
-0.0214018
-0.0204704
-0.0194686
-0.0183843
-0.017203
-0.0159084
-0.0144846
-0.0129179
-0.0111993
-0.00933121
-0.00735682
-0.00538492
-0.00350607
-0.00188986
-0.000743661
-0.000173161
-9.9085e-05
-0.000295034
-0.000548347
-0.000681631
0.00243661
0.00200487
0.00143359
0.000931813
0.000459098
-7.47848e-05
-0.000720319
-0.00150702
-0.00244908
-0.00354217
-0.00477013
-0.00610913
-0.00753104
-0.00900669
-0.0105084
-0.0120114
-0.0134944
-0.0149399
-0.0163344
-0.0176685
-0.0189359
-0.0201336
-0.0212604
-0.0223169
-0.0233046
-0.0242253
-0.0250813
-0.0258746
-0.0266072
-0.0272807
-0.0278966
-0.028456
-0.0289597
-0.0294086
-0.029803
-0.0301434
-0.0304301
-0.0306633
-0.0308433
-0.0309703
-0.0310446
-0.0310665
-0.0310365
-0.0309551
-0.0308229
-0.0306406
-0.030409
-0.0301292
-0.029802
-0.0294288
-0.0290105
-0.0285484
-0.0280437
-0.0274973
-0.0269102
-0.0262827
-0.025615
-0.0249063
-0.0241551
-0.0233585
-0.0225121
-0.0216096
-0.0206423
-0.019599
-0.0184655
-0.0172256
-0.0158615
-0.0143568
-0.012698
-0.0108752
-0.00889977
-0.00687421
-0.00489457
-0.00307654
-0.00164519
-0.000797266
-0.000553403
-0.000720634
-0.00100647
-0.00115599
0.00198205
0.00154491
0.000959236
0.000432541
-7.58856e-05
-0.000653823
-0.00135113
-0.00219718
-0.00320315
-0.00436159
-0.00565233
-0.00704782
-0.00851724
-0.01003
-0.0115578
-0.0130761
-0.0145645
-0.0160067
-0.017391
-0.0187096
-0.0199582
-0.0211351
-0.0222404
-0.0232755
-0.0242427
-0.0251441
-0.0259824
-0.0267596
-0.0274777
-0.0281385
-0.0287433
-0.0292931
-0.0297889
-0.0302311
-0.0306205
-0.0309571
-0.0312414
-0.0314736
-0.0316539
-0.0317824
-0.0318594
-0.0318854
-0.0318605
-0.0317854
-0.0316605
-0.0314865
-0.0312641
-0.0309942
-0.0306777
-0.0303155
-0.0299087
-0.0294585
-0.0289658
-0.0284317
-0.0278569
-0.0272422
-0.0265877
-0.0258931
-0.0251573
-0.0243784
-0.0235527
-0.0226751
-0.0217381
-0.0207318
-0.0196431
-0.018456
-0.0171523
-0.0157134
-0.014123
-0.0123657
-0.010434
-0.00837344
-0.00634295
-0.0043953
-0.00272103
-0.00158297
-0.00112116
-0.00122364
-0.00151363
-0.0016849
0.00140643
0.000970315
0.000376463
-0.000170528
-0.000710549
-0.00132747
-0.00207004
-0.00296665
-0.0040259
-0.00523718
-0.00657688
-0.0080144
-0.00951696
-0.011053
-0.0125943
-0.0141168
-0.015601
-0.0170323
-0.0184005
-0.0196997
-0.020927
-0.0220819
-0.0231654
-0.0241798
-0.0251275
-0.026011
-0.0268331
-0.0275958
-0.0283011
-0.0289507
-0.0295458
-0.0300874
-0.0305763
-0.0310131
-0.0313981
-0.0317318
-0.0320143
-0.0322458
-0.0324266
-0.0325568
-0.0326366
-0.0326663
-0.0326464
-0.0325771
-0.032459
-0.0322927
-0.0320787
-0.0318179
-0.031511
-0.0311589
-0.0307626
-0.030323
-0.0298412
-0.0293179
-0.0287542
-0.0281506
-0.0275076
-0.0268252
-0.0261028
-0.0253389
-0.0245309
-0.0236748
-0.0227643
-0.0217909
-0.0207431
-0.0196058
-0.018361
-0.0169887
-0.0154707
-0.0137899
-0.0119263
-0.00987802
-0.00780692
-0.00579519
-0.00394503
-0.00253899
-0.00182466
-0.00180294
-0.00207401
-0.00227876
0.000722281
0.000293521
-0.000302225
-0.000864659
-0.00143131
-0.00208174
-0.00286294
-0.00380113
-0.00490279
-0.00615456
-0.00752994
-0.008996
-0.0105186
-0.0120658
-0.0136096
-0.0151268
-0.0165991
-0.0180135
-0.0193615
-0.0206386
-0.0218431
-0.0229755
-0.0240377
-0.025032
-0.0259614
-0.0268284
-0.0276357
-0.0283853
-0.0290792
-0.0297189
-0.0303054
-0.0308399
-0.0313229
-0.0317549
-0.0321364
-0.0324676
-0.0327487
-0.0329799
-0.0331613
-0.0332932
-0.0333757
-0.0334091
-0.0333938
-0.0333299
-0.0332182
-0.0330589
-0.0328527
-0.0326002
-0.0323022
-0.0319594
-0.0315727
-0.0311429
-0.0306709
-0.0301576
-0.0296038
-0.0290104
-0.0283777
-0.0277061
-0.0269954
-0.0262447
-0.0254522
-0.0246148
-0.0237276
-0.0227835
-0.0217724
-0.020681
-0.0194919
-0.0181851
-0.0167401
-0.0151385
-0.0133583
-0.0113799
-0.00927003
-0.0072323
-0.00528252
-0.00365869
-0.00268263
-0.00247415
-0.00270347
-0.00295403
-5.32441e-05
-0.000470545
-0.00106167
-0.00163469
-0.00222348
-0.00290197
-0.0037143
-0.00468511
-0.00581863
-0.00709917
-0.00849795
-0.00998036
-0.0115115
-0.0130593
-0.0145964
-0.0161006
-0.017555
-0.0189482
-0.020273
-0.0215263
-0.0227074
-0.0238176
-0.0248589
-0.0258343
-0.0267465
-0.0275982
-0.028392
-0.0291298
-0.0298134
-0.0304442
-0.0310232
-0.0315513
-0.0320292
-0.0324571
-0.0328355
-0.0331646
-0.0334446
-0.0336756
-0.0338578
-0.0339913
-0.0340764
-0.0341132
-0.0341021
-0.0340434
-0.0339374
-0.0337847
-0.0335857
-0.0333409
-0.0330511
-0.0327169
-0.0323391
-0.0319184
-0.0314556
-0.0309515
-0.0304071
-0.029823
-0.0291999
-0.0285383
-0.0278382
-0.0270993
-0.0263206
-0.0254997
-0.0246331
-0.023715
-0.022737
-0.0216874
-0.0205504
-0.0193066
-0.0179339
-0.016413
-0.0147235
-0.0128347
-0.0107346
-0.00867647
-0.00669114
-0.00491598
-0.00369909
-0.00327206
-0.00341973
-0.00373196
-0.000901142
-0.00130447
-0.00188597
-0.00246522
-0.00307123
-0.00377186
-0.00460803
-0.00560277
-0.00675822
-0.00805678
-0.00946797
-0.0109561
-0.0124858
-0.0140255
-0.0155484
-0.0170337
-0.0184658
-0.0198347
-0.0211347
-0.0223634
-0.023521
-0.0246093
-0.0256307
-0.0265881
-0.0274842
-0.0283219
-0.0291032
-0.0298303
-0.0305045
-0.0311273
-0.0316996
-0.0322221
-0.0326953
-0.0331196
-0.0334953
-0.0338225
-0.0341016
-0.0343325
-0.0345154
-0.0346506
-0.034738
-0.034778
-0.0347709
-0.0347169
-0.0346163
-0.0344696
-0.0342772
-0.0340397
-0.0337575
-0.0334313
-0.0330618
-0.0326496
-0.0321955
-0.0317002
-0.0311645
-0.0305893
-0.0299753
-0.029323
-0.0286328
-0.0279049
-0.0271387
-0.0263328
-0.0254847
-0.0245899
-0.0236417
-0.0226299
-0.0215408
-0.020356
-0.0190537
-0.0176121
-0.0160105
-0.0142183
-0.0122069
-0.0101179
-0.00813399
-0.00628178
-0.00486952
-0.00421649
-0.00424023
-0.00464027
-0.00180308
-0.0021901
-0.00275803
-0.00333915
-0.00395743
-0.0046744
-0.0055277
-0.00653839
-0.00770681
-0.00901387
-0.0104279
-0.0119127
-0.0134329
-0.0149574
-0.0164605
-0.0179225
-0.0193293
-0.0206721
-0.0219462
-0.0231501
-0.0242847
-0.0253519
-0.0263542
-0.0272946
-0.0281759
-0.0290004
-0.0297703
-0.0304875
-0.0311532
-0.0317688
-0.0323349
-0.0328522
-0.0333212
-0.0337422
-0.0341154
-0.0344411
-0.0347193
-0.0349501
-0.0351338
-0.0352704
-0.03536
-0.035403
-0.0353995
-0.0353498
-0.0352542
-0.0351131
-0.0349269
-0.034696
-0.0344209
-0.0341022
-0.0337405
-0.0333363
-0.0328904
-0.0324035
-0.0318763
-0.0313096
-0.0307043
-0.030061
-0.0293803
-0.0286628
-0.0279083
-0.0271162
-0.0262849
-0.0254112
-0.0244899
-0.0235125
-0.0224673
-0.0213376
-0.0201027
-0.0187387
-0.0172241
-0.0155336
-0.0136342
-0.0115471
-0.00958524
-0.00772373
-0.00617822
-0.00530831
-0.00519125
-0.00569648
-0.00274048
-0.00310924
-0.00366016
-0.00423887
-0.0048648
-0.00559291
-0.00645729
-0.0074769
-0.00865046
-0.00995788
-0.0113669
-0.0128409
-0.0143451
-0.0158491
-0.0173282
-0.018764
-0.0201436
-0.0214592
-0.0227073
-0.0238869
-0.024999
-0.026046
-0.0270303
-0.0279548
-0.0288221
-0.0296344
-0.0303938
-0.0311018
-0.0317597
-0.0323686
-0.032929
-0.0334416
-0.0339067
-0.0343247
-0.0346957
-0.0350198
-0.0352972
-0.035528
-0.0357123
-0.0358502
-0.0359419
-0.0359875
-0.0359873
-0.0359415
-0.0358505
-0.0357145
-0.035534
-0.0353093
-0.0350409
-0.0347292
-0.0343748
-0.0339783
-0.0335403
-0.0330613
-0.0325423
-0.0319839
-0.031387
-0.0307525
-0.0300811
-0.0293735
-0.0286302
-0.0278511
-0.0270354
-0.026181
-0.025284
-0.024338
-0.0233328
-0.022254
-0.021082
-0.0197938
-0.0183677
-0.0167824
-0.0149964
-0.0129677
-0.0110087
-0.00918895
-0.00757978
-0.00653243
-0.00629744
-0.00688747
-0.00369531
-0.00404369
-0.0045747
-0.00514761
-0.00577712
-0.00651163
-0.00738177
-0.00840422
-0.00957635
-0.0108774
-0.0122749
-0.0137325
-0.0152158
-0.0166954
-0.0181478
-0.0195555
-0.020907
-0.0221955
-0.0234178
-0.0245737
-0.0256644
-0.0266921
-0.0276594
-0.028569
-0.0294233
-0.0302243
-0.0309739
-0.0316734
-0.0323241
-0.0329267
-0.0334819
-0.0339901
-0.0344516
-0.0348668
-0.0352356
-0.0355583
-0.035835
-0.0360657
-0.0362505
-0.0363895
-0.036483
-0.036531
-0.0365338
-0.0364917
-0.0364048
-0.0362735
-0.0360982
-0.0358792
-0.035617
-0.0353119
-0.0349644
-0.0345751
-0.0341445
-0.0336733
-0.0331622
-0.0326119
-0.0320233
-0.0313974
-0.030735
-0.0300372
-0.0293046
-0.0285378
-0.0277368
-0.0269003
-0.0260257
-0.0251082
-0.0241395
-0.0231073
-0.021994
-0.0207776
-0.0194348
-0.0179447
-0.0162726
-0.0143773
-0.0124081
-0.0106387
-0.00902194
-0.00785655
-0.00755102
-0.00818209
-0.00464995
-0.00497619
-0.00548497
-0.00604939
-0.00667904
-0.00741592
-0.00828728
-0.00930755
-0.0104729
-0.0117623
-0.0131434
-0.0145802
-0.0160393
-0.0174921
-0.0189161
-0.020295
-0.0216183
-0.02288
-0.0240774
-0.0252106
-0.0262809
-0.0272905
-0.0282419
-0.0291375
-0.0299796
-0.0307701
-0.0315106
-0.0322023
-0.0328462
-0.033443
-0.0339933
-0.0344974
-0.0349556
-0.0353681
-0.0357349
-0.0360563
-0.0363321
-0.0365627
-0.0367479
-0.0368879
-0.036983
-0.0370331
-0.0370386
-0.0369997
-0.0369166
-0.0367896
-0.0366191
-0.0364053
-0.0361487
-0.0358497
-0.0355088
-0.0351263
-0.0347028
-0.034239
-0.0337355
-0.0331931
-0.0326127
-0.0319952
-0.0313418
-0.0306535
-0.0299314
-0.0291765
-0.0283892
-0.0275694
-0.0267156
-0.0258242
-0.024889
-0.0238995
-0.0228404
-0.0216913
-0.0204282
-0.0190294
-0.0174686
-0.0157115
-0.013772
-0.0120496
-0.0104637
-0.00923833
-0.00889159
-0.0095058
-0.00558808
-0.00589095
-0.00637595
-0.00692959
-0.00755655
-0.00829246
-0.00916133
-0.0101755
-0.01133
-0.0126036
-0.0139646
-0.0153779
-0.0168107
-0.0182352
-0.0196303
-0.0209806
-0.0222763
-0.023512
-0.0246856
-0.0257973
-0.0268484
-0.0278411
-0.0287776
-0.0296603
-0.0304911
-0.0312718
-0.0320038
-0.0326882
-0.0333258
-0.0339172
-0.0344629
-0.0349632
-0.0354183
-0.0358282
-0.0361932
-0.0365132
-0.0367883
-0.0370186
-0.0372041
-0.037345
-0.0374414
-0.0374934
-0.0375013
-0.0374653
-0.0373855
-0.0372624
-0.0370962
-0.0368872
-0.0366359
-0.0363425
-0.0360075
-0.0356314
-0.0352147
-0.0347579
-0.0342618
-0.033727
-0.0331545
-0.0325454
-0.0319007
-0.0312218
-0.0305099
-0.0297664
-0.0289924
-0.0281883
-0.0273537
-0.0264863
-0.0255815
-0.024631
-0.0236215
-0.0225344
-0.021347
-0.0200382
-0.0185873
-0.0169519
-0.0150967
-0.0133966
-0.0118598
-0.0106202
-0.0102244
-0.0107415
-0.00649409
-0.00677374
-0.00723399
-0.00777512
-0.00839707
-0.00912938
-0.00999287
-0.0109978
-0.0121389
-0.0133937
-0.0147322
-0.0161203
-0.0175257
-0.0189218
-0.0202882
-0.0216105
-0.0228797
-0.0240908
-0.025242
-0.0263335
-0.0273667
-0.0283436
-0.0292664
-0.0301371
-0.0309574
-0.0317291
-0.0324532
-0.0331308
-0.0337626
-0.034349
-0.0348905
-0.0353872
-0.0358393
-0.0362469
-0.0366101
-0.0369288
-0.0372032
-0.0374332
-0.0376189
-0.0377605
-0.037858
-0.0379117
-0.0379217
-0.0378882
-0.0378114
-0.0376917
-0.0375294
-0.0373247
-0.0370781
-0.0367898
-0.0364604
-0.0360902
-0.0356797
-0.0352296
-0.0347404
-0.034213
-0.0336482
-0.0330472
-0.032411
-0.0317413
-0.0310394
-0.030307
-0.0295456
-0.0287563
-0.0279396
-0.0270943
-0.0262174
-0.0253023
-0.0243381
-0.023308
-0.0221909
-0.0209649
-0.0196114
-0.0180922
-0.0163634
-0.0146705
-0.0131844
-0.0119509
-0.0114787
-0.0118342
-0.00735599
-0.00761172
-0.00804699
-0.00857442
-0.00918966
-0.00991637
-0.0107724
-0.0117662
-0.0128915
-0.0141262
-0.0154406
-0.0168029
-0.018181
-0.0195491
-0.0208877
-0.0221833
-0.0234274
-0.0246155
-0.0257458
-0.0268187
-0.0278354
-0.0287978
-0.0297079
-0.0305675
-0.0313783
-0.0321416
-0.0328585
-0.0335299
-0.0341562
-0.034738
-0.0352756
-0.035769
-0.0362184
-0.0366238
-0.0369853
-0.0373028
-0.0375764
-0.0378061
-0.037992
-0.0381341
-0.0382326
-0.0382877
-0.0382994
-0.0382681
-0.038194
-0.0380773
-0.0379184
-0.0377175
-0.0374751
-0.0371915
-0.036867
-0.0365022
-0.0360976
-0.0356536
-0.035171
-0.0346505
-0.0340931
-0.0334998
-0.0328719
-0.032211
-0.0315188
-0.0307971
-0.0300477
-0.0292724
-0.0284724
-0.0276475
-0.0267961
-0.0259133
-0.0249901
-0.0240122
-0.0229599
-0.0218103
-0.0205438
-0.0191308
-0.017541
-0.0158669
-0.0144264
-0.0132027
-0.0126349
-0.012834
-0.00816143
-0.0083946
-0.0088047
-0.00931775
-0.00992502
-0.0106447
-0.0114918
-0.0124736
-0.0135816
-0.0147954
-0.0160855
-0.0174222
-0.0187736
-0.0201147
-0.0214271
-0.0226977
-0.0239185
-0.0250853
-0.0261965
-0.0272523
-0.028254
-0.0292032
-0.0301017
-0.0309512
-0.0317533
-0.0325089
-0.0332193
-0.0338849
-0.0345064
-0.0350839
-0.0356179
-0.0361083
-0.0365552
-0.0369586
-0.0373185
-0.0376349
-0.0379078
-0.0381372
-0.0383231
-0.0384657
-0.038565
-0.0386212
-0.0386345
-0.0386051
-0.0385332
-0.0384191
-0.0382631
-0.0380656
-0.0378268
-0.0375473
-0.0372273
-0.0368673
-0.0364679
-0.0360295
-0.035553
-0.035039
-0.0344884
-0.0339025
-0.0332825
-0.0326301
-0.0319471
-0.0312356
-0.0304977
-0.0297356
-0.028951
-0.028145
-0.0273167
-0.0264632
-0.0255771
-0.0246465
-0.0236531
-0.0225746
-0.021391
-0.0200803
-0.018613
-0.0169847
-0.0155803
-0.0143689
-0.0137198
-0.0137975
-0.00890607
-0.00911065
-0.00949809
-0.00999675
-0.0105953
-0.011307
-0.0121443
-0.0131135
-0.0142043
-0.0153969
-0.0166634
-0.0179752
-0.0193011
-0.020617
-0.0219049
-0.0231524
-0.024352
-0.0254994
-0.0265933
-0.0276337
-0.0286218
-0.0295591
-0.0304472
-0.0312877
-0.0320818
-0.0328307
-0.0335351
-0.0341956
-0.0348126
-0.0353864
-0.0359171
-0.0364048
-0.0368494
-0.0372511
-0.0376096
-0.0379249
-0.0381972
-0.0384262
-0.0386122
-0.0387551
-0.0388551
-0.0389123
-0.0389268
-0.0388989
-0.0388289
-0.038717
-0.0385635
-0.0383688
-0.0381332
-0.0378571
-0.037541
-0.0371852
-0.0367904
-0.0363571
-0.035886
-0.0353778
-0.0348336
-0.0342545
-0.0336419
-0.0329975
-0.0323232
-0.0316213
-0.0308942
-0.0301444
-0.0293743
-0.0285855
-0.0277784
-0.0269513
-0.0260988
-0.0252107
-0.0242707
-0.023258
-0.0221524
-0.0209347
-0.0195697
-0.0180336
-0.0166558
-0.0154556
-0.0147566
-0.0147387
-0.00957857
-0.00975666
-0.0101222
-0.0106053
-0.0111946
-0.0118979
-0.0127249
-0.0136809
-0.0147553
-0.0159272
-0.0171712
-0.0184595
-0.0197616
-0.0210541
-0.0223197
-0.0235464
-0.0247268
-0.025857
-0.0269354
-0.0279621
-0.0289382
-0.029865
-0.0307439
-0.0315763
-0.0323635
-0.0331063
-0.0338054
-0.0344614
-0.0350745
-0.035645
-0.0361729
-0.0366582
-0.0371009
-0.0375009
-0.0378582
-0.0381727
-0.0384444
-0.0386732
-0.0388591
-0.0390023
-0.0391028
-0.0391608
-0.0391763
-0.0391497
-0.0390812
-0.0389711
-0.0388196
-0.0386272
-0.0383942
-0.038121
-0.0378081
-0.0374559
-0.037065
-0.036636
-0.0361697
-0.0356667
-0.0351282
-0.0345552
-0.0339494
-0.0333123
-0.0326461
-0.0319531
-0.031236
-0.0304977
-0.0297408
-0.0289677
-0.0281798
-0.0273766
-0.0265543
-0.0257045
-0.024813
-0.0238605
-0.0228265
-0.0216929
-0.0204232
-0.0189863
-0.0176479
-0.0164767
-0.0157533
-0.0156606
-0.0101629
-0.0103239
-0.0106684
-0.0111376
-0.0117179
-0.0124131
-0.0132298
-0.0141724
-0.0152311
-0.0163836
-0.0176067
-0.0188733
-0.0201535
-0.0214249
-0.0226705
-0.0238787
-0.0250422
-0.0261572
-0.0272221
-0.028237
-0.0292026
-0.0301202
-0.0309911
-0.0318166
-0.0325977
-0.0333353
-0.0340299
-0.034682
-0.0352918
-0.0358594
-0.0363849
-0.0368682
-0.0373093
-0.0377081
-0.0380644
-0.0383782
-0.0386494
-0.0388779
-0.0390639
-0.0392073
-0.0393082
-0.0393667
-0.0393831
-0.0393575
-0.0392902
-0.0391814
-0.0390315
-0.0388408
-0.0386098
-0.0383389
-0.0380285
-0.0376792
-0.0372916
-0.0368661
-0.0364037
-0.0359052
-0.0353715
-0.034804
-0.034204
-0.0335735
-0.0329146
-0.0322297
-0.0315218
-0.0307938
-0.030049
-0.0292902
-0.0285197
-0.0277378
-0.0269425
-0.0261271
-0.0252796
-0.0243818
-0.0234127
-0.0223546
-0.0211749
-0.019849
-0.0185526
-0.0174278
-0.0167049
-0.0165537
-0.0106632
-0.0108092
-0.0111316
-0.0115896
-0.0121621
-0.0128495
-0.0136564
-0.0145858
-0.0156296
-0.0167643
-0.0179682
-0.019215
-0.0204756
-0.0217282
-0.0229562
-0.0241483
-0.0252973
-0.0263993
-0.0274527
-0.0284574
-0.0294142
-0.030324
-0.0311882
-0.0320079
-0.032784
-0.0335172
-0.034208
-0.0348569
-0.035464
-0.0360293
-0.0365529
-0.0370346
-0.0374745
-0.0378722
-0.0382278
-0.0385411
-0.038812
-0.0390404
-0.0392265
-0.0393701
-0.0394713
-0.0395303
-0.0395472
-0.0395223
-0.0394558
-0.039348
-0.0391992
-0.0390098
-0.0387802
-0.0385109
-0.0382024
-0.0378552
-0.03747
-0.0370473
-0.036588
-0.0360929
-0.0355632
-0.0350002
-0.0344053
-0.0337804
-0.0331278
-0.0324501
-0.0317503
-0.0310316
-0.0302976
-0.0295516
-0.0287965
-0.0280337
-0.0272623
-0.0264777
-0.0256695
-0.0248214
-0.0239121
-0.0229236
-0.0218297
-0.020615
-0.0193631
-0.0183017
-0.0175988
-0.0174037
-0.0110833
-0.011212
-0.0115144
-0.0119604
-0.0125253
-0.0132054
-0.0140033
-0.01492
-0.015949
-0.0170673
-0.0182549
-0.0194838
-0.020727
-0.0219632
-0.0231761
-0.0243546
-0.0254914
-0.0265825
-0.0276264
-0.0286229
-0.0295724
-0.0304759
-0.0313347
-0.0321497
-0.0329217
-0.0336515
-0.0343394
-0.0349858
-0.0355907
-0.0361544
-0.0366766
-0.0371572
-0.0375962
-0.0379933
-0.0383485
-0.0386615
-0.0389323
-0.0391607
-0.0393469
-0.0394906
-0.0395922
-0.0396515
-0.0396689
-0.0396444
-0.0395784
-0.0394711
-0.039323
-0.0391343
-0.0389055
-0.0386372
-0.0383298
-0.0379839
-0.0376002
-0.0371794
-0.0367223
-0.0362298
-0.035703
-0.0351434
-0.0345524
-0.0339321
-0.0332848
-0.0326131
-0.0319202
-0.0312097
-0.0304851
-0.0297504
-0.0290088
-0.0282628
-0.0275126
-0.0267551
-0.025982
-0.0251787
-0.0243252
-0.023403
-0.0223928
-0.0212781
-0.0200754
-0.0190863
-0.0184197
-0.0181943
-0.0114212
-0.011532
-0.0118157
-0.01225
-0.0128072
-0.0134802
-0.0142697
-0.015175
-0.0161893
-0.0172924
-0.018466
-0.019679
-0.020907
-0.0221292
-0.0233296
-0.0244969
-0.0256237
-0.0267062
-0.0277426
-0.0287326
-0.0296765
-0.0305753
-0.0314299
-0.0322414
-0.0330104
-0.0337376
-0.0344235
-0.0350682
-0.0356718
-0.0362343
-0.0367557
-0.0372357
-0.0376743
-0.0380712
-0.0384263
-0.0387393
-0.0390102
-0.0392388
-0.0394251
-0.0395692
-0.0396709
-0.0397305
-0.0397481
-0.0397238
-0.039658
-0.039551
-0.039403
-0.0392145
-0.0389859
-0.0387179
-0.0384108
-0.0380655
-0.0376824
-0.0372625
-0.0368065
-0.0363155
-0.0357906
-0.0352332
-0.0346451
-0.0340281
-0.0333848
-0.0327179
-0.0320306
-0.0313268
-0.0306102
-0.0298851
-0.0291552
-0.0284238
-0.027692
-0.0269582
-0.0262161
-0.0254529
-0.0246506
-0.0237907
-0.0228589
-0.021834
-0.0206981
-0.0197735
-0.0191518
-0.0189104
-0.0116762
-0.0117693
-0.0120352
-0.0124584
-0.0130081
-0.0136742
-0.0144556
-0.0153507
-0.0163514
-0.0174403
-0.018601
-0.0198005
-0.0210155
-0.022226
-0.0234161
-0.0245745
-0.0256937
-0.0267698
-0.0278007
-0.0287859
-0.0297259
-0.0306213
-0.0314732
-0.0322824
-0.0330495
-0.0337753
-0.0344599
-0.0351037
-0.0357067
-0.0362688
-0.03679
-0.03727
-0.0377087
-0.0381058
-0.0384611
-0.0387745
-0.0390457
-0.0392747
-0.0394614
-0.0396057
-0.0397077
-0.0397675
-0.0397852
-0.0397609
-0.039695
-0.0395877
-0.0394395
-0.0392506
-0.0390217
-0.0387532
-0.0384457
-0.0381
-0.0377167
-0.0372966
-0.0368407
-0.03635
-0.0358257
-0.0352694
-0.0346827
-0.0340677
-0.033427
-0.0327635
-0.0320804
-0.0313818
-0.0306716
-0.0299544
-0.0292343
-0.0285151
-0.0277991
-0.0270858
-0.0263706
-0.025643
-0.0248867
-0.0240835
-0.0232213
-0.022277
-0.0212302
-0.0203641
-0.0197829
-0.0195378
-0.0118502
-0.0119259
-0.0121742
-0.0125866
-0.0131289
-0.0137883
-0.0145621
-0.0154477
-0.0164365
-0.0175119
-0.0186597
-0.0198481
-0.0210524
-0.0222534
-0.0234355
-0.0245872
-0.025701
-0.0267726
-0.0277999
-0.0287823
-0.0297199
-0.0306136
-0.031464
-0.0322722
-0.0330386
-0.0337638
-0.0344483
-0.035092
-0.0356952
-0.0362577
-0.0367793
-0.0372599
-0.0376992
-0.038097
-0.038453
-0.0387671
-0.039039
-0.0392686
-0.0394558
-0.0396005
-0.0397028
-0.0397627
-0.0397803
-0.0397558
-0.0396895
-0.0395817
-0.0394327
-0.039243
-0.039013
-0.0387434
-0.0384348
-0.0380877
-0.0377032
-0.0372819
-0.0368248
-0.0363332
-0.0358083
-0.0352516
-0.034665
-0.0340506
-0.033411
-0.0327492
-0.0320688
-0.0313736
-0.0306681
-0.029957
-0.0292447
-0.0285356
-0.0278326
-0.0271366
-0.0264445
-0.025748
-0.0250324
-0.0242806
-0.0234813
-0.022611
-0.0216509
-0.0208477
-0.0203088
-0.0200653
-0.0119466
-0.0120051
-0.0122361
-0.0126374
-0.0131721
-0.0138247
-0.0145909
-0.0154677
-0.016446
-0.0175086
-0.0186431
-0.0198225
-0.0210179
-0.0222115
-0.0233876
-0.0245347
-0.0256451
-0.0267142
-0.0277398
-0.028721
-0.029658
-0.0305513
-0.0314018
-0.0322102
-0.032977
-0.0337029
-0.0343881
-0.0350328
-0.035637
-0.0362006
-0.0367234
-0.0372052
-0.0376457
-0.0380447
-0.0384019
-0.0387171
-0.03899
-0.0392205
-0.0394084
-0.0395537
-0.0396563
-0.0397163
-0.0397337
-0.0397089
-0.039642
-0.0395332
-0.039383
-0.0391919
-0.0389603
-0.0386888
-0.0383781
-0.038029
-0.0376421
-0.0372185
-0.0367592
-0.0362654
-0.0357384
-0.0351799
-0.0345918
-0.0339763
-0.0333362
-0.0326745
-0.0319949
-0.0313014
-0.0305988
-0.0298917
-0.0291852
-0.0284839
-0.0277913
-0.0271094
-0.0264366
-0.0257666
-0.0250868
-0.0243805
-0.0236369
-0.0228345
-0.0219605
-0.0212176
-0.0207211
-0.0204844
-0.0119699
-0.0120117
-0.0122251
-0.0126145
-0.0131408
-0.0137862
-0.0145448
-0.0154128
-0.0163813
-0.0174322
-0.0185532
-0.0197243
-0.0209127
-0.0221005
-0.0232725
-0.0244168
-0.0255257
-0.0265942
-0.0276198
-0.0286016
-0.0295395
-0.0304341
-0.0312859
-0.0320958
-0.0328644
-0.033592
-0.034279
-0.0349256
-0.0355317
-0.0360972
-0.036622
-0.0371057
-0.0375481
-0.037949
-0.0383079
-0.0386246
-0.0388989
-0.0391306
-0.0393194
-0.0394654
-0.0395685
-0.0396286
-0.0396458
-0.0396204
-0.0395526
-0.0394426
-0.0392908
-0.0390977
-0.0388639
-0.0385898
-0.0382762
-0.0379239
-0.0375337
-0.0371067
-0.0366439
-0.0361465
-0.0356161
-0.0350542
-0.034463
-0.0338447
-0.0332023
-0.0325387
-0.0318581
-0.0311645
-0.0304627
-0.0297577
-0.0290547
-0.0283587
-0.027674
-0.0270031
-0.0263459
-0.0256979
-0.0250487
-0.0243826
-0.023688
-0.0229459
-0.0221541
-0.0214697
-0.0210154
-0.0207885
-0.0119257
-0.0119511
-0.0121463
-0.012522
-0.0130388
-0.0136763
-0.0144268
-0.0152855
-0.0162443
-0.0172847
-0.0183927
-0.0195552
-0.0207375
-0.0219209
-0.0230902
-0.0242335
-0.0253425
-0.0264121
-0.0274394
-0.0284235
-0.0293639
-0.0302611
-0.0311158
-0.0319286
-0.0327
-0.0334306
-0.0341206
-0.03477
-0.035379
-0.0359474
-0.036475
-0.0369614
-0.0374064
-0.0378097
-0.0381709
-0.0384897
-0.0387658
-0.038999
-0.0391892
-0.0393361
-0.0394397
-0.0394999
-0.0395169
-0.0394909
-0.0394219
-0.0393104
-0.0391566
-0.038961
-0.0387242
-0.0384468
-0.0381294
-0.037773
-0.0373785
-0.0369468
-0.0364791
-0.0359767
-0.0354413
-0.0348745
-0.0342785
-0.0336557
-0.033009
-0.0323418
-0.0316581
-0.0309622
-0.0302592
-0.029554
-0.0288523
-0.0281592
-0.0274796
-0.0268167
-0.0261715
-0.0255413
-0.0249176
-0.0242863
-0.0236345
-0.0229462
-0.0222317
-0.0216011
-0.0211881
-0.0209722
-0.0118205
-0.0118291
-0.0120049
-0.0123651
-0.0128707
-0.0134991
-0.0142405
-0.0150891
-0.0160371
-0.017068
-0.018165
-0.0193171
-0.0204936
-0.0216735
-0.0228413
-0.0239848
-0.0250954
-0.0261676
-0.0271983
-0.028186
-0.0291305
-0.030032
-0.0308909
-0.0317079
-0.0324835
-0.0332182
-0.0339123
-0.0345658
-0.0351787
-0.0357509
-0.0362821
-0.0367721
-0.0372205
-0.0376269
-0.037991
-0.0383124
-0.0385909
-0.0388261
-0.0390178
-0.0391658
-0.0392702
-0.0393307
-0.0393474
-0.0393206
-0.0392503
-0.0391369
-0.0389807
-0.0387821
-0.0385418
-0.0382603
-0.0379384
-0.0375769
-0.0371768
-0.0367392
-0.0362652
-0.0357564
-0.0352144
-0.0346409
-0.0340383
-0.033409
-0.0327562
-0.0320833
-0.0313945
-0.0306943
-0.0299877
-0.0292802
-0.0285773
-0.0278847
-0.0272075
-0.0265497
-0.0259131
-0.0252965
-0.0246936
-0.0240921
-0.0234782
-0.0228389
-0.0221898
-0.0216099
-0.021238
-0.0210324
-0.0116609
-0.0116522
-0.0118068
-0.0121494
-0.0126418
-0.0132592
-0.0139902
-0.0148276
-0.0157635
-0.016784
-0.0178716
-0.0190127
-0.0201828
-0.0213594
-0.0225264
-0.023671
-0.0247843
-0.0258604
-0.0268958
-0.0278888
-0.0288388
-0.0297458
-0.0306104
-0.0314331
-0.0322143
-0.0329544
-0.0336538
-0.0343124
-0.0349304
-0.0355074
-0.0360433
-0.0365377
-0.0369902
-0.0374006
-0.0377683
-0.0380929
-0.0383742
-0.0386119
-0.0388056
-0.0389551
-0.0390604
-0.0391212
-0.0391378
-0.0391101
-0.0390383
-0.0389228
-0.0387637
-0.0385616
-0.0383171
-0.0380308
-0.0377035
-0.037336
-0.0369292
-0.0364845
-0.0360029
-0.0354861
-0.0349358
-0.0343538
-0.0337427
-0.033105
-0.0324439
-0.0317632
-0.031067
-0.0303602
-0.0296478
-0.0289356
-0.0282293
-0.0275349
-0.0268575
-0.0262017
-0.0255703
-0.0249634
-0.024377
-0.0238005
-0.0232199
-0.0226251
-0.0220309
-0.0214947
-0.0211634
-0.0209684
-0.0114538
-0.0114269
-0.0115584
-0.0118807
-0.0123575
-0.0129619
-0.0136806
-0.0145054
-0.015428
-0.0164361
-0.0175136
-0.0186443
-0.0198071
-0.02098
-0.0221462
-0.0232924
-0.0244093
-0.0254903
-0.0265316
-0.0275312
-0.028488
-0.0294022
-0.0302738
-0.0311035
-0.0318916
-0.0326385
-0.0333445
-0.0340096
-0.0346337
-0.0352167
-0.0357582
-0.036258
-0.0367157
-0.0371308
-0.0375028
-0.0378314
-0.0381162
-0.0383568
-0.0385528
-0.0387042
-0.0388106
-0.0388721
-0.0388884
-0.0388598
-0.0387865
-0.0386685
-0.0385062
-0.0383002
-0.0380509
-0.0377591
-0.0374254
-0.0370508
-0.0366364
-0.0361832
-0.0356926
-0.0351663
-0.034606
-0.0340138
-0.0333921
-0.0327439
-0.0320724
-0.0313816
-0.0306757
-0.0299598
-0.0292392
-0.0285199
-0.0278078
-0.027109
-0.0264289
-0.0257724
-0.025143
-0.0245422
-0.0239681
-0.0234119
-0.0228602
-0.0223053
-0.0217589
-0.021256
-0.0209647
-0.0207808
-0.0112056
-0.0111597
-0.011266
-0.0115649
-0.0120235
-0.0126127
-0.013317
-0.0141276
-0.0150354
-0.0160291
-0.017094
-0.0182137
-0.0193682
-0.0205366
-0.0217016
-0.0228496
-0.0239704
-0.0250571
-0.0261053
-0.0271126
-0.0280776
-0.0290002
-0.0298804
-0.0307185
-0.031515
-0.0322701
-0.0329839
-0.0336567
-0.0342883
-0.0348784
-0.0354268
-0.035933
-0.0363968
-0.0368175
-0.0371947
-0.037528
-0.0378169
-0.038061
-0.03826
-0.0384136
-0.0385215
-0.0385836
-0.0385999
-0.0385704
-0.0384953
-0.0383747
-0.0382089
-0.0379984
-0.0377438
-0.0374457
-0.0371049
-0.0367222
-0.0362988
-0.035836
-0.035335
-0.0347975
-0.0342256
-0.0336212
-0.0329871
-0.0323263
-0.0316421
-0.0309388
-0.0302209
-0.0294935
-0.0287623
-0.0280332
-0.0273126
-0.0266068
-0.0259215
-0.0252616
-0.0246312
-0.024033
-0.023467
-0.0229269
-0.0224001
-0.0218812
-0.0213761
-0.0208964
-0.0206439
-0.0204705
-0.0109224
-0.010857
-0.0109361
-0.0112083
-0.0116456
-0.012217
-0.0129049
-0.013699
-0.0145901
-0.0155672
-0.016617
-0.0177238
-0.0188684
-0.0200309
-0.0211939
-0.0223431
-0.0234679
-0.0245607
-0.0256166
-0.0266325
-0.0276069
-0.0285392
-0.0294293
-0.0302773
-0.0310836
-0.0318483
-0.0325715
-0.0332534
-0.0338937
-0.0344923
-0.0350487
-0.0355626
-0.0360334
-0.0364608
-0.0368441
-0.0371829
-0.0374767
-0.037725
-0.0379274
-0.0380836
-0.0381934
-0.0382565
-0.0382729
-0.0382426
-0.0381656
-0.0380422
-0.0378725
-0.0376572
-0.0373966
-0.0370915
-0.0367426
-0.036351
-0.0359175
-0.0354436
-0.0349308
-0.0343806
-0.0337952
-0.0331768
-0.0325282
-0.0318526
-0.0311536
-0.0304355
-0.0297032
-0.0289618
-0.0282173
-0.027476
-0.0267443
-0.0260288
-0.0253356
-0.0246697
-0.0240354
-0.0234362
-0.0228743
-0.022346
-0.0218399
-0.0213517
-0.0208814
-0.0204247
-0.0202052
-0.0200397
-0.0106095
-0.0105247
-0.0105749
-0.0108174
-0.0112302
-0.011781
-0.0124498
-0.0132251
-0.014097
-0.0150551
-0.0160871
-0.0171782
-0.0183106
-0.0194651
-0.0206244
-0.0217739
-0.0229022
-0.0240011
-0.025065
-0.0260904
-0.0270752
-0.0280184
-0.0289198
-0.0297792
-0.0305967
-0.0313725
-0.0321067
-0.0327991
-0.0334496
-0.0340579
-0.0346237
-0.0351465
-0.0356256
-0.0360607
-0.0364512
-0.0367964
-0.0370958
-0.037349
-0.0375555
-0.0377149
-0.037827
-0.0378914
-0.037908
-0.0378769
-0.0377981
-0.0376717
-0.0374979
-0.0372772
-0.0370102
-0.0366974
-0.0363397
-0.035938
-0.0354933
-0.0350072
-0.0344809
-0.0339165
-0.0333158
-0.0326815
-0.0320164
-0.0313238
-0.0306076
-0.0298724
-0.0291231
-0.0283653
-0.027605
-0.0268489
-0.0261035
-0.0253756
-0.0246717
-0.0239971
-0.0233561
-0.0227528
-0.0221913
-0.0216709
-0.021181
-0.0207168
-0.0202739
-0.019848
-0.0196526
-0.0194908
-0.010272
-0.0101686
-0.0101885
-0.0103986
-0.0107843
-0.0113114
-0.011958
-0.0127114
-0.0135614
-0.0144975
-0.0155085
-0.0165808
-0.0176979
-0.0188417
-0.0199951
-0.0211432
-0.0222739
-0.0233784
-0.0244504
-0.0254857
-0.0264817
-0.027437
-0.0283509
-0.0292231
-0.0300535
-0.030842
-0.0315886
-0.0322932
-0.0329555
-0.0335751
-0.0341516
-0.0346846
-0.0351734
-0.0356174
-0.036016
-0.0363686
-0.0366746
-0.0369335
-0.0371448
-0.037308
-0.0374227
-0.0374888
-0.037506
-0.0374742
-0.0373935
-0.037264
-0.0370859
-0.0368595
-0.0365855
-0.0362644
-0.035897
-0.0354843
-0.0350274
-0.0345276
-0.0339866
-0.0334062
-0.0327886
-0.0321364
-0.0314526
-0.0307409
-0.0300053
-0.0292504
-0.0284817
-0.0277049
-0.0269263
-0.0261527
-0.025391
-0.0246482
-0.0239309
-0.0232449
-0.0225945
-0.0219841
-0.0214195
-0.0209029
-0.0204254
-0.0199802
-0.0195602
-0.0191637
-0.0189892
-0.0188286
-0.00991483
-0.00979371
-0.00978258
-0.00995862
-0.0103151
-0.0108151
-0.011436
-0.0121643
-0.012989
-0.0138997
-0.0148861
-0.0159359
-0.017034
-0.0181637
-0.0193081
-0.0204523
-0.0215838
-0.0226929
-0.0237726
-0.0248179
-0.0258258
-0.0267942
-0.0277219
-0.0286083
-0.029453
-0.0302559
-0.0310167
-0.0317351
-0.0324107
-0.0330433
-0.0336322
-0.0341768
-0.0346765
-0.0351308
-0.0355388
-0.0358999
-0.0362135
-0.036479
-0.0366958
-0.0368634
-0.0369815
-0.0370496
-0.0370676
-0.0370354
-0.0369529
-0.0368202
-0.0366375
-0.0364051
-0.0361236
-0.0357936
-0.0354158
-0.0349911
-0.0345208
-0.0340062
-0.033449
-0.0328511
-0.0322148
-0.0315428
-0.0308384
-0.0301053
-0.0293479
-0.0285711
-0.0277805
-0.0269821
-0.0261826
-0.0253889
-0.0246082
-0.0238479
-0.0231147
-0.0224146
-0.0217521
-0.0211318
-0.0205607
-0.0200441
-0.0195756
-0.0191456
-0.0187444
-0.0183746
-0.0182187
-0.018057
-0.00954259
-0.00940445
-0.00936439
-0.00950552
-0.00982971
-0.0102991
-0.0108908
-0.0115903
-0.0123859
-0.0132674
-0.0142251
-0.0152481
-0.016323
-0.0174343
-0.018566
-0.0197032
-0.0208331
-0.0219451
-0.0230317
-0.0240869
-0.0251069
-0.0260891
-0.0270317
-0.0279337
-0.0287945
-0.0296134
-0.0303901
-0.0311241
-0.0318149
-0.0324621
-0.033065
-0.0336229
-0.0341351
-0.034601
-0.0350197
-0.0353905
-0.0357128
-0.0359859
-0.0362091
-0.0363819
-0.0365039
-0.0365746
-0.0365938
-0.0365614
-0.0364772
-0.0363414
-0.0361539
-0.0359153
-0.0356259
-0.0352863
-0.0348973
-0.0344598
-0.0339751
-0.0334445
-0.0328697
-0.0322528
-0.031596
-0.0309025
-0.0301754
-0.0294188
-0.0286373
-0.0278362
-0.0270212
-0.0261988
-0.0253758
-0.0245594
-0.0237572
-0.0229766
-0.0222249
-0.0215081
-0.0208311
-0.0201983
-0.0196176
-0.0190974
-0.0186345
-0.0182162
-0.0178297
-0.0174835
-0.0173448
-0.0171806
-0.00916062
-0.00900493
-0.00894162
-0.00904797
-0.00933597
-0.00977106
-0.0103296
-0.0109962
-0.0117585
-0.0126064
-0.013531
-0.0145225
-0.0155692
-0.0166573
-0.0177718
-0.0188982
-0.0200232
-0.021136
-0.022228
-0.0232924
-0.0243245
-0.0253211
-0.0262796
-0.0271986
-0.0280769
-0.0289136
-0.029708
-0.0304595
-0.0311674
-0.0318311
-0.0324498
-0.0330227
-0.0335491
-0.0340282
-0.034459
-0.0348409
-0.0351731
-0.0354548
-0.0356853
-0.0358642
-0.0359907
-0.0360647
-0.0360856
-0.0360532
-0.0359676
-0.0358286
-0.0356364
-0.0353912
-0.0350936
-0.0347439
-0.0343431
-0.033892
-0.0333919
-0.0328441
-0.0322504
-0.031613
-0.0309342
-0.0302173
-0.0294656
-0.0286835
-0.0278757
-0.0270479
-0.0262062
-0.0253573
-0.0245083
-0.0236667
-0.0228403
-0.0220369
-0.021264
-0.0205281
-0.0198341
-0.0191862
-0.0185931
-0.0180662
-0.0176051
-0.0171948
-0.0168193
-0.0164951
-0.0163716
-0.0162033
-0.00877083
-0.00860295
-0.00852346
-0.00859486
-0.00884266
-0.00923955
-0.00976072
-0.0103895
-0.0111136
-0.011923
-0.0128093
-0.0137641
-0.0147773
-0.0158368
-0.0169289
-0.0180398
-0.0191563
-0.0202668
-0.0213621
-0.0224345
-0.0234785
-0.0244896
-0.0254649
-0.0264021
-0.0272994
-0.0281557
-0.0289698
-0.0297408
-0.0304678
-0.03115
-0.0317864
-0.0323762
-0.0329185
-0.0334124
-0.033857
-0.0342514
-0.0345947
-0.0348863
-0.0351252
-0.035311
-0.0354431
-0.0355208
-0.0355439
-0.0355121
-0.0354252
-0.0352833
-0.0350863
-0.0348345
-0.0345282
-0.0341681
-0.0337549
-0.0332895
-0.032773
-0.032207
-0.0315933
-0.030934
-0.0302317
-0.0294896
-0.0287115
-0.0279019
-0.0270659
-0.0262092
-0.0253385
-0.0244606
-0.0235832
-0.0227139
-0.0218608
-0.021032
-0.0202353
-0.0194777
-0.0187642
-0.018099
-0.017491
-0.0169544
-0.0164914
-0.0160854
-0.0157172
-0.015413
-0.0153028
-0.015129
-0.00837805
-0.00821109
-0.00811912
-0.00815459
-0.00835881
-0.0087136
-0.00919217
-0.00977759
-0.010458
-0.0112233
-0.0120658
-0.0129783
-0.0139522
-0.0149772
-0.0160412
-0.0171313
-0.0182346
-0.0193393
-0.0204352
-0.021514
-0.0225688
-0.0235945
-0.0245871
-0.0255435
-0.0264614
-0.027339
-0.0281747
-0.0289672
-0.0297155
-0.0304183
-0.0310745
-0.0316833
-0.0322434
-0.032754
-0.033214
-0.0336224
-0.0339784
-0.0342811
-0.0345297
-0.0347235
-0.0348618
-0.0349442
-0.0349701
-0.0349393
-0.0348516
-0.0347069
-0.0345052
-0.0342466
-0.0339317
-0.0335607
-0.0331346
-0.0326542
-0.0321207
-0.0315356
-0.0309007
-0.0302183
-0.0294911
-0.0287224
-0.0279163
-0.0270774
-0.026211
-0.0253235
-0.0244215
-0.0235125
-0.0226043
-0.0217049
-0.0208226
-0.0199659
-0.0191429
-0.0183611
-0.0176257
-0.0169408
-0.0163156
-0.0157663
-0.0152978
-0.0148939
-0.0145305
-0.0142397
-0.0141412
-0.0139611
-0.00799486
-0.00783876
-0.00773524
-0.0077354
-0.00789389
-0.00820185
-0.0086319
-0.00916797
-0.00979859
-0.0105139
-0.0113065
-0.0121704
-0.0130988
-0.0140831
-0.0151129
-0.0161764
-0.0172613
-0.0183558
-0.0194491
-0.0205318
-0.0215962
-0.022636
-0.0236462
-0.0246227
-0.0255625
-0.0264631
-0.0273224
-0.0281386
-0.0289102
-0.0296359
-0.0303142
-0.030944
-0.031524
-0.0320532
-0.0325304
-0.0329546
-0.0333248
-0.0336401
-0.0338996
-0.0341025
-0.0342482
-0.034336
-0.0343655
-0.0343363
-0.0342482
-0.0341011
-0.0338948
-0.0336296
-0.0333058
-0.0329239
-0.0324845
-0.0319886
-0.0314374
-0.0308324
-0.0301755
-0.0294689
-0.0287157
-0.0279191
-0.0270835
-0.0262137
-0.0253154
-0.0243951
-0.0234599
-0.0225176
-0.0215763
-0.0206445
-0.0197306
-0.0188434
-0.0179916
-0.0171829
-0.0164233
-0.0157166
-0.0150721
-0.0145076
-0.0140307
-0.0136255
-0.0132645
-0.0129783
-0.0128903
-0.0127029
-0.00763062
-0.00749076
-0.00737653
-0.00734388
-0.00745559
-0.00771153
-0.00808745
-0.00856798
-0.00914221
-0.00980077
-0.010537
-0.0113459
-0.0122223
-0.0131593
-0.0141484
-0.0151792
-0.0162401
-0.0173195
-0.0184062
-0.01949
-0.0205621
-0.021615
-0.0226426
-0.0236399
-0.0246028
-0.025528
-0.0264128
-0.0272548
-0.0280521
-0.0288028
-0.0295055
-0.0301586
-0.0307607
-0.0313106
-0.031807
-0.0322488
-0.0326349
-0.0329643
-0.033236
-0.0334493
-0.0336035
-0.0336978
-0.0337317
-0.0337048
-0.0336169
-0.0334678
-0.0332573
-0.0329856
-0.032653
-0.03226
-0.0318072
-0.0312956
-0.0307262
-0.0301008
-0.0294211
-0.0286897
-0.0279094
-0.0270839
-0.0262176
-0.0253156
-0.0243839
-0.0234292
-0.0224591
-0.0214816
-0.0205051
-0.0195385
-0.0185907
-0.0176706
-0.0167872
-0.015949
-0.0151626
-0.0144319
-0.0137661
-0.0131844
-0.0126968
-0.0122853
-0.0119223
-0.0116346
-0.0115537
-0.0113573
-0.00728959
-0.0071685
-0.00704571
-0.0069842
-0.00704978
-0.00724945
-0.00756622
-0.00798465
-0.00849535
-0.00909003
-0.00976282
-0.0105099
-0.0113275
-0.0122107
-0.0131525
-0.0141442
-0.0151752
-0.0162343
-0.0173099
-0.0183914
-0.0194687
-0.0205334
-0.0215779
-0.0225962
-0.0235831
-0.0245344
-0.0254464
-0.0263163
-0.0271414
-0.0279197
-0.028649
-0.0293278
-0.0299542
-0.030527
-0.0310447
-0.031506
-0.0319098
-0.0322549
-0.0325405
-0.0327655
-0.0329293
-0.0330312
-0.0330704
-0.0330467
-0.0329597
-0.0328091
-0.0325949
-0.0323171
-0.031976
-0.031572
-0.0311058
-0.0305782
-0.0299906
-0.0293444
-0.0286416
-0.0278847
-0.0270769
-0.0262218
-0.025324
-0.0243888
-0.0234226
-0.0224322
-0.0214256
-0.0204112
-0.0193977
-0.0183942
-0.0174099
-0.0164543
-0.0155367
-0.014666
-0.0138501
-0.013093
-0.0124037
-0.011802
-0.0112999
-0.0108787
-0.0105094
-0.0102133
-0.0101341
-0.00992607
-0.00697399
-0.0068709
-0.00674305
-0.00665797
-0.00668066
-0.00682206
-0.00707482
-0.00742452
-0.00786415
-0.00838732
-0.00898919
-0.00966723
-0.0104192
-0.0112419
-0.0121301
-0.0130764
-0.0140715
-0.0151047
-0.0161646
-0.0172398
-0.0183196
-0.0193941
-0.0204546
-0.0214938
-0.0225053
-0.0234837
-0.0244246
-0.0253243
-0.0261795
-0.0269875
-0.0277459
-0.0284527
-0.0291058
-0.0297037
-0.0302447
-0.0307276
-0.0311509
-0.0315136
-0.0318146
-0.0320529
-0.0322277
-0.0323383
-0.032384
-0.0323644
-0.032279
-0.0321277
-0.0319103
-0.0316269
-0.0312777
-0.0308631
-0.0303837
-0.0298405
-0.0292346
-0.0285677
-0.0278417
-0.0270594
-0.0262237
-0.0253386
-0.0244089
-0.0234401
-0.0224385
-0.0214116
-0.0203674
-0.0193145
-0.0182622
-0.0172198
-0.0161969
-0.0152031
-0.0142483
-0.0133423
-0.0124937
-0.0117074
-0.0109918
-0.0103669
-0.00984618
-0.0094109
-0.00902959
-0.00871583
-0.00863103
-0.00840793
-0.00668398
-0.0065956
-0.00646744
-0.00636497
-0.00635003
-0.00643388
-0.00661813
-0.00689324
-0.00725425
-0.00769784
-0.0082209
-0.00882245
-0.00950187
-0.0102575
-0.0110858
-0.0119807
-0.0129343
-0.0139364
-0.0149758
-0.0160407
-0.0171196
-0.0182016
-0.0192767
-0.0203362
-0.0213724
-0.0223788
-0.02335
-0.0242812
-0.0251684
-0.0260084
-0.0267981
-0.0275352
-0.0282173
-0.0288425
-0.0294092
-0.0299156
-0.0303605
-0.0307425
-0.0310606
-0.0313137
-0.031501
-0.0316216
-0.0316749
-0.0316605
-0.0315778
-0.0314267
-0.031207
-0.0309187
-0.030562
-0.0301373
-0.0296453
-0.0290868
-0.0284632
-0.0277759
-0.0270272
-0.0262196
-0.0253564
-0.0244416
-0.02348
-0.0224774
-0.0214403
-0.0203763
-0.0192936
-0.0182013
-0.0171086
-0.0160254
-0.0149615
-0.0139269
-0.0129319
-0.0119873
-0.0111025
-0.0102834
-0.00953816
-0.0088864
-0.0083424
-0.00788691
-0.00748562
-0.00714206
-0.00703974
-0.00679715
-0.00641711
-0.00634047
-0.00621716
-0.00610433
-0.0060571
-0.00608636
-0.00619939
-0.00639526
-0.00667051
-0.00702624
-0.00746234
-0.00797973
-0.00857957
-0.00926182
-0.0100244
-0.0108626
-0.0117695
-0.0127356
-0.01375
-0.0148007
-0.0158754
-0.0169622
-0.0180501
-0.0191288
-0.0201895
-0.0212243
-0.0222266
-0.0231906
-0.0241116
-0.0249855
-0.0258087
-0.0265782
-0.0272915
-0.0279464
-0.0285407
-0.0290728
-0.0295412
-0.0299445
-0.0302814
-0.0305509
-0.0307522
-0.0308843
-0.0309466
-0.0309385
-0.0308597
-0.0307098
-0.0304887
-0.0301964
-0.0298332
-0.0293994
-0.0288956
-0.0283227
-0.0276821
-0.0269754
-0.0262046
-0.0253726
-0.0244826
-0.0235388
-0.022546
-0.0215101
-0.0204378
-0.0193367
-0.0182153
-0.0170826
-0.0159484
-0.0148225
-0.0137153
-0.012637
-0.0115987
-0.0106118
-0.00968659
-0.00883023
-0.00805111
-0.00736768
-0.00679441
-0.00631113
-0.00588098
-0.00549098
-0.00535166
-0.00508124
-0.00617044
-0.00610412
-0.00598998
-0.00587365
-0.00579947
-0.00577914
-0.00582096
-0.00593303
-0.00611616
-0.00637604
-0.00671703
-0.00714263
-0.00765607
-0.00825897
-0.00895057
-0.0097274
-0.0105832
-0.0115092
-0.0124947
-0.0135275
-0.0145949
-0.015684
-0.0167825
-0.0178791
-0.0189635
-0.0200266
-0.0210605
-0.0220583
-0.0230144
-0.0239238
-0.0247822
-0.0255862
-0.0263328
-0.0270192
-0.0276433
-0.0282031
-0.0286968
-0.0291232
-0.0294807
-0.0297684
-0.0299852
-0.0301302
-0.0302029
-0.0302026
-0.0301289
-0.0299816
-0.0297603
-0.0294653
-0.0290966
-0.0286548
-0.0281404
-0.0275545
-0.0268982
-0.0261733
-0.0253819
-0.0245268
-0.0236114
-0.0226398
-0.0216171
-0.020549
-0.0194423
-0.0183047
-0.0171447
-0.0159714
-0.0147947
-0.0136246
-0.0124716
-0.0113467
-0.0102616
-0.00922794
-0.00825719
-0.00735824
-0.00653972
-0.00581848
-0.00520852
-0.00468732
-0.00421674
-0.00376072
-0.00356063
-0.00323948
-0.00594187
-0.00588541
-0.00578355
-0.00566934
-0.00557408
-0.00550917
-0.0054823
-0.00550715
-0.00559318
-0.00574991
-0.0059879
-0.0063143
-0.00673485
-0.00725294
-0.00786908
-0.00858066
-0.00938205
-0.0102649
-0.0112185
-0.0122306
-0.0132879
-0.0143768
-0.015484
-0.0165969
-0.0177039
-0.0187947
-0.0198601
-0.0208922
-0.0218842
-0.0228301
-0.0237253
-0.0245653
-0.0253467
-0.0260666
-0.0267222
-0.0273115
-0.0278325
-0.0282836
-0.0286635
-0.0289709
-0.0292048
-0.0293645
-0.029449
-0.0294578
-0.0293906
-0.0292472
-0.0290274
-0.028731
-0.0283585
-0.0279103
-0.0273869
-0.0267895
-0.0261193
-0.025378
-0.0245679
-0.0236917
-0.0227529
-0.0217557
-0.0207049
-0.0196064
-0.0184669
-0.017294
-0.016096
-0.0148823
-0.0136624
-0.0124467
-0.0112459
-0.0100713
-0.00893514
-0.00784964
-0.00682726
-0.00587878
-0.00501339
-0.00424562
-0.00358802
-0.00301493
-0.00248877
-0.00194507
-0.00167087
-0.00124277
-0.00572968
-0.00568315
-0.00559529
-0.00548721
-0.0053767
-0.00527154
-0.00517985
-0.00511645
-0.00510075
-0.00514852
-0.00527653
-0.0054972
-0.00581915
-0.00624779
-0.00678485
-0.0074284
-0.00817317
-0.00901089
-0.0099308
-0.0109203
-0.0119656
-0.0130525
-0.0141665
-0.0152941
-0.0164225
-0.0175401
-0.0186365
-0.0197027
-0.0207308
-0.021714
-0.0226466
-0.0235238
-0.0243414
-0.025096
-0.0257847
-0.026405
-0.0269547
-0.0274323
-0.027836
-0.0281647
-0.0284174
-0.0285931
-0.0286911
-0.0287106
-0.0286516
-0.0285137
-0.0282969
-0.0280009
-0.0276262
-0.0271734
-0.0266431
-0.0260364
-0.0253545
-0.0245992
-0.0237729
-0.0228782
-0.0219187
-0.0208984
-0.0198222
-0.0186958
-0.0175257
-0.0163194
-0.0150849
-0.0138314
-0.0125683
-0.0113059
-0.0100551
-0.00882761
-0.00763573
-0.00649234
-0.00541088
-0.00440387
-0.00348149
-0.00265507
-0.00193313
-0.00128727
-0.000685538
-1.61259e-05
0.000337184
0.000940265
-0.0055318
-0.0054955
-0.00542304
-0.0053237
-0.00520233
-0.00506045
-0.0049065
-0.00475642
-0.0046361
-0.00457087
-0.00458368
-0.00469326
-0.0049121
-0.00524781
-0.00570336
-0.00627732
-0.00696449
-0.0077564
-0.00864199
-0.00960819
-0.0106406
-0.0117242
-0.0128439
-0.0139849
-0.0151334
-0.0162767
-0.0174033
-0.018503
-0.0195668
-0.0205872
-0.0215576
-0.0224724
-0.0233269
-0.0241172
-0.0248399
-0.0254924
-0.0260721
-0.0265773
-0.0270063
-0.0273578
-0.0276305
-0.0278237
-0.0279367
-0.0279686
-0.0279193
-0.0277888
-0.0275769
-0.0272831
-0.0269084
-0.0264532
-0.0259184
-0.0253048
-0.024614
-0.0238477
-0.0230082
-0.0220982
-0.0211213
-0.0200813
-0.018983
-0.0178319
-0.0166342
-0.015397
-0.0141281
-0.0128362
-0.0115304
-0.0102208
-0.00891811
-0.00763424
-0.0063815
-0.00517313
-0.00402328
-0.00294599
-0.00195196
-0.0010495
-0.000241216
0.000502939
0.00120974
0.0020934
0.00255005
0.00334917
-0.00534515
-0.00532045
-0.00526482
-0.00517527
-0.00504493
-0.00486876
-0.00465392
-0.00441918
-0.00419431
-0.00401397
-0.00390889
-0.00390424
-0.0040173
-0.00425819
-0.00463119
-0.00513531
-0.00576518
-0.00651187
-0.00736373
-0.00830703
-0.00932667
-0.0104068
-0.0115315
-0.0126851
-0.0138527
-0.0150206
-0.0161763
-0.0173085
-0.0184074
-0.0194644
-0.0204722
-0.0214244
-0.0223159
-0.0231422
-0.0238995
-0.0245847
-0.0251953
-0.025729
-0.0261842
-0.0265595
-0.0268536
-0.0270656
-0.0271949
-0.0272409
-0.027203
-0.0270813
-0.0268758
-0.0265871
-0.0262147
-0.0257597
-0.025223
-0.0246056
-0.023909
-0.023135
-0.022286
-0.0213646
-0.0203741
-0.0193184
-0.0182021
-0.0170302
-0.0158086
-0.0145439
-0.0132434
-0.0119151
-0.0105678
-0.00921094
-0.00785496
-0.00651123
-0.00519193
-0.00391024
-0.00268028
-0.00151656
-0.000429515
0.000574944
0.00149984
0.00237822
0.00323615
0.0044683
0.00507837
0.00608233
-0.00516538
-0.00515491
-0.00511822
-0.00503818
-0.00489828
-0.00468803
-0.0044126
-0.00409421
-0.00376725
-0.00347298
-0.00325045
-0.00313149
-0.00313865
-0.00328527
-0.00357662
-0.0040122
-0.00458637
-0.00528958
-0.00610938
-0.00703121
-0.00803911
-0.00911639
-0.0102462
-0.011412
-0.012598
-0.0137896
-0.0149732
-0.0161368
-0.0172696
-0.0183621
-0.0194064
-0.0203955
-0.0213234
-0.0221853
-0.022977
-0.023695
-0.0243366
-0.0248993
-0.0253814
-0.0257812
-0.0260975
-0.0263295
-0.0264763
-0.0265376
-0.0265129
-0.0264022
-0.0262057
-0.0259239
-0.025556
-0.0251039
-0.0245683
-0.0239503
-0.0232515
-0.0224737
-0.0216191
-0.0206905
-0.019691
-0.0186241
-0.0174943
-0.0163061
-0.015065
-0.0137768
-0.0124483
-0.0110867
-0.00969976
-0.00829623
-0.00688576
-0.00547875
-0.00408653
-0.00272139
-0.00139653
-0.000125609
0.00108229
0.00222726
0.00331695
0.00439431
0.00551966
0.00715719
0.00795487
0.00934377
-0.0049853
-0.00499419
-0.00497949
-0.00490791
-0.00475573
-0.00450933
-0.00417302
-0.00377205
-0.00334621
-0.00294246
-0.00260684
-0.00237745
-0.00228196
-0.00233722
-0.00255013
-0.00292047
-0.003442
-0.00410457
-0.00489486
-0.00579739
-0.00679524
-0.0078708
-0.0090063
-0.0101843
-0.0113883
-0.0126027
-0.0138131
-0.0150067
-0.0161719
-0.0172986
-0.0183779
-0.0194024
-0.0203657
-0.0212622
-0.0220875
-0.0228378
-0.02351
-0.0241016
-0.0246106
-0.0250353
-0.0253745
-0.0256271
-0.0257926
-0.0258705
-0.0258604
-0.0257624
-0.0255765
-0.0253031
-0.0249436
-0.0244975
-0.0239662
-0.0233512
-0.022654
-0.0218764
-0.0210206
-0.0200893
-0.0190854
-0.0180124
-0.016874
-0.0156745
-0.0144187
-0.0131118
-0.0117595
-0.010368
-0.00894409
-0.00749514
-0.00602929
-0.0045553
-0.00308301
-0.00162281
-0.000185751
0.00121815
0.00258404
0.00392064
0.00524619
0.00662019
0.0081431
0.0103149
0.0112983
0.0134293
-0.00479856
-0.0048326
-0.00484223
-0.00477844
-0.00461033
-0.00432427
-0.00392615
-0.0034451
-0.00292574
-0.00242008
-0.00197922
-0.00164717
-0.00145638
-0.00142639
-0.00156638
-0.00187624
-0.00234962
-0.00297546
-0.00373941
-0.00462517
-0.00561488
-0.00668995
-0.00783173
-0.00902199
-0.0102433
-0.0114794
-0.0127152
-0.0139371
-0.0151328
-0.0162916
-0.0174041
-0.0184622
-0.0194589
-0.0203885
-0.0212461
-0.0220276
-0.0227296
-0.0233495
-0.023885
-0.0243346
-0.0246968
-0.0249708
-0.0251557
-0.0252513
-0.0252573
-0.0251737
-0.0250008
-0.0247391
-0.0243894
-0.0239523
-0.0234287
-0.0228202
-0.0221285
-0.0213552
-0.0205027
-0.0195734
-0.01857
-0.0174956
-0.0163537
-0.015148
-0.0138826
-0.0125618
-0.0111903
-0.00977302
-0.00831517
-0.00682234
-0.00530065
-0.00375635
-0.00219639
-0.000627208
0.000945034
0.00251768
0.00409262
0.00569049
0.00734508
0.00914731
0.0112337
0.014073
0.0153376
0.018714
-0.00459998
-0.00466583
-0.00470359
-0.00464457
-0.00445488
-0.00412597
-0.00366557
-0.00310888
-0.00250358
-0.00190611
-0.00137219
-0.000949868
-0.000674785
-0.000569385
-0.000644398
-0.00090018
-0.00133048
-0.00192353
-0.00266429
-0.00353554
-0.00451853
-0.00559375
-0.00674171
-0.00794347
-0.00918092
-0.0104371
-0.0116962
-0.0129441
-0.0141679
-0.0153563
-0.0164994
-0.0175887
-0.0186168
-0.0195775
-0.0204655
-0.0212767
-0.0220073
-0.0226545
-0.0232161
-0.0236903
-0.0240757
-0.0243714
-0.0245766
-0.024691
-0.0247145
-0.0246472
-0.0244893
-0.0242415
-0.0239045
-0.0234791
-0.0229665
-0.0223681
-0.0216855
-0.0209206
-0.0200754
-0.0191523
-0.0181538
-0.0170826
-0.0159418
-0.0147345
-0.013464
-0.0121338
-0.0107473
-0.00930798
-0.00781918
-0.00628405
-0.00470578
-0.00308671
-0.00142904
0.00026772
0.00200555
0.00379403
0.00564779
0.00760634
0.00972307
0.0121221
0.0149481
0.0185266
0.0205729
0.0255461
-0.00439306
-0.00449346
-0.00456453
-0.00450453
-0.00428518
-0.00390769
-0.00338692
-0.00275957
-0.0020778
-0.00140181
-0.000791052
-0.000294239
5.07773e-05
0.000219446
0.000200147
-8.83282e-06
-0.000401194
-0.000964814
-0.00168423
-0.00254186
-0.00351833
-0.00459314
-0.0057461
-0.00695765
-0.0082091
-0.00948288
-0.0107628
-0.0120339
-0.0132831
-0.0144985
-0.0156697
-0.0167877
-0.0178449
-0.0188348
-0.0197517
-0.0205911
-0.0213494
-0.0220233
-0.0226107
-0.0231096
-0.0235186
-0.0238368
-0.0240633
-0.024198
-0.0242406
-0.0241915
-0.0240508
-0.0238191
-0.0234974
-0.0230865
-0.0225876
-0.0220019
-0.0213315
-0.0205779
-0.0197431
-0.0188295
-0.0178391
-0.0167744
-0.015638
-0.0144322
-0.0131599
-0.0118232
-0.0104247
-0.00896568
-0.00744753
-0.00587013
-0.00423287
-0.00253226
-0.000763471
0.00108478
0.00302705
0.00509264
0.00731764
0.00977305
0.0125378
0.0157666
0.019571
0.0241667
0.0275515
0.0342397
-0.00419862
-0.00434545
-0.00444693
-0.00437238
-0.00410832
-0.00367264
-0.0030867
-0.00239167
-0.00164433
-0.00089833
-0.000224818
0.00033316
0.000736248
0.000958548
0.000987217
0.000819407
0.00046078
-7.66386e-05
-0.000776539
-0.00162108
-0.00259082
-0.00366473
-0.00482187
-0.00604215
-0.00730639
-0.00859651
-0.00989581
-0.011189
-0.0124624
-0.0137037
-0.0149021
-0.0160483
-0.0171342
-0.018153
-0.0190989
-0.0199671
-0.0207536
-0.0214551
-0.0220692
-0.0225939
-0.0230278
-0.02337
-0.0236195
-0.023776
-0.0238396
-0.0238103
-0.0236886
-0.023475
-0.0231704
-0.0227759
-0.0222925
-0.0217215
-0.0210643
-0.0203229
-0.0194996
-0.0185967
-0.0176153
-0.0165582
-0.0154278
-0.014225
-0.0129518
-0.0116097
-0.0101998
-0.00872148
-0.00717362
-0.00555194
-0.00385109
-0.00205941
-0.000162742
0.00186626
0.00406037
0.00647997
0.00919368
0.0123237
0.0159838
0.0203709
0.0255418
0.0316621
0.0370068
0.0456977
-0.00412536
-0.0043054
-0.00441521
-0.00429287
-0.00395157
-0.00343381
-0.00276628
-0.00199308
-0.00117283
-0.000364007
0.000375877
0.00099309
0.00145033
0.00172159
0.00179295
0.00166148
0.00133199
0.00081608
0.000130654
-0.000705448
-0.00167254
-0.00274953
-0.00391485
-0.00514781
-0.00642868
-0.00773888
-0.00906124
-0.01038
-0.011681
-0.0129514
-0.0141803
-0.0153577
-0.0164753
-0.0175258
-0.0185033
-0.0194027
-0.0202199
-0.0209511
-0.0215938
-0.0221461
-0.0226063
-0.0229735
-0.0232469
-0.0234261
-0.0235112
-0.0235022
-0.0233996
-0.0232042
-0.0229168
-0.0225384
-0.0220701
-0.0215134
-0.0208698
-0.0201412
-0.0193288
-0.018434
-0.0174595
-0.0164076
-0.015282
-0.014081
-0.0128061
-0.0114576
-0.0100352
-0.00853595
-0.00695636
-0.00528693
-0.00351702
-0.00162388
0.000417992
0.00265907
0.00515617
0.00801683
0.0113548
0.0153752
0.020246
0.026254
0.0334208
0.0419403
0.050295
0.062098
-0.00435141
-0.00454532
-0.00457009
-0.00433365
-0.00387593
-0.00325166
-0.00248803
-0.00161418
-0.000695244
0.000202865
0.00102101
0.00170734
0.00222173
0.0025394
0.00264663
0.00254145
0.00222913
0.00172167
0.00103727
0.000195932
-0.000781873
-0.00187429
-0.0030591
-0.00431484
-0.00562111
-0.00695883
-0.00831034
-0.0096596
-0.0109919
-0.0122943
-0.0135554
-0.0147651
-0.0159146
-0.0169966
-0.0180048
-0.018934
-0.0197799
-0.020539
-0.0212085
-0.0217863
-0.0222706
-0.0226604
-0.022955
-0.023154
-0.0232576
-0.0232658
-0.0231792
-0.0229988
-0.0227253
-0.0223598
-0.0219036
-0.0213577
-0.0207238
-0.0200036
-0.0191989
-0.0183114
-0.0173435
-0.0162958
-0.0151681
-0.013964
-0.0126844
-0.0113272
-0.00989043
-0.00836811
-0.00675498
-0.00503523
-0.00319353
-0.00119253
0.00100484
0.00348097
0.0063197
0.00969702
0.0137827
0.0189137
0.0253412
0.0335614
0.0436478
0.0560802
0.0696263
0.0873797
-0.00539655
-0.00523971
-0.00498322
-0.00453598
-0.0039294
-0.00317956
-0.00230243
-0.00132864
-0.000317724
0.000662203
0.00154977
0.00229188
0.00285198
0.00320537
0.00333921
0.003253
0.0029524
0.00244916
0.00176343
0.000916
-7.25814e-05
-0.00117998
-0.00238337
-0.00366061
-0.00499065
-0.00635393
-0.00773229
-0.00910922
-0.0104697
-0.0118003
-0.0130894
-0.0143267
-0.0155032
-0.016611
-0.0176439
-0.0185967
-0.0194651
-0.0202454
-0.0209348
-0.0215312
-0.0220329
-0.0224388
-0.0227482
-0.0229609
-0.0230768
-0.0230964
-0.0230201
-0.0228486
-0.0225833
-0.0222251
-0.0217753
-0.0212348
-0.0206054
-0.0198885
-0.0190863
-0.0182002
-0.0172324
-0.0161832
-0.0150545
-0.0138471
-0.012562
-0.0111951
-0.00974482
-0.00820103
-0.0065567
-0.00478881
-0.00287985
-0.000774987
0.00156962
0.00427671
0.00745082
0.0113609
0.0162345
0.0226109
0.030863
0.0419004
0.0560496
0.0746927
0.0971918
0.126125
-0.00782869
-0.00618193
-0.00553
-0.00485142
-0.00408028
-0.00317522
-0.0021564
-0.00107519
1.4401e-05
0.00105516
0.0019899
0.00277031
0.0033607
0.00373777
0.00388974
0.00381572
0.00352273
0.00302362
0.00233786
0.00148657
0.000491128
-0.000626179
-0.0018425
-0.00313506
-0.00448234
-0.00586438
-0.00726263
-0.00866007
-0.0100415
-0.0113931
-0.0127031
-0.0139606
-0.0151568
-0.0162836
-0.0173347
-0.0183047
-0.0191891
-0.0199846
-0.0206881
-0.0212974
-0.0218112
-0.0222281
-0.0225477
-0.0227696
-0.0228941
-0.0229213
-0.022852
-0.0226866
-0.0224266
-0.0220725
-0.0216265
-0.0210894
-0.0204637
-0.0197499
-0.0189508
-0.018067
-0.0171011
-0.0160529
-0.0149252
-0.0137164
-0.0124282
-0.011056
-0.00959853
-0.00804401
-0.00638041
-0.00458055
-0.00262273
-0.000440618
0.00201099
0.00488757
0.00830579
0.0126177
0.0181086
0.0255551
0.0355879
0.0497724
0.0691777
0.0968173
0.133122
0.179557
-0.0125101
-0.00503546
-0.00398541
-0.00358352
-0.00286051
-0.00192369
-0.000909826
0.000122879
0.00114217
0.0021086
0.00297353
0.00369013
0.0042223
0.00454683
0.00465214
0.00453542
0.00420394
0.00367307
0.00295893
0.00208079
0.00106075
-7.88468e-05
-0.0013157
-0.00262785
-0.00399415
-0.00539449
-0.00681036
-0.00822478
-0.00962251
-0.01099
-0.0123149
-0.0135868
-0.0147967
-0.0159372
-0.0170015
-0.017984
-0.0188803
-0.019687
-0.0204013
-0.021021
-0.0215446
-0.0219711
-0.0222997
-0.0225304
-0.0226632
-0.0226984
-0.0226368
-0.0224793
-0.0222266
-0.0218802
-0.0214412
-0.0209113
-0.0202919
-0.0195848
-0.0187911
-0.017913
-0.0169513
-0.0159078
-0.0147821
-0.0135753
-0.0122845
-0.0109096
-0.00944536
-0.0078934
-0.00622833
-0.0044341
-0.00244661
-0.000247275
0.00227796
0.00519642
0.00876524
0.0131989
0.0190422
0.0269539
0.0382869
0.0550558
0.0806307
0.118868
0.172655
0.239549
)
;

boundaryField
{
    movingWall
    {
        type            zeroGradient;
    }
    fixedWalls
    {
        type            zeroGradient;
    }
    frontAndBack
    {
        type            empty;
    }
}


// ************************************************************************* //
