/*--------------------------------*- C++ -*----------------------------------*\
  =========                 |
  \\      /  F ield         | OpenFOAM: The Open Source CFD Toolbox
   \\    /   O peration     | Website:  https://openfoam.org
    \\  /    A nd           | Version:  13
     \\/     M anipulation  |
\*---------------------------------------------------------------------------*/
FoamFile
{
    format      ascii;
    class       volScalarField;
    location    "4.8";
    object      k;
}
// * * * * * * * * * * * * * * * * * * * * * * * * * * * * * * * * * * * * * //

dimensions      [0 2 -2 0 0 0 0];

internalField   nonuniform List<scalar> 
6400
(
4.55397e-07
2.33409e-06
5.62188e-06
9.06986e-06
1.17247e-05
1.32745e-05
1.39051e-05
1.40459e-05
1.41833e-05
1.47443e-05
1.6039e-05
1.84834e-05
2.23303e-05
2.76734e-05
3.4283e-05
4.1828e-05
4.99614e-05
5.85186e-05
6.71653e-05
7.5626e-05
8.40459e-05
9.30571e-05
0.00010355
0.000116304
0.000131194
0.000146952
0.000162565
0.000178098
0.000193875
0.000210266
0.000227249
0.000244186
0.000260824
0.000277011
0.000293174
0.000309483
0.00032627
0.000343729
0.00036208
0.000381468
0.000402002
0.000423834
0.000447105
0.000472014
0.000498713
0.000527658
0.000559921
0.000597815
0.000645705
0.000690791
0.000737798
0.000783167
0.000827124
0.000867811
0.000904053
0.000934158
0.000954914
0.000964852
0.000968257
0.000958862
0.000933066
0.000892296
0.000836901
0.000767976
0.00068841
0.000600643
0.000510283
0.000420949
0.0003362
0.000258198
0.000195581
0.000142991
0.000100149
6.71043e-05
4.31669e-05
2.67457e-05
1.59883e-05
9.06732e-06
4.2366e-06
8.98936e-07
2.21073e-06
1.86399e-05
4.50556e-05
7.08319e-05
9.03046e-05
0.000102251
0.000108248
0.000110956
0.000113305
0.00011806
0.000128088
0.00014652
0.000174587
0.000211976
0.000257155
0.000307974
0.000362518
0.000418888
0.000475433
0.000531218
0.000587212
0.000646876
0.00071496
0.000795083
0.000885762
0.000980168
0.00107257
0.00116165
0.00124761
0.00133104
0.00141103
0.0014855
0.00155381
0.00161547
0.00167286
0.00172691
0.00177941
0.00183143
0.00188418
0.0019385
0.00199503
0.00205444
0.00211717
0.00218346
0.00225302
0.00232557
0.00240086
0.00247655
0.00255041
0.00263189
0.00271407
0.00279839
0.002881
0.00296019
0.00303212
0.00309328
0.00313582
0.00315458
0.00315752
0.00313367
0.00307361
0.00297678
0.00284166
0.00266857
0.00246225
0.00222847
0.00197964
0.00172457
0.00147047
0.00122643
0.000990362
0.000773298
0.000582999
0.000423021
0.000294815
0.000196362
0.000124626
7.42184e-05
3.55575e-05
4.74265e-06
4.85112e-06
4.07517e-05
9.50155e-05
0.000141693
0.00017413
0.000193689
0.000204739
0.000212337
0.000221605
0.00023766
0.000265536
0.000309402
0.00037103
0.000449261
0.000540969
0.000642688
0.000751719
0.000865851
0.000982827
0.00110061
0.00121751
0.0013325
0.00144418
0.00154873
0.00164117
0.00171802
0.00177646
0.00181726
0.00184785
0.00187404
0.00190093
0.00192927
0.00196038
0.00199148
0.00202518
0.00206144
0.00210146
0.00214556
0.00219433
0.00224828
0.00230732
0.0023716
0.00244129
0.00251604
0.00259598
0.00268101
0.00277092
0.00286557
0.00296564
0.00307092
0.00317934
0.00329001
0.00340052
0.00350852
0.00361047
0.00370236
0.0037792
0.00383269
0.00385582
0.00385762
0.00382034
0.00373972
0.00361241
0.00343723
0.00321636
0.00295308
0.00266416
0.00235963
0.00204887
0.00174318
0.00145197
0.00118231
0.000940255
0.000728979
0.000549764
0.000401987
0.000282556
0.000184225
9.29228e-05
1.25746e-05
8.42814e-06
6.87986e-05
0.000150868
0.000214098
0.000256177
0.000282605
0.000300521
0.000317215
0.000339909
0.00037573
0.000431136
0.000510333
0.000613648
0.000737508
0.000876315
0.00102455
0.00117734
0.00132981
0.00147663
0.00161246
0.00173191
0.00183189
0.00191048
0.00196277
0.00198745
0.00199529
0.00199535
0.00199104
0.00198977
0.00199237
0.00200079
0.00201242
0.00202863
0.00204922
0.00207497
0.0021054
0.00214099
0.00218181
0.00222783
0.00227909
0.00233585
0.00239812
0.00246606
0.00253957
0.00261856
0.00270259
0.00279285
0.00288932
0.00299186
0.00309999
0.00321276
0.00332902
0.00344698
0.00356444
0.00367829
0.00378472
0.00387894
0.00395559
0.00400358
0.00402201
0.00401076
0.00395607
0.00385677
0.00371544
0.00352185
0.00327457
0.00298733
0.00267044
0.00233915
0.00200811
0.00169013
0.00139521
0.00112989
0.000897267
0.00069798
0.00053077
0.000391352
0.000270414
0.00014599
2.06432e-05
1.34902e-05
0.000106297
0.000217253
0.000296352
0.000348167
0.000382719
0.000410185
0.000440398
0.000482855
0.000546373
0.000637573
0.000758708
0.000906521
0.0010735
0.00125052
0.00142882
0.00160016
0.0017564
0.00188903
0.00199321
0.00206155
0.00209214
0.00209922
0.00207949
0.0020512
0.00202597
0.00200554
0.00198987
0.00198214
0.0019791
0.0019791
0.0019848
0.00199469
0.00200892
0.00202756
0.00204993
0.00207635
0.00210637
0.00213981
0.00217684
0.00221745
0.00226181
0.00231057
0.00236426
0.00242357
0.00248948
0.00256136
0.00263967
0.00272466
0.00281651
0.00291522
0.00302062
0.0031319
0.00324799
0.00336709
0.00348683
0.00360344
0.00371201
0.00380665
0.00387826
0.00391182
0.00391703
0.00386889
0.00376882
0.00361542
0.00341725
0.00315544
0.00284879
0.00251356
0.00216797
0.00182969
0.0015137
0.00122997
0.000982972
0.00077298
0.000597501
0.00045087
0.00032122
0.000180962
2.60096e-05
2.06873e-05
0.000156243
0.000298063
0.000393824
0.000456695
0.000501471
0.000541722
0.00059009
0.000658125
0.000755095
0.000885657
0.00104784
0.00123324
0.00142961
0.0016238
0.00180347
0.00195765
0.0020782
0.00215055
0.00217818
0.00217919
0.00214158
0.00210153
0.00206362
0.00202512
0.00199207
0.00196436
0.0019417
0.00192411
0.00190999
0.00190006
0.00189542
0.00189379
0.00189423
0.00189866
0.00190512
0.00191426
0.00192569
0.00193948
0.00195605
0.00197566
0.00199855
0.00202484
0.00205481
0.00208895
0.00212777
0.00217174
0.00222176
0.00227872
0.00234365
0.00241751
0.00250141
0.00259602
0.00270164
0.00281794
0.00294355
0.0030766
0.00321401
0.00335079
0.00348004
0.00359272
0.00367097
0.00370275
0.00369596
0.00361997
0.00348288
0.00327653
0.00300053
0.0026734
0.00231692
0.0019548
0.00160978
0.00129902
0.00103139
0.000808016
0.000624864
0.000473981
0.000340899
0.000195604
2.78026e-05
3.0658e-05
0.000220489
0.000395544
0.000509242
0.00058477
0.00064204
0.000698257
0.000768689
0.000865892
0.000997567
0.00116408
0.00135764
0.0015642
0.00176699
0.00194962
0.00209805
0.00219748
0.00224054
0.00224679
0.00221021
0.00216415
0.00210786
0.00205272
0.00199599
0.00194475
0.00190138
0.00186383
0.00183155
0.00180385
0.00178119
0.00176233
0.00174654
0.00173305
0.00172183
0.00171299
0.0017059
0.00170093
0.0016984
0.00169749
0.00169801
0.00170138
0.00170672
0.00171463
0.00172534
0.00173911
0.00175645
0.00177782
0.00180396
0.00183575
0.00187444
0.00192132
0.00197803
0.00204688
0.00213002
0.00222961
0.00234661
0.00248068
0.00263288
0.00279882
0.00297269
0.00314673
0.0033112
0.00344995
0.00352908
0.00355345
0.00350767
0.0033963
0.00317761
0.00287735
0.00251823
0.00212909
0.00174265
0.00138783
0.00108316
0.000834049
0.000635762
0.000477206
0.000339857
0.000194326
2.69471e-05
4.40002e-05
0.000300047
0.000510454
0.000643427
0.000733116
0.000804796
0.000879221
0.000973506
0.0010995
0.00126116
0.00145295
0.00166084
0.00186581
0.00204805
0.00219073
0.00227012
0.00229603
0.00227893
0.00223115
0.00216745
0.00209311
0.00201156
0.00193949
0.00187425
0.00182036
0.00177224
0.0017298
0.00169208
0.00165863
0.00162905
0.00160258
0.00157898
0.00155798
0.00153958
0.00152366
0.00150995
0.00149844
0.00148902
0.00148154
0.00147614
0.00147337
0.00147233
0.0014728
0.00147646
0.00148237
0.00149131
0.00150351
0.00151953
0.0015398
0.00156476
0.00159513
0.00163181
0.00167597
0.00172917
0.001794
0.00187483
0.001978
0.00210676
0.00226562
0.00245175
0.00265713
0.00287569
0.00309178
0.00328994
0.00342534
0.00347892
0.00346328
0.00336891
0.00313
0.00279372
0.00238867
0.00195622
0.0015403
0.00117585
0.000880241
0.00065222
0.000477397
0.000333049
0.000188017
2.50665e-05
6.11673e-05
0.000394947
0.000642436
0.000795742
0.000900642
0.000987686
0.00108067
0.00119732
0.00134694
0.00152817
0.00172905
0.00193017
0.00210935
0.00224531
0.00231122
0.0023263
0.00229429
0.00224045
0.00215655
0.00205585
0.00196022
0.00187656
0.00180309
0.00173827
0.00168194
0.0016309
0.00158535
0.00154444
0.00150798
0.0014756
0.00144702
0.00142212
0.0014007
0.00138255
0.0013674
0.00135506
0.00134532
0.00133793
0.00133269
0.00133006
0.0013291
0.00132919
0.00133201
0.0013367
0.00134356
0.00135276
0.00136438
0.0013787
0.00139593
0.00141637
0.00144037
0.00146841
0.00150098
0.00153879
0.00158277
0.00163441
0.00169635
0.00177237
0.00187016
0.00200413
0.00218652
0.00241261
0.00266266
0.00292874
0.00318394
0.00338064
0.00346758
0.00347585
0.00338366
0.00311668
0.00273071
0.00226872
0.00178779
0.00134344
0.000974421
0.000692473
0.000485506
0.00032515
0.000176579
2.31739e-05
8.23715e-05
0.000504023
0.000789925
0.000964281
0.00108462
0.00118642
0.00129575
0.0014296
0.00159333
0.00177966
0.001971
0.0021445
0.00227403
0.00233375
0.00234371
0.00230798
0.00223842
0.0021337
0.0020169
0.00191129
0.0018166
0.0017345
0.001662
0.00159783
0.00154089
0.00148979
0.00144471
0.00140512
0.00137094
0.00134184
0.00131756
0.00129775
0.001282
0.00126987
0.00126087
0.00125457
0.00125086
0.00124919
0.00124878
0.00125011
0.00125291
0.00125707
0.00126284
0.00127
0.00127876
0.00128919
0.00130145
0.00131574
0.00133227
0.00135132
0.00137312
0.00139782
0.00142566
0.00145691
0.00149185
0.00153071
0.00157439
0.00162432
0.00168376
0.00175895
0.00186012
0.0020055
0.00222542
0.00250128
0.00280592
0.00311723
0.00337359
0.00349302
0.00351396
0.00341692
0.00311099
0.00266283
0.00213802
0.00161017
0.00114507
0.000780285
0.000516537
0.000328254
0.000168915
2.19285e-05
0.000107864
0.000624249
0.000950207
0.00114592
0.00128078
0.00139483
0.0015156
0.00165828
0.00182363
0.00199892
0.00216263
0.00228674
0.00234318
0.00235112
0.002315
0.00223322
0.00211232
0.00198489
0.00186691
0.00176364
0.00167283
0.00159374
0.0015238
0.00146222
0.00140818
0.00136124
0.00132137
0.00128813
0.00126118
0.00123993
0.00122376
0.00121197
0.00120383
0.00119885
0.00119649
0.00119571
0.00119614
0.00119833
0.00120135
0.00120553
0.00121063
0.0012168
0.0012241
0.00123262
0.00124254
0.001254
0.0012672
0.00128233
0.00129956
0.00131903
0.00134085
0.0013651
0.00139186
0.0014212
0.00145325
0.00148827
0.00152573
0.00156584
0.00160922
0.00165802
0.00171745
0.00179734
0.00191478
0.00209833
0.00238116
0.00272018
0.00308418
0.00339295
0.00353728
0.00356345
0.00344854
0.00308547
0.00256573
0.0019775
0.00141182
0.000940322
0.000590144
0.000348995
0.000170953
2.20611e-05
0.000139162
0.0007512
0.00112004
0.00133648
0.00148363
0.00160558
0.00173065
0.00187166
0.00202497
0.00217372
0.00229133
0.00234584
0.00235342
0.00231779
0.00222789
0.00209652
0.00196068
0.00183202
0.00171885
0.00162082
0.00153525
0.00146088
0.00139604
0.00134035
0.00129329
0.00125452
0.00122356
0.00119963
0.0011819
0.00116939
0.00116111
0.00115643
0.0011543
0.00115367
0.00115418
0.00115594
0.00115837
0.00116157
0.00116531
0.00116979
0.00117503
0.00118123
0.00118854
0.00119719
0.00120738
0.00121935
0.00123332
0.00124952
0.00126812
0.00128928
0.00131309
0.00133958
0.00136866
0.00140012
0.00143367
0.00146896
0.00150572
0.00154395
0.00158355
0.00162378
0.00166628
0.00171528
0.00177953
0.0018757
0.0020336
0.00229938
0.00266904
0.00307986
0.00343062
0.00358883
0.0036108
0.00345905
0.00301521
0.00241641
0.00177139
0.00118635
0.000727134
0.000404126
0.000185218
2.3763e-05
0.000174234
0.000885391
0.0012958
0.00153111
0.00168705
0.00181111
0.00193193
0.00206
0.00218818
0.00229594
0.0023481
0.00235601
0.00232103
0.00222873
0.00209176
0.00194599
0.00180804
0.00168491
0.00157899
0.00148777
0.00140908
0.00134188
0.00128517
0.00123856
0.00120136
0.00117275
0.00115167
0.00113687
0.00112711
0.00112123
0.00111834
0.00111717
0.0011169
0.00111737
0.00111844
0.00111987
0.00112158
0.00112368
0.00112626
0.00112951
0.00113364
0.00113887
0.00114544
0.0011536
0.0011636
0.0011757
0.00119015
0.00120719
0.00122706
0.00124996
0.00127603
0.00130535
0.00133787
0.00137339
0.00141148
0.0014515
0.0014926
0.00153388
0.00157468
0.001615
0.0016543
0.00169274
0.00173414
0.00178755
0.00186987
0.00201029
0.00225676
0.00264932
0.0031029
0.00348056
0.00363797
0.00364432
0.00341368
0.00287404
0.00219435
0.00151203
0.000934149
0.000510625
0.000222995
2.8873e-05
0.000212052
0.00102358
0.00147308
0.00172455
0.00188495
0.00200453
0.00211217
0.00221661
0.00230873
0.00235627
0.002364
0.0023286
0.00223787
0.00209846
0.0019445
0.00179602
0.00166323
0.00154857
0.00145118
0.00136836
0.00129859
0.00124099
0.00119465
0.00115873
0.00113197
0.00111296
0.00110014
0.00109199
0.00108713
0.00108442
0.00108297
0.00108202
0.00108126
0.00108062
0.00108003
0.00107957
0.00107937
0.00107942
0.00108022
0.00108183
0.00108461
0.00108874
0.00109447
0.00110204
0.00111171
0.00112371
0.00113831
0.00115577
0.00117635
0.00120032
0.00122793
0.00125936
0.00129473
0.001334
0.00137688
0.00142281
0.00147083
0.00151956
0.00156732
0.00161247
0.00165412
0.00169162
0.00172651
0.00176423
0.00181069
0.00188424
0.0020127
0.00224931
0.00265963
0.00315229
0.00353813
0.00368229
0.00363734
0.00328862
0.00263647
0.00189177
0.00120269
0.000665502
0.000291089
3.9009e-05
0.000251399
0.00116218
0.0016473
0.00191167
0.00207177
0.00218023
0.00226638
0.00233853
0.00237711
0.00238271
0.00234443
0.00225722
0.00211791
0.00195764
0.00179852
0.00165462
0.00153057
0.00142577
0.00133811
0.00126531
0.00120617
0.00115956
0.00112415
0.00109843
0.00108055
0.00106868
0.00106106
0.0010562
0.00105291
0.00105032
0.00104787
0.00104525
0.00104243
0.00103947
0.0010365
0.00103372
0.00103134
0.0010298
0.0010292
0.00102925
0.00103106
0.00103439
0.00103952
0.00104666
0.00105602
0.00106781
0.00108228
0.0010997
0.00112034
0.00114453
0.00117258
0.00120483
0.00124156
0.00128298
0.00132912
0.00137974
0.00143418
0.00149124
0.00154905
0.00160511
0.00165659
0.00170238
0.00174026
0.00176674
0.00179884
0.00184403
0.00191159
0.0020353
0.00227253
0.00270299
0.00323157
0.00359393
0.00370091
0.00356978
0.00305177
0.00229518
0.00151431
0.000860399
0.000382045
5.30473e-05
0.000291012
0.00129767
0.00181415
0.00208786
0.0022428
0.00233415
0.00239118
0.00241681
0.00241717
0.00237301
0.00228905
0.00215142
0.00198676
0.00181743
0.00166105
0.00152574
0.00141215
0.00131813
0.00124128
0.00117963
0.00113176
0.00109598
0.00107033
0.00105269
0.00104092
0.00103307
0.00102755
0.00102313
0.00101901
0.00101469
0.00100999
0.00100492
0.000999614
0.000994294
0.000989198
0.000984586
0.000980714
0.000977836
0.000976401
0.000975944
0.000977017
0.000980035
0.000984894
0.000991818
0.00100096
0.00101251
0.00102669
0.00104374
0.00106393
0.00108761
0.00111515
0.00114697
0.0011835
0.00122518
0.00127233
0.00132515
0.00138346
0.00144661
0.00151322
0.00158096
0.00164651
0.0017057
0.00175657
0.0017963
0.00181528
0.00183943
0.00188334
0.0019482
0.00207407
0.00232398
0.00278229
0.00334241
0.00363179
0.00367663
0.0034014
0.00269586
0.0018524
0.00108464
0.000489873
7.00983e-05
0.000329729
0.00142644
0.00197003
0.0022498
0.00239415
0.00245976
0.00248019
0.00246918
0.00241949
0.0023364
0.00220059
0.00203315
0.00185451
0.00168464
0.00153575
0.00141106
0.0013088
0.00122619
0.00116076
0.00111043
0.00107318
0.00104668
0.00102847
0.00101613
0.00100753
0.00100096
0.000995166
0.000989373
0.000983168
0.000976434
0.000969253
0.000961831
0.000954434
0.000947339
0.000940815
0.000935115
0.000930462
0.000927047
0.000925342
0.000924772
0.000925693
0.000928728
0.000933579
0.000940467
0.000949497
0.000960832
0.000974649
0.000991166
0.00101065
0.00103342
0.00105986
0.00109042
0.00112563
0.00116606
0.00121229
0.00126485
0.00132409
0.00138998
0.00146192
0.00153837
0.00161657
0.00169233
0.00176007
0.00181639
0.00185391
0.00186828
0.00188402
0.00192517
0.00199261
0.00212725
0.00240695
0.00291184
0.00344637
0.00366525
0.00358922
0.00306426
0.00220519
0.00133146
0.000609211
8.91046e-05
0.000367303
0.00154584
0.00211221
0.00239229
0.00251909
0.00255729
0.00254726
0.00249278
0.00240105
0.00226764
0.00209827
0.00191149
0.00172771
0.00156292
0.0014241
0.00131097
0.00122045
0.00114943
0.00109523
0.0010553
0.00102699
0.00100747
0.00099403
0.000984328
0.000976513
0.000969293
0.000961883
0.000953921
0.000945349
0.000936313
0.000927066
0.000917911
0.000909146
0.000901047
0.000893854
0.000887769
0.000882955
0.000879624
0.000878026
0.000877557
0.000878733
0.000881951
0.000886943
0.000893888
0.000902865
0.000914008
0.000927467
0.000943432
0.000962136
0.000983873
0.001009
0.00103797
0.00107132
0.00110967
0.00115375
0.00120433
0.00126212
0.00132769
0.00140121
0.0014821
0.00156869
0.00165774
0.00174405
0.00182041
0.00188175
0.00191398
0.00192479
0.00193379
0.00197125
0.00204369
0.00219491
0.00252143
0.00308115
0.00352432
0.0036428
0.00337041
0.00256033
0.00159743
0.000736879
0.000109252
0.000402195
0.0016539
0.00223579
0.00251088
0.00261791
0.00263445
0.00258666
0.00248874
0.00235678
0.00218402
0.00199007
0.00179264
0.00161011
0.00145379
0.00132629
0.00122503
0.00114618
0.00108634
0.00104237
0.00101117
0.000989581
0.000974562
0.000963503
0.000954374
0.000945778
0.000936901
0.000927392
0.000917235
0.000906617
0.000895835
0.000885215
0.000875069
0.000865671
0.000857248
0.00084998
0.000844004
0.000839427
0.000836504
0.000835197
0.000834923
0.000836503
0.000839941
0.000845096
0.000852102
0.000861029
0.000871988
0.00088511
0.000900557
0.000918534
0.000939299
0.000963173
0.000990562
0.00102197
0.00105802
0.00109946
0.00114717
0.00120211
0.00126524
0.00133735
0.0014188
0.00150907
0.0016063
0.00170667
0.00180391
0.00188914
0.00195027
0.00197474
0.00198119
0.00198462
0.00202105
0.00210191
0.00228267
0.00268693
0.00328194
0.00356403
0.00352133
0.00289437
0.00187737
0.000869439
0.000130038
0.000433052
0.00174773
0.00233892
0.00260615
0.00269441
0.0026889
0.00260357
0.0024689
0.00229361
0.00209221
0.00188178
0.00168051
0.00150349
0.00135749
0.00124174
0.00115218
0.00108447
0.00103477
0.000999454
0.000974932
0.000957814
0.000945153
0.000934668
0.000924797
0.000914639
0.000903818
0.00089233
0.000880392
0.000868328
0.000856485
0.000845183
0.000834693
0.000825227
0.000816943
0.000809956
0.000804347
0.000800172
0.00079773
0.000796744
0.000796675
0.000798604
0.000802205
0.000807457
0.000814464
0.000823295
0.000834048
0.000846841
0.000861819
0.00087916
0.000899086
0.000921878
0.000947888
0.000977566
0.00101148
0.00105034
0.00109503
0.00114658
0.00120619
0.00127506
0.00135424
0.00144427
0.00154462
0.00165305
0.00176485
0.00187227
0.00196453
0.00202191
0.00203621
0.00203673
0.0020344
0.00207447
0.00216969
0.00240423
0.00291073
0.00341733
0.00355924
0.00318734
0.00216632
0.00100334
0.000151828
0.000459035
0.00182584
0.00242055
0.00267809
0.00275191
0.00272007
0.00259922
0.00242793
0.00222052
0.00199743
0.0017773
0.0015772
0.00140836
0.00127349
0.00116938
0.00109094
0.00103338
0.000992386
0.000963862
0.00094398
0.000929396
0.000917482
0.000906426
0.000895171
0.000883266
0.000870685
0.000857656
0.000844522
0.000831646
0.000819355
0.000807917
0.000797532
0.00078834
0.000780435
0.000773875
0.000768698
0.000764927
0.000762853
0.000762075
0.000762236
0.000764332
0.000767983
0.00077322
0.000780132
0.000788792
0.000799294
0.00081175
0.000826292
0.000843079
0.000862305
0.000884212
0.000909104
0.000937365
0.000969493
0.00100612
0.00104806
0.00109633
0.00115217
0.00121701
0.00129236
0.00137954
0.00147926
0.0015909
0.00171158
0.00183515
0.00195133
0.00204493
0.00209128
0.00209877
0.00208844
0.00208084
0.00213017
0.00225569
0.0025882
0.00317901
0.00347238
0.00336086
0.00245513
0.00114341
0.000174592
0.000479766
0.0018882
0.00248175
0.00272884
0.00278949
0.00273151
0.00258229
0.0023754
0.00214205
0.00190352
0.00167909
0.00148362
0.00132442
0.00120084
0.00110784
0.00103962
0.00099091
0.000956964
0.000933408
0.000916404
0.000902883
0.000890674
0.000878474
0.000865689
0.000852229
0.000838307
0.000824275
0.00081051
0.000797351
0.000785063
0.00077384
0.000763805
0.000755035
0.00074757
0.000741428
0.000736619
0.00073315
0.000731284
0.000730603
0.000730886
0.000732968
0.000736538
0.000741633
0.000748345
0.000756749
0.000766944
0.000779037
0.000793155
0.000809444
0.00082808
0.000849273
0.000873283
0.00090044
0.000931163
0.000966002
0.00100567
0.00105109
0.00110346
0.00116423
0.00123512
0.00131798
0.00141443
0.00152532
0.0016498
0.0017842
0.00192081
0.00204702
0.00213096
0.00215937
0.00215941
0.00213454
0.00212613
0.00219104
0.00238377
0.002859
0.00333238
0.00342285
0.00274808
0.00130942
0.000202019
0.0004951
0.00193537
0.00252384
0.00275998
0.0028085
0.00272649
0.00254855
0.00231522
0.00206172
0.0018131
0.00158845
0.00139987
0.00125095
0.00113833
0.00105565
0.000996499
0.000955191
0.000926662
0.000906465
0.00089097
0.000877526
0.000864468
0.00085097
0.000836817
0.000822173
0.000807387
0.000792847
0.000778905
0.000765834
0.000753822
0.000742986
0.000733385
0.000725044
0.000717966
0.000712145
0.000707578
0.000704266
0.000702442
0.000701765
0.000702
0.00070392
0.00070728
0.00071212
0.000718531
0.0007266
0.000736426
0.000748121
0.000761808
0.00077763
0.000795747
0.000816349
0.000839662
0.000865968
0.000895625
0.000929097
0.000966993
0.00101012
0.00105956
0.00111668
0.00118323
0.00126128
0.00135303
0.00146039
0.00158414
0.00172276
0.00187083
0.00201761
0.00214617
0.00221557
0.00222851
0.00220725
0.00217499
0.00217391
0.00227765
0.00259412
0.00316479
0.00341115
0.00301957
0.00151991
0.000238633
0.000505299
0.0019683
0.00254774
0.00277173
0.00280848
0.00270978
0.00250589
0.00225072
0.0019822
0.00172785
0.00150595
0.00132556
0.001187
0.00108471
0.00101135
0.000960004
0.000924648
0.000900071
0.000881945
0.000866997
0.00085306
0.000838958
0.000824268
0.000809056
0.00079364
0.000778418
0.000763757
0.000749946
0.000737178
0.000725565
0.000715158
0.000705967
0.00069798
0.000691181
0.000685552
0.000681085
0.000677783
0.000675846
0.000675084
0.00067513
0.000676763
0.000679806
0.000684294
0.000690322
0.000697984
0.000707386
0.000718643
0.000731882
0.000747241
0.000764875
0.000784961
0.000807702
0.000833345
0.000862195
0.000894644
0.000931208
0.000972578
0.00101968
0.00107377
0.00113649
0.00120994
0.0012966
0.00139912
0.00151968
0.00165889
0.00181417
0.00197783
0.00213549
0.00224987
0.00229279
0.00229273
0.0022356
0.00220115
0.00223471
0.00241215
0.00290935
0.00328438
0.00319984
0.00177615
0.000285898
0.000510367
0.00198722
0.00255446
0.00276905
0.00279881
0.00267932
0.00245655
0.00218446
0.0019054
0.00164877
0.00143163
0.00126006
0.00113151
0.00103874
0.000973604
0.000928786
0.000898053
0.00087621
0.0008592
0.000844191
0.000829505
0.000814393
0.000798747
0.000782818
0.000766997
0.000751671
0.000737151
0.000723644
0.00071127
0.000700073
0.000690054
0.000681189
0.000673449
0.000666804
0.000661239
0.000656748
0.000653342
0.000651147
0.000650163
0.000650001
0.000651229
0.00065387
0.000657934
0.000663515
0.000670714
0.000679643
0.000690424
0.000703187
0.000718073
0.000735234
0.00075484
0.000777081
0.000802179
0.000830402
0.000862086
0.000897665
0.000937723
0.000983053
0.00103474
0.00109428
0.00116364
0.00124537
0.00134245
0.00145797
0.00159418
0.00175094
0.00192351
0.00210027
0.00226112
0.00235056
0.00236829
0.00233434
0.00225367
0.00222826
0.00232143
0.00268373
0.00318088
0.00327453
0.0020687
0.000341284
0.000510088
0.00199476
0.00255029
0.00275636
0.00277588
0.00264066
0.00240301
0.00211842
0.00183261
0.00157632
0.00136521
0.00120257
0.00108346
0.000999277
0.000941246
0.00090176
0.000874504
0.000854446
0.000837898
0.000822496
0.00080701
0.000791044
0.000774716
0.00075838
0.000742439
0.000727233
0.000712998
0.000699867
0.00068789
0.000677061
0.000667349
0.000658708
0.0006511
0.000644496
0.000638884
0.000634266
0.000630662
0.000628111
0.000626806
0.000626416
0.000627172
0.000629354
0.000632942
0.00063803
0.000644725
0.000653144
0.000663414
0.000675672
0.000690061
0.000706738
0.000725871
0.000747643
0.000772261
0.000799969
0.000831059
0.000865904
0.000904998
0.00094901
0.000998873
0.00105589
0.00112186
0.0011992
0.00129102
0.00140095
0.00153251
0.00168777
0.00186515
0.00205658
0.00224518
0.00238524
0.00243608
0.00242906
0.00233878
0.0022677
0.00228183
0.00248993
0.00303705
0.00328385
0.00238949
0.00040419
0.000507295
0.00199328
0.00253627
0.00272994
0.00274138
0.0025955
0.00234715
0.00205407
0.00176464
0.00151061
0.00130622
0.00115231
0.0010419
0.00096532
0.000913319
0.000878096
0.00085338
0.000834407
0.000817909
0.000801972
0.000785755
0.000769136
0.000752379
0.000735881
0.000720014
0.000705056
0.000691166
0.000678409
0.000666783
0.000656246
0.000646745
0.000638227
0.000630651
0.000623993
0.000618246
0.00061342
0.00060954
0.000606643
0.000604924
0.000604267
0.000604534
0.000606219
0.000609302
0.000613869
0.000620032
0.000627913
0.000637644
0.000649367
0.000663233
0.000679403
0.000698047
0.000719349
0.000743511
0.000770759
0.000801359
0.000835637
0.000874015
0.000917061
0.000965564
0.00102064
0.00108389
0.00115752
0.00124454
0.00134879
0.00147454
0.00162558
0.00180306
0.00200233
0.00220931
0.00239776
0.00249733
0.00251404
0.00244986
0.00231898
0.00227589
0.00238884
0.00283199
0.0031835
0.00268711
0.000464596
0.000501116
0.00198599
0.00250974
0.0026938
0.00269901
0.00254573
0.00229051
0.00199244
0.00170197
0.00145155
0.00125414
0.00110848
0.00100595
0.000936015
0.000889053
0.000857179
0.000834269
0.000815892
0.000799208
0.000782716
0.000765895
0.00074882
0.000731839
0.000715349
0.000699673
0.000685016
0.00067147
0.000659045
0.0006477
0.000637371
0.000627992
0.00061951
0.000611887
0.000605105
0.000599165
0.000594086
0.000589899
0.000586653
0.000584474
0.000583472
0.000583324
0.000584482
0.000587044
0.000591078
0.000596694
0.000604018
0.000613188
0.000624352
0.000637666
0.000653299
0.000671427
0.000692238
0.000715934
0.000742737
0.000772896
0.000806705
0.000844533
0.000886865
0.00093437
0.000988001
0.00104913
0.00111975
0.00120266
0.00130164
0.0014214
0.00156694
0.00174189
0.00194542
0.00216821
0.00238848
0.00254189
0.00258903
0.00255991
0.00241335
0.00231088
0.00233892
0.00267658
0.00307762
0.00290355
0.000508895
0.000491661
0.00197039
0.00247544
0.00265038
0.00265062
0.00249294
0.00223427
0.00193426
0.00164479
0.00139885
0.00120838
0.00107037
0.000974868
0.000910655
0.00086785
0.00083857
0.000816909
0.000798804
0.000781823
0.000764822
0.000747533
0.000730169
0.000713113
0.000696737
0.000681302
0.000666948
0.000653711
0.000641557
0.000630418
0.000620217
0.000610887
0.000602375
0.00059465
0.000587701
0.000581537
0.000576184
0.000571681
0.000568083
0.000565459
0.000564015
0.00056355
0.00056418
0.000566222
0.000569722
0.000574788
0.000581547
0.000590141
0.000600724
0.00061346
0.000628524
0.000646101
0.000666387
0.00068959
0.000715933
0.000745658
0.000779043
0.000816419
0.000858207
0.000904979
0.000957543
0.00101708
0.00108532
0.0011648
0.00125911
0.00137303
0.00151227
0.00168221
0.00188511
0.00211564
0.00235592
0.00256264
0.00265479
0.00265828
0.00253219
0.0023562
0.00232046
0.00252559
0.00297649
0.00300247
0.000527645
0.00047939
0.00194862
0.00243473
0.00260182
0.00259773
0.00243843
0.00217934
0.00187999
0.00159313
0.0013522
0.00116838
0.00103732
0.000947998
0.000888661
0.000849248
0.000821955
0.000801137
0.000783099
0.000765783
0.000748348
0.000730718
0.00071319
0.000696156
0.000679945
0.00066476
0.000650681
0.000637699
0.000625749
0.000614748
0.000604612
0.000595274
0.000586687
0.000578827
0.00057169
0.000565291
0.000559661
0.000554845
0.000550899
0.000547885
0.000545981
0.000545205
0.000545353
0.000546887
0.000549864
0.000554386
0.000560581
0.000568594
0.000578582
0.000590718
0.000605183
0.000622172
0.000641893
0.000664562
0.000690409
0.000719681
0.000752647
0.000789615
0.000830964
0.000877186
0.000928969
0.000987317
0.00105373
0.00113046
0.0012208
0.00132943
0.00146238
0.00162637
0.00182648
0.00206173
0.00231893
0.00256703
0.00271473
0.00274647
0.00265997
0.00243317
0.00232388
0.00241903
0.00288182
0.00302993
0.000530622
0.000464929
0.00192265
0.00238933
0.00254929
0.00254187
0.00238326
0.00212636
0.00182986
0.00154687
0.0013112
0.00113361
0.00100875
0.000924795
0.000869563
0.000832896
0.00080711
0.000786843
0.000768753
0.00075111
0.000733321
0.000715449
0.000697845
0.000680885
0.000664852
0.000649896
0.000636047
0.000623262
0.000611456
0.000600535
0.000590415
0.000581031
0.000572344
0.000564334
0.000557005
0.000550377
0.000544485
0.000539377
0.00053511
0.000531753
0.000529406
0.000528262
0.000528043
0.000529083
0.000531554
0.000535547
0.000541187
0.00054862
0.000558008
0.000569526
0.000583367
0.000599735
0.000618849
0.000640938
0.000666244
0.000695024
0.000727547
0.000764115
0.000805075
0.000850864
0.000902073
0.000959555
0.0010246
0.00109916
0.00118621
0.00129015
0.00141704
0.00157434
0.00176926
0.00200471
0.00227292
0.00254885
0.00275638
0.00282313
0.00277462
0.00255251
0.00236846
0.00236924
0.0027403
0.0030083
0.000521873
0.000448935
0.00189409
0.00234075
0.00249402
0.00248432
0.00232832
0.00207579
0.00178397
0.0015058
0.00127548
0.00110358
0.000984161
0.000904796
0.000852985
0.000818519
0.000793867
0.000773948
0.000755742
0.000737803
0.00071973
0.000701692
0.000684062
0.000667196
0.000651329
0.000636565
0.000622896
0.000610254
0.000598539
0.000587654
0.000577516
0.000568066
0.000559268
0.000551109
0.000543598
0.000536759
0.000530628
0.000525256
0.000520699
0.000517027
0.000514313
0.000512763
0.000512248
0.000512831
0.000514824
0.000518309
0.00052341
0.000530272
0.000539059
0.000549952
0.00056315
0.000578868
0.000597336
0.000618799
0.000643514
0.000671752
0.000703793
0.000739938
0.000780523
0.000825945
0.00087672
0.000933576
0.000997607
0.00107051
0.00115492
0.00125487
0.00137625
0.00152688
0.00171552
0.0019484
0.00222242
0.00251677
0.00277697
0.00289229
0.00288483
0.00268154
0.00241171
0.00235225
0.00262542
0.00295425
0.000507398
0.000431871
0.00186368
0.00229014
0.00243707
0.00242608
0.00227426
0.00202794
0.0017423
0.00146966
0.00124462
0.00107786
0.000963121
0.000887616
0.000838617
0.000805901
0.000782095
0.000762387
0.000744038
0.000725838
0.000707541
0.000689386
0.000671756
0.000654978
0.00063925
0.000624633
0.000611095
0.000598547
0.000586883
0.000576003
0.000565828
0.000556302
0.000547395
0.000539099
0.000531425
0.0005244
0.000518061
0.000512459
0.00050765
0.000503698
0.000500674
0.00049874
0.000497948
0.000498129
0.000499678
0.000502684
0.000507267
0.000513573
0.000521767
0.000532034
0.000544579
0.000559625
0.000577415
0.00059821
0.000622285
0.000649926
0.000681434
0.000717119
0.000757314
0.000802395
0.000852823
0.000909226
0.000972534
0.0010442
0.00112652
0.00122316
0.00133963
0.00148382
0.00166551
0.0018938
0.0021707
0.00248102
0.00278258
0.00295586
0.00298254
0.00281999
0.00249281
0.0023495
0.00252496
0.00287615
0.000488649
0.000413986
0.00183295
0.00223871
0.00237945
0.00236798
0.00222161
0.00198298
0.00170471
0.00143819
0.00121829
0.00105606
0.000945253
0.000872932
0.000826207
0.000794864
0.000771687
0.000752096
0.000733599
0.000715176
0.000696698
0.000678456
0.00066083
0.000644123
0.000628497
0.000613985
0.000600532
0.000588039
0.000576394
0.000565499
0.000555277
0.000545676
0.000536671
0.000528256
0.000520444
0.000513263
0.000506751
0.000500956
0.000495933
0.000491745
0.000488462
0.000486186
0.000485099
0.00048496
0.000486098
0.000488655
0.000492748
0.00049852
0.000506136
0.000515784
0.000527672
0.000542033
0.000559122
0.000579214
0.000602602
0.000629597
0.000660517
0.000695692
0.000735465
0.000780203
0.000830333
0.000886403
0.000949205
0.00101997
0.00110071
0.00119464
0.00130688
0.00144509
0.00161957
0.00184156
0.00211765
0.00243953
0.00277198
0.00300583
0.00306958
0.00294713
0.00260265
0.00237276
0.00244854
0.00279566
0.000469423
0.000395919
0.00180184
0.00218717
0.00232197
0.00231069
0.00217076
0.001941
0.00167103
0.0014111
0.00119615
0.00103782
0.000930244
0.000860474
0.000815546
0.000785263
0.000762544
0.000743013
0.000724375
0.000705762
0.000687136
0.00066882
0.000651192
0.000634528
0.000618966
0.000604516
0.00059111
0.000578639
0.000566992
0.00055607
0.0005458
0.000536133
0.000527045
0.000518533
0.000510611
0.000503307
0.000496656
0.000490706
0.000485509
0.000481124
0.00047762
0.000475069
0.000473666
0.000473275
0.000474041
0.000476185
0.000479819
0.000485083
0.000492142
0.000501184
0.000512422
0.000526095
0.000542468
0.000561831
0.000584496
0.000610796
0.000641075
0.000675687
0.000714994
0.000759368
0.000809217
0.000865032
0.000927494
0.000997645
0.00107719
0.00116898
0.00127765
0.00141049
0.00157793
0.00179271
0.0020652
0.00239317
0.0027486
0.0030431
0.00314916
0.00307289
0.0027301
0.00240603
0.00238938
0.00269985
0.000448169
0.000377449
0.00177203
0.00213655
0.00226538
0.00225476
0.00212199
0.00190198
0.00164108
0.00138808
0.00117788
0.00102285
0.000917822
0.000850017
0.000806458
0.000776968
0.000754578
0.000735069
0.000716304
0.000697533
0.000678783
0.000660398
0.000642751
0.000626101
0.000610566
0.000596141
0.000582747
0.000570275
0.00055861
0.000547656
0.000537341
0.000527619
0.000518467
0.000509883
0.00050188
0.000494483
0.000487728
0.000481658
0.000476323
0.00047178
0.000468088
0.000465318
0.000463626
0.000463006
0.000463446
0.000465215
0.000468423
0.000473211
0.000479739
0.000488196
0.000498798
0.000511788
0.000527441
0.000546059
0.000567973
0.000593539
0.000623129
0.000657127
0.000695918
0.000739894
0.000789458
0.000845066
0.000907306
0.00097706
0.00105577
0.00114591
0.00125163
0.00137972
0.00154048
0.00174763
0.00201478
0.00234545
0.00271721
0.0030617
0.00322
0.00319166
0.00287227
0.00245532
0.00235366
0.00260583
0.000428301
0.00036289
0.00174025
0.00208708
0.00221019
0.00220059
0.00207547
0.00186586
0.00161466
0.00136887
0.00116319
0.0010109
0.000907775
0.000841377
0.000798794
0.000769868
0.000747702
0.000728194
0.000709323
0.000690422
0.000671564
0.000653109
0.000635425
0.000618759
0.000603216
0.000588782
0.000575375
0.000562881
0.000551188
0.000540201
0.000529848
0.000520085
0.000510888
0.000502255
0.000494197
0.000486738
0.000479911
0.000473755
0.000468316
0.000463648
0.000459807
0.000456858
0.000454916
0.000454081
0.000454239
0.00045567
0.00045849
0.000462833
0.000468861
0.000476761
0.000486748
0.00049907
0.000514008
0.000531876
0.000553023
0.000577826
0.000606687
0.000640021
0.000678248
0.000721785
0.000771045
0.000826467
0.000888571
0.000958101
0.00103627
0.00112518
0.00122852
0.0013525
0.00150706
0.00170642
0.00196682
0.00229769
0.00268414
0.00306791
0.00328624
0.00330086
0.00301259
0.00253194
0.00233496
0.00250888
0.000409342
0.000349911
0.00170702
0.00203886
0.00215688
0.00214851
0.00203133
0.00183255
0.00159157
0.00135319
0.00115181
0.00100173
0.000899901
0.000834397
0.000792431
0.000763862
0.000741834
0.000722317
0.000703362
0.000684357
0.000665406
0.000646879
0.000629139
0.000612429
0.000596847
0.000582377
0.000568933
0.000556402
0.000544675
0.000533655
0.000523272
0.000513481
0.000504258
0.000495598
0.00048751
0.000480015
0.000473144
0.000466931
0.00046142
0.000456659
0.000452702
0.00044961
0.000447461
0.000446415
0.000446337
0.000447467
0.000449934
0.000453869
0.000459431
0.000466805
0.000476205
0.000487882
0.00050212
0.000519244
0.000539618
0.000563641
0.000591742
0.000624372
0.000661988
0.000705041
0.00075397
0.00080921
0.000871235
0.000940678
0.00101854
0.0011066
0.00120807
0.00132856
0.0014775
0.00166915
0.00192167
0.00224972
0.00264709
0.00306404
0.00334524
0.0034015
0.00315082
0.00263262
0.00232847
0.00241799
0.000393153
0.000337488
0.00167317
0.0019923
0.00210562
0.0020988
0.00198965
0.00180196
0.00157156
0.00134079
0.00114356
0.000995264
0.000894114
0.000828969
0.000787265
0.000758861
0.000736896
0.000717363
0.000698348
0.000679267
0.000660239
0.000641637
0.000623826
0.000607049
0.000591401
0.000576869
0.000563369
0.00055079
0.000539022
0.000527971
0.000517566
0.000507759
0.000498526
0.000489858
0.000481762
0.000474255
0.000467363
0.000461119
0.000455562
0.000450736
0.000446691
0.000443484
0.00044118
0.000439922
0.00043965
0.000440515
0.000442665
0.000446229
0.000451362
0.000458246
0.000467093
0.000478154
0.000491717
0.000508114
0.00052772
0.000550956
0.000578278
0.000610172
0.000647136
0.000689664
0.000738228
0.000793276
0.000855259
0.000924718
0.00100248
0.00109001
0.00119006
0.00130766
0.00145157
0.00163585
0.00187987
0.00220267
0.00260605
0.00304895
0.00339287
0.00349461
0.00328544
0.00275304
0.00233264
0.00233208
0.000379644
0.000325331
0.00163903
0.00194779
0.00205638
0.00205148
0.00195051
0.00177397
0.00155442
0.0013314
0.00113812
0.000991089
0.000890194
0.000825004
0.000783223
0.00075479
0.000732813
0.00071326
0.000694212
0.000675083
0.000655994
0.000637319
0.000619426
0.000602561
0.000586826
0.000572212
0.000558639
0.000546001
0.000534188
0.000523107
0.000512685
0.000502873
0.000493642
0.000484982
0.000476895
0.000469396
0.000462505
0.000456251
0.000450671
0.000445803
0.000441695
0.000438399
0.000435975
0.000434533
0.000434087
0.000434723
0.000436592
0.000439822
0.000444564
0.000450996
0.000459329
0.000469811
0.00048273
0.000498425
0.000517281
0.000539735
0.00056627
0.000597406
0.000633686
0.000675649
0.000723813
0.000778653
0.000840613
0.000910166
0.000987983
0.00107526
0.0011743
0.00128955
0.00142905
0.00160638
0.00184165
0.00215757
0.00256378
0.00302857
0.0034313
0.00358111
0.00342092
0.00288793
0.00235855
0.00225585
0.000369718
0.000313334
0.00160483
0.00190562
0.0020095
0.00200633
0.00191419
0.00174855
0.00153995
0.00132482
0.00113557
0.000989837
0.000888293
0.000822378
0.000780222
0.000751581
0.000729516
0.000709937
0.000690881
0.000671735
0.000652606
0.000633865
0.000615885
0.000598918
0.000583078
0.000568364
0.000554704
0.000541997
0.000530134
0.000519022
0.000508587
0.000498777
0.000489559
0.000480919
0.000472856
0.000465378
0.000458504
0.000452259
0.000446674
0.000441785
0.000437636
0.000434274
0.000431757
0.000430167
0.000429562
0.000430002
0.000431624
0.000434556
0.000438946
0.000444969
0.00045283
0.000462773
0.000475089
0.000490116
0.000508248
0.000529936
0.000555687
0.000586056
0.000621628
0.000662994
0.000710724
0.000765333
0.000827276
0.000896982
0.000974991
0.00106224
0.00116064
0.00127403
0.00140971
0.0015806
0.00180704
0.00211468
0.00252048
0.00300236
0.00345902
0.00366083
0.00355116
0.00302116
0.00239981
0.00219462
0.000363698
0.000301491
0.00157056
0.00186541
0.00196515
0.00196361
0.00188049
0.00172558
0.00152792
0.00132082
0.00113599
0.000990673
0.000888581
0.000821427
0.000778264
0.000749184
0.000726944
0.000707328
0.000688287
0.000669157
0.000650013
0.000631219
0.000613151
0.000596075
0.000580116
0.000565288
0.00055153
0.000538743
0.000526825
0.00051568
0.000505233
0.000495429
0.000486231
0.00047762
0.000469589
0.000462146
0.000455302
0.00044908
0.000443506
0.000438613
0.00043444
0.000431033
0.000428446
0.000426744
0.000425997
0.00042627
0.000427676
0.000430347
0.000434426
0.000440081
0.000447514
0.000456965
0.000468721
0.000483122
0.000500566
0.000521515
0.000546498
0.0005761
0.00061095
0.000651695
0.00069896
0.000753314
0.000815237
0.000885137
0.000963446
0.00105088
0.00114895
0.00126093
0.00139335
0.00155832
0.00177606
0.00207447
0.00247735
0.00297262
0.00347333
0.00373584
0.0036796
0.00315947
0.00245774
0.00214278
0.000360906
0.000289984
0.00153666
0.00182732
0.00192344
0.00192344
0.00184925
0.00170493
0.00151822
0.00131953
0.001138
0.000993163
0.000890029
0.000821795
0.000777469
0.000747593
0.00072505
0.000705367
0.00068636
0.00066728
0.000648156
0.00062933
0.000611183
0.000593994
0.000577908
0.000562955
0.000549085
0.00053621
0.000524229
0.000513047
0.000502587
0.00049279
0.000483615
0.000475038
0.000467049
0.000459647
0.000452844
0.000446655
0.000441105
0.000436221
0.000432041
0.000428607
0.000425968
0.000424185
0.000423325
0.000423459
0.000424671
0.000427116
0.000430923
0.000436256
0.000443308
0.000452315
0.00046356
0.000477383
0.000494182
0.000514429
0.000538669
0.000567517
0.000601644
0.000641751
0.000688527
0.0007426
0.000804494
0.000874614
0.000953309
0.00104109
0.00113912
0.00125009
0.00137976
0.00153937
0.00174865
0.00203705
0.00243475
0.00294134
0.00347849
0.00380671
0.00380219
0.00329592
0.00253294
0.00210348
0.000360203
0.000278859
0.00150314
0.00179136
0.0018845
0.00188604
0.00182029
0.00168651
0.00151067
0.00132021
0.00114253
0.000998237
0.000893348
0.00082317
0.000777705
0.000746842
0.000723802
0.000704014
0.000685054
0.000666049
0.000646966
0.00062813
0.000609918
0.000592625
0.000576412
0.000561328
0.000547339
0.000534367
0.000522316
0.000511093
0.000500617
0.000490826
0.000481675
0.000473135
0.000465192
0.000457839
0.000451084
0.000444937
0.00043942
0.000434558
0.000430384
0.000426937
0.000424265
0.000422424
0.00042148
0.000421506
0.000422543
0.000424794
0.00042837
0.000433425
0.000440147
0.00044876
0.000459546
0.000472843
0.000489049
0.000508636
0.000532169
0.000560287
0.000593699
0.000633163
0.000679431
0.000733202
0.000795055
0.000865409
0.000944556
0.00103283
0.00113106
0.00124138
0.00136879
0.00152358
0.00172472
0.00200255
0.00239259
0.00290612
0.0034783
0.0038753
0.00392056
0.00343623
0.00261882
0.00207272
0.000362572
0.000268092
0.00146976
0.0017574
0.00184826
0.00185137
0.00179344
0.00167022
0.001505
0.00132245
0.0011495
0.0010056
0.000898862
0.000826156
0.000778706
0.000746963
0.00072325
0.000703186
0.000684251
0.00066538
0.000646435
0.000627657
0.000609409
0.000592005
0.000575641
0.000560404
0.000546287
0.000533209
0.000521079
0.000509806
0.000499308
0.000489519
0.000480391
0.000471889
0.000463992
0.000456692
0.000449989
0.00044389
0.000438413
0.000433581
0.000429422
0.000425976
0.000423286
0.00042141
0.000420412
0.00042037
0.000421275
0.000423364
0.000426747
0.000431557
0.00043798
0.000446246
0.000456624
0.000469454
0.000485124
0.000504102
0.000526973
0.000554395
0.000587111
0.000625936
0.000671688
0.000725139
0.000786934
0.000857529
0.000937177
0.00102607
0.0011247
0.00123469
0.00136028
0.00151076
0.00170417
0.00197118
0.00235173
0.00286799
0.00346754
0.00393416
0.00403496
0.00358031
0.00271539
0.0020538
0.000368413
0.00025757
0.00143601
0.0017254
0.00181475
0.00181945
0.00176866
0.00165592
0.00150117
0.00132705
0.00115862
0.00101519
0.000906394
0.000830893
0.000780937
0.000747639
0.000723367
0.000703074
0.000684141
0.0006654
0.000646535
0.0006278
0.000609551
0.000592106
0.00057567
0.0005603
0.000546019
0.000532796
0.000520554
0.000509207
0.00049867
0.000488873
0.000479761
0.000471292
0.000463441
0.000456191
0.000449539
0.00044349
0.000438056
0.000433257
0.000429122
0.000425686
0.000422992
0.000421096
0.000420067
0.000419984
0.000420804
0.000422785
0.000426046
0.00043068
0.000436872
0.000444843
0.000454853
0.000467232
0.00048238
0.000500793
0.000523057
0.000549832
0.000581877
0.00062008
0.000665319
0.000718435
0.00078016
0.000850994
0.000931174
0.00102077
0.00111998
0.00122993
0.00135409
0.00150077
0.00168687
0.00194294
0.00231259
0.00282871
0.00345306
0.00398616
0.0041452
0.00372747
0.00282144
0.00204465
0.00037685
0.000247211
0.00140144
0.00169531
0.00178411
0.00179028
0.00174597
0.00164345
0.00149892
0.00133346
0.00116976
0.00102702
0.000916052
0.000837391
0.000784614
0.000749226
0.00072392
0.000703303
0.000684343
0.000665689
0.000646963
0.00062832
0.000610096
0.00059261
0.000576083
0.000560625
0.000546263
0.000532966
0.000520663
0.00050927
0.000498704
0.000488893
0.000479782
0.000471327
0.000463499
0.000456281
0.000449666
0.000443657
0.000438264
0.000433505
0.000429406
0.000425999
0.000423327
0.00042144
0.000420404
0.000420295
0.00042104
0.000422913
0.000426051
0.00043055
0.000436585
0.000444368
0.000454152
0.000466214
0.000480947
0.000498843
0.00052049
0.000546596
0.000577997
0.00061561
0.000660349
0.000713125
0.000774765
0.000845835
0.000926564
0.00101694
0.00111705
0.00122739
0.00135041
0.00149343
0.00167266
0.00191779
0.00227522
0.0027879
0.00343272
0.00402954
0.00425083
0.00387788
0.00293734
0.00204178
0.00038846
0.000236921
0.00136546
0.00166683
0.00175614
0.00176382
0.00172532
0.0016327
0.00149864
0.00134163
0.00118289
0.0010411
0.000927957
0.000845828
0.000789779
0.000752011
0.000725198
0.000703957
0.000684897
0.000666388
0.000647882
0.000629406
0.000611248
0.000593728
0.000577096
0.000561506
0.000547011
0.000533602
0.000521208
0.000509747
0.000499139
0.000489312
0.000480207
0.000471778
0.000463992
0.000456827
0.000450274
0.000444332
0.000439008
0.000434317
0.000430278
0.000426924
0.000424294
0.000422438
0.000421419
0.000421314
0.000422018
0.000423822
0.000426876
0.000431256
0.00043713
0.000444704
0.000454233
0.00046604
0.000480508
0.000498097
0.00051932
0.000544891
0.000575678
0.000612642
0.000656814
0.000709241
0.00077079
0.000842096
0.000923451
0.00101477
0.00111574
0.00122646
0.00134885
0.00148873
0.00166138
0.00189566
0.0022399
0.00274646
0.00340823
0.00406441
0.00435206
0.00403144
0.00306255
0.00204945
0.000403673
0.000226626
0.00132762
0.00163973
0.00173085
0.00174016
0.00170676
0.00162353
0.00149932
0.00135126
0.00119793
0.00105744
0.000942233
0.000856412
0.000796653
0.000756034
0.000727438
0.000705296
0.00068599
0.00066756
0.00064925
0.000630966
0.00061293
0.000595446
0.000578776
0.000563096
0.000548483
0.000534934
0.000522414
0.000510858
0.00050019
0.000490337
0.000481236
0.000472837
0.000465101
0.000458
0.000451519
0.000445649
0.000440395
0.00043577
0.000431794
0.000428497
0.000425918
0.000424104
0.000423119
0.000423044
0.000423737
0.00042551
0.000428522
0.00043283
0.000438599
0.000446027
0.000455362
0.000466909
0.000481044
0.000498241
0.000519103
0.000544339
0.00057477
0.000611267
0.000655
0.000707101
0.000768555
0.000840079
0.000921974
0.00101397
0.00111549
0.00122659
0.00134863
0.00148657
0.00165283
0.00187643
0.00220659
0.00270435
0.00337966
0.00409028
0.00444824
0.00418744
0.00319699
0.00206788
0.0004223
0.000216222
0.00128727
0.0016135
0.00170804
0.00171921
0.00169036
0.0016159
0.00150113
0.00136214
0.00121471
0.00107601
0.000959002
0.000869371
0.0008055
0.000761531
0.000730701
0.000707348
0.000687575
0.000669128
0.000650998
0.000632931
0.000615062
0.000597662
0.000580995
0.000565254
0.000550545
0.00053689
0.00052427
0.00051263
0.000501903
0.000492017
0.000482909
0.000474526
0.000466824
0.000459773
0.000453352
0.000447552
0.000442374
0.000437825
0.000433926
0.000430702
0.000428191
0.000426442
0.000425517
0.000425498
0.000426207
0.000427992
0.000431
0.000435282
0.000440994
0.000448333
0.000457537
0.000468902
0.000482797
0.000499687
0.00052015
0.000544905
0.000574823
0.000610964
0.000654421
0.000706329
0.000767723
0.00083937
0.000921612
0.00101432
0.00111694
0.00122883
0.00135053
0.0014861
0.00164677
0.00185999
0.00217534
0.00266176
0.00334753
0.0041055
0.0045399
0.00434491
0.00334035
0.00209506
0.000444699
0.000205649
0.00124401
0.0015879
0.0016877
0.00170101
0.00167617
0.00160981
0.00150442
0.00137424
0.0012331
0.00109677
0.000978362
0.00088494
0.000816622
0.000768793
0.000735221
0.00071025
0.000689737
0.000671119
0.000653111
0.000635265
0.0006176
0.000600332
0.000583715
0.000567953
0.000553175
0.000539431
0.000526719
0.000514999
0.000504211
0.00049429
0.000485173
0.000476803
0.000469135
0.000462135
0.00045578
0.000450056
0.000444961
0.000440501
0.000436692
0.000433559
0.000431138
0.000429477
0.000428643
0.000428692
0.000429454
0.000431294
0.000434337
0.000438634
0.000444338
0.000451639
0.000460769
0.000472017
0.000485746
0.000502411
0.000522586
0.000546989
0.0005765
0.000612168
0.000655168
0.000706736
0.00076802
0.000839904
0.000922792
0.00101647
0.00112013
0.00123279
0.00135437
0.00148791
0.00164366
0.00184624
0.0021461
0.00261857
0.00331021
0.00411232
0.00462688
0.00450284
0.00349271
0.00213389
0.000471295
0.000194823
0.00119729
0.0015621
0.0016694
0.00168548
0.00166418
0.00160526
0.00150881
0.00138743
0.00125295
0.00111963
0.00100038
0.000903347
0.000830351
0.000778173
0.000741305
0.000714231
0.000692619
0.000673606
0.00065561
0.000637955
0.000620511
0.000603418
0.000586898
0.000571161
0.00055635
0.000542542
0.000529754
0.000517963
0.000507119
0.000497165
0.000488037
0.000479682
0.000472051
0.000465107
0.000458823
0.000453184
0.000448184
0.000443827
0.000440125
0.000437102
0.000434792
0.000433244
0.00043253
0.000432661
0.000433515
0.000435454
0.00043857
0.000442922
0.000448662
0.000455974
0.000465084
0.000476275
0.000489902
0.000506416
0.000526384
0.000550524
0.000579724
0.000615054
0.000657735
0.000709069
0.000770291
0.000842365
0.000925756
0.00102024
0.00112489
0.00123837
0.00135997
0.00149169
0.00164255
0.00183485
0.00211888
0.00257517
0.00326857
0.00411367
0.00470957
0.00466003
0.0036533
0.0021821
0.000502053
0.000183704
0.00114679
0.00153593
0.00165318
0.00167266
0.00165445
0.00160219
0.00151419
0.00140153
0.00127407
0.00114445
0.00102505
0.000924788
0.000847031
0.000790074
0.000749332
0.000719597
0.000696441
0.000676724
0.000658559
0.000641014
0.00062378
0.000606888
0.000590511
0.000574845
0.000560045
0.000546206
0.000533366
0.00052152
0.000510632
0.00050065
0.000491518
0.000483182
0.000475593
0.000468712
0.00046251
0.000456967
0.000452076
0.000447838
0.000444262
0.00044137
0.000439195
0.000437788
0.000437228
0.000437457
0.000438435
0.00044052
0.000443745
0.000448194
0.000454013
0.000461383
0.000470523
0.000481713
0.0004953
0.000511729
0.000531564
0.00055552
0.000584491
0.000619564
0.000661996
0.000713144
0.000774316
0.000846559
0.000930402
0.00102563
0.0011312
0.0012455
0.00136717
0.00149721
0.00164292
0.00182565
0.00209358
0.00253154
0.00322162
0.00410308
0.00478722
0.00481519
0.00382245
0.00224264
0.000537643
0.000172406
0.001093
0.00150919
0.00163854
0.00166259
0.00164716
0.00160094
0.00152061
0.00141641
0.00129626
0.00117104
0.00105232
0.000949401
0.000866993
0.000804938
0.000759761
0.000726751
0.000701512
0.000680686
0.000662086
0.000644505
0.000627422
0.000610731
0.000594528
0.000578978
0.000564234
0.000550404
0.000537545
0.000525668
0.000514753
0.000504758
0.000495633
0.000487326
0.000479789
0.000472982
0.000466874
0.000461443
0.000456678
0.000452578
0.00044915
0.000446414
0.000444401
0.000443163
0.000442793
0.000443137
0.000444274
0.000446547
0.000449918
0.000454503
0.000460444
0.000467916
0.000477137
0.000488377
0.000501983
0.000518391
0.000538163
0.000562012
0.000590834
0.000625729
0.00066798
0.00071899
0.000780133
0.000852528
0.000936769
0.00103266
0.00113906
0.00125411
0.00137589
0.00150443
0.00164554
0.00181858
0.0020701
0.00248804
0.00317084
0.00408348
0.00485807
0.00496796
0.00399953
0.00231476
0.000577969
0.000160995
0.00103606
0.00148165
0.0016241
0.00165475
0.00164219
0.00160144
0.00152813
0.00143201
0.00131932
0.00119918
0.00108206
0.000977247
0.000890525
0.00082322
0.000773111
0.00073619
0.000708251
0.000685808
0.000666408
0.000648559
0.000631505
0.000614969
0.000598945
0.000583543
0.000568897
0.000555119
0.000542279
0.000530404
0.000519488
0.0005095
0.000500399
0.000492137
0.000484667
0.00047795
0.000471953
0.000466652
0.000462034
0.000458095
0.000454841
0.000452287
0.000450465
0.000449431
0.000449283
0.000449764
0.000451113
0.000453587
0.000457147
0.000461909
0.000468014
0.000475632
0.000484978
0.00049632
0.000509999
0.000526448
0.000546225
0.000570041
0.000598794
0.00063359
0.000675731
0.000726655
0.000787788
0.000860314
0.000944884
0.00104132
0.00114844
0.00126411
0.00138594
0.00151301
0.00164965
0.00181319
0.00204813
0.00244444
0.00311591
0.00405544
0.00491823
0.00511795
0.00418436
0.00240039
0.000623609
0.000149979
0.000978362
0.00145254
0.00161074
0.0016491
0.00163928
0.00160326
0.00153659
0.00144819
0.00134303
0.00122858
0.00111401
0.00100828
0.000917837
0.000845357
0.000789949
0.000748504
0.000717193
0.000692529
0.000671853
0.000653402
0.00063617
0.000619682
0.000603797
0.000588548
0.000574029
0.000560343
0.000547562
0.000535726
0.00052484
0.000514888
0.000505835
0.000497639
0.000490258
0.000483652
0.000477787
0.00047264
0.000468194
0.000464442
0.000461388
0.000459046
0.000457449
0.000456666
0.000456732
0.000457398
0.000459011
0.000461715
0.000465499
0.000470475
0.000476781
0.000484586
0.000494102
0.000505592
0.000519396
0.000535945
0.000555793
0.000579649
0.000608411
0.000643186
0.000685289
0.000736179
0.000797318
0.000869943
0.000954756
0.0010516
0.00115925
0.00127538
0.00139713
0.00152272
0.00165502
0.00180917
0.00202745
0.00240073
0.0030569
0.00401852
0.0049676
0.00526378
0.00437648
0.00249946
0.000674442
0.000139555
0.000921041
0.00142005
0.00159712
0.00164549
0.00163906
0.00160734
0.00154614
0.00146489
0.00136719
0.00125892
0.00114788
0.00104233
0.000949019
0.000871718
0.000810852
0.00076436
0.000728997
0.000701431
0.000678893
0.000659391
0.000641667
0.000625033
0.000609185
0.000594049
0.000579659
0.000566086
0.000553398
0.000541638
0.00053082
0.000520936
0.000511961
0.000503859
0.000496593
0.000490123
0.000484417
0.00047945
0.000475203
0.000471668
0.000468846
0.000466748
0.00046541
0.000464931
0.000465177
0.000466096
0.000468032
0.000470994
0.000475034
0.000480258
0.000486802
0.000494831
0.000504556
0.00051624
0.000530218
0.000546921
0.000566902
0.000590869
0.000619714
0.000654546
0.000696679
0.00074758
0.000808735
0.000881414
0.00096636
0.00106345
0.0011714
0.00128774
0.00140922
0.00153321
0.00166118
0.00180611
0.0020077
0.00235673
0.00299358
0.00397217
0.0050041
0.00540407
0.00457555
0.00261341
0.000730837
0.000129685
0.000864354
0.00138384
0.00158405
0.00164351
0.00164016
0.00161324
0.00155711
0.00148215
0.00139163
0.00128989
0.00118328
0.00107909
0.000984014
0.00090256
0.000836354
0.000784472
0.00074443
0.000713244
0.000688165
0.000667044
0.000648397
0.000631314
0.000615311
0.000600181
0.000585872
0.000572406
0.000559825
0.000548167
0.000537447
0.000527665
0.0005188
0.000510825
0.000503703
0.000497399
0.000491882
0.000487125
0.000483109
0.000479822
0.000477263
0.000475444
0.000474406
0.000474263
0.000474703
0.000475931
0.000478207
0.000481466
0.000485796
0.000491302
0.000498117
0.000506407
0.000516378
0.000528296
0.000542494
0.000559404
0.000579577
0.000603719
0.00063272
0.000667679
0.000709903
0.000760853
0.000822019
0.000894686
0.000979627
0.00107674
0.00118472
0.00130098
0.0014219
0.00154413
0.00166775
0.00180355
0.0019885
0.00231223
0.00292571
0.00391571
0.00502234
0.00553726
0.00478094
0.00274285
0.000792676
0.000120189
0.000807961
0.00134238
0.00156962
0.00164235
0.00164288
0.00162053
0.00156964
0.0015001
0.00141627
0.0013212
0.00121977
0.00111816
0.00102259
0.000937974
0.000866889
0.000809537
0.000764341
0.000728847
0.000700492
0.000677076
0.000656946
0.000638988
0.000622527
0.000607203
0.000592855
0.000579432
0.000566937
0.000555382
0.000544777
0.00053512
0.000526394
0.000518573
0.000511627
0.00050552
0.000500223
0.000495707
0.000491953
0.000488947
0.000486685
0.000485179
0.00048451
0.000484644
0.000485354
0.000486968
0.00048958
0.000493167
0.000497818
0.000503636
0.000510754
0.000519335
0.000529588
0.000541777
0.000556238
0.000573402
0.000593823
0.000618202
0.000647423
0.000682572
0.000724936
0.000775957
0.000837107
0.000909669
0.000994427
0.0010913
0.00119898
0.00131478
0.0014348
0.00155502
0.00167423
0.00180097
0.00196939
0.00226707
0.0028531
0.00384969
0.00502876
0.00566232
0.00499197
0.00288899
0.000860086
0.000110887
0.000751619
0.00129478
0.0015512
0.00164028
0.00164812
0.00162919
0.00158332
0.00151872
0.00144107
0.00135261
0.00125695
0.00115903
0.00106437
0.000977852
0.000902721
0.000840174
0.000789598
0.000749233
0.000716878
0.000690424
0.000668138
0.000648744
0.00063139
0.000615554
0.000600947
0.000587426
0.000574929
0.000563434
0.000552927
0.000543395
0.000534819
0.000527172
0.000520423
0.000514539
0.000509488
0.000505243
0.00050178
0.000499085
0.00049715
0.000495996
0.000495745
0.000496107
0.000497163
0.000499213
0.000502178
0.000506117
0.000511114
0.00051727
0.000524717
0.00053362
0.000544185
0.00055668
0.000571443
0.000588907
0.000609625
0.000634296
0.000663791
0.000699179
0.000741715
0.000792804
0.000853882
0.000926206
0.00101056
0.00110687
0.00121385
0.00132875
0.00144743
0.00156531
0.00168001
0.00179774
0.0019498
0.00222114
0.00277504
0.00377075
0.00502034
0.00577628
0.00520743
0.00305263
0.000932852
0.000101681
0.000695415
0.00124163
0.0015263
0.00163681
0.00165442
0.00163901
0.00159808
0.00153794
0.00146595
0.00138393
0.00129442
0.00120119
0.00110882
0.00102188
0.000943894
0.000876835
0.00082101
0.00077545
0.000738482
0.000708249
0.000683058
0.00066155
0.00064273
0.000625926
0.000610714
0.000596842
0.000584169
0.000572613
0.000562129
0.000552679
0.00054423
0.000536749
0.0005302
0.000524548
0.000519758
0.0005158
0.000512649
0.000510286
0.000508702
0.000507963
0.000508069
0.000508713
0.000510202
0.000512648
0.000515997
0.000520313
0.000525679
0.000532196
0.000539996
0.000549243
0.000560149
0.000572982
0.000588083
0.000605888
0.000626947
0.000651954
0.000681765
0.000717419
0.000760131
0.000811252
0.000872158
0.000944065
0.00102773
0.00112311
0.00122892
0.00134238
0.00145922
0.00157431
0.00168388
0.00179296
0.00192905
0.00217405
0.0026923
0.00367794
0.00498672
0.0058764
0.00542554
0.00323476
0.00101083
9.29635e-05
0.000641358
0.00118321
0.00149298
0.00162982
0.00166073
0.00164967
0.00161401
0.00155786
0.00149098
0.00141507
0.00133189
0.00124413
0.00115537
0.00106956
0.000990208
0.000919737
0.000859226
0.000808507
0.00076655
0.000731903
0.00070306
0.000678683
0.000657706
0.000639338
0.000623031
0.000608421
0.000595272
0.000583435
0.00057281
0.000563324
0.000554921
0.00054755
0.000541164
0.000535721
0.000531179
0.000527504
0.000524665
0.000522639
0.000521416
0.000521144
0.000521493
0.000522506
0.000524473
0.00052731
0.000531051
0.000535756
0.000541504
0.000548398
0.000556568
0.000566182
0.000577452
0.00059065
0.00060612
0.000624299
0.000645733
0.000671105
0.00070125
0.000737169
0.000780022
0.00083109
0.000891672
0.000962918
0.00104556
0.00113954
0.00124363
0.00135507
0.00146947
0.00158118
0.00168537
0.00178604
0.00190642
0.00212519
0.00260565
0.00357262
0.00493497
0.00596115
0.00564407
0.00343619
0.00109363
8.50806e-05
0.000591467
0.00112017
0.00145
0.00161557
0.0016636
0.00165891
0.0016307
0.00157829
0.00151608
0.00144596
0.00136915
0.00128744
0.00120343
0.00112031
0.00104124
0.000968822
0.000904647
0.000849258
0.000802303
0.000762852
0.000729726
0.000701739
0.000677846
0.000657203
0.000639171
0.000623286
0.000609221
0.000596745
0.000585696
0.000575953
0.000567423
0.000560029
0.000553704
0.00054839
0.000544037
0.000540598
0.000538038
0.000536317
0.000535479
0.000535573
0.000536192
0.000537628
0.00054
0.000543236
0.000547372
0.000552469
0.000558605
0.000565882
0.000574433
0.000584427
0.000596078
0.000609662
0.000625523
0.000644095
0.000665919
0.000691661
0.000722125
0.000758264
0.00080117
0.000852036
0.000912069
0.000982337
0.00106352
0.00115559
0.00125733
0.00136607
0.00147718
0.00158437
0.00168432
0.00177617
0.00188111
0.00207406
0.00251537
0.00345266
0.00485775
0.00602534
0.00585975
0.0036576
0.00118081
7.81594e-05
0.000546683
0.00105428
0.00139757
0.00159094
0.00166171
0.00166627
0.00164601
0.00159964
0.00154158
0.00147679
0.00140621
0.0013309
0.00125255
0.00117352
0.00109645
0.00102378
0.000957376
0.000898295
0.000846804
0.000802544
0.000764769
0.000732569
0.000705035
0.000681359
0.000660871
0.000643042
0.000627469
0.000613847
0.000601946
0.000591589
0.000582637
0.000574977
0.000568514
0.000563167
0.000558867
0.000555552
0.000553178
0.000551677
0.000551209
0.000551498
0.000552409
0.000554264
0.000556989
0.00056059
0.000565098
0.000570568
0.000577079
0.000584732
0.00059366
0.000604033
0.000616069
0.000630042
0.000646296
0.000665258
0.000687457
0.000713532
0.000744249
0.0007805
0.000823297
0.000873731
0.000932902
0.00100178
0.00108101
0.00117053
0.00126922
0.00137437
0.00148079
0.00158472
0.00167897
0.00176215
0.00185222
0.00202015
0.00242136
0.00332172
0.00475739
0.00605816
0.00606922
0.00389933
0.00127173
7.2115e-05
0.000506686
0.000986749
0.00133601
0.00155378
0.00165254
0.00166981
0.00165728
0.00162015
0.00156706
0.00150762
0.0014432
0.0013745
0.0013025
0.00122876
0.00115528
0.00108415
0.00101724
0.000955884
0.000900832
0.00085225
0.000809869
0.000773151
0.000741431
0.000714035
0.000690345
0.000669826
0.000652038
0.000636622
0.00062329
0.00061181
0.000601995
0.000593689
0.00058676
0.000581099
0.000576611
0.000573214
0.000570849
0.000569409
0.000569158
0.000569564
0.000570683
0.000572822
0.000575832
0.000579734
0.000584556
0.000590352
0.000597196
0.000605189
0.000614464
0.00062519
0.000637585
0.000651918
0.00066853
0.000687834
0.000710338
0.000736647
0.000767476
0.000803645
0.000846073
0.000895741
0.000953631
0.00102061
0.00109726
0.00118357
0.00127844
0.00137829
0.00148115
0.00158007
0.0016683
0.00174306
0.00181911
0.00196327
0.00232424
0.00318036
0.00463438
0.00606967
0.00626917
0.00416115
0.00136567
6.66574e-05
0.000470099
0.000918724
0.00126641
0.00150353
0.00163052
0.00166723
0.0016633
0.00163845
0.00159177
0.0015383
0.00148029
0.00141845
0.00135334
0.00128585
0.00121736
0.0011495
0.00108391
0.00102201
0.000964821
0.000912923
0.000866494
0.000825395
0.000789284
0.000757713
0.000730201
0.000706284
0.000685539
0.000667596
0.000652136
0.000638887
0.000627618
0.000618134
0.000610265
0.000603867
0.000598816
0.000595005
0.000592355
0.000590726
0.000590391
0.0005908
0.000591953
0.000594183
0.000597329
0.000601403
0.000606424
0.000612441
0.000619525
0.000627771
0.000637311
0.000648311
0.000660982
0.000675588
0.000692454
0.000711977
0.000734632
0.000760979
0.000791672
0.00082745
0.00086913
0.000917576
0.000973647
0.0010381
0.00111149
0.0011938
0.00128305
0.00137865
0.00147603
0.00156919
0.00165121
0.00171797
0.00178125
0.00190354
0.00222547
0.0030317
0.00449029
0.00604579
0.00645658
0.00444213
0.00146177
6.1583e-05
0.000435901
0.000851289
0.00119025
0.00143985
0.00159088
0.00165508
0.00166237
0.0016496
0.00161516
0.00156885
0.00151786
0.00146328
0.00140553
0.00134507
0.00128273
0.00121965
0.00115716
0.00109655
0.00103894
0.000985174
0.000935765
0.000890946
0.000850715
0.000814904
0.000783244
0.000755412
0.000731074
0.000709899
0.000691581
0.000675838
0.000662417
0.000651095
0.00064167
0.000633968
0.000627836
0.000623137
0.000619767
0.00061758
0.000616689
0.000616914
0.000617833
0.000619814
0.000622856
0.000626878
0.000631889
0.000637933
0.000645072
0.000653395
0.000663027
0.000674127
0.000686895
0.000701581
0.000718491
0.00073799
0.000760515
0.000786572
0.000816744
0.00085168
0.000892091
0.000938723
0.00099231
0.0010535
0.00112286
0.00119967
0.00128381
0.00137334
0.00146432
0.00155116
0.00162683
0.00168624
0.00173839
0.00184146
0.0021271
0.00287944
0.0043256
0.00597441
0.00662376
0.00474019
0.00155915
5.69073e-05
0.000404164
0.000785846
0.00110969
0.00136414
0.00153498
0.00162658
0.00165508
0.00165222
0.00163405
0.00159797
0.00155579
0.00150953
0.00145988
0.0014072
0.00135198
0.00129496
0.00123713
0.00117957
0.00112335
0.00106941
0.00101849
0.000971095
0.000927529
0.000887908
0.000852208
0.000820304
0.000792003
0.000767077
0.000745278
0.000726357
0.000710073
0.000696196
0.000684514
0.00067483
0.000666969
0.000660771
0.000656103
0.00065283
0.00065085
0.000650331
0.000650744
0.000652016
0.000654556
0.000658147
0.00066279
0.000668519
0.000675383
0.000683461
0.000692866
0.000703743
0.000716277
0.000730696
0.000747276
0.000766348
0.000788297
0.00081357
0.000842669
0.000876154
0.000914628
0.000958718
0.00100904
0.00106614
0.00113044
0.00120136
0.00127915
0.00136158
0.00144538
0.00152538
0.00159477
0.00164796
0.00169155
0.0017792
0.00203291
0.00272994
0.00414333
0.00586859
0.0067652
0.00504952
0.00165692
5.28647e-05
0.000376302
0.000724577
0.0010278
0.00127918
0.0014636
0.00157854
0.0016349
0.00164905
0.00164453
0.00162575
0.00159447
0.00155809
0.00151767
0.00147367
0.00142647
0.00137657
0.0013247
0.00127173
0.0012186
0.00116623
0.00111545
0.00106695
0.00102126
0.000978735
0.000939592
0.000903916
0.000871691
0.00084283
0.000817191
0.000794599
0.000774859
0.000757771
0.000743132
0.000730748
0.000720433
0.000712017
0.000705343
0.000700271
0.000696671
0.000694472
0.00069373
0.000694072
0.000695312
0.000697887
0.000701589
0.000706461
0.000712514
0.000719821
0.000728475
0.000738602
0.000750365
0.000763965
0.000779643
0.000797686
0.000818425
0.000842238
0.000869549
0.000900824
0.000936563
0.000977283
0.00102349
0.00107565
0.00113369
0.00119838
0.00126872
0.00134325
0.00141921
0.00149207
0.00155561
0.00160431
0.00164296
0.0017208
0.00194879
0.00259282
0.00395232
0.00572705
0.00687588
0.00536539
0.00175444
5.00308e-05
0.000354921
0.000670965
0.000948905
0.00118968
0.00138049
0.00151466
0.00159627
0.0016372
0.00165049
0.00164763
0.00163424
0.0016102
0.00158072
0.00154667
0.00150853
0.00146676
0.00142196
0.00137485
0.00132625
0.00127702
0.00122801
0.00117998
0.0011336
0.00108942
0.00104783
0.00100911
0.00097343
0.000940851
0.000911363
0.000884894
0.00086133
0.000840525
0.000822318
0.000806539
0.000793014
0.000781576
0.000772067
0.000764339
0.00075826
0.000753703
0.000750641
0.000748854
0.000748676
0.000749308
0.000751055
0.000754332
0.000758771
0.000764529
0.000771676
0.000780292
0.000790526
0.000802545
0.000816551
0.000832781
0.000851509
0.000873044
0.00089773
0.000925946
0.000958093
0.000994593
0.00103586
0.00108228
0.00113394
0.00119111
0.00125333
0.00131941
0.00138729
0.00145324
0.00151201
0.00155899
0.00159864
0.00167817
0.00189423
0.00248146
0.00376836
0.00556494
0.00695057
0.00568166
0.00185114
4.91398e-05
0.00034369
0.000629715
0.000878875
0.00110245
0.0012924
0.00144033
0.00154504
0.00161239
0.00165041
0.00166891
0.00167271
0.00166678
0.00165196
0.00162964
0.00160192
0.00156942
0.00153276
0.00149261
0.00144974
0.00140497
0.00135912
0.001313
0.00126734
0.00122279
0.00117989
0.00113907
0.00110064
0.00106481
0.0010317
0.00100135
0.000973751
0.000948834
0.000926501
0.000906631
0.000889088
0.00087373
0.000860418
0.000849014
0.000839395
0.000831436
0.000825065
0.000820146
0.000816735
0.000814589
0.000814005
0.000814524
0.000816116
0.000819407
0.000824122
0.000830277
0.000838082
0.000847627
0.000859081
0.00087263
0.000888487
0.000906895
0.000928127
0.000952481
0.000980277
0.00101185
0.00104755
0.00108768
0.00113265
0.00118214
0.00123589
0.00129364
0.00135409
0.00141509
0.00147345
0.00152618
0.00157714
0.00166103
0.00187312
0.00242763
0.00362166
0.00540262
0.00700245
0.00598277
0.00194685
5.13011e-05
0.000346117
0.000606794
0.000825241
0.00102675
0.00120958
0.00136551
0.00148968
0.00158277
0.00165002
0.00169258
0.00171882
0.00173223
0.00173342
0.00172751
0.00171305
0.00169118
0.0016638
0.00163163
0.00159545
0.00155607
0.00151433
0.00147106
0.00142704
0.00138299
0.00133954
0.00129723
0.00125649
0.00121766
0.00118098
0.0011466
0.00111463
0.00108508
0.00105795
0.00103317
0.00101069
0.0009904
0.000972205
0.000956
0.000941685
0.000929159
0.000918344
0.000909148
0.000901542
0.000895425
0.000890848
0.000887708
0.000885942
0.000886074
0.000887152
0.000889812
0.000894429
0.00090068
0.000908817
0.000918953
0.000931252
0.000945902
0.000963117
0.000983134
0.00100621
0.00103263
0.0010627
0.00109674
0.00113503
0.00117819
0.00122644
0.00127959
0.00133689
0.00139684
0.00145708
0.00151548
0.00157564
0.00167197
0.00188953
0.00241602
0.00355504
0.00527511
0.00702972
0.00625976
0.0020428
5.80555e-05
0.000368763
0.000609562
0.00079762
0.000974689
0.00114648
0.00130586
0.0014459
0.00156416
0.00165762
0.00172775
0.00178018
0.00181667
0.00183887
0.00184959
0.00184884
0.00184133
0.00182469
0.00180095
0.00177162
0.00173761
0.00169983
0.00165918
0.00161654
0.00157269
0.00152836
0.0014842
0.00144073
0.00139842
0.00135762
0.00131859
0.00128155
0.00124661
0.00121387
0.00118334
0.00115503
0.0011289
0.00110492
0.00108301
0.00106311
0.00104516
0.00102908
0.00101481
0.00100229
0.000991483
0.000982344
0.000974859
0.000968963
0.000964837
0.00096218
0.000961674
0.000962486
0.000964822
0.000969452
0.00097599
0.000984659
0.000995607
0.00100902
0.0010251
0.00104408
0.00106626
0.00109197
0.0011216
0.00115558
0.00119446
0.0012388
0.00128911
0.0013458
0.00140898
0.00147897
0.00155672
0.00164971
0.00178104
0.00202578
0.00252908
0.0035483
0.00522241
0.00704733
0.00648781
0.00214049
7.11557e-05
0.000415976
0.00063906
0.000803442
0.000960498
0.00112166
0.00128308
0.00143628
0.00157197
0.00168698
0.00178775
0.0018685
0.00193053
0.00197539
0.00200465
0.0020198
0.00202245
0.00201668
0.00200175
0.00197787
0.00194758
0.00191204
0.00187231
0.00182941
0.00178427
0.00173774
0.00169056
0.00164337
0.00159672
0.00155109
0.00150684
0.00146426
0.00142358
0.00138495
0.00134847
0.00131421
0.0012822
0.00125243
0.00122489
0.00119953
0.00117631
0.00115517
0.00113607
0.00111893
0.00110376
0.00109045
0.00107904
0.00106947
0.00106176
0.00105595
0.00105193
0.00105013
0.00105051
0.00105223
0.00105612
0.00106265
0.00107165
0.00108333
0.00109793
0.00111577
0.00113722
0.00116278
0.00119301
0.00122865
0.00127054
0.00131981
0.00137762
0.00144571
0.00152543
0.00161983
0.00173123
0.00186979
0.00205187
0.00233543
0.00282628
0.00374939
0.00524375
0.00708641
0.00661325
0.00224515
9.30112e-05
0.000493455
0.000701788
0.000838183
0.000979532
0.00113502
0.00129733
0.00145732
0.0016086
0.00175095
0.00187692
0.0019822
0.00206688
0.00213158
0.00217741
0.00220588
0.00221869
0.00221791
0.00220938
0.00218989
0.00216133
0.00212627
0.00208603
0.00204181
0.00199467
0.0019456
0.00189541
0.00184484
0.00179453
0.001745
0.0016967
0.00164998
0.0016051
0.00156227
0.00152165
0.00148338
0.0014475
0.00141406
0.00138301
0.00135437
0.0013281
0.00130415
0.00128251
0.00126308
0.00124591
0.0012309
0.00121815
0.00120746
0.00119911
0.00119311
0.00118895
0.00118823
0.00118936
0.00119252
0.00119892
0.00120836
0.00122103
0.0012373
0.0012576
0.00128241
0.0013123
0.00134807
0.00139047
0.00144075
0.0014999
0.00156993
0.00165196
0.00174939
0.00186303
0.00199896
0.00215693
0.00235099
0.00258467
0.00291049
0.00338301
0.00421179
0.0055237
0.00719434
0.00668745
0.00230101
0.000128187
0.000595301
0.000790189
0.000906046
0.00103311
0.0011852
0.00135056
0.00151903
0.00168378
0.00183843
0.00197769
0.00209732
0.00219581
0.00227314
0.00233015
0.00236829
0.00238944
0.00239436
0.00238957
0.00237544
0.00235025
0.00231773
0.00227949
0.00223686
0.00219104
0.00214307
0.00209387
0.00204425
0.00199485
0.00194627
0.00189892
0.00185318
0.00180942
0.00176776
0.00172859
0.00169219
0.00165847
0.00162747
0.00159909
0.00157341
0.00155044
0.00153008
0.00151257
0.00149764
0.00148537
0.00147574
0.00146919
0.00146496
0.00146512
0.00146705
0.00147176
0.00148069
0.00149329
0.00150975
0.00153049
0.00155592
0.00158652
0.00162259
0.00166474
0.00171372
0.00177019
0.00183539
0.00190986
0.00199541
0.00209218
0.0022033
0.00232794
0.0024719
0.00263167
0.0028183
0.00302232
0.00326699
0.00353369
0.00388684
0.00431721
0.00504251
0.00607529
0.00738397
0.00671336
0.0023217
0.000174192
0.000703989
0.000876976
0.000992635
0.00113592
0.00130136
0.00147946
0.0016609
0.00183831
0.00200263
0.00214967
0.0022768
0.00238282
0.00246785
0.0025328
0.00257916
0.00260886
0.00262337
0.00262506
0.00261977
0.00260551
0.00258262
0.00255458
0.00252237
0.00248729
0.00245033
0.00241238
0.00237431
0.0023367
0.00230024
0.00226521
0.00223208
0.00220141
0.0021732
0.00214744
0.00212433
0.00210411
0.00208701
0.00207311
0.00206258
0.00205536
0.00205188
0.00205265
0.00205583
0.00206287
0.00207434
0.00209001
0.00210973
0.00213426
0.00216361
0.00219787
0.00223747
0.00228267
0.00233382
0.00239115
0.00245505
0.00252582
0.00260393
0.00268969
0.00278361
0.00288627
0.00299819
0.00311944
0.00325184
0.00339424
0.00355059
0.00371728
0.00390284
0.00409709
0.00431854
0.00454346
0.00481162
0.00507303
0.00542281
0.00576782
0.00636208
0.00699908
0.00768186
0.00662846
0.0022632
0.000214266
0.000782233
0.00101407
0.00122546
0.00146452
0.00171754
0.00197127
0.00221542
0.00244119
0.00264156
0.00281487
0.00296161
0.00308324
0.00318172
0.00325936
0.00331857
0.00336188
0.00339211
0.00340938
0.00341915
0.00342187
0.00341964
0.00341368
0.00340367
0.0033922
0.00337985
0.00336744
0.00335612
0.00334607
0.00333791
0.00333204
0.00332896
0.00332956
0.00333227
0.00333836
0.00334854
0.00336238
0.00338001
0.00340158
0.00342719
0.00345696
0.00349088
0.00352935
0.0035722
0.00361934
0.0036713
0.00372757
0.00378949
0.00385692
0.00392977
0.00400798
0.00409146
0.00418019
0.00427415
0.00437342
0.0044779
0.00458787
0.00470309
0.0048242
0.00495052
0.00508343
0.00522126
0.00536686
0.0055175
0.00567721
0.00584468
0.00602395
0.00621285
0.00641038
0.00662427
0.00683873
0.00708604
0.00731377
0.00761487
0.00782999
0.00820813
0.00820603
0.00788307
0.00619848
0.00206197
0.000249505
0.0010053
0.00161375
0.00229053
0.00294058
0.00356585
0.00414539
0.00465839
0.0050906
0.00544033
0.00571382
0.00592197
0.00607666
0.00618831
0.0062661
0.00631765
0.00634959
0.00636877
0.00637414
0.00637275
0.00636855
0.00636059
0.00635251
0.00634391
0.00633745
0.00633175
0.00632877
0.00632957
0.00633235
0.00633835
0.00634831
0.00636173
0.00637908
0.00640009
0.00642476
0.00645316
0.00648533
0.00652112
0.00656057
0.00660351
0.00665
0.00669984
0.00675309
0.00680954
0.00686942
0.00693221
0.0069986
0.00706737
0.0071387
0.00721234
0.00728861
0.00736724
0.00744879
0.00753283
0.00762026
0.00771029
0.0078046
0.00790126
0.00800357
0.00810718
0.00821891
0.0083293
0.0084527
0.00856856
0.00870812
0.00882663
0.00897944
0.00908741
0.00924981
0.00933915
0.00950114
0.0095657
0.00970262
0.00969711
0.00964236
0.0093964
0.00879631
0.00752117
0.00485508
0.00177771
0.000153539
0.00029977
0.000459518
0.000623652
0.000782515
0.000932725
0.00107378
0.00120561
0.00132753
0.00143842
0.00153753
0.00162462
0.00169991
0.00176425
0.00181813
0.00186282
0.00189852
0.00192727
0.00194853
0.00196409
0.00197391
0.00198029
0.00198143
0.00198027
0.00197724
0.00197145
0.00196386
0.00195521
0.00194561
0.00193534
0.00192473
0.001914
0.00190332
0.00189295
0.0018829
0.00187346
0.00186453
0.00185648
0.00184901
0.00184267
0.0018369
0.00183248
0.00182856
0.00182624
0.00182423
0.00182414
0.00182465
0.00182596
0.00182873
0.00183204
0.00183715
0.00184229
0.00184968
0.00185656
0.00186638
0.00187494
0.00188746
0.00189762
0.0019132
0.00192482
0.00194381
0.00195668
0.00197926
0.00199311
0.00201899
0.00203428
0.00206547
0.00208467
0.00212269
0.00214636
0.00218786
0.00221542
0.00225692
0.00228647
0.00231873
0.00233254
0.00231902
0.00225976
0.00207521
0.00152953
)
;

boundaryField
{
    movingWall
    {
        type            kqRWallFunction;
        value           nonuniform List<scalar> 
80
(
0.000153539
0.00029977
0.000459518
0.000623652
0.000782515
0.000932725
0.00107378
0.00120561
0.00132753
0.00143842
0.00153753
0.00162462
0.00169991
0.00176425
0.00181813
0.00186282
0.00189852
0.00192727
0.00194853
0.00196409
0.00197391
0.00198029
0.00198143
0.00198027
0.00197724
0.00197145
0.00196386
0.00195521
0.00194561
0.00193534
0.00192473
0.001914
0.00190332
0.00189295
0.0018829
0.00187346
0.00186453
0.00185648
0.00184901
0.00184267
0.0018369
0.00183248
0.00182856
0.00182624
0.00182423
0.00182414
0.00182465
0.00182596
0.00182873
0.00183204
0.00183715
0.00184229
0.00184968
0.00185656
0.00186638
0.00187494
0.00188746
0.00189762
0.0019132
0.00192482
0.00194381
0.00195668
0.00197926
0.00199311
0.00201899
0.00203428
0.00206547
0.00208467
0.00212269
0.00214636
0.00218786
0.00221542
0.00225692
0.00228647
0.00231873
0.00233254
0.00231902
0.00225976
0.00207521
0.00152953
)
;
    }
    fixedWalls
    {
        type            kqRWallFunction;
        value           nonuniform List<scalar> 
240
(
4.55397e-07
2.21073e-06
4.85112e-06
8.42814e-06
1.34902e-05
2.06873e-05
3.0658e-05
4.40002e-05
6.11673e-05
8.23715e-05
0.000107864
0.000139162
0.000174234
0.000212052
0.000251399
0.000291012
0.000329729
0.000367303
0.000402195
0.000433052
0.000459035
0.000479766
0.0004951
0.000505299
0.000510367
0.000510088
0.000507295
0.000501116
0.000491661
0.00047939
0.000464929
0.000448935
0.000431871
0.000413986
0.000395919
0.000377449
0.00036289
0.000349911
0.000337488
0.000325331
0.000313334
0.000301491
0.000289984
0.000278859
0.000268092
0.00025757
0.000247211
0.000236921
0.000226626
0.000216222
0.000205649
0.000194823
0.000183704
0.000172406
0.000160995
0.000149979
0.000139555
0.000129685
0.000120189
0.000110887
0.000101681
9.29635e-05
8.50806e-05
7.81594e-05
7.2115e-05
6.66574e-05
6.1583e-05
5.69073e-05
5.28647e-05
5.00308e-05
4.91398e-05
5.13011e-05
5.80555e-05
7.11557e-05
9.30112e-05
0.000128187
0.000174192
0.000214266
0.000249505
0.000153539
8.98936e-07
4.74265e-06
1.25746e-05
2.06432e-05
2.60096e-05
2.78026e-05
2.69471e-05
2.50665e-05
2.31739e-05
2.19285e-05
2.20611e-05
2.3763e-05
2.8873e-05
3.9009e-05
5.30473e-05
7.00983e-05
8.91046e-05
0.000109252
0.000130038
0.000151828
0.000174592
0.000202019
0.000238633
0.000285898
0.000341284
0.00040419
0.000464596
0.000508895
0.000527645
0.000530622
0.000521873
0.000507398
0.000488649
0.000469423
0.000448169
0.000428301
0.000409342
0.000393153
0.000379644
0.000369718
0.000363698
0.000360906
0.000360203
0.000362572
0.000368413
0.00037685
0.00038846
0.000403673
0.0004223
0.000444699
0.000471295
0.000502053
0.000537643
0.000577969
0.000623609
0.000674442
0.000730837
0.000792676
0.000860086
0.000932852
0.00101083
0.00109363
0.00118081
0.00127173
0.00136567
0.00146177
0.00155915
0.00165692
0.00175444
0.00185114
0.00194685
0.0020428
0.00214049
0.00224515
0.00230101
0.0023217
0.0022632
0.00206197
0.00177771
0.00152953
4.55397e-07
2.33409e-06
5.62188e-06
9.06986e-06
1.17247e-05
1.32745e-05
1.39051e-05
1.40459e-05
1.41833e-05
1.47443e-05
1.6039e-05
1.84834e-05
2.23303e-05
2.76734e-05
3.4283e-05
4.1828e-05
4.99614e-05
5.85186e-05
6.71653e-05
7.5626e-05
8.40459e-05
9.30571e-05
0.00010355
0.000116304
0.000131194
0.000146952
0.000162565
0.000178098
0.000193875
0.000210266
0.000227249
0.000244186
0.000260824
0.000277011
0.000293174
0.000309483
0.00032627
0.000343729
0.00036208
0.000381468
0.000402002
0.000423834
0.000447105
0.000472014
0.000498713
0.000527658
0.000559921
0.000597815
0.000645705
0.000690791
0.000737798
0.000783167
0.000827124
0.000867811
0.000904053
0.000934158
0.000954914
0.000964852
0.000968257
0.000958862
0.000933066
0.000892296
0.000836901
0.000767976
0.00068841
0.000600643
0.000510283
0.000420949
0.0003362
0.000258198
0.000195581
0.000142991
0.000100149
6.71043e-05
4.31669e-05
2.67457e-05
1.59883e-05
9.06732e-06
4.2366e-06
8.98936e-07
)
;
    }
    frontAndBack
    {
        type            empty;
    }
}


// ************************************************************************* //
