/*--------------------------------*- C++ -*----------------------------------*\
  =========                 |
  \\      /  F ield         | OpenFOAM: The Open Source CFD Toolbox
   \\    /   O peration     | Website:  https://openfoam.org
    \\  /    A nd           | Version:  13
     \\/     M anipulation  |
\*---------------------------------------------------------------------------*/
FoamFile
{
    format      ascii;
    class       volScalarField;
    location    "4.8";
    object      p;
}
// * * * * * * * * * * * * * * * * * * * * * * * * * * * * * * * * * * * * * //

dimensions      [0 2 -2 0 0 0 0];

internalField   nonuniform List<scalar> 
6400
(
2.42373e-08
1.76894e-05
2.54322e-05
1.1755e-05
-2.81595e-05
-9.00761e-05
-0.000165499
-0.000246344
-0.000326827
-0.000404164
-0.000478753
-0.000554028
-0.000634262
-0.00072407
-0.000828029
-0.000949881
-0.00109247
-0.00125757
-0.00144646
-0.00166003
-0.00189881
-0.0021635
-0.0024563
-0.00278093
-0.00314287
-0.00354704
-0.00399151
-0.00446878
-0.00496424
-0.00544843
-0.00590773
-0.00634422
-0.00675732
-0.00714384
-0.00749945
-0.00781759
-0.00808934
-0.00830399
-0.00844978
-0.00851471
-0.00848695
-0.00835542
-0.00811077
-0.00774686
-0.0072615
-0.00665385
-0.005914
-0.00503339
-0.00403652
-0.00293836
-0.00174597
-0.000480429
0.000836155
0.00217404
0.00349974
0.00477178
0.00594588
0.00697967
0.0078325
0.008468
0.00886067
0.00899931
0.00888854
0.00854856
0.00801557
0.0073472
0.00660448
0.00584977
0.00514257
0.00452027
0.00401677
0.00365681
0.00341718
0.00327014
0.00319982
0.00318209
0.00319688
0.0032281
0.00326453
0.00329106
-1.34142e-05
4.62204e-06
8.4873e-06
-9.49541e-06
-5.19084e-05
-0.000113814
-0.000185932
-0.000260595
-0.000333261
-0.000402629
-0.000470083
-0.000539065
-0.000614021
-0.000699104
-0.000797803
-0.000913311
-0.00104882
-0.00120682
-0.00138822
-0.00159354
-0.0018223
-0.00207415
-0.00235117
-0.00265626
-0.0029919
-0.00336317
-0.00377751
-0.00423605
-0.00472977
-0.0052401
-0.00574148
-0.00621868
-0.0066696
-0.00709189
-0.00748064
-0.00782898
-0.0081279
-0.00836704
-0.00853516
-0.00862108
-0.00861403
-0.00850398
-0.00828267
-0.00794388
-0.00748345
-0.00689796
-0.00618496
-0.00535026
-0.00440031
-0.00333949
-0.00218756
-0.00096167
0.000314115
0.00161145
0.0028962
0.00413053
0.00527431
0.00628596
0.00712653
0.0077624
0.00816799
0.00833161
0.00825708
0.00796497
0.00749135
0.00688016
0.00620156
0.00550827
0.00485655
0.00429194
0.0038449
0.00352104
0.0033175
0.00321203
0.00318072
0.00319966
0.003237
0.0032732
0.00330465
0.00333003
-2.7477e-05
-7.34511e-06
-8.22882e-06
-3.40581e-05
-8.34761e-05
-0.000147849
-0.000216994
-0.000283405
-0.000344233
-0.000400854
-0.000456256
-0.000514693
-0.000580733
-0.0006579
-0.0007485
-0.000854242
-0.000976612
-0.00111771
-0.00127971
-0.00146499
-0.00167662
-0.00191772
-0.00219174
-0.00250297
-0.00285551
-0.00325166
-0.00369245
-0.00417574
-0.0046937
-0.00523227
-0.00577338
-0.0063007
-0.00680299
-0.00727285
-0.00770385
-0.00808848
-0.008418
-0.00868306
-0.00887377
-0.00898002
-0.00899231
-0.00890215
-0.00870227
-0.00838709
-0.00795298
-0.00739758
-0.00671756
-0.00591643
-0.00500414
-0.00398623
-0.00287684
-0.00169325
-0.000457857
0.000802361
0.00205575
0.0032669
0.00439701
0.00540491
0.00625281
0.00690802
0.00734531
0.00755095
0.00752753
0.00729396
0.00688375
0.00634325
0.00572958
0.0051002
0.00450801
0.00399553
0.00358751
0.00330985
0.00315296
0.00309393
0.00310017
0.00314926
0.00321265
0.00326852
0.00331477
0.00335091
-3.47122e-05
-1.49385e-05
-2.23127e-05
-5.79893e-05
-0.000116564
-0.00018421
-0.000250528
-0.000309439
-0.000359391
-0.000401882
-0.000442272
-0.000486434
-0.000539337
-0.000604469
-0.000683697
-0.000777846
-0.00088808
-0.0010168
-0.00116744
-0.00134482
-0.00155499
-0.00180456
-0.00210084
-0.00244682
-0.00284477
-0.00329631
-0.00379901
-0.00434504
-0.00492143
-0.00551296
-0.00610416
-0.00668066
-0.00722958
-0.00774124
-0.00820786
-0.00862131
-0.00897371
-0.0092568
-0.00946171
-0.0095797
-0.00960276
-0.00952372
-0.00933625
-0.0090353
-0.00861764
-0.00808149
-0.00742596
-0.00665356
-0.00577015
-0.00478223
-0.00370155
-0.00254448
-0.00133211
-8.92921e-05
0.00115498
0.00236718
0.00350886
0.0045399
0.00542208
0.00612127
0.00661122
0.00687517
0.00691219
0.0067393
0.00638839
0.00590329
0.00533871
0.00475316
0.00419525
0.00371589
0.00333819
0.0030803
0.00293962
0.0029029
0.00294614
0.00302898
0.00312234
0.00320724
0.00327665
0.00332456
-2.90316e-05
-1.50857e-05
-3.14164e-05
-7.74446e-05
-0.000144926
-0.000215645
-0.000279141
-0.000330508
-0.000369578
-0.000399676
-0.000427038
-0.000458382
-0.000499086
-0.000552615
-0.000621046
-0.000706144
-0.000810633
-0.000939269
-0.00109814
-0.00129451
-0.0015376
-0.00183237
-0.00218344
-0.00259528
-0.00306844
-0.00359897
-0.00417812
-0.00479379
-0.00543076
-0.00607361
-0.0067077
-0.0073208
-0.00790227
-0.00844223
-0.00893216
-0.0093641
-0.00973083
-0.0100247
-0.0102377
-0.0103621
-0.0103921
-0.0103215
-0.010145
-0.00985781
-0.00945684
-0.00894157
-0.00831113
-0.00756705
-0.00671297
-0.00575405
-0.00470063
-0.00356774
-0.0023754
-0.00114536
9.7307e-05
0.00132113
0.0024871
0.00355611
0.00449129
0.00525662
0.00582315
0.00617155
0.00629457
0.00620302
0.00592692
0.00550914
0.00500173
0.00445986
0.00393747
0.00348155
0.0031223
0.00287654
0.00274541
0.00271647
0.00276799
0.00286817
0.00298421
0.00309414
0.0031843
0.00324047
-2.65057e-06
-4.14486e-07
-2.78828e-05
-8.61774e-05
-0.000161567
-0.000233812
-0.00029411
-0.000338914
-0.00036887
-0.000389216
-0.000407114
-0.000429763
-0.000462715
-0.000509965
-0.000574895
-0.000661481
-0.000775559
-0.000924583
-0.00111805
-0.00136377
-0.00166813
-0.00203769
-0.00247525
-0.00297919
-0.00354236
-0.00415476
-0.00480458
-0.00547966
-0.00616651
-0.00685101
-0.00751989
-0.00816156
-0.00876631
-0.00932536
-0.00983059
-0.0102744
-0.01065
-0.0109505
-0.0111685
-0.0112978
-0.0113349
-0.0112747
-0.0111128
-0.0108451
-0.0104691
-0.00998326
-0.00938648
-0.00867985
-0.00786593
-0.00694894
-0.00593607
-0.00483885
-0.00367566
-0.00246374
-0.00122424
1.08749e-05
0.00120298
0.002317
0.00331881
0.00416855
0.00483473
0.00529572
0.00553827
0.00556565
0.00539863
0.00507877
0.00465617
0.00418293
0.00371201
0.0032914
0.00295519
0.00272237
0.00259658
0.00256811
0.00261731
0.00271711
0.00283795
0.00295544
0.00305327
0.00311174
5.36357e-05
4.04285e-05
-1.22502e-06
-7.47884e-05
-0.000155504
-0.000228441
-0.000286033
-0.000325962
-0.000350658
-0.000366406
-0.000381017
-0.000401939
-0.000435345
-0.000486697
-0.000561785
-0.000667541
-0.000813126
-0.00100922
-0.00126367
-0.00158498
-0.00197886
-0.00244791
-0.00298593
-0.00358309
-0.00423006
-0.00491633
-0.00562921
-0.00635625
-0.00708501
-0.00780316
-0.00849908
-0.00916235
-0.00978404
-0.0103561
-0.0108708
-0.0113202
-0.0116987
-0.0120008
-0.0122213
-0.0123585
-0.012407
-0.012362
-0.0122195
-0.011977
-0.0116324
-0.0111824
-0.0106263
-0.00996476
-0.00919987
-0.00833684
-0.00738262
-0.0063453
-0.00523187
-0.00405811
-0.002846
-0.00162105
-0.000410975
0.000752793
0.00183079
0.00277849
0.00356644
0.00416818
0.00456357
0.00475072
0.00473912
0.00455972
0.00426029
0.00388991
0.00349919
0.00313601
0.00283721
0.00262471
0.00250554
0.00247376
0.00251362
0.00260125
0.00271122
0.00281963
0.00291001
0.00296237
0.00014887
0.000117301
5.67425e-05
-3.01595e-05
-0.000116059
-0.000190295
-0.000246952
-0.000285649
-0.000310499
-0.00032873
-0.000348631
-0.000378084
-0.000424488
-0.000495654
-0.000600001
-0.000747864
-0.000950906
-0.00121916
-0.00156077
-0.00198262
-0.00248262
-0.0030538
-0.00368726
-0.00437199
-0.0050963
-0.00584816
-0.00661534
-0.00738622
-0.00814936
-0.00889388
-0.0096097
-0.0102877
-0.0109192
-0.0114962
-0.0120115
-0.0124604
-0.0128395
-0.0131441
-0.0133722
-0.0135207
-0.013582
-0.0135529
-0.0134301
-0.0132114
-0.0128958
-0.0124818
-0.0119688
-0.0113576
-0.0106503
-0.00985146
-0.00896669
-0.00800069
-0.0069558
-0.00584457
-0.0046852
-0.00349583
-0.00229568
-0.00111303
1.60652e-05
0.00106144
0.00198823
0.00275058
0.00332851
0.0037119
0.00390107
0.00390942
0.00377715
0.00354957
0.00327376
0.002996
0.0027553
0.00257661
0.00247087
0.00243626
0.00246198
0.00252948
0.00261765
0.00270534
0.00277427
0.00281154
0.000287991
0.000237804
0.000154901
5.55941e-05
-3.64551e-05
-0.000113416
-0.000172309
-0.000214915
-0.000247023
-0.000276798
-0.000313036
-0.000364465
-0.000440327
-0.000550824
-0.000707482
-0.000922219
-0.00120743
-0.00157261
-0.00202166
-0.00255221
-0.0031578
-0.00382816
-0.00455151
-0.00531504
-0.00610668
-0.00691435
-0.00772672
-0.00853294
-0.00932261
-0.010086
-0.0108142
-0.0114988
-0.0121314
-0.0127059
-0.0132195
-0.0136705
-0.0140541
-0.0143646
-0.0145979
-0.0147494
-0.0148171
-0.0147992
-0.0146938
-0.0144995
-0.014215
-0.0138396
-0.0133733
-0.0128164
-0.0121699
-0.0114361
-0.0106175
-0.00971769
-0.00874475
-0.00770757
-0.00661851
-0.00549039
-0.00433393
-0.00316723
-0.00201611
-0.000904366
0.000126295
0.00104523
0.00182429
0.00242818
0.00285164
0.00309171
0.00317221
0.00312961
0.00300619
0.0028451
0.00268622
0.00255863
0.00247747
0.00244597
0.00245698
0.00249954
0.00255777
0.00261624
0.0026548
0.00267336
0.000477074
0.000406498
0.000298662
0.000185873
8.57696e-05
3.45671e-06
-6.19906e-05
-0.000115007
-0.000163097
-0.000215342
-0.000281223
-0.000370668
-0.000495
-0.000666969
-0.000899201
-0.00120439
-0.00159368
-0.00207067
-0.00263241
-0.00327249
-0.00398029
-0.00474222
-0.0055457
-0.00637779
-0.00722665
-0.00808064
-0.00892917
-0.00976214
-0.0105701
-0.0113445
-0.0120773
-0.0127616
-0.0133924
-0.0139656
-0.0144771
-0.0149222
-0.0152966
-0.0155985
-0.0158262
-0.0159767
-0.0160484
-0.01604
-0.0159506
-0.0157793
-0.0155252
-0.0151878
-0.0147673
-0.0142642
-0.0136794
-0.0130141
-0.0122698
-0.0114488
-0.0105557
-0.00959609
-0.00857642
-0.00750478
-0.00639504
-0.00526596
-0.00413204
-0.00300554
-0.00190928
-0.000868105
7.81742e-05
0.000904899
0.001575
0.00207483
0.00240883
0.00259498
0.00266371
0.00265371
0.00260279
0.00254485
0.00250099
0.0024801
0.00248064
0.00249812
0.00252366
0.00254612
0.00255255
0.00255309
0.00071891
0.000622133
0.000489267
0.000358176
0.000247917
0.000156642
7.91265e-05
7.89689e-06
-6.6323e-05
-0.00015355
-0.000264051
-0.000409349
-0.000602662
-0.000857639
-0.00118679
-0.00160123
-0.00210627
-0.00269999
-0.00337489
-0.00411971
-0.00492099
-0.00576482
-0.00663823
-0.00752862
-0.00842449
-0.00931482
-0.0101897
-0.0110399
-0.0118571
-0.0126338
-0.0133635
-0.0140408
-0.0146616
-0.0152223
-0.0157198
-0.0161506
-0.0165124
-0.0168039
-0.0170241
-0.0171715
-0.017245
-0.0172437
-0.0171673
-0.0170155
-0.0167877
-0.0164839
-0.0161044
-0.0156499
-0.0151213
-0.0145195
-0.0138457
-0.0131017
-0.0122901
-0.0114139
-0.0104765
-0.00948178
-0.00843666
-0.00735027
-0.00623426
-0.00510927
-0.00399094
-0.00288763
-0.00181998
-0.000819006
7.61517e-05
0.000842996
0.00145319
0.00190567
0.00220808
0.00238754
0.00247632
0.00250894
0.00251584
0.00251436
0.00251146
0.0025056
0.0024985
0.00248387
0.00246081
0.00244567
0.00100285
0.00088014
0.000716194
0.000564255
0.000441211
0.000336985
0.000240994
0.000142727
3.12029e-05
-0.000104405
-0.000275456
-0.000494682
-0.000776113
-0.00113272
-0.00157498
-0.00210913
-0.00273482
-0.00344455
-0.00422657
-0.00506734
-0.00595219
-0.00686736
-0.00779987
-0.00873756
-0.00966932
-0.0105849
-0.0114752
-0.0123319
-0.0131482
-0.0139177
-0.0146356
-0.0152977
-0.0159009
-0.0164428
-0.0169212
-0.0173344
-0.0176809
-0.01796
-0.018171
-0.0183133
-0.0183862
-0.0183897
-0.0183234
-0.0181876
-0.0179821
-0.0177073
-0.0173637
-0.0169521
-0.0164731
-0.0159279
-0.0153174
-0.0146429
-0.0139059
-0.0131082
-0.0122514
-0.0113376
-0.0103695
-0.00935036
-0.00828459
-0.0071802
-0.00604825
-0.0049083
-0.00377526
-0.00266068
-0.00158842
-0.000590854
0.000290652
0.00102602
0.00159737
0.00200635
0.00227349
0.002426
0.00249956
0.00252593
0.00252267
0.00249925
0.00246348
0.00241656
0.00236951
0.00234114
0.0013164
0.00116659
0.000967588
0.000792274
0.000653106
0.000530805
0.000409116
0.000274375
0.000114058
-8.34839e-05
-0.000330172
-0.000639636
-0.00102503
-0.00149685
-0.00206151
-0.0027195
-0.00346429
-0.00428384
-0.00516421
-0.00609055
-0.00704801
-0.00802302
-0.00900283
-0.00997582
-0.0109315
-0.0118606
-0.0127551
-0.0136081
-0.0144141
-0.0151683
-0.0158673
-0.0165082
-0.0170892
-0.0176088
-0.0180658
-0.0184593
-0.0187888
-0.019054
-0.0192547
-0.0193906
-0.0194616
-0.0194679
-0.0194096
-0.019287
-0.0191004
-0.0188505
-0.0185378
-0.0181631
-0.0177274
-0.0172316
-0.0166765
-0.0160633
-0.0153928
-0.0146657
-0.0138828
-0.0130446
-0.0121516
-0.0112043
-0.0102036
-0.00915064
-0.00804774
-0.00690116
-0.00572283
-0.00453514
-0.00334693
-0.00217715
-0.0010639
-6.07618e-05
0.000793748
0.00146721
0.00195339
0.00226608
0.00243355
0.00249969
0.00250178
0.00246375
0.00240382
0.00233107
0.00226689
0.00223044
0.00164394
0.00146445
0.00122799
0.00102577
0.000866671
0.000720728
0.000565819
0.000385226
0.000165089
-0.000106419
-0.000442213
-0.000855195
-0.00135585
-0.00195085
-0.00264083
-0.00342021
-0.00427744
-0.00519772
-0.00616575
-0.00716609
-0.00818412
-0.00920654
-0.0102211
-0.0112169
-0.0121846
-0.013116
-0.0140046
-0.0148451
-0.0156333
-0.0163661
-0.0170414
-0.0176577
-0.018214
-0.0187096
-0.0191443
-0.0195177
-0.01983
-0.0200811
-0.0202712
-0.0204004
-0.020469
-0.0204771
-0.0204252
-0.0203137
-0.0201432
-0.0199144
-0.0196281
-0.0192851
-0.0188863
-0.0184328
-0.0179255
-0.0173651
-0.0167523
-0.0160873
-0.0153702
-0.0146004
-0.013777
-0.0128987
-0.0119638
-0.0109704
-0.00991676
-0.00880237
-0.00762892
-0.00640251
-0.00513506
-0.00385217
-0.00257228
-0.00134341
-0.00022245
0.000731523
0.00147315
0.00198923
0.00229292
0.00242383
0.00244131
0.00239216
0.00231105
0.0022175
0.00214234
0.00210078
0.00196359
0.00175311
0.00147648
0.00124532
0.0010625
0.000887302
0.000691799
0.000456709
0.00016748
-0.000188623
-0.000624388
-0.00115
-0.00177236
-0.00249212
-0.00330413
-0.00419762
-0.00515745
-0.00616717
-0.00721066
-0.00827237
-0.00933808
-0.010395
-0.0114316
-0.0124384
-0.013407
-0.0143311
-0.0152055
-0.0160267
-0.0167919
-0.0174996
-0.0181487
-0.0187388
-0.0192696
-0.0197413
-0.0201541
-0.0205083
-0.0208042
-0.021042
-0.0212222
-0.0213452
-0.0214113
-0.0214209
-0.0213744
-0.0212725
-0.0211158
-0.0209051
-0.0206412
-0.020325
-0.0199577
-0.01954
-0.019073
-0.0185574
-0.0179938
-0.0173821
-0.016722
-0.0160125
-0.0152517
-0.0144373
-0.0135657
-0.012633
-0.0116346
-0.0105663
-0.0094246
-0.00820745
-0.00691666
-0.0055643
-0.00417672
-0.00278262
-0.00143929
-0.000219878
0.000796768
0.00155531
0.00204239
0.00228099
0.00233523
0.00228389
0.00218337
0.00207138
0.00198802
0.00194074
0.00225139
0.00200997
0.00169249
0.00143055
0.00122024
0.00100999
0.000767151
0.000470686
0.000104739
-0.00034463
-0.000887201
-0.00152992
-0.00227398
-0.00311429
-0.00404055
-0.00503764
-0.00608805
-0.00717434
-0.00828003
-0.0093898
-0.01049
-0.0115687
-0.0126156
-0.0136225
-0.0145829
-0.0154919
-0.0163462
-0.0171436
-0.0178829
-0.0185637
-0.0191859
-0.0197498
-0.020256
-0.020705
-0.0210974
-0.0214339
-0.0217149
-0.021941
-0.0221126
-0.0222302
-0.0222943
-0.0223053
-0.0222637
-0.0221703
-0.0220256
-0.0218304
-0.0215857
-0.0212924
-0.0209515
-0.020564
-0.0201308
-0.0196528
-0.0191303
-0.0185635
-0.0179518
-0.017294
-0.016588
-0.0158306
-0.0150177
-0.0141438
-0.0132027
-0.0121873
-0.0110904
-0.00990558
-0.00862928
-0.00726297
-0.00581766
-0.00431952
-0.00281468
-0.00137474
-9.35587e-05
0.000933863
0.00164728
0.00204515
0.00217612
0.00213756
0.00202299
0.00189348
0.00179927
0.00174252
0.00248703
0.00221271
0.00185519
0.00156115
0.00131947
0.00106908
0.000774131
0.00041137
-3.80201e-05
-0.000585358
-0.00123699
-0.00199552
-0.00285613
-0.00380875
-0.00483824
-0.00592622
-0.00705371
-0.00820277
-0.0093569
-0.0105013
-0.0116233
-0.012712
-0.0137587
-0.014757
-0.0157019
-0.0165904
-0.0174207
-0.018192
-0.0189043
-0.0195581
-0.020154
-0.0206932
-0.0211764
-0.0216046
-0.0219788
-0.0222996
-0.0225677
-0.0227837
-0.0229481
-0.0230615
-0.0231243
-0.023137
-0.0231001
-0.0230143
-0.0228802
-0.0226986
-0.0224704
-0.0221966
-0.021878
-0.0215158
-0.0211109
-0.020664
-0.0201758
-0.0196462
-0.0190749
-0.0184607
-0.0178013
-0.0170936
-0.016333
-0.0155135
-0.0146279
-0.0136676
-0.012623
-0.0114844
-0.0102436
-0.00889553
-0.00744155
-0.00589516
-0.00429116
-0.00269134
-0.00118787
0.000106806
0.00108392
0.00168781
0.00194479
0.00195071
0.00183283
0.00168499
0.0015716
0.00150054
0.00264247
0.00234021
0.00194514
0.00161841
0.00134224
0.0010486
0.000698351
0.00026449
-0.000270722
-0.00091589
-0.00167469
-0.00254319
-0.0035118
-0.0045654
-0.00568489
-0.00684969
-0.00803998
-0.00923766
-0.0104266
-0.0115929
-0.0127249
-0.0138134
-0.0148514
-0.0158342
-0.0167586
-0.0176232
-0.0184275
-0.019172
-0.0198576
-0.0204854
-0.0210568
-0.0215731
-0.0220357
-0.0224455
-0.0228037
-0.0231111
-0.0233684
-0.0235761
-0.0237349
-0.0238453
-0.0239075
-0.0239223
-0.02389
-0.0238112
-0.0236867
-0.023517
-0.0233032
-0.023046
-0.0227465
-0.0224056
-0.0220242
-0.0216032
-0.0211432
-0.0206444
-0.0201064
-0.0195283
-0.0189081
-0.0182426
-0.0175275
-0.0167567
-0.0159226
-0.015016
-0.014026
-0.0129411
-0.0117494
-0.0104413
-0.00901081
-0.00746099
-0.00581219
-0.00411313
-0.00244699
-0.000921955
0.000326526
0.00118268
0.00162114
0.00171422
0.00160899
0.00144366
0.00130044
0.00121272
0.00270327
0.00237609
0.00194659
0.00158729
0.00127493
0.000936573
0.000528548
2.21886e-05
-0.000597628
-0.0013378
-0.00219721
-0.00316692
-0.00423211
-0.00537322
-0.00656819
-0.00779508
-0.00903369
-0.0102661
-0.011477
-0.0126535
-0.0137854
-0.0148653
-0.015888
-0.0168505
-0.0177512
-0.0185902
-0.0193681
-0.0200862
-0.0207463
-0.0213499
-0.021899
-0.022395
-0.0228394
-0.0232334
-0.023578
-0.0238742
-0.0241226
-0.0243238
-0.0244783
-0.0245867
-0.0246492
-0.0246663
-0.0246386
-0.0245665
-0.0244506
-0.0242917
-0.0240904
-0.0238477
-0.0235644
-0.0232416
-0.02288
-0.0224806
-0.0220439
-0.0215704
-0.0210598
-0.0205114
-0.0199235
-0.0192934
-0.018617
-0.0178886
-0.0171009
-0.0162444
-0.015308
-0.0142789
-0.0131434
-0.0118883
-0.010503
-0.00898207
-0.00733215
-0.00558544
-0.00381623
-0.00212003
-0.000625495
0.000505343
0.00117326
0.00140583
0.00134443
0.00116428
0.000982325
0.00087756
0.00265591
0.00230796
0.00184828
0.00145776
0.00110926
0.000724685
0.000257755
-0.0003183
-0.00101873
-0.00184782
-0.00279895
-0.00385847
-0.00500677
-0.00622068
-0.00747611
-0.00875037
-0.0100233
-0.0112775
-0.0124985
-0.013675
-0.0147986
-0.0158634
-0.016866
-0.0178051
-0.0186806
-0.0194935
-0.0202455
-0.0209387
-0.0215751
-0.0221569
-0.022686
-0.0231642
-0.0235929
-0.0239734
-0.0243068
-0.0245938
-0.0248351
-0.0250313
-0.0251828
-0.0252901
-0.0253535
-0.0253733
-0.0253501
-0.0252843
-0.0251765
-0.0250271
-0.0248371
-0.0246071
-0.0243379
-0.0240305
-0.0236857
-0.0233044
-0.0228872
-0.0224345
-0.0219464
-0.0214223
-0.0208609
-0.0202601
-0.0196162
-0.0189241
-0.0181771
-0.0173661
-0.0164801
-0.0155061
-0.0144292
-0.0132341
-0.0119067
-0.0104364
-0.00881876
-0.00706743
-0.00523956
-0.00343522
-0.00175084
-0.000357702
0.000577896
0.00100472
0.00102392
0.000837874
0.000614992
0.000495157
0.00249224
0.00212846
0.00164385
0.00122448
0.000840038
0.000409615
-0.000113416
-0.000755379
-0.00153077
-0.00243976
-0.00347156
-0.00460772
-0.00582458
-0.00709622
-0.00839726
-0.00970473
-0.0109988
-0.0122629
-0.013484
-0.0146522
-0.0157608
-0.0168057
-0.0177852
-0.0186993
-0.0195491
-0.0203365
-0.021064
-0.0217339
-0.022349
-0.0229113
-0.0234229
-0.0238857
-0.0243011
-0.0246703
-0.0249944
-0.025274
-0.0255098
-0.0257022
-0.0258518
-0.0259588
-0.0260235
-0.0260464
-0.0260277
-0.0259679
-0.0258674
-0.0257269
-0.0255469
-0.0253281
-0.0250713
-0.0247773
-0.0244469
-0.024081
-0.0236801
-0.0232448
-0.0227753
-0.0222712
-0.0217317
-0.021155
-0.020538
-0.0198766
-0.0191646
-0.0183938
-0.0175539
-0.0166319
-0.0156129
-0.0144803
-0.0132176
-0.0118105
-0.010248
-0.00852876
-0.00668229
-0.00481488
-0.0030037
-0.00139235
-0.000185926
0.00047845
0.000627467
0.0004579
0.000201135
6.60694e-05
0.00220988
0.00183562
0.00133197
0.000886795
0.000467719
-6.54571e-06
-0.000581464
-0.00128349
-0.00212574
-0.00310441
-0.0042045
-0.00540333
-0.00667395
-0.00798856
-0.00932107
-0.0106486
-0.0119521
-0.013216
-0.0144286
-0.0155818
-0.0166705
-0.0176924
-0.018647
-0.0195356
-0.0203601
-0.0211232
-0.0218278
-0.0224767
-0.0230726
-0.0236177
-0.0241142
-0.0245639
-0.0249681
-0.0253279
-0.0256443
-0.025918
-0.0261496
-0.0263394
-0.0264878
-0.0265952
-0.0266617
-0.0266876
-0.0266734
-0.0266193
-0.0265257
-0.0263932
-0.0262223
-0.0260135
-0.0257677
-0.0254855
-0.0251677
-0.024815
-0.0244281
-0.0240075
-0.0235536
-0.0230662
-0.0225447
-0.0219879
-0.0213934
-0.0207576
-0.0200754
-0.0193396
-0.0185407
-0.0176667
-0.0167029
-0.0156323
-0.0144368
-0.0130995
-0.0116062
-0.00994532
-0.0081219
-0.00621298
-0.00433612
-0.00256963
-0.0011202
-0.000194246
0.000135955
1.17137e-05
-0.000258976
-0.000412782
0.00181165
0.00143252
0.000915839
0.000448246
-2.96978e-06
-0.000516943
-0.00113853
-0.001894
-0.00279366
-0.00383061
-0.00498593
-0.00623333
-0.00754337
-0.00888702
-0.010238
-0.0115739
-0.0128765
-0.0141316
-0.015329
-0.0164622
-0.0175278
-0.0185247
-0.0194538
-0.020317
-0.0211173
-0.0218577
-0.0225414
-0.0231713
-0.0237502
-0.0242803
-0.0247638
-0.0252022
-0.025597
-0.0259491
-0.0262593
-0.0265284
-0.0267567
-0.0269447
-0.0270927
-0.0272008
-0.0272693
-0.0272985
-0.0272885
-0.0272399
-0.0271527
-0.0270276
-0.026865
-0.0266653
-0.0264293
-0.0261576
-0.0258509
-0.0255098
-0.025135
-0.0247271
-0.0242864
-0.0238131
-0.0233068
-0.0227667
-0.0221909
-0.0215767
-0.0209198
-0.0202141
-0.0194513
-0.0186204
-0.0177077
-0.0166964
-0.0155677
-0.0143027
-0.0128848
-0.0112985
-0.0095329
-0.00761255
-0.0057025
-0.00384457
-0.00220033
-0.00101669
-0.000469712
-0.00050873
-0.000768186
-0.000948463
0.00130489
0.000926638
0.000402506
-8.33904e-05
-0.000563039
-0.00111206
-0.00177433
-0.00257515
-0.00352232
-0.00460583
-0.00580336
-0.00708574
-0.00842177
-0.00978178
-0.0111397
-0.0124738
-0.013767
-0.0150064
-0.0161835
-0.0172932
-0.0183335
-0.0193046
-0.0202082
-0.021047
-0.0218245
-0.0225439
-0.0232085
-0.0238214
-0.0243853
-0.0249024
-0.0253747
-0.0258036
-0.0261904
-0.0265361
-0.0268414
-0.0271068
-0.0273327
-0.0275196
-0.0276675
-0.0277767
-0.0278474
-0.0278797
-0.027874
-0.0278305
-0.0277494
-0.0276311
-0.027476
-0.0272847
-0.0270576
-0.0267953
-0.0264984
-0.0261677
-0.0258036
-0.0254068
-0.0249777
-0.0245165
-0.0240232
-0.0234972
-0.0229372
-0.0223412
-0.0217058
-0.021026
-0.0202946
-0.0195021
-0.0186358
-0.0176801
-0.016616
-0.015423
-0.0140825
-0.0125773
-0.0108878
-0.00901145
-0.00706819
-0.00517524
-0.0034001
-0.00199159
-0.00120857
-0.00110436
-0.00133427
-0.00155244
0.000700847
0.000329016
-0.00019688
-0.000696668
-0.00120021
-0.00177923
-0.00247606
-0.00331392
-0.00429843
-0.00541692
-0.00664419
-0.00794893
-0.0092988
-0.010664
-0.0120189
-0.0133428
-0.0146197
-0.0158382
-0.0169913
-0.0180753
-0.0190892
-0.0200343
-0.0209131
-0.0217287
-0.0224849
-0.023185
-0.0238325
-0.0244303
-0.024981
-0.0254867
-0.0259493
-0.0263701
-0.0267503
-0.0270906
-0.0273918
-0.0276544
-0.0278785
-0.0280647
-0.0282129
-0.0283234
-0.0283963
-0.0284319
-0.0284302
-0.0283915
-0.028316
-0.028204
-0.028056
-0.0278722
-0.0276532
-0.0273995
-0.0271117
-0.0267902
-0.0264357
-0.0260488
-0.0256299
-0.0251794
-0.0246974
-0.0241837
-0.0236374
-0.023057
-0.02244
-0.0217825
-0.0210784
-0.0203197
-0.0194952
-0.0185903
-0.0175871
-0.0164646
-0.0152018
-0.0137801
-0.0121793
-0.010383
-0.00842315
-0.0065229
-0.00468585
-0.00310559
-0.00209155
-0.00180166
-0.00197444
-0.00224127
1.49078e-05
-0.000346966
-0.000868733
-0.00137794
-0.00190128
-0.00250528
-0.00322971
-0.00409623
-0.00510822
-0.00625067
-0.0074962
-0.00881195
-0.010165
-0.0115258
-0.0128695
-0.0141764
-0.0154318
-0.0166257
-0.0177523
-0.0188093
-0.0197966
-0.0207163
-0.0215712
-0.022365
-0.0231015
-0.0237841
-0.0244161
-0.0250004
-0.0255395
-0.0260353
-0.0264895
-0.0269033
-0.0272778
-0.0276138
-0.0279116
-0.0281718
-0.0283947
-0.0285805
-0.0287293
-0.0288412
-0.0289164
-0.028955
-0.0289571
-0.028923
-0.0288528
-0.0287467
-0.0286051
-0.0284284
-0.0282168
-0.027971
-0.0276913
-0.0273783
-0.0270326
-0.0266546
-0.026245
-0.0258041
-0.0253322
-0.0248292
-0.0242949
-0.0237282
-0.0231272
-0.022489
-0.0218089
-0.0210799
-0.0202925
-0.0194338
-0.0184869
-0.0174316
-0.0162454
-0.0149084
-0.0134018
-0.0116974
-0.00977845
-0.00785715
-0.00601671
-0.00432957
-0.00311375
-0.00262555
-0.0027072
-0.00303748
-0.000736032
-0.00108567
-0.00159877
-0.00211341
-0.00265204
-0.00327557
-0.0040208
-0.00490782
-0.00593796
-0.0070943
-0.00834784
-0.00966477
-0.0110121
-0.0123606
-0.0136865
-0.0149712
-0.0162013
-0.017368
-0.0184669
-0.0194964
-0.0204575
-0.0213526
-0.022185
-0.0229584
-0.0236767
-0.0243434
-0.0249615
-0.0255338
-0.0260626
-0.0265497
-0.0269966
-0.0274044
-0.0277741
-0.0281062
-0.0284013
-0.0286597
-0.0288816
-0.0290672
-0.0292167
-0.0293301
-0.0294075
-0.029449
-0.0294548
-0.0294249
-0.0293596
-0.029259
-0.0291234
-0.0289531
-0.0287484
-0.0285098
-0.0282377
-0.0279326
-0.0275949
-0.0272252
-0.0268241
-0.0263919
-0.0259291
-0.025436
-0.0249124
-0.0243578
-0.023771
-0.0231498
-0.0224906
-0.0217879
-0.0210336
-0.0202163
-0.019321
-0.0183283
-0.017216
-0.0159621
-0.0145473
-0.012944
-0.0111252
-0.00917853
-0.00735876
-0.00563769
-0.00426976
-0.00358222
-0.00354808
-0.00396034
-0.00153563
-0.00187087
-0.00237167
-0.00288779
-0.00343717
-0.00407479
-0.00483452
-0.00573458
-0.00677447
-0.00793581
-0.00918852
-0.0104983
-0.0118325
-0.0131626
-0.0144658
-0.0157245
-0.0169268
-0.018065
-0.0191356
-0.020138
-0.0210735
-0.0219452
-0.0227564
-0.023511
-0.0242127
-0.0248648
-0.0254704
-0.026032
-0.0265516
-0.027031
-0.0274715
-0.027874
-0.0282395
-0.0285684
-0.0288611
-0.029118
-0.0293392
-0.0295249
-0.0296751
-0.02979
-0.0298695
-0.0299138
-0.0299229
-0.029897
-0.0298362
-0.0297407
-0.0296106
-0.0294463
-0.0292481
-0.0290162
-0.0287511
-0.0284532
-0.028123
-0.027761
-0.0273677
-0.0269437
-0.0264894
-0.0260052
-0.0254914
-0.0249478
-0.0243736
-0.0237676
-0.023127
-0.0224476
-0.0217227
-0.0209427
-0.0200942
-0.0191596
-0.0181173
-0.0169439
-0.0156198
-0.0141222
-0.0124179
-0.010493
-0.0086871
-0.00698982
-0.00553345
-0.00466688
-0.0045152
-0.00500918
-0.00236721
-0.00268632
-0.0031717
-0.00368533
-0.00424116
-0.00488803
-0.00565659
-0.00656307
-0.00760539
-0.00876414
-0.0100087
-0.0113047
-0.01262
-0.013927
-0.0152039
-0.0164343
-0.0176074
-0.0187165
-0.019759
-0.0207349
-0.0216461
-0.0224956
-0.0232871
-0.0240243
-0.0247108
-0.0253498
-0.0259441
-0.026496
-0.0270074
-0.0274799
-0.0279147
-0.0283127
-0.0286744
-0.0290005
-0.0292912
-0.0295469
-0.0297675
-0.0299533
-0.0301043
-0.0302206
-0.0303021
-0.030349
-0.0303612
-0.030339
-0.0302824
-0.0301915
-0.0300666
-0.0299079
-0.0297155
-0.0294899
-0.0292313
-0.0289402
-0.028617
-0.0282622
-0.0278763
-0.0274599
-0.0270135
-0.0265378
-0.026033
-0.0254994
-0.0249368
-0.0243445
-0.0237206
-0.0230619
-0.0223633
-0.0216167
-0.0208106
-0.0199289
-0.0189515
-0.0178551
-0.0166191
-0.0152234
-0.013631
-0.011807
-0.00999339
-0.00834025
-0.00685554
-0.00585512
-0.00561579
-0.00616412
-0.00321461
-0.00351581
-0.00398319
-0.00449109
-0.00504951
-0.00570124
-0.00647362
-0.00738084
-0.00841948
-0.00956938
-0.0107999
-0.012077
-0.0133692
-0.0146498
-0.0158982
-0.017099
-0.0182423
-0.0193226
-0.0203378
-0.0212884
-0.0221765
-0.0230053
-0.0237785
-0.0244997
-0.0251723
-0.0257993
-0.0263833
-0.0269265
-0.0274306
-0.027897
-0.0283267
-0.0287205
-0.029079
-0.0294026
-0.0296916
-0.0299461
-0.0301663
-0.0303523
-0.030504
-0.0306216
-0.030705
-0.0307542
-0.0307694
-0.0307506
-0.0306978
-0.0306112
-0.030491
-0.0303374
-0.0301505
-0.0299307
-0.0296782
-0.0293934
-0.0290768
-0.0287287
-0.0283498
-0.0279406
-0.0275018
-0.0270339
-0.0265376
-0.0260134
-0.0254615
-0.0248816
-0.0242727
-0.0236327
-0.0229577
-0.022241
-0.021473
-0.0206397
-0.0197224
-0.0186987
-0.0175459
-0.0162443
-0.0147621
-0.0130708
-0.0112696
-0.00966931
-0.00819497
-0.00711121
-0.00682312
-0.00738645
-0.00406226
-0.004344
-0.00479126
-0.00529091
-0.00584869
-0.00650148
-0.00727341
-0.00817669
-0.00920675
-0.0103428
-0.0115548
-0.0128093
-0.0140755
-0.0153278
-0.0165464
-0.0177173
-0.0188312
-0.0198835
-0.0208724
-0.021799
-0.0226655
-0.0234751
-0.0242315
-0.024938
-0.0255979
-0.0262141
-0.0267888
-0.0273241
-0.0278216
-0.0282824
-0.0287075
-0.0290976
-0.0294532
-0.0297746
-0.030062
-0.0303155
-0.0305354
-0.0307215
-0.030874
-0.0309927
-0.0310778
-0.0311292
-0.0311471
-0.0311313
-0.0310821
-0.0309994
-0.0308836
-0.0307346
-0.0305528
-0.0303383
-0.0300915
-0.0298126
-0.0295021
-0.0291604
-0.0287881
-0.0283858
-0.0279541
-0.0274937
-0.0270054
-0.02649
-0.0259479
-0.0253795
-0.0247843
-0.0241612
-0.0235073
-0.0228176
-0.0220839
-0.0212944
-0.0204321
-0.019476
-0.0184027
-0.017193
-0.0158238
-0.0142629
-0.0125017
-0.0109426
-0.0095154
-0.00839602
-0.00807047
-0.00858974
-0.00489574
-0.00515691
-0.00558259
-0.00607187
-0.00662633
-0.00727701
-0.008045
-0.00894052
-0.00995851
-0.011077
-0.012267
-0.0134966
-0.0147352
-0.0159582
-0.017147
-0.0182882
-0.0193737
-0.020399
-0.0213632
-0.0222673
-0.0231138
-0.0239057
-0.0246466
-0.0253397
-0.0259881
-0.0265944
-0.0271608
-0.027689
-0.0281804
-0.0286363
-0.0290572
-0.029444
-0.0297969
-0.0301163
-0.0304023
-0.030655
-0.0308745
-0.0310608
-0.0312139
-0.0313337
-0.0314203
-0.0314737
-0.0314939
-0.031481
-0.0314349
-0.0313558
-0.0312439
-0.0310992
-0.030922
-0.0307125
-0.0304708
-0.0301975
-0.0298927
-0.029557
-0.029191
-0.0287951
-0.0283701
-0.0279168
-0.0274362
-0.026929
-0.0263962
-0.0258384
-0.0252558
-0.0246479
-0.0240131
-0.0233475
-0.0226447
-0.0218945
-0.021082
-0.0201876
-0.0191889
-0.0180669
-0.0168025
-0.0153594
-0.0137042
-0.0121601
-0.0107805
-0.00966105
-0.00928423
-0.0096858
-0.00570133
-0.00594191
-0.00634515
-0.00682248
-0.00737144
-0.00801752
-0.00877894
-0.00966399
-0.0106667
-0.0117655
-0.0129316
-0.0141348
-0.0153452
-0.016539
-0.0176984
-0.018811
-0.0198693
-0.0208693
-0.0218104
-0.0226937
-0.0235218
-0.0242975
-0.0250244
-0.0257053
-0.0263433
-0.0269406
-0.0274994
-0.0280211
-0.0285072
-0.0289585
-0.0293757
-0.0297594
-0.03011
-0.0304275
-0.0307122
-0.0309642
-0.0311834
-0.0313698
-0.0315234
-0.0316442
-0.0317322
-0.0317873
-0.0318097
-0.0317992
-0.031756
-0.0316801
-0.0315717
-0.0314309
-0.0312579
-0.0310528
-0.030816
-0.0305477
-0.0302483
-0.0299182
-0.0295579
-0.0291681
-0.0287495
-0.028303
-0.0278295
-0.0273302
-0.026806
-0.026258
-0.0256869
-0.025093
-0.0244753
-0.0238314
-0.0231563
-0.0224414
-0.021674
-0.020836
-0.0199062
-0.0188645
-0.0176931
-0.016359
-0.0148344
-0.0133092
-0.0119806
-0.0108702
-0.0104204
-0.0106892
-0.00646851
-0.00668791
-0.00706845
-0.0075327
-0.0080745
-0.00871404
-0.00946694
-0.0103401
-0.0113249
-0.0124027
-0.0135441
-0.0147207
-0.015903
-0.0170682
-0.0181994
-0.0192849
-0.0203177
-0.0212943
-0.0222141
-0.0230784
-0.0238897
-0.0246508
-0.0253648
-0.0260348
-0.0266634
-0.0272527
-0.0278045
-0.0283205
-0.0288017
-0.0292489
-0.0296628
-0.0300438
-0.0303921
-0.0307081
-0.0309916
-0.0312429
-0.0314618
-0.0316483
-0.0318024
-0.031924
-0.0320132
-0.0320699
-0.0320941
-0.0320858
-0.0320451
-0.0319721
-0.0318668
-0.0317295
-0.0315602
-0.0313592
-0.0311267
-0.030863
-0.0305684
-0.0302435
-0.0298886
-0.0295045
-0.0290919
-0.0286517
-0.0281849
-0.0276929
-0.0271768
-0.0266379
-0.0260775
-0.0254962
-0.024894
-0.0242695
-0.0236191
-0.0229359
-0.022209
-0.0214225
-0.0205559
-0.0195874
-0.0185003
-0.017269
-0.0158746
-0.0143816
-0.0131023
-0.0120072
-0.0114852
-0.0116503
-0.00718649
-0.00738542
-0.00774355
-0.00819408
-0.0087275
-0.00935911
-0.010102
-0.0109625
-0.0119286
-0.012984
-0.0141013
-0.0152515
-0.0164065
-0.0175445
-0.0186491
-0.0197094
-0.0207187
-0.0216738
-0.0225743
-0.0234214
-0.0242175
-0.0249654
-0.0256681
-0.0263282
-0.0269483
-0.0275304
-0.0280762
-0.028587
-0.0290638
-0.0295074
-0.0299182
-0.0302968
-0.0306432
-0.0309577
-0.0312402
-0.0314908
-0.0317095
-0.031896
-0.0320505
-0.0321729
-0.0322631
-0.0323211
-0.0323469
-0.0323405
-0.032302
-0.0322315
-0.0321289
-0.0319946
-0.0318286
-0.0316312
-0.0314026
-0.031143
-0.0308528
-0.0305325
-0.0301826
-0.0298037
-0.0293966
-0.0289623
-0.0285018
-0.0280166
-0.0275079
-0.0269775
-0.0264267
-0.0258569
-0.0252687
-0.0246615
-0.0240331
-0.0233782
-0.0226875
-0.0219472
-0.021138
-0.0202382
-0.0192308
-0.0180969
-0.0168143
-0.0153799
-0.0141401
-0.0130699
-0.0124986
-0.0125773
-0.00785135
-0.00802524
-0.00836304
-0.00879954
-0.00932381
-0.00994668
-0.0106788
-0.0115256
-0.0124735
-0.0135065
-0.0146002
-0.0157251
-0.0168543
-0.0179666
-0.0190467
-0.0200839
-0.0210718
-0.0220075
-0.0228906
-0.0237224
-0.0245051
-0.0252413
-0.0259339
-0.0265854
-0.027198
-0.0277737
-0.0283141
-0.0288203
-0.0292932
-0.0297336
-0.0301418
-0.0305182
-0.030863
-0.0311762
-0.0314578
-0.0317078
-0.0319262
-0.0321129
-0.0322677
-0.0323907
-0.0324817
-0.0325409
-0.032568
-0.0325633
-0.0325266
-0.0324581
-0.032358
-0.0322262
-0.0320631
-0.0318687
-0.0316434
-0.0313875
-0.0311012
-0.030785
-0.0304395
-0.0300653
-0.0296632
-0.0292342
-0.0287795
-0.0283005
-0.0277987
-0.027276
-0.026734
-0.0261745
-0.0255987
-0.0250071
-0.0243982
-0.0237682
-0.0231097
-0.0224104
-0.0216528
-0.0208164
-0.0198836
-0.0188381
-0.0176534
-0.0163101
-0.0151024
-0.014059
-0.013465
-0.0134745
-0.00845258
-0.0086048
-0.00892219
-0.00934371
-0.00985831
-0.0104721
-0.011193
-0.0120256
-0.0129561
-0.0139678
-0.0150388
-0.0161398
-0.0172448
-0.0183338
-0.0193915
-0.0204079
-0.0213767
-0.0222952
-0.0231631
-0.0239813
-0.0247522
-0.0254783
-0.026162
-0.0268059
-0.0274121
-0.0279823
-0.0285179
-0.0290202
-0.0294898
-0.0299274
-0.0303333
-0.0307079
-0.0310512
-0.0313633
-0.0316442
-0.0318937
-0.0321119
-0.0322986
-0.0324537
-0.0325772
-0.032669
-0.032729
-0.0327573
-0.0327539
-0.0327188
-0.032652
-0.0325538
-0.0324242
-0.0322634
-0.0320716
-0.0318491
-0.0315962
-0.0313132
-0.0310006
-0.0306589
-0.0302888
-0.0298912
-0.0294669
-0.0290174
-0.0285439
-0.0280483
-0.0275325
-0.0269984
-0.0264482
-0.0258835
-0.0253054
-0.0247137
-0.0241057
-0.0234756
-0.0228128
-0.0221016
-0.0213228
-0.0204581
-0.0194922
-0.0183973
-0.0171499
-0.0159857
-0.0149826
-0.0143848
-0.0143375
-0.00897844
-0.00911594
-0.00941301
-0.00982152
-0.0103269
-0.0109317
-0.0116415
-0.0124598
-0.0133739
-0.0143657
-0.0154153
-0.0164942
-0.0175773
-0.0186451
-0.0196829
-0.0206808
-0.021633
-0.0225365
-0.0233911
-0.0241978
-0.0249586
-0.0256759
-0.0263522
-0.0269896
-0.0275902
-0.0281557
-0.0286874
-0.0291863
-0.0296531
-0.0300883
-0.0304924
-0.0308655
-0.0312076
-0.0315188
-0.0317991
-0.0320483
-0.0322663
-0.0324531
-0.0326084
-0.0327324
-0.0328247
-0.0328855
-0.0329147
-0.0329124
-0.0328785
-0.0328131
-0.0327164
-0.0325884
-0.0324295
-0.0322398
-0.0320195
-0.0317691
-0.0314888
-0.0311791
-0.0308406
-0.0304739
-0.03008
-0.0296598
-0.0292147
-0.0287462
-0.028256
-0.0277462
-0.0272191
-0.0266769
-0.0261219
-0.0255558
-0.024979
-0.0243903
-0.0237852
-0.0231548
-0.0224852
-0.0217581
-0.0209546
-0.0200602
-0.0190498
-0.0179063
-0.0167832
-0.0158331
-0.0152496
-0.0151565
-0.00943228
-0.00955594
-0.00983297
-0.0102302
-0.010727
-0.0113232
-0.0120223
-0.0128263
-0.0137252
-0.0146988
-0.0157288
-0.0167875
-0.0178509
-0.0189
-0.0199204
-0.0209024
-0.0218402
-0.022731
-0.0235745
-0.0243714
-0.0251238
-0.0258339
-0.0265039
-0.027136
-0.0277321
-0.0282937
-0.0288222
-0.0293183
-0.0297828
-0.0302163
-0.0306188
-0.0309907
-0.031332
-0.0316425
-0.0319224
-0.0321713
-0.0323893
-0.0325762
-0.0327318
-0.0328561
-0.032949
-0.0330104
-0.0330403
-0.0330387
-0.0330057
-0.0329413
-0.0328457
-0.032719
-0.0325614
-0.0323732
-0.0321546
-0.0319059
-0.0316277
-0.0313202
-0.0309841
-0.0306202
-0.0302293
-0.0298124
-0.0293709
-0.0289065
-0.0284208
-0.0279162
-0.027395
-0.0268598
-0.0263132
-0.0257573
-0.0251935
-0.0246213
-0.0240378
-0.0234358
-0.0228032
-0.0221226
-0.0213748
-0.0205465
-0.0196169
-0.0185754
-0.017491
-0.0166042
-0.0160487
-0.0159203
-0.00981666
-0.00992474
-0.0101834
-0.0105685
-0.0110571
-0.0116452
-0.0123342
-0.0131248
-0.0140088
-0.0149658
-0.0159785
-0.0170192
-0.0180652
-0.019098
-0.0201035
-0.021072
-0.0219979
-0.0228783
-0.0237126
-0.0245017
-0.0252474
-0.0259516
-0.0266167
-0.0272446
-0.0278372
-0.0283959
-0.0289218
-0.0294159
-0.0298788
-0.0303108
-0.0307123
-0.0310834
-0.0314241
-0.0317343
-0.0320139
-0.0322628
-0.0324809
-0.0326679
-0.0328238
-0.0329484
-0.0330417
-0.0331035
-0.0331339
-0.0331329
-0.0331005
-0.0330367
-0.0329418
-0.0328159
-0.0326591
-0.0324718
-0.0322543
-0.0320068
-0.0317298
-0.0314238
-0.0310895
-0.0307274
-0.0303387
-0.0299242
-0.0294855
-0.0290242
-0.0285422
-0.0280417
-0.0275254
-0.026996
-0.0264563
-0.025909
-0.0253561
-0.024798
-0.0242331
-0.0236557
-0.0230554
-0.0224163
-0.0217199
-0.0209536
-0.0201019
-0.0191524
-0.0181123
-0.0172897
-0.0167705
-0.0166172
-0.0101299
-0.010222
-0.0104634
-0.0108367
-0.011317
-0.0118971
-0.0125769
-0.0133553
-0.0142244
-0.0151664
-0.0161643
-0.0171889
-0.0182198
-0.0192388
-0.0202319
-0.0211895
-0.0221058
-0.0229779
-0.0238051
-0.0245882
-0.0253288
-0.0260287
-0.0266902
-0.0273151
-0.0279051
-0.0284617
-0.0289859
-0.0294787
-0.0299405
-0.0303717
-0.0307727
-0.0311434
-0.0314838
-0.0317939
-0.0320736
-0.0323226
-0.0325409
-0.0327282
-0.0328844
-0.0330093
-0.0331029
-0.0331651
-0.0331958
-0.0331951
-0.0331629
-0.0330995
-0.0330049
-0.0328792
-0.0327228
-0.0325358
-0.0323186
-0.0320716
-0.0317952
-0.0314899
-0.0311564
-0.0307954
-0.0304079
-0.0299949
-0.029558
-0.0290988
-0.0286193
-0.028122
-0.0276093
-0.0270844
-0.0265503
-0.02601
-0.025466
-0.0249196
-0.0243703
-0.0238138
-0.0232416
-0.0226394
-0.0219898
-0.0212796
-0.0204969
-0.0196262
-0.0186589
-0.0178919
-0.0174043
-0.0172377
-0.0103715
-0.0104478
-0.0106725
-0.0110347
-0.0115069
-0.0120793
-0.0127504
-0.0135179
-0.0143732
-0.0153012
-0.0162858
-0.0172966
-0.0183147
-0.0193222
-0.0203053
-0.0212543
-0.0221633
-0.0230293
-0.0238515
-0.0246304
-0.0253675
-0.0260646
-0.0267238
-0.0273468
-0.0279354
-0.0284908
-0.0290142
-0.0295063
-0.0299676
-0.0303987
-0.0307995
-0.0311703
-0.0315109
-0.0318213
-0.0321013
-0.0323507
-0.0325693
-0.032757
-0.0329135
-0.0330388
-0.0331327
-0.0331951
-0.033226
-0.0332254
-0.0331932
-0.0331297
-0.033035
-0.0329091
-0.0327525
-0.0325652
-0.0323478
-0.0321005
-0.0318239
-0.0315184
-0.0311849
-0.0308239
-0.0304366
-0.0300242
-0.029588
-0.0291298
-0.0286517
-0.0281562
-0.027646
-0.0271243
-0.0265942
-0.0260592
-0.0255222
-0.0249853
-0.0244487
-0.0239097
-0.0233614
-0.0227914
-0.0221838
-0.0215242
-0.0208032
-0.0200047
-0.0191142
-0.0184011
-0.0179475
-0.0177732
-0.0105431
-0.0106039
-0.0108122
-0.0111634
-0.0116275
-0.0121926
-0.0128555
-0.0136131
-0.0144561
-0.0153709
-0.0163431
-0.0173425
-0.0183499
-0.0193483
-0.0203236
-0.0212662
-0.0221701
-0.0230321
-0.0238512
-0.0246277
-0.025363
-0.0260588
-0.0267169
-0.0273393
-0.0279275
-0.0284827
-0.0290061
-0.0294983
-0.02996
-0.0303914
-0.0307927
-0.031164
-0.0315052
-0.0318162
-0.0320969
-0.0323469
-0.0325661
-0.0327543
-0.0329113
-0.033037
-0.0331312
-0.0331937
-0.0332246
-0.0332239
-0.0331915
-0.0331276
-0.0330324
-0.0329059
-0.0327484
-0.0325603
-0.0323419
-0.0320936
-0.0318159
-0.0315094
-0.0311748
-0.030813
-0.0304249
-0.0300117
-0.0295751
-0.0291167
-0.0286388
-0.0281438
-0.0276347
-0.0271147
-0.0265872
-0.0260559
-0.025524
-0.0249942
-0.0244676
-0.0239429
-0.0234146
-0.0228722
-0.022301
-0.0216866
-0.0210212
-0.0202886
-0.0194747
-0.0188145
-0.0183943
-0.0182174
-0.0106473
-0.0106929
-0.0108851
-0.0112251
-0.0116811
-0.0122388
-0.0128938
-0.0136423
-0.0144745
-0.0153768
-0.0163369
-0.017327
-0.0183259
-0.019317
-0.0202866
-0.021225
-0.0221259
-0.0229858
-0.0238036
-0.0245795
-0.0253146
-0.0260105
-0.0266691
-0.0272921
-0.0278809
-0.028437
-0.0289612
-0.0294544
-0.0299171
-0.0303495
-0.0307519
-0.0311243
-0.0314666
-0.0317787
-0.0320603
-0.0323113
-0.0325313
-0.0327203
-0.0328779
-0.033004
-0.0330984
-0.0331611
-0.0331919
-0.0331909
-0.033158
-0.0330934
-0.0329972
-0.0328696
-0.0327109
-0.0325213
-0.0323012
-0.0320511
-0.0317715
-0.031463
-0.0311264
-0.0307625
-0.0303724
-0.0299574
-0.0295191
-0.0290592
-0.0285801
-0.0280843
-0.0275748
-0.027055
-0.0265285
-0.0259991
-0.0254704
-0.0249455
-0.0244264
-0.0239127
-0.0234006
-0.0228816
-0.0223419
-0.0217672
-0.0211509
-0.0204776
-0.019736
-0.0191276
-0.0187418
-0.0185655
-0.010688
-0.0107187
-0.0108947
-0.0112228
-0.0116701
-0.0122202
-0.0128673
-0.0136069
-0.0144297
-0.0153207
-0.0162686
-0.017251
-0.0182429
-0.0192285
-0.0201944
-0.0211305
-0.0220302
-0.02289
-0.0237083
-0.0244852
-0.0252217
-0.0259193
-0.0265796
-0.0272044
-0.0277951
-0.028353
-0.0288791
-0.0293741
-0.0298386
-0.0302728
-0.030677
-0.0310511
-0.0313949
-0.0317085
-0.0319915
-0.0322438
-0.0324649
-0.0326549
-0.0328132
-0.0329399
-0.0330347
-0.0330974
-0.0331281
-0.0331266
-0.033093
-0.0330274
-0.0329299
-0.0328007
-0.03264
-0.0324483
-0.0322259
-0.0319732
-0.0316909
-0.0313794
-0.0310397
-0.0306727
-0.0302794
-0.0298613
-0.0294199
-0.0289571
-0.0284753
-0.0279771
-0.0274657
-0.0269445
-0.0264173
-0.025888
-0.0253606
-0.0248385
-0.0243243
-0.0238185
-0.023319
-0.0228189
-0.022306
-0.0217658
-0.021192
-0.0205711
-0.0198997
-0.0193391
-0.0189865
-0.0188144
-0.0106695
-0.0106856
-0.0108449
-0.0111598
-0.0115976
-0.0121397
-0.0127787
-0.0135095
-0.0143232
-0.015204
-0.0161403
-0.0171155
-0.0181016
-0.0190832
-0.0200469
-0.0209823
-0.0218827
-0.022744
-0.0235646
-0.0243443
-0.0250837
-0.0257844
-0.0264479
-0.0270758
-0.0276695
-0.0282304
-0.0287593
-0.0292571
-0.0297242
-0.030161
-0.0305676
-0.0309439
-0.03129
-0.0316056
-0.0318905
-0.0321444
-0.032367
-0.0325582
-0.0327175
-0.0328449
-0.0329401
-0.0330029
-0.0330333
-0.0330312
-0.0329967
-0.0329298
-0.0328306
-0.0326993
-0.0325363
-0.0323418
-0.0321163
-0.0318602
-0.0315741
-0.0312588
-0.030915
-0.0305437
-0.030146
-0.0297233
-0.0292774
-0.0288102
-0.0283242
-0.0278221
-0.0273071
-0.0267828
-0.0262531
-0.0257221
-0.025194
-0.0246726
-0.0241608
-0.02366
-0.0231695
-0.022684
-0.0221931
-0.0216828
-0.0211454
-0.0205696
-0.0199647
-0.0194478
-0.0191279
-0.0189616
-0.0105969
-0.0105983
-0.01074
-0.0110404
-0.0114675
-0.0120009
-0.0126312
-0.0133527
-0.014157
-0.0150286
-0.0159541
-0.0169216
-0.0179029
-0.0188816
-0.0198443
-0.0207805
-0.0216831
-0.0225476
-0.023372
-0.0241559
-0.0248999
-0.0256052
-0.0262732
-0.0269055
-0.0275035
-0.0280684
-0.0286013
-0.0291028
-0.0295735
-0.0300136
-0.0304234
-0.0308028
-0.0311517
-0.0314699
-0.0317571
-0.0320132
-0.0322377
-0.0324304
-0.0325909
-0.0327192
-0.0328149
-0.0328779
-0.032908
-0.0329052
-0.0328695
-0.032801
-0.0326998
-0.032566
-0.0324
-0.0322021
-0.0319727
-0.0317124
-0.0314217
-0.0311014
-0.0307523
-0.0303754
-0.0299721
-0.0295436
-0.0290917
-0.0286186
-0.0281267
-0.027619
-0.0270987
-0.0265695
-0.0260355
-0.0255008
-0.02497
-0.024447
-0.0239353
-0.0234368
-0.0229519
-0.0224771
-0.0220039
-0.021519
-0.0210134
-0.0204779
-0.0199298
-0.0194532
-0.0191658
-0.0190049
-0.0104756
-0.0104618
-0.0105847
-0.0108691
-0.011284
-0.0118073
-0.0124282
-0.0131396
-0.0139334
-0.0147962
-0.0157126
-0.0166714
-0.0176478
-0.0186243
-0.019587
-0.0205251
-0.021431
-0.0223001
-0.0231298
-0.0239195
-0.0246695
-0.0253808
-0.0260547
-0.0266928
-0.0272963
-0.0278666
-0.0284045
-0.0289108
-0.029386
-0.0298305
-0.0302443
-0.0306275
-0.0309799
-0.0313013
-0.0315915
-0.0318501
-0.0320769
-0.0322715
-0.0324336
-0.032563
-0.0326594
-0.0327225
-0.0327524
-0.0327488
-0.0327118
-0.0326415
-0.0325379
-0.0324012
-0.0322317
-0.0320297
-0.0317958
-0.0315303
-0.031234
-0.0309076
-0.0305521
-0.0301684
-0.0297578
-0.029322
-0.0288627
-0.0283821
-0.0278828
-0.0273677
-0.0268403
-0.0263044
-0.0257641
-0.0252239
-0.0246882
-0.0241615
-0.0236474
-0.0231487
-0.0226662
-0.0221984
-0.0217387
-0.0212752
-0.0207977
-0.0202987
-0.0197962
-0.0193545
-0.0191002
-0.0189449
-0.0103108
-0.0102813
-0.0103844
-0.0106508
-0.0110518
-0.0115634
-0.0121734
-0.0128738
-0.0136563
-0.0145089
-0.0154168
-0.016367
-0.017338
-0.0183122
-0.0192753
-0.020216
-0.0211263
-0.0220011
-0.0228374
-0.0236343
-0.0243917
-0.0251104
-0.0257917
-0.0264369
-0.0270473
-0.0276241
-0.0281683
-0.0286805
-0.0291613
-0.0296111
-0.0300299
-0.0304177
-0.0307744
-0.0310997
-0.0313935
-0.0316553
-0.0318849
-0.0320818
-0.0322458
-0.0323765
-0.0324737
-0.0325372
-0.0325668
-0.0325624
-0.032524
-0.0324516
-0.0323453
-0.0322052
-0.0320317
-0.0318251
-0.0315859
-0.0313145
-0.0310116
-0.0306781
-0.0303149
-0.029923
-0.0295039
-0.0290592
-0.0285907
-0.0281009
-0.0275922
-0.027068
-0.0265316
-0.0259871
-0.0254387
-0.024891
-0.0243486
-0.0238159
-0.0232972
-0.0227955
-0.0223126
-0.0218483
-0.0213983
-0.0209523
-0.0204989
-0.0200324
-0.0195693
-0.0191526
-0.0189312
-0.0187823
-0.0101078
-0.0100623
-0.0101442
-0.0103904
-0.0107754
-0.0112738
-0.0118713
-0.0125595
-0.0133295
-0.0141704
-0.0150685
-0.0160097
-0.0169747
-0.0179463
-0.0189098
-0.0198534
-0.0207688
-0.0216501
-0.0224942
-0.0232994
-0.0240656
-0.0247932
-0.0254833
-0.026137
-0.0267557
-0.0273404
-0.027892
-0.0284114
-0.028899
-0.0293551
-0.0297798
-0.0301731
-0.030535
-0.0308651
-0.0311631
-0.0314287
-0.0316616
-0.0318613
-0.0320276
-0.03216
-0.0322583
-0.0323223
-0.0323517
-0.0323465
-0.0323065
-0.0322318
-0.0321225
-0.0319786
-0.0318006
-0.0315888
-0.0313435
-0.0310653
-0.030755
-0.0304133
-0.0300412
-0.0296399
-0.0292108
-0.0287556
-0.0282763
-0.0277754
-0.0272556
-0.0267202
-0.0261729
-0.0256177
-0.0250591
-0.0245018
-0.0239506
-0.0234102
-0.0228846
-0.0223775
-0.0218913
-0.0214272
-0.0209832
-0.0205505
-0.0201179
-0.0196811
-0.0192516
-0.0188496
-0.0186611
-0.0185184
-0.00987152
-0.00981008
-0.00986953
-0.0100933
-0.01046
-0.0109431
-0.0115266
-0.0122009
-0.012957
-0.0137844
-0.0146706
-0.0156016
-0.0165596
-0.0175277
-0.0184911
-0.0194375
-0.0203582
-0.0212468
-0.0220994
-0.0229142
-0.0236903
-0.0244281
-0.0251284
-0.0257921
-0.0264205
-0.0270145
-0.027575
-0.0281028
-0.0285983
-0.0290619
-0.0294937
-0.0298936
-0.0302615
-0.0305972
-0.0309003
-0.0311704
-0.0314072
-0.0316103
-0.0317793
-0.0319138
-0.0320135
-0.0320781
-0.0321075
-0.0321014
-0.0320598
-0.0319826
-0.03187
-0.031722
-0.031539
-0.0313212
-0.0310692
-0.0307834
-0.0304646
-0.0301136
-0.0297314
-0.0293194
-0.0288788
-0.0284116
-0.0279199
-0.0274062
-0.0268733
-0.0263248
-0.0257645
-0.0251965
-0.0246256
-0.0240566
-0.0234944
-0.022944
-0.0224095
-0.0218947
-0.0214025
-0.0209355
-0.020494
-0.0200708
-0.0196551
-0.0192442
-0.0188431
-0.0184531
-0.0182934
-0.0181549
-0.00960685
-0.00952985
-0.00956591
-0.00976486
-0.010111
-0.0105767
-0.011144
-0.0118024
-0.0125426
-0.0133546
-0.0142267
-0.0151456
-0.0160948
-0.0170579
-0.0180201
-0.0189688
-0.0198946
-0.0207906
-0.0216525
-0.0224776
-0.0232649
-0.0240142
-0.024726
-0.0254012
-0.0260407
-0.0266455
-0.0272163
-0.027754
-0.0282588
-0.0287312
-0.0291712
-0.0295788
-0.0299538
-0.030296
-0.030605
-0.0308804
-0.0311218
-0.0313289
-0.0315011
-0.0316381
-0.0317395
-0.0318051
-0.0318345
-0.0318276
-0.0317844
-0.0317046
-0.0315885
-0.031436
-0.0312475
-0.0310232
-0.0307637
-0.0304695
-0.0301412
-0.0297798
-0.0293863
-0.0289621
-0.0285086
-0.0280278
-0.0275219
-0.0269936
-0.0264458
-0.0258823
-0.0253069
-0.0247242
-0.0241388
-0.0235558
-0.0229805
-0.0224178
-0.0218722
-0.0213475
-0.0208469
-0.0203741
-0.0199315
-0.0195146
-0.0191116
-0.0187203
-0.0183413
-0.0179723
-0.0178321
-0.0176939
-0.00931857
-0.00922689
-0.00923865
-0.00941097
-0.00973448
-0.0101801
-0.0107286
-0.0113687
-0.0120907
-0.0128848
-0.0137402
-0.0146446
-0.0155826
-0.0165387
-0.017498
-0.0184478
-0.0193781
-0.0202814
-0.0211528
-0.021989
-0.0227884
-0.0235503
-0.0242751
-0.0249632
-0.0256154
-0.0262325
-0.0268152
-0.0273641
-0.0278797
-0.0283623
-0.0288118
-0.0292283
-0.0296115
-0.0299613
-0.0302772
-0.0305587
-0.0308056
-0.0310172
-0.0311933
-0.0313333
-0.0314368
-0.0315036
-0.0315333
-0.0315258
-0.0314808
-0.0313984
-0.0312785
-0.0311212
-0.0309267
-0.0306954
-0.0304277
-0.0301242
-0.0297855
-0.0294127
-0.0290067
-0.0285689
-0.028101
-0.027605
-0.0270831
-0.0265383
-0.0259737
-0.0253931
-0.0248007
-0.024201
-0.0235991
-0.0230001
-0.0224094
-0.0218322
-0.0212734
-0.0207366
-0.0202252
-0.0197438
-0.0192968
-0.018883
-0.0184892
-0.0181129
-0.0177516
-0.0174044
-0.0172795
-0.0171392
-0.00901127
-0.00890606
-0.00889324
-0.0090377
-0.00933678
-0.00975946
-0.0102862
-0.0109052
-0.0116061
-0.0123794
-0.0132152
-0.0141019
-0.0150259
-0.0159721
-0.0169262
-0.0178753
-0.0188089
-0.019719
-0.0205998
-0.0214474
-0.0222596
-0.0230354
-0.0237744
-0.0244769
-0.0251433
-0.0257743
-0.0263705
-0.0269324
-0.0274603
-0.0279545
-0.028415
-0.0288417
-0.0292344
-0.0295929
-0.0299167
-0.0302054
-0.0304585
-0.0306756
-0.0308561
-0.0309997
-0.0311058
-0.0311742
-0.0312044
-0.0311963
-0.0311498
-0.0310646
-0.0309407
-0.0307783
-0.0305775
-0.0303386
-0.0300621
-0.0297485
-0.0293985
-0.0290131
-0.0285934
-0.0281407
-0.0276569
-0.0271441
-0.0266046
-0.0260414
-0.025458
-0.0248584
-0.0242468
-0.0236281
-0.0230075
-0.0223903
-0.021782
-0.0211882
-0.0206138
-0.0200628
-0.0195386
-0.0190459
-0.0185917
-0.0181769
-0.0177899
-0.0174253
-0.0170779
-0.0167507
-0.016639
-0.0164942
-0.00868974
-0.00857199
-0.00853627
-0.00865194
-0.0089238
-0.00932057
-0.00982259
-0.0104172
-0.0110939
-0.0118431
-0.0126556
-0.0135213
-0.0144275
-0.0153605
-0.0163065
-0.0172525
-0.0181876
-0.0191033
-0.019993
-0.0208522
-0.0216778
-0.0224682
-0.0232227
-0.023941
-0.0246232
-0.0252699
-0.0258813
-0.0264578
-0.0269997
-0.0275072
-0.0279802
-0.0284186
-0.0288222
-0.0291907
-0.0295236
-0.0298204
-0.0300808
-0.0303041
-0.0304899
-0.0306376
-0.0307469
-0.0308172
-0.0308484
-0.0308399
-0.0307918
-0.0307038
-0.0305759
-0.0304081
-0.0302006
-0.0299536
-0.0296677
-0.0293432
-0.028981
-0.028582
-0.0281474
-0.0276786
-0.0271775
-0.0266462
-0.0260873
-0.0255041
-0.0249
-0.0242793
-0.0236465
-0.0230067
-0.0223652
-0.0217275
-0.0210996
-0.0204869
-0.0198948
-0.0193275
-0.0187883
-0.0182821
-0.0178176
-0.0173989
-0.0170161
-0.01666
-0.016323
-0.0160128
-0.015913
-0.0157626
-0.00835905
-0.00822921
-0.00817458
-0.00826126
-0.00850242
-0.00886998
-0.0093439
-0.00991059
-0.0105593
-0.0112805
-0.012066
-0.0129064
-0.0137909
-0.0147068
-0.0156409
-0.0165807
-0.0175151
-0.0184347
-0.0193323
-0.0202026
-0.0210419
-0.0218478
-0.0226188
-0.0233543
-0.024054
-0.024718
-0.0253464
-0.0259394
-0.0264971
-0.0270196
-0.0275068
-0.0279585
-0.0283745
-0.0287543
-0.0290976
-0.0294038
-0.0296724
-0.029903
-0.0300948
-0.0302474
-0.0303604
-0.0304333
-0.0304657
-0.0304572
-0.0304077
-0.030317
-0.0301849
-0.0300115
-0.029797
-0.0295415
-0.0292455
-0.0289095
-0.0285342
-0.0281207
-0.0276701
-0.0271839
-0.026664
-0.0261127
-0.0255329
-0.0249278
-0.0243011
-0.0236574
-0.0230014
-0.0223384
-0.0216739
-0.0210137
-0.0203638
-0.0197302
-0.0191182
-0.0185325
-0.0179762
-0.0174543
-0.0169769
-0.0165512
-0.01617
-0.0158194
-0.0154889
-0.0151944
-0.015105
-0.0149477
-0.00802282
-0.00788379
-0.00781536
-0.00787288
-0.00808001
-0.00841506
-0.00885699
-0.00939149
-0.0100078
-0.0106969
-0.0114508
-0.0122616
-0.0131196
-0.0140138
-0.014932
-0.0158619
-0.0167923
-0.0177136
-0.0186177
-0.0194985
-0.0203514
-0.0211732
-0.0219617
-0.0227157
-0.0234344
-0.0241175
-0.0247647
-0.0253761
-0.0259515
-0.0264909
-0.0269942
-0.0274609
-0.0278909
-0.0282836
-0.0286387
-0.0289556
-0.0292337
-0.0294724
-0.0296712
-0.0298296
-0.029947
-0.030023
-0.030057
-0.0300488
-0.0299982
-0.0299048
-0.0297686
-0.0295895
-0.0293676
-0.0291032
-0.0287967
-0.0284485
-0.0280594
-0.0276304
-0.0271627
-0.026658
-0.0261181
-0.0255454
-0.024943
-0.0243143
-0.0236634
-0.0229948
-0.0223136
-0.0216253
-0.0209357
-0.0202509
-0.019577
-0.0189202
-0.0182863
-0.0176801
-0.0171047
-0.016565
-0.0160724
-0.0156371
-0.0152539
-0.0149056
-0.0145781
-0.0142987
-0.0142177
-0.0140522
-0.00768467
-0.00754474
-0.00746579
-0.00749356
-0.0076641
-0.00796335
-0.00836883
-0.00886624
-0.00944538
-0.0100973
-0.0108148
-0.0115909
-0.0124176
-0.0132851
-0.0141824
-0.0150981
-0.016021
-0.0169411
-0.0178496
-0.0187397
-0.0196057
-0.0204435
-0.0212504
-0.0220241
-0.0227633
-0.0234672
-0.0241353
-0.024767
-0.0253622
-0.0259205
-0.0264417
-0.0269254
-0.0273711
-0.0277784
-0.0281468
-0.0284757
-0.0287646
-0.0290127
-0.0292196
-0.0293846
-0.0295072
-0.0295868
-0.0296231
-0.0296156
-0.0295641
-0.0294683
-0.0293279
-0.029143
-0.0289137
-0.0286401
-0.0283226
-0.0279616
-0.0275581
-0.0271128
-0.0266271
-0.0261027
-0.0255416
-0.0249463
-0.0243199
-0.0236661
-0.0229892
-0.022294
-0.0215857
-0.0208702
-0.0201536
-0.019442
-0.0187419
-0.0180597
-0.0174017
-0.0167729
-0.0161766
-0.0156175
-0.0151075
-0.0146596
-0.0142711
-0.0139224
-0.0135952
-0.0133274
-0.0132532
-0.0130785
-0.00735216
-0.00722005
-0.0071315
-0.0071301
-0.00726243
-0.00752187
-0.00788588
-0.00834103
-0.00887764
-0.0094871
-0.0101628
-0.0108989
-0.0116887
-0.0125241
-0.0133954
-0.0142921
-0.0152033
-0.0161187
-0.017029
-0.0179266
-0.0188048
-0.0196587
-0.0204842
-0.0212786
-0.0220398
-0.0227663
-0.0234571
-0.0241112
-0.0247283
-0.0253076
-0.0258489
-0.0263514
-0.0268148
-0.0272385
-0.0276219
-0.0279644
-0.0282653
-0.0285242
-0.0287402
-0.0289128
-0.0290414
-0.0291256
-0.0291647
-0.0291584
-0.0291064
-0.0290084
-0.0288641
-0.0286734
-0.0284365
-0.0281535
-0.0278247
-0.0274506
-0.0270319
-0.0265698
-0.0260653
-0.0255204
-0.024937
-0.0243179
-0.0236663
-0.022986
-0.0222816
-0.0215581
-0.020821
-0.0200765
-0.0193308
-0.0185904
-0.0178621
-0.0171524
-0.016468
-0.0158144
-0.0151954
-0.0146152
-0.014086
-0.0136233
-0.0132266
-0.0128752
-0.0125461
-0.012281
-0.012213
-0.0120286
-0.00703359
-0.00691401
-0.00681668
-0.00678803
-0.00688126
-0.00709657
-0.00741436
-0.00782194
-0.00831026
-0.00887142
-0.00949951
-0.0101898
-0.010937
-0.0117347
-0.0125744
-0.0134468
-0.0143416
-0.0152483
-0.0161575
-0.0170603
-0.0179494
-0.0188187
-0.0196632
-0.0204791
-0.0212635
-0.0220142
-0.0227295
-0.0234082
-0.0240492
-0.0246518
-0.0252152
-0.0257388
-0.0262219
-0.0266638
-0.027064
-0.0274217
-0.0277364
-0.0280072
-0.0282336
-0.028415
-0.0285506
-0.0286401
-0.0286828
-0.0286783
-0.0286263
-0.0285263
-0.0283783
-0.0281821
-0.0279376
-0.0276451
-0.0273048
-0.0269172
-0.0264831
-0.0260035
-0.0254797
-0.0249135
-0.0243071
-0.0236633
-0.0229854
-0.0222775
-0.0215442
-0.020791
-0.0200236
-0.0192484
-0.0184718
-0.0177007
-0.0169419
-0.0162026
-0.0154895
-0.014809
-0.0141652
-0.0135622
-0.0130119
-0.0125323
-0.012125
-0.0117685
-0.011434
-0.0111636
-0.0110989
-0.0109037
-0.00673337
-0.006628
-0.00652382
-0.00647119
-0.00652585
-0.00669359
-0.00696075
-0.00731495
-0.0077487
-0.00825524
-0.0088295
-0.00946787
-0.0101666
-0.0109206
-0.0117231
-0.0125658
-0.0134391
-0.0143329
-0.0152373
-0.0161427
-0.0170409
-0.0179246
-0.0187879
-0.0196258
-0.0204345
-0.0212108
-0.0219525
-0.0226577
-0.0233249
-0.0239529
-0.0245408
-0.0250875
-0.0255924
-0.0260546
-0.0264735
-0.0268482
-0.0271781
-0.0274624
-0.0277006
-0.0278919
-0.0280356
-0.0281313
-0.0281784
-0.0281765
-0.0281249
-0.0280236
-0.0278723
-0.0276707
-0.0274188
-0.0271168
-0.026765
-0.0263639
-0.0259142
-0.0254168
-0.0248733
-0.0242854
-0.0236554
-0.0229861
-0.0222812
-0.0215448
-0.0207817
-0.0199976
-0.0191986
-0.018391
-0.0175819
-0.0167781
-0.015987
-0.0152157
-0.0144717
-0.0137618
-0.013091
-0.0124632
-0.01189
-0.0113911
-0.0109707
-0.0106043
-0.0102615
-0.00997953
-0.00991231
-0.00970371
-0.00645295
-0.00636218
-0.00625381
-0.00618123
-0.0061997
-0.00631819
-0.00653056
-0.00682557
-0.00719812
-0.00764331
-0.00815712
-0.00873721
-0.00938125
-0.0100857
-0.0108453
-0.0116528
-0.0124997
-0.013376
-0.0142716
-0.0151765
-0.0160816
-0.0169784
-0.0178599
-0.0187199
-0.0195536
-0.0203569
-0.0211266
-0.0218602
-0.0225556
-0.0232113
-0.0238258
-0.0243979
-0.0249268
-0.0254114
-0.0258509
-0.0262444
-0.0265913
-0.0268908
-0.0271421
-0.0273446
-0.0274976
-0.0276006
-0.027653
-0.0276543
-0.0276041
-0.027502
-0.0273477
-0.0271412
-0.0268823
-0.0265711
-0.026208
-0.0257934
-0.0253281
-0.024813
-0.0242496
-0.0236398
-0.022986
-0.022291
-0.0215586
-0.0207931
-0.0199996
-0.0191837
-0.0183519
-0.0175108
-0.0166675
-0.0158293
-0.0150036
-0.0141981
-0.0134207
-0.012679
-0.0119787
-0.011324
-0.0107256
-0.0102049
-0.00976773
-0.00938663
-0.00903038
-0.00872867
-0.00865139
-0.00842588
-0.00619298
-0.00611541
-0.00600625
-0.00591853
-0.00590461
-0.00597387
-0.00612745
-0.00635823
-0.00666312
-0.00703993
-0.00748637
-0.00800159
-0.00858475
-0.0092338
-0.00994487
-0.010712
-0.0115274
-0.0123816
-0.0132646
-0.0141658
-0.0150752
-0.0159834
-0.016882
-0.0177639
-0.018623
-0.0194541
-0.0202532
-0.021017
-0.0217426
-0.022428
-0.0230713
-0.0236711
-0.0242261
-0.0247351
-0.0251972
-0.0256116
-0.0259772
-0.0262934
-0.0265595
-0.0267746
-0.0269381
-0.0270496
-0.0271083
-0.0271139
-0.0270657
-0.0269635
-0.0268071
-0.0265962
-0.0263307
-0.0260109
-0.0256368
-0.0252091
-0.0247285
-0.0241959
-0.023613
-0.0229815
-0.022304
-0.0215834
-0.0208236
-0.0200288
-0.0192045
-0.0183563
-0.0174909
-0.0166151
-0.0157363
-0.0148619
-0.0139996
-0.0131576
-0.0123442
-0.0115679
-0.0108352
-0.0101507
-0.00952472
-0.00897909
-0.00852085
-0.00811958
-0.00774221
-0.00740928
-0.00731003
-0.00706336
-0.00595273
-0.00588565
-0.00577991
-0.0056827
-0.0056404
-0.00566217
-0.00575432
-0.00591676
-0.00614774
-0.00644897
-0.00682092
-0.00726453
-0.00778062
-0.00836861
-0.00902595
-0.00974779
-0.0105271
-0.0113551
-0.0122215
-0.0131156
-0.0140265
-0.0149441
-0.0158586
-0.0167618
-0.0176463
-0.0185058
-0.0193354
-0.0201306
-0.0208882
-0.0216052
-0.0222794
-0.0229089
-0.0234921
-0.0240276
-0.0245144
-0.0249514
-0.0253376
-0.0256723
-0.0259546
-0.0261838
-0.0263592
-0.0264804
-0.0265466
-0.0265574
-0.0265123
-0.026411
-0.0262532
-0.0260387
-0.0257674
-0.0254395
-0.0250553
-0.0246151
-0.0241198
-0.0235705
-0.0229686
-0.0223161
-0.0216155
-0.0208698
-0.0200829
-0.0192593
-0.0184043
-0.0175237
-0.0166243
-0.015713
-0.0147975
-0.0138853
-0.0129844
-0.0121034
-0.0112513
-0.010437
-0.00966822
-0.00895047
-0.00829374
-0.00771924
-0.00723452
-0.0068068
-0.0063992
-0.00601831
-0.00587794
-0.00560335
-0.00572965
-0.00567169
-0.00557303
-0.00547171
-0.00540516
-0.00538325
-0.00541351
-0.00550327
-0.00565461
-0.00587331
-0.00616371
-0.00652908
-0.00697209
-0.0074937
-0.00809256
-0.0087648
-0.00950411
-0.010302
-0.0111485
-0.0120323
-0.0129423
-0.0138669
-0.0147958
-0.0157193
-0.0166288
-0.0175169
-0.0183775
-0.0192054
-0.0199962
-0.0207464
-0.0214533
-0.0221143
-0.0227277
-0.0232917
-0.0238051
-0.0242665
-0.0246751
-0.0250299
-0.0253301
-0.0255749
-0.0257637
-0.0258958
-0.0259707
-0.0259879
-0.025947
-0.0258476
-0.0256895
-0.0254724
-0.0251963
-0.0248614
-0.0244679
-0.0240163
-0.0235074
-0.0229424
-0.0223226
-0.0216502
-0.0209275
-0.0201578
-0.0193449
-0.0184933
-0.0176082
-0.0166956
-0.0157622
-0.0148151
-0.0138618
-0.0129103
-0.0119688
-0.0110463
-0.0101522
-0.00929604
-0.00848678
-0.00773134
-0.0070394
-0.00643078
-0.00591296
-0.00545086
-0.00500254
-0.00455348
-0.00434652
-0.00402526
-0.00552186
-0.00547259
-0.0053838
-0.00528286
-0.00519655
-0.00513464
-0.00510444
-0.00511826
-0.00518535
-0.00531516
-0.0055172
-0.00579793
-0.00616221
-0.00661261
-0.0071489
-0.00776801
-0.00846413
-0.00922907
-0.0100528
-0.0109238
-0.0118303
-0.0127601
-0.0137016
-0.0146441
-0.0155779
-0.0164944
-0.0173862
-0.0182472
-0.0190722
-0.0198569
-0.0205978
-0.0212921
-0.0219373
-0.0225315
-0.0230731
-0.0235608
-0.0239935
-0.02437
-0.0246896
-0.0249516
-0.0251551
-0.0252996
-0.0253845
-0.0254094
-0.0253739
-0.0252777
-0.0251204
-0.0249019
-0.0246223
-0.0242816
-0.0238802
-0.0234186
-0.0228975
-0.0223182
-0.0216822
-0.0209915
-0.0202485
-0.0194564
-0.018619
-0.0177407
-0.0168268
-0.0158831
-0.0149162
-0.0139332
-0.0129416
-0.0119495
-0.0109655
-0.00999875
-0.00905901
-0.00815652
-0.00730156
-0.00650253
-0.00576891
-0.00511835
-0.00455738
-0.00404785
-0.00354825
-0.00301024
-0.00271787
-0.00229842
-0.00532787
-0.00528734
-0.00521021
-0.00511287
-0.00501122
-0.00491241
-0.00482431
-0.00476084
-0.0047395
-0.00477518
-0.00488281
-0.00507325
-0.00535388
-0.005729
-0.00619947
-0.00676283
-0.00741356
-0.00814356
-0.0089426
-0.00979898
-0.0107002
-0.0116333
-0.0125859
-0.0135462
-0.0145032
-0.0154474
-0.0163702
-0.0172645
-0.0181242
-0.0189441
-0.01972
-0.0204485
-0.0211268
-0.0217527
-0.0223241
-0.0228395
-0.0232977
-0.0236975
-0.024038
-0.0243185
-0.0245382
-0.0246965
-0.0247928
-0.0248267
-0.024798
-0.0247063
-0.0245514
-0.0243329
-0.0240512
-0.0237063
-0.0232987
-0.0228288
-0.0222975
-0.021706
-0.0210558
-0.0203488
-0.0195877
-0.0187755
-0.0179158
-0.0170129
-0.0160721
-0.0150988
-0.0140995
-0.0130811
-0.012051
-0.0110174
-0.00998886
-0.00897489
-0.00798548
-0.00703149
-0.00612429
-0.00527388
-0.00448993
-0.00378653
-0.00316742
-0.00259061
-0.00201656
-0.00135728
-0.000986887
-0.000383723
-0.005146
-0.00511457
-0.00505024
-0.00495871
-0.00484515
-0.00471193
-0.00456752
-0.00442733
-0.0043148
-0.00425265
-0.0042613
-0.00435687
-0.00454999
-0.00484683
-0.00524929
-0.00575536
-0.00635961
-0.00705375
-0.00782726
-0.00866798
-0.00956276
-0.0104981
-0.0114605
-0.0124373
-0.0134165
-0.0143875
-0.0153407
-0.0162679
-0.0171621
-0.0180173
-0.0188287
-0.0195922
-0.0203045
-0.0209629
-0.0215651
-0.0221095
-0.0225944
-0.0230187
-0.0233815
-0.0236818
-0.023919
-0.0240925
-0.0242016
-0.0242459
-0.0242254
-0.0241397
-0.0239886
-0.023772
-0.02349
-0.0231428
-0.022731
-0.022255
-0.0217157
-0.0211144
-0.0204526
-0.0197323
-0.0189558
-0.0181262
-0.017247
-0.0163223
-0.015357
-0.0143563
-0.0133263
-0.0122736
-0.0112055
-0.0101297
-0.00905497
-0.00799069
-0.00694705
-0.00593529
-0.00496751
-0.00405519
-0.00320841
-0.00243683
-0.00173806
-0.00106626
-0.000384805
0.000470936
0.000962881
0.00176492
-0.00497377
-0.00495237
-0.00490203
-0.0048173
-0.00469335
-0.00452739
-0.0043274
-0.00411158
-0.00390735
-0.00374531
-0.00365247
-0.00365047
-0.00375384
-0.00397079
-0.00430434
-0.0047528
-0.00531061
-0.0059691
-0.00671724
-0.00754227
-0.00843037
-0.00936727
-0.0103387
-0.0113311
-0.0123315
-0.0133282
-0.0143109
-0.0152702
-0.0161984
-0.0170886
-0.0179354
-0.0187339
-0.0194805
-0.0201719
-0.0208055
-0.0213795
-0.021892
-0.0223418
-0.0227278
-0.023049
-0.0233048
-0.0234947
-0.023618
-0.0236742
-0.0236633
-0.0235853
-0.0234399
-0.0232272
-0.0229467
-0.0225994
-0.0221856
-0.0217061
-0.0211616
-0.0205535
-0.0198831
-0.0191526
-0.0183641
-0.0175206
-0.0166253
-0.0156821
-0.0146954
-0.0136701
-0.0126119
-0.0115268
-0.0104215
-0.00930359
-0.00818129
-0.00706365
-0.00596073
-0.00488366
-0.00384459
-0.0028558
-0.00192676
-0.00106347
-0.000255828
0.00054786
0.00138319
0.00255578
0.00322572
0.00424525
-0.00480767
-0.00480012
-0.0047641
-0.00468552
-0.00455058
-0.0043519
-0.0040963
-0.00380537
-0.00351091
-0.0032496
-0.00305543
-0.00295565
-0.00296915
-0.0031067
-0.00337208
-0.00376397
-0.00427659
-0.0049007
-0.00562459
-0.00643479
-0.00731671
-0.00825529
-0.00923548
-0.0102428
-0.0112634
-0.0122849
-0.0132959
-0.0142863
-0.0152475
-0.0161719
-0.0170533
-0.0178864
-0.0186669
-0.0193911
-0.0200563
-0.0206601
-0.0212006
-0.0216764
-0.0220863
-0.0224293
-0.0227047
-0.0229119
-0.0230505
-0.0231201
-0.0231205
-0.0230516
-0.0229134
-0.022706
-0.0224301
-0.0220852
-0.0216722
-0.0211919
-0.0206453
-0.0200336
-0.0193583
-0.0186212
-0.0178245
-0.016971
-0.0160636
-0.0151057
-0.0141014
-0.0130552
-0.0119718
-0.0108568
-0.00971613
-0.00855665
-0.00738577
-0.00621173
-0.00504381
-0.00389225
-0.00276838
-0.00168396
-0.000646517
0.000345356
0.00130786
0.00230121
0.00338213
0.00500542
0.00585011
0.0072637
-0.00464237
-0.00464983
-0.00463295
-0.00455962
-0.0044113
-0.00417809
-0.00386642
-0.0035011
-0.00311888
-0.00276168
-0.00246948
-0.00227499
-0.00220136
-0.00226198
-0.00246192
-0.00280003
-0.00326997
-0.00386196
-0.00456356
-0.00536047
-0.00623731
-0.00717815
-0.00816715
-0.00918899
-0.0102292
-0.0112744
-0.0123124
-0.0133325
-0.0143253
-0.0152825
-0.0161973
-0.0170639
-0.0178773
-0.0186337
-0.0193299
-0.0199632
-0.0205316
-0.0210335
-0.0214675
-0.0218327
-0.0221283
-0.0223538
-0.0225088
-0.0225929
-0.0226061
-0.0225481
-0.0224192
-0.0222198
-0.0219501
-0.0216101
-0.0212007
-0.0207229
-0.0201774
-0.0195657
-0.0188891
-0.0181495
-0.0173488
-0.0164895
-0.0155743
-0.0146062
-0.0135886
-0.0125254
-0.0114206
-0.0102789
-0.00910522
-0.00790512
-0.00668476
-0.00545097
-0.00421156
-0.00297496
-0.00175041
-0.000546143
0.000635328
0.00180617
0.00299336
0.00427285
0.00574762
0.00792861
0.00896652
0.0111174
-0.0044739
-0.00450196
-0.00450391
-0.0044352
-0.00427018
-0.00399927
-0.00363048
-0.00319267
-0.00272703
-0.00228004
-0.00189624
-0.00161342
-0.00145865
-0.00144753
-0.00158674
-0.00187515
-0.00230621
-0.00286931
-0.00355114
-0.0043367
-0.00520976
-0.00615357
-0.00715149
-0.00818745
-0.00924626
-0.0103138
-0.0113774
-0.0124254
-0.0134479
-0.0144361
-0.0153825
-0.0162808
-0.0171258
-0.017913
-0.0186391
-0.0193011
-0.0198967
-0.0204243
-0.0208823
-0.0212699
-0.0215862
-0.0218306
-0.0220028
-0.0221026
-0.0221298
-0.0220845
-0.021967
-0.0217775
-0.0215163
-0.0211841
-0.0207814
-0.0203091
-0.0197683
-0.0191603
-0.0184864
-0.0177483
-0.0169478
-0.016087
-0.0151684
-0.0141945
-0.0131681
-0.0120923
-0.0109702
-0.00980529
-0.00860122
-0.00736188
-0.00609164
-0.004795
-0.00347706
-0.00214238
-0.000795212
0.000563566
0.0019393
0.00335793
0.00486371
0.00656484
0.00860699
0.0114731
0.0127904
0.0161901
-0.00429926
-0.00435183
-0.00437666
-0.00430945
-0.00412238
-0.00381053
-0.00338371
-0.00287688
-0.00233402
-0.00180563
-0.00134032
-0.000979429
-0.000752722
-0.000678028
-0.000763161
-0.00100729
-0.00140373
-0.00194122
-0.00260583
-0.00338178
-0.00425203
-0.00519903
-0.00620544
-0.00725453
-0.00833048
-0.0094186
-0.0105055
-0.0115792
-0.0126291
-0.0136458
-0.0146215
-0.0155494
-0.0164238
-0.0172402
-0.0179946
-0.018684
-0.0193059
-0.0198585
-0.0203403
-0.0207502
-0.0210874
-0.0213513
-0.0215417
-0.0216582
-0.021701
-0.0216702
-0.0215659
-0.0213885
-0.0211385
-0.0208167
-0.0204235
-0.0199599
-0.0194269
-0.0188259
-0.0181583
-0.0174254
-0.016629
-0.0157709
-0.0148529
-0.0138772
-0.012846
-0.0117615
-0.0106258
-0.009441
-0.00820911
-0.00693183
-0.00561088
-0.00424702
-0.00284072
-0.00138974
0.000109927
0.00167036
0.00331056
0.00507762
0.00703788
0.00933541
0.0121278
0.0157473
0.0178451
0.0228519
-0.00412493
-0.00420451
-0.00425366
-0.00418217
-0.00396527
-0.00360672
-0.00312338
-0.00255127
-0.00193886
-0.00134039
-0.000806959
-0.000381037
-9.41856e-05
3.41033e-05
-4.63152e-06
-0.000210502
-0.000576531
-0.0010911
-0.00173983
-0.00250667
-0.00337399
-0.00432339
-0.00533691
-0.0063973
-0.00748822
-0.00859448
-0.00970219
-0.0107988
-0.0118734
-0.012916
-0.0139186
-0.0148738
-0.0157758
-0.0166195
-0.0174009
-0.0181166
-0.0187642
-0.0193415
-0.019847
-0.0202795
-0.0206382
-0.0209225
-0.0211321
-0.0212669
-0.0213268
-0.0213121
-0.0212231
-0.02106
-0.0208236
-0.0205144
-0.0201331
-0.0196808
-0.0191581
-0.0185663
-0.0179075
-0.0171824
-0.0163927
-0.0155401
-0.0146257
-0.0136508
-0.0126176
-0.011527
-0.0103801
-0.00917724
-0.00791866
-0.00660306
-0.00522854
-0.00379018
-0.00228162
-0.000689829
0.00100212
0.00282698
0.00482679
0.00708269
0.00968941
0.0128221
0.016605
0.0212492
0.0246953
0.0314516
-0.00396155
-0.00408149
-0.00415378
-0.00406583
-0.00380506
-0.00339081
-0.00284605
-0.00221107
-0.00153755
-0.000876683
-0.000285587
0.000194597
0.000532252
0.000706841
0.000708803
0.000537219
0.000198639
-0.00029512
-0.000929023
-0.00168679
-0.00255074
-0.0035019
-0.00452166
-0.00559232
-0.00669709
-0.00782034
-0.00894773
-0.0100664
-0.0111647
-0.0122326
-0.0132615
-0.0142438
-0.0151732
-0.0160445
-0.0168533
-0.017596
-0.0182698
-0.0188727
-0.0194029
-0.0198592
-0.0202407
-0.0205467
-0.020777
-0.0209314
-0.02101
-0.021013
-0.0209406
-0.0207934
-0.0205719
-0.0202767
-0.0199088
-0.0194689
-0.0189583
-0.0183777
-0.0177278
-0.0170104
-0.0162272
-0.0153811
-0.0144708
-0.0134977
-0.0124631
-0.0113673
-0.0102096
-0.0089885
-0.00770212
-0.00634529
-0.00491157
-0.003388
-0.0017589
5.03759e-06
0.00193955
0.00410972
0.0065923
0.00952197
0.0130305
0.0173337
0.0224994
0.0286829
0.0341181
0.0429015
-0.0039218
-0.00406103
-0.00413493
-0.003999
-0.00366338
-0.00317152
-0.00254998
-0.00184269
-0.00110212
-0.000382271
0.000271219
0.000804304
0.0011907
0.00140885
0.00144814
0.00130759
0.000993171
0.000516615
-0.000106648
-0.000859451
-0.00172382
-0.00268065
-0.00371065
-0.00479558
-0.00591821
-0.00706241
-0.0082134
-0.0093578
-0.0104836
-0.0115804
-0.0126389
-0.0136515
-0.0146112
-0.0155128
-0.0163516
-0.0171236
-0.0178258
-0.0184559
-0.0190122
-0.0194933
-0.0198985
-0.020227
-0.0204784
-0.0206527
-0.02075
-0.0207706
-0.0207148
-0.0205832
-0.0203763
-0.0200947
-0.0197394
-0.0193112
-0.0188112
-0.0182406
-0.0176004
-0.0168919
-0.0161159
-0.0152716
-0.0143625
-0.0133888
-0.0123507
-0.0112481
-0.010078
-0.0088365
-0.00751939
-0.00611655
-0.00461652
-0.00299524
-0.00122552
0.000745595
0.00297863
0.00558736
0.00869564
0.0125235
0.0172579
0.0232033
0.0303899
0.0390004
0.0474847
0.0594054
-0.00415155
-0.00429552
-0.00428485
-0.00403978
-0.00359262
-0.00300244
-0.00229056
-0.00148858
-0.000658206
0.000142965
0.000863785
0.00145831
0.00189465
0.0021525
0.00222174
0.00210194
0.00180001
0.00132854
0.000703688
-5.65436e-05
-0.000933041
-0.00190613
-0.0029559
-0.00406343
-0.00521095
-0.00638185
-0.00756104
-0.00873467
-0.00989036
-0.0110174
-0.0121063
-0.0131491
-0.0141385
-0.0150689
-0.0159355
-0.0167346
-0.017463
-0.0181181
-0.0186981
-0.0192015
-0.0196275
-0.0199755
-0.0202452
-0.0204364
-0.0205494
-0.0205844
-0.020542
-0.0204227
-0.0202272
-0.0199562
-0.0196101
-0.0191901
-0.0186973
-0.018133
-0.0174982
-0.0167937
-0.0160199
-0.0151777
-0.0142688
-0.013293
-0.0122493
-0.0111343
-0.00994796
-0.00868336
-0.00733305
-0.00588058
-0.00430987
-0.00258197
-0.000658023
0.00154784
0.00412372
0.00725375
0.0111189
0.0160734
0.0223875
0.0305754
0.0407165
0.0532816
0.0670083
0.0849146
-0.00515194
-0.00495547
-0.00467389
-0.0042301
-0.00364252
-0.0029303
-0.0021141
-0.00122097
-0.000307313
0.000566335
0.00134779
0.00199075
0.00246593
0.00275342
0.00284404
0.00273807
0.00244312
0.00197273
0.00134388
0.000574809
-0.000314582
-0.00130391
-0.00237288
-0.00350202
-0.0046729
-0.00586836
-0.00707303
-0.00827255
-0.00945407
-0.0106067
-0.0117209
-0.0127881
-0.0138013
-0.0147544
-0.0156425
-0.016462
-0.0172095
-0.0178826
-0.0184793
-0.0189983
-0.0194385
-0.0197996
-0.0200812
-0.0202833
-0.020406
-0.0204497
-0.0204149
-0.0203024
-0.0201129
-0.0198469
-0.019505
-0.0190882
-0.0185978
-0.0180347
-0.0174
-0.0166947
-0.0159199
-0.0150761
-0.0141638
-0.0131825
-0.0121309
-0.0110057
-0.00980452
-0.00851761
-0.00713638
-0.00563645
-0.00399862
-0.00216607
-9.32038e-05
0.00234751
0.00526452
0.00893791
0.0136055
0.0198278
0.0279937
0.0390351
0.0532813
0.0721068
0.0948354
0.123962
-0.00754504
-0.00586209
-0.00518669
-0.0045121
-0.00376953
-0.00291357
-0.00196951
-0.000982412
1.03384e-06
0.000928795
0.00175125
0.00242727
0.00292765
0.00323393
0.003338
0.00324085
0.00295051
0.00248053
0.00184844
0.00107337
0.000175413
-0.00082494
-0.00190726
-0.00305168
-0.00423923
-0.00545232
-0.00667509
-0.00789298
-0.00909301
-0.010264
-0.0113959
-0.0124803
-0.0135099
-0.0144788
-0.0153819
-0.0162152
-0.0169757
-0.0176608
-0.0182687
-0.0187979
-0.0192475
-0.0196171
-0.0199063
-0.0201153
-0.0202443
-0.0202935
-0.0202635
-0.0201548
-0.0199679
-0.0197042
-0.0193646
-0.0189503
-0.018462
-0.0179009
-0.0172678
-0.0165639
-0.01579
-0.0149465
-0.0140333
-0.0130496
-0.0119938
-0.0108627
-0.00965151
-0.00835199
-0.00694977
-0.00542202
-0.00373586
-0.00182694
0.000358568
0.00297365
0.00614301
0.0102265
0.0155277
0.0228458
0.0328189
0.0470416
0.0665854
0.0944562
0.131031
0.177697
-0.0122806
-0.00477709
-0.00371134
-0.00331147
-0.00261259
-0.00172169
-0.00077764
0.000164641
0.00107989
0.00193541
0.0026897
0.00330294
0.00374543
0.00399902
0.00405599
0.00391712
0.00359002
0.00308696
0.00242473
0.00162316
0.000701707
-0.000320049
-0.00142225
-0.0025852
-0.00379021
-0.00501997
-0.00625827
-0.00749083
-0.00870517
-0.00988981
-0.0110347
-0.0121315
-0.0131728
-0.014153
-0.0150669
-0.0159106
-0.016681
-0.0173755
-0.0179924
-0.0185302
-0.0189881
-0.0193656
-0.0196625
-0.0198787
-0.0200146
-0.0200705
-0.020047
-0.0199448
-0.0197647
-0.0195076
-0.0191745
-0.0187662
-0.0182837
-0.0177279
-0.0171
-0.0164007
-0.0156308
-0.0147906
-0.0138799
-0.0128973
-0.0118407
-0.0107059
-0.00948689
-0.00817689
-0.00676696
-0.00524192
-0.00354038
-0.00161824
0.000643238
0.00330374
0.00662736
0.010828
0.0164934
0.0242956
0.0355973
0.0524237
0.0781577
0.116639
0.170697
0.237799
)
;

boundaryField
{
    movingWall
    {
        type            zeroGradient;
    }
    fixedWalls
    {
        type            zeroGradient;
    }
    frontAndBack
    {
        type            empty;
    }
}


// ************************************************************************* //
