/*--------------------------------*- C++ -*----------------------------------*\
  =========                 |
  \\      /  F ield         | OpenFOAM: The Open Source CFD Toolbox
   \\    /   O peration     | Website:  https://openfoam.org
    \\  /    A nd           | Version:  13
     \\/     M anipulation  |
\*---------------------------------------------------------------------------*/
FoamFile
{
    format      ascii;
    class       volScalarField;
    location    "5.1";
    object      nut;
}
// * * * * * * * * * * * * * * * * * * * * * * * * * * * * * * * * * * * * * //

dimensions      [0 2 -1 0 0 0 0];

internalField   nonuniform List<scalar> 
6400
(
8.15956e-10
4.18314e-09
1.00916e-08
1.62835e-08
2.10326e-08
2.37756e-08
2.48506e-08
2.50365e-08
2.5222e-08
2.61587e-08
2.84007e-08
3.27572e-08
3.96853e-08
4.93595e-08
6.13738e-08
7.51227e-08
8.99706e-08
1.05599e-07
1.21411e-07
1.3688e-07
1.52286e-07
1.68783e-07
1.88014e-07
2.11366e-07
2.38504e-07
2.66999e-07
2.9521e-07
3.23205e-07
3.51644e-07
3.81232e-07
4.11898e-07
4.42447e-07
4.72513e-07
5.01788e-07
5.31145e-07
5.60787e-07
5.91377e-07
6.23188e-07
6.56644e-07
6.91955e-07
7.29339e-07
7.6907e-07
8.114e-07
8.56762e-07
9.05408e-07
9.58412e-07
1.01799e-06
1.08895e-06
1.17458e-06
1.25535e-06
1.33945e-06
1.42001e-06
1.49793e-06
1.56946e-06
1.63275e-06
1.68461e-06
1.71821e-06
1.73395e-06
1.73884e-06
1.7179e-06
1.66855e-06
1.59273e-06
1.49105e-06
1.36579e-06
1.22183e-06
1.06406e-06
9.02327e-07
7.43006e-07
5.92316e-07
4.5447e-07
3.44262e-07
2.51417e-07
1.7589e-07
1.17741e-07
7.56949e-08
4.69162e-08
2.80932e-08
1.59853e-08
7.49524e-09
1.59113e-09
3.95722e-09
2.84245e-07
1.02131e-06
1.73659e-06
2.27473e-06
2.59733e-06
2.74942e-06
2.8058e-06
2.84196e-06
2.91392e-06
3.08774e-06
3.4262e-06
3.90765e-06
4.47907e-06
5.08496e-06
5.66514e-06
6.17751e-06
6.5799e-06
6.85131e-06
6.99685e-06
7.07127e-06
7.14836e-06
7.28728e-06
7.53057e-06
7.84573e-06
8.112e-06
8.32103e-06
8.54573e-06
8.82853e-06
9.20573e-06
9.70198e-06
1.02524e-05
1.08556e-05
1.14762e-05
1.21314e-05
1.28099e-05
1.35189e-05
1.42553e-05
1.50228e-05
1.58221e-05
1.66483e-05
1.7502e-05
1.83797e-05
1.93051e-05
2.02635e-05
2.12309e-05
2.21676e-05
2.30421e-05
2.38434e-05
2.47176e-05
2.55782e-05
2.6451e-05
2.73049e-05
2.81281e-05
2.88955e-05
2.96286e-05
3.02018e-05
3.0495e-05
3.07879e-05
3.0865e-05
3.06434e-05
3.00963e-05
2.92371e-05
2.80247e-05
2.64746e-05
2.46063e-05
2.25414e-05
2.03047e-05
1.79192e-05
1.54589e-05
1.26145e-05
9.81597e-06
7.31705e-06
5.24129e-06
3.62765e-06
2.44799e-06
1.61985e-06
1.0322e-06
4.6198e-07
8.40451e-09
8.67254e-09
7.47348e-07
3.05169e-06
5.36509e-06
7.15915e-06
8.33479e-06
9.00044e-06
9.34007e-06
9.54038e-06
9.77162e-06
1.01627e-05
1.07902e-05
1.16353e-05
1.26101e-05
1.35997e-05
1.44878e-05
1.52263e-05
1.57891e-05
1.617e-05
1.63784e-05
1.64304e-05
1.63914e-05
1.6347e-05
1.6342e-05
1.6405e-05
1.66085e-05
1.69365e-05
1.72424e-05
1.75725e-05
1.7916e-05
1.833e-05
1.88758e-05
1.97508e-05
2.0682e-05
2.17332e-05
2.28536e-05
2.40528e-05
2.53011e-05
2.65822e-05
2.79425e-05
2.9327e-05
3.07141e-05
3.21218e-05
3.34691e-05
3.47587e-05
3.59983e-05
3.72166e-05
3.84204e-05
3.96305e-05
4.08528e-05
4.20647e-05
4.32649e-05
4.4435e-05
4.5559e-05
4.66129e-05
4.7567e-05
4.83694e-05
4.90045e-05
4.93121e-05
4.95633e-05
4.94899e-05
4.91144e-05
4.84047e-05
4.72353e-05
4.55425e-05
4.32519e-05
4.05982e-05
3.75983e-05
3.42464e-05
3.05983e-05
2.66624e-05
2.25683e-05
1.85137e-05
1.47064e-05
1.1331e-05
8.47301e-06
6.18109e-06
4.21738e-06
1.741e-06
2.23375e-08
1.50602e-08
1.23196e-06
4.84502e-06
8.37501e-06
1.11316e-05
1.30355e-05
1.4222e-05
1.48977e-05
1.53001e-05
1.56513e-05
1.61362e-05
1.68732e-05
1.78476e-05
1.893e-05
1.99632e-05
2.08403e-05
2.14952e-05
2.19174e-05
2.21277e-05
2.21751e-05
2.21153e-05
2.20425e-05
2.20287e-05
2.21273e-05
2.21905e-05
2.22018e-05
2.21478e-05
2.23873e-05
2.29876e-05
2.38388e-05
2.50266e-05
2.61977e-05
2.73868e-05
2.85994e-05
2.98849e-05
3.11687e-05
3.2437e-05
3.37523e-05
3.50713e-05
3.6332e-05
3.75798e-05
3.87902e-05
3.99732e-05
4.11106e-05
4.22102e-05
4.32575e-05
4.43085e-05
4.53543e-05
4.63995e-05
4.7439e-05
4.84647e-05
4.94687e-05
5.04383e-05
5.13591e-05
5.22115e-05
5.2973e-05
5.36162e-05
5.41149e-05
5.44269e-05
5.45447e-05
5.4442e-05
5.40851e-05
5.33288e-05
5.25321e-05
5.14046e-05
4.96206e-05
4.73755e-05
4.46485e-05
4.15104e-05
3.80062e-05
3.41686e-05
3.00549e-05
2.57599e-05
2.14418e-05
1.72995e-05
1.3521e-05
1.02133e-05
7.10448e-06
2.91127e-06
3.68054e-08
2.4119e-08
1.85315e-06
6.76964e-06
1.13395e-05
1.4781e-05
1.71121e-05
1.8548e-05
1.93548e-05
1.98254e-05
2.02623e-05
2.09076e-05
2.18487e-05
2.29941e-05
2.41576e-05
2.5166e-05
2.59184e-05
2.63855e-05
2.65928e-05
2.65852e-05
2.64773e-05
2.62666e-05
2.61212e-05
2.59801e-05
2.54305e-05
2.52183e-05
2.55506e-05
2.64323e-05
2.74802e-05
2.86322e-05
2.98705e-05
3.11181e-05
3.23455e-05
3.35546e-05
3.47287e-05
3.58618e-05
3.68933e-05
3.79196e-05
3.89346e-05
3.97959e-05
4.06111e-05
4.13472e-05
4.20217e-05
4.26569e-05
4.32685e-05
4.38808e-05
4.45211e-05
4.51482e-05
4.57795e-05
4.6415e-05
4.70587e-05
4.77124e-05
4.83779e-05
4.90532e-05
4.97353e-05
5.04175e-05
5.10901e-05
5.17375e-05
5.23378e-05
5.28573e-05
5.32434e-05
5.34117e-05
5.34004e-05
5.29985e-05
5.20282e-05
5.10495e-05
5.00649e-05
4.83377e-05
4.6161e-05
4.35586e-05
4.05712e-05
3.72313e-05
3.35636e-05
2.95981e-05
2.54076e-05
2.11655e-05
1.70816e-05
1.32272e-05
9.23795e-06
3.7126e-06
4.651e-08
3.70296e-08
2.69171e-06
9.04692e-06
1.45894e-05
1.85254e-05
2.10471e-05
2.25094e-05
2.32946e-05
2.37979e-05
2.43746e-05
2.523e-05
2.6353e-05
2.75723e-05
2.86777e-05
2.95149e-05
3.00178e-05
3.01969e-05
3.01498e-05
2.97697e-05
2.94379e-05
2.91401e-05
2.81983e-05
2.79382e-05
2.84711e-05
2.93582e-05
3.03697e-05
3.14845e-05
3.26173e-05
3.37283e-05
3.47874e-05
3.57487e-05
3.66873e-05
3.75464e-05
3.8275e-05
3.89433e-05
3.94963e-05
3.99763e-05
4.04399e-05
4.07979e-05
4.11117e-05
4.13893e-05
4.16458e-05
4.18769e-05
4.20894e-05
4.22905e-05
4.24822e-05
4.26638e-05
4.28468e-05
4.30376e-05
4.32461e-05
4.34829e-05
4.37608e-05
4.4092e-05
4.44876e-05
4.49545e-05
4.5487e-05
4.6085e-05
4.67489e-05
4.7446e-05
4.81322e-05
4.87647e-05
4.92666e-05
4.94778e-05
4.9432e-05
4.86409e-05
4.80311e-05
4.69351e-05
4.53263e-05
4.32268e-05
4.07076e-05
3.78348e-05
3.46527e-05
3.11635e-05
2.73316e-05
2.32477e-05
1.9088e-05
1.49503e-05
1.04551e-05
4.08081e-06
4.97929e-08
5.49538e-08
3.79228e-06
1.17178e-05
1.81364e-05
2.23894e-05
2.49234e-05
2.6279e-05
2.69866e-05
2.75314e-05
2.82561e-05
2.92671e-05
3.0451e-05
3.15905e-05
3.24875e-05
3.30299e-05
3.3199e-05
3.28924e-05
3.24792e-05
3.21053e-05
3.10282e-05
3.06103e-05
3.08726e-05
3.16929e-05
3.24309e-05
3.32957e-05
3.42015e-05
3.51043e-05
3.59383e-05
3.66932e-05
3.73976e-05
3.8022e-05
3.85588e-05
3.89954e-05
3.93409e-05
3.962e-05
3.98262e-05
3.99877e-05
4.01063e-05
4.01673e-05
4.01952e-05
4.02315e-05
4.02114e-05
4.01802e-05
4.01255e-05
4.00552e-05
3.99664e-05
3.98628e-05
3.97456e-05
3.96237e-05
3.95002e-05
3.93847e-05
3.92908e-05
3.92414e-05
3.92683e-05
3.94214e-05
3.97005e-05
4.00951e-05
4.06845e-05
4.14476e-05
4.23252e-05
4.32779e-05
4.42519e-05
4.51714e-05
4.57725e-05
4.59834e-05
4.5284e-05
4.50611e-05
4.40289e-05
4.23645e-05
4.0166e-05
3.75438e-05
3.46196e-05
3.14638e-05
2.80474e-05
2.42348e-05
2.01771e-05
1.58667e-05
1.07616e-05
4.06699e-06
4.82554e-08
7.89846e-08
5.17596e-06
1.47247e-05
2.1887e-05
2.62883e-05
2.87106e-05
2.9898e-05
3.05217e-05
3.11064e-05
3.19247e-05
3.2971e-05
3.40591e-05
3.49626e-05
3.55174e-05
3.56706e-05
3.52351e-05
3.47973e-05
3.39908e-05
3.31336e-05
3.29761e-05
3.34699e-05
3.38551e-05
3.44747e-05
3.50927e-05
3.588e-05
3.65775e-05
3.72233e-05
3.777e-05
3.82365e-05
3.86237e-05
3.89272e-05
3.9157e-05
3.93212e-05
3.94354e-05
3.95117e-05
3.95534e-05
3.95701e-05
3.95608e-05
3.95294e-05
3.94739e-05
3.93993e-05
3.93463e-05
3.92331e-05
3.91042e-05
3.89646e-05
3.88053e-05
3.86337e-05
3.84487e-05
3.82442e-05
3.80228e-05
3.7781e-05
3.75192e-05
3.72329e-05
3.6917e-05
3.65625e-05
3.62542e-05
3.61214e-05
3.6185e-05
3.66215e-05
3.73413e-05
3.82819e-05
3.94766e-05
4.07135e-05
4.19702e-05
4.29372e-05
4.33387e-05
4.28079e-05
4.28949e-05
4.17596e-05
3.99034e-05
3.74283e-05
3.4521e-05
3.13838e-05
2.81307e-05
2.46408e-05
2.06816e-05
1.63046e-05
1.09077e-05
3.95918e-06
4.48311e-08
1.09955e-07
6.83393e-06
1.79872e-05
2.56965e-05
3.01311e-05
3.23701e-05
3.33678e-05
3.39039e-05
3.449e-05
3.53022e-05
3.62421e-05
3.70879e-05
3.76329e-05
3.77188e-05
3.7248e-05
3.67591e-05
3.56155e-05
3.50929e-05
3.51018e-05
3.51577e-05
3.53977e-05
3.5868e-05
3.64249e-05
3.69745e-05
3.75375e-05
3.79847e-05
3.83692e-05
3.8665e-05
3.89014e-05
3.90804e-05
3.92153e-05
3.93184e-05
3.93993e-05
3.94653e-05
3.95188e-05
3.95609e-05
3.95922e-05
3.96094e-05
3.96112e-05
3.95808e-05
3.95564e-05
3.9528e-05
3.94271e-05
3.93447e-05
3.92304e-05
3.91025e-05
3.89514e-05
3.87811e-05
3.85883e-05
3.83708e-05
3.81227e-05
3.7843e-05
3.75235e-05
3.71564e-05
3.67323e-05
3.62402e-05
3.56888e-05
3.5075e-05
3.44248e-05
3.41223e-05
3.4438e-05
3.53854e-05
3.65538e-05
3.8074e-05
3.96265e-05
4.09016e-05
4.13959e-05
4.12096e-05
4.12859e-05
4.00082e-05
3.78461e-05
3.49687e-05
3.16547e-05
2.81796e-05
2.46861e-05
2.0879e-05
1.63715e-05
1.06718e-05
3.68672e-06
4.12728e-08
1.48254e-07
8.7062e-06
2.13545e-05
2.94802e-05
3.38576e-05
3.58717e-05
3.66675e-05
3.70915e-05
3.76067e-05
3.82955e-05
3.89989e-05
3.94938e-05
3.94813e-05
3.90161e-05
3.85175e-05
3.73982e-05
3.69025e-05
3.67031e-05
3.64257e-05
3.66141e-05
3.69059e-05
3.73296e-05
3.77482e-05
3.81313e-05
3.84668e-05
3.87171e-05
3.89271e-05
3.90911e-05
3.92371e-05
3.93685e-05
3.94978e-05
3.96279e-05
3.97598e-05
3.98912e-05
4.00174e-05
4.01308e-05
4.02346e-05
4.03091e-05
4.03493e-05
4.03897e-05
4.03939e-05
4.03685e-05
4.03085e-05
4.02331e-05
4.01259e-05
3.99991e-05
3.98486e-05
3.96799e-05
3.94937e-05
3.92931e-05
3.90769e-05
3.88332e-05
3.85535e-05
3.82222e-05
3.78217e-05
3.73364e-05
3.6746e-05
3.60336e-05
3.5203e-05
3.43131e-05
3.34236e-05
3.27099e-05
3.31462e-05
3.43319e-05
3.58834e-05
3.76907e-05
3.93224e-05
4.00281e-05
3.99122e-05
4.00141e-05
3.85092e-05
3.59549e-05
3.26071e-05
2.87985e-05
2.48886e-05
2.09478e-05
1.64019e-05
1.05734e-05
3.48222e-06
3.87264e-08
1.943e-07
1.06525e-05
2.46869e-05
3.31556e-05
3.74208e-05
3.91856e-05
3.97601e-05
4.00235e-05
4.03774e-05
4.08297e-05
4.11918e-05
4.11017e-05
4.05722e-05
4.00181e-05
3.90752e-05
3.84395e-05
3.79504e-05
3.75837e-05
3.75103e-05
3.7721e-05
3.79712e-05
3.82783e-05
3.85437e-05
3.8776e-05
3.89706e-05
3.91349e-05
3.92996e-05
3.94665e-05
3.96514e-05
3.98509e-05
4.00658e-05
4.02884e-05
4.05117e-05
4.07249e-05
4.09485e-05
4.11201e-05
4.12245e-05
4.13656e-05
4.14604e-05
4.15151e-05
4.15356e-05
4.15234e-05
4.14787e-05
4.14059e-05
4.1302e-05
4.11723e-05
4.10162e-05
4.08364e-05
4.06334e-05
4.0408e-05
4.01596e-05
3.98878e-05
3.95922e-05
3.92715e-05
3.89232e-05
3.85426e-05
3.80685e-05
3.74569e-05
3.66663e-05
3.57038e-05
3.46006e-05
3.3439e-05
3.23495e-05
3.16968e-05
3.2593e-05
3.40723e-05
3.60862e-05
3.79757e-05
3.88473e-05
3.87752e-05
3.88416e-05
3.70099e-05
3.40161e-05
3.01237e-05
2.57714e-05
2.13329e-05
1.65437e-05
1.0601e-05
3.49146e-06
3.86991e-08
2.5094e-07
1.24452e-05
2.78848e-05
3.66606e-05
4.07832e-05
4.22791e-05
4.26004e-05
4.26382e-05
4.27364e-05
4.2852e-05
4.26608e-05
4.20322e-05
4.14293e-05
4.05559e-05
3.98153e-05
3.89974e-05
3.85588e-05
3.83066e-05
3.83216e-05
3.84815e-05
3.8652e-05
3.88466e-05
3.90122e-05
3.91784e-05
3.93483e-05
3.95396e-05
3.97645e-05
4.00196e-05
4.03043e-05
4.06068e-05
4.09182e-05
4.12261e-05
4.15488e-05
4.18366e-05
4.20527e-05
4.22461e-05
4.24274e-05
4.26021e-05
4.27044e-05
4.27799e-05
4.28158e-05
4.28177e-05
4.2785e-05
4.27199e-05
4.26228e-05
4.2496e-05
4.23405e-05
4.21581e-05
4.19495e-05
4.17156e-05
4.1456e-05
4.11698e-05
4.08545e-05
4.05063e-05
4.01204e-05
3.96922e-05
3.92187e-05
3.86971e-05
3.80916e-05
3.72893e-05
3.6237e-05
3.50085e-05
3.36269e-05
3.22381e-05
3.10702e-05
3.11828e-05
3.26467e-05
3.47187e-05
3.67616e-05
3.77143e-05
3.76618e-05
3.75517e-05
3.53358e-05
3.17931e-05
2.73247e-05
2.23866e-05
1.71957e-05
1.09976e-05
3.71051e-06
4.11841e-08
3.14456e-07
1.42301e-05
3.09379e-05
3.99614e-05
4.39149e-05
4.512e-05
4.51457e-05
4.48851e-05
4.46366e-05
4.42763e-05
4.35116e-05
4.2871e-05
4.1966e-05
4.11464e-05
4.00804e-05
3.93953e-05
3.90236e-05
3.88493e-05
3.88722e-05
3.89652e-05
3.90758e-05
3.92167e-05
3.93697e-05
3.95647e-05
3.98018e-05
4.0089e-05
4.04204e-05
4.07846e-05
4.11696e-05
4.15607e-05
4.19543e-05
4.23401e-05
4.26911e-05
4.2991e-05
4.32588e-05
4.35076e-05
4.37037e-05
4.38808e-05
4.40253e-05
4.41201e-05
4.41791e-05
4.41998e-05
4.41847e-05
4.41336e-05
4.40475e-05
4.39277e-05
4.37753e-05
4.35921e-05
4.33793e-05
4.31386e-05
4.28706e-05
4.25754e-05
4.22508e-05
4.1893e-05
4.1495e-05
4.10477e-05
4.05407e-05
3.99655e-05
3.93204e-05
3.86121e-05
3.77678e-05
3.66789e-05
3.53182e-05
3.37875e-05
3.22204e-05
3.08426e-05
3.01397e-05
3.15011e-05
3.35489e-05
3.56323e-05
3.65599e-05
3.64457e-05
3.60329e-05
3.32485e-05
2.9105e-05
2.40368e-05
1.84338e-05
1.20231e-05
4.28756e-06
4.93695e-08
3.8297e-07
1.59713e-05
3.38032e-05
4.30252e-05
4.67909e-05
4.76834e-05
4.73682e-05
4.67412e-05
4.60716e-05
4.5125e-05
4.44437e-05
4.3381e-05
4.2459e-05
4.12074e-05
4.02565e-05
3.96762e-05
3.93593e-05
3.92224e-05
3.9227e-05
3.92853e-05
3.93914e-05
3.95549e-05
3.97727e-05
4.00601e-05
4.0407e-05
4.08073e-05
4.12444e-05
4.17027e-05
4.21674e-05
4.26257e-05
4.30682e-05
4.34832e-05
4.38618e-05
4.42047e-05
4.45181e-05
4.48001e-05
4.50531e-05
4.52446e-05
4.53898e-05
4.55406e-05
4.56392e-05
4.56879e-05
4.56991e-05
4.56691e-05
4.5598e-05
4.54865e-05
4.5335e-05
4.51454e-05
4.49196e-05
4.46603e-05
4.43704e-05
4.40524e-05
4.37077e-05
4.33354e-05
4.29311e-05
4.2486e-05
4.19853e-05
4.14099e-05
4.07393e-05
3.99595e-05
3.90763e-05
3.80591e-05
3.68703e-05
3.54509e-05
3.38003e-05
3.21392e-05
3.05157e-05
2.93413e-05
3.05307e-05
3.25594e-05
3.4568e-05
3.53594e-05
3.5015e-05
3.40495e-05
3.05842e-05
2.58149e-05
2.00825e-05
1.33838e-05
5.22131e-06
6.65832e-08
4.5428e-07
1.76295e-05
3.64408e-05
4.58271e-05
4.9395e-05
4.99597e-05
4.9272e-05
4.82475e-05
4.70371e-05
4.62608e-05
4.48909e-05
4.38194e-05
4.24092e-05
4.12054e-05
4.03668e-05
3.98646e-05
3.95879e-05
3.94741e-05
3.94797e-05
3.95583e-05
3.97197e-05
3.99652e-05
4.02899e-05
4.06908e-05
4.11484e-05
4.16479e-05
4.21693e-05
4.26973e-05
4.32187e-05
4.37233e-05
4.42039e-05
4.46551e-05
4.50751e-05
4.54651e-05
4.58253e-05
4.61527e-05
4.64446e-05
4.67155e-05
4.69324e-05
4.70539e-05
4.72398e-05
4.73352e-05
4.73805e-05
4.7381e-05
4.73298e-05
4.72286e-05
4.70762e-05
4.68743e-05
4.66247e-05
4.63311e-05
4.59981e-05
4.56311e-05
4.5236e-05
4.48174e-05
4.43777e-05
4.39147e-05
4.3419e-05
4.28723e-05
4.22463e-05
4.15046e-05
4.06119e-05
3.95675e-05
3.83741e-05
3.68301e-05
3.52802e-05
3.36871e-05
3.19147e-05
3.00581e-05
2.85969e-05
2.96449e-05
3.16905e-05
3.34758e-05
3.3958e-05
3.34926e-05
3.14159e-05
2.72733e-05
2.17427e-05
1.49324e-05
6.21558e-06
9.10469e-08
5.26097e-07
1.91711e-05
3.8824e-05
4.83547e-05
5.17198e-05
5.19543e-05
5.08653e-05
4.93166e-05
4.83237e-05
4.6639e-05
4.53128e-05
4.37378e-05
4.22911e-05
4.11694e-05
4.04283e-05
3.9986e-05
3.97488e-05
3.96715e-05
3.97186e-05
3.98686e-05
4.01266e-05
4.04818e-05
4.09209e-05
4.14272e-05
4.19778e-05
4.25547e-05
4.31401e-05
4.37215e-05
4.42894e-05
4.48378e-05
4.53632e-05
4.58639e-05
4.63398e-05
4.67905e-05
4.72142e-05
4.76084e-05
4.79706e-05
4.82983e-05
4.86127e-05
4.88036e-05
4.89929e-05
4.9193e-05
4.92724e-05
4.93145e-05
4.92895e-05
4.92034e-05
4.90523e-05
4.88371e-05
4.8559e-05
4.82213e-05
4.78293e-05
4.73903e-05
4.69134e-05
4.64087e-05
4.58858e-05
4.53521e-05
4.48097e-05
4.42513e-05
4.36572e-05
4.2991e-05
4.21998e-05
4.12203e-05
4.00645e-05
3.87663e-05
3.67936e-05
3.49898e-05
3.3426e-05
3.15391e-05
2.94707e-05
2.78359e-05
2.88017e-05
3.09661e-05
3.22862e-05
3.22902e-05
3.15799e-05
2.81901e-05
2.31096e-05
1.64286e-05
7.18914e-06
1.21081e-07
5.96446e-07
2.05596e-05
4.09442e-05
5.06289e-05
5.37596e-05
5.35309e-05
5.20193e-05
5.06103e-05
4.87386e-05
4.70426e-05
4.52635e-05
4.35675e-05
4.21461e-05
4.11171e-05
4.04582e-05
4.00723e-05
3.98896e-05
3.98762e-05
4.00033e-05
4.0256e-05
4.0626e-05
4.1092e-05
4.16333e-05
4.2227e-05
4.28513e-05
4.34896e-05
4.41282e-05
4.47591e-05
4.53768e-05
4.59791e-05
4.65647e-05
4.71331e-05
4.76835e-05
4.82139e-05
4.87212e-05
4.92014e-05
4.96503e-05
5.00628e-05
5.04691e-05
5.07371e-05
5.09569e-05
5.12607e-05
5.13858e-05
5.14753e-05
5.1484e-05
5.14195e-05
5.12762e-05
5.10533e-05
5.07506e-05
5.03703e-05
4.99166e-05
4.93969e-05
4.88213e-05
4.8203e-05
4.75572e-05
4.69e-05
4.62453e-05
4.56012e-05
4.4965e-05
4.43173e-05
4.36162e-05
4.27935e-05
4.17566e-05
4.05052e-05
3.88997e-05
3.6677e-05
3.4578e-05
3.29988e-05
3.09783e-05
2.86704e-05
2.70364e-05
2.80296e-05
3.01541e-05
3.12683e-05
3.04004e-05
2.84904e-05
2.40623e-05
1.76871e-05
8.02809e-06
1.54831e-07
6.6464e-07
2.17815e-05
4.28141e-05
5.25632e-05
5.53219e-05
5.47975e-05
5.34773e-05
5.14139e-05
4.90877e-05
4.70759e-05
4.5102e-05
4.33593e-05
4.19986e-05
4.10611e-05
4.04773e-05
4.01576e-05
4.00513e-05
4.01277e-05
4.03582e-05
4.0723e-05
4.12014e-05
4.17657e-05
4.23919e-05
4.30569e-05
4.37423e-05
4.44354e-05
4.51275e-05
4.58148e-05
4.64952e-05
4.71682e-05
4.78332e-05
4.84888e-05
4.91324e-05
4.97597e-05
5.03658e-05
5.09447e-05
5.14901e-05
5.19989e-05
5.24955e-05
5.28355e-05
5.31163e-05
5.35022e-05
5.36868e-05
5.38245e-05
5.38727e-05
5.38364e-05
5.37094e-05
5.3489e-05
5.31732e-05
5.27621e-05
5.22578e-05
5.16656e-05
5.09944e-05
5.02576e-05
4.94725e-05
4.86604e-05
4.78445e-05
4.70465e-05
4.62819e-05
4.55535e-05
4.48436e-05
4.41056e-05
4.32563e-05
4.21712e-05
4.08241e-05
3.88263e-05
3.64051e-05
3.4071e-05
3.23954e-05
3.02221e-05
2.76702e-05
2.62984e-05
2.73245e-05
2.89149e-05
2.94188e-05
2.83329e-05
2.45879e-05
1.86271e-05
8.68019e-06
1.90828e-07
7.28016e-07
2.28342e-05
4.43298e-05
5.40449e-05
5.65083e-05
5.62283e-05
5.42961e-05
5.1727e-05
4.93622e-05
4.69804e-05
4.4882e-05
4.31451e-05
4.18628e-05
4.10133e-05
4.0507e-05
4.02695e-05
4.02589e-05
4.04403e-05
4.07804e-05
4.12521e-05
4.18263e-05
4.2474e-05
4.31711e-05
4.38978e-05
4.46405e-05
4.53912e-05
4.61459e-05
4.69035e-05
4.76638e-05
4.8426e-05
4.91883e-05
4.99471e-05
5.0697e-05
5.14315e-05
5.21431e-05
5.28238e-05
5.34658e-05
5.40743e-05
5.46538e-05
5.50567e-05
5.54106e-05
5.58591e-05
5.61065e-05
5.62908e-05
5.63808e-05
5.63777e-05
5.6275e-05
5.60686e-05
5.57548e-05
5.53309e-05
5.47963e-05
5.4153e-05
5.34068e-05
5.25681e-05
5.16531e-05
5.0684e-05
4.96884e-05
4.86977e-05
4.77424e-05
4.68466e-05
4.60191e-05
4.52442e-05
4.44721e-05
4.36087e-05
4.25062e-05
4.09243e-05
3.85459e-05
3.59756e-05
3.34861e-05
3.16535e-05
2.919e-05
2.63282e-05
2.56335e-05
2.68851e-05
2.78354e-05
2.71207e-05
2.46583e-05
1.91965e-05
9.15345e-06
2.27826e-07
7.84114e-07
2.36859e-05
4.54873e-05
5.51642e-05
5.7676e-05
5.72917e-05
5.50447e-05
5.21275e-05
4.93597e-05
4.68034e-05
4.46397e-05
4.29432e-05
4.17469e-05
4.09848e-05
4.05646e-05
4.04239e-05
4.05197e-05
4.08092e-05
4.12539e-05
4.18206e-05
4.24774e-05
4.31965e-05
4.39568e-05
4.47432e-05
4.55473e-05
4.63653e-05
4.71964e-05
4.80407e-05
4.88975e-05
4.97643e-05
5.06365e-05
5.15074e-05
5.23687e-05
5.32114e-05
5.40259e-05
5.48031e-05
5.55343e-05
5.62328e-05
5.68845e-05
5.73393e-05
5.77582e-05
5.82606e-05
5.85634e-05
5.87902e-05
5.89205e-05
5.89524e-05
5.88799e-05
5.86976e-05
5.84002e-05
5.79829e-05
5.74419e-05
5.67756e-05
5.59851e-05
5.50763e-05
5.40608e-05
5.29579e-05
5.17947e-05
5.06062e-05
4.94329e-05
4.83153e-05
4.72857e-05
4.63574e-05
4.55132e-05
4.46939e-05
4.37917e-05
4.26453e-05
4.07645e-05
3.80546e-05
3.53886e-05
3.27311e-05
3.07141e-05
2.77727e-05
2.49323e-05
2.48383e-05
2.58534e-05
2.62273e-05
2.44687e-05
1.94399e-05
9.40188e-06
2.66841e-07
8.31395e-07
2.43331e-05
4.63102e-05
5.60206e-05
5.86081e-05
5.80084e-05
5.53383e-05
5.22988e-05
4.92657e-05
4.65818e-05
4.43981e-05
4.27635e-05
4.16564e-05
4.09843e-05
4.06597e-05
4.06244e-05
4.0828e-05
4.12205e-05
4.17596e-05
4.24094e-05
4.31385e-05
4.39224e-05
4.47445e-05
4.55948e-05
4.64695e-05
4.73679e-05
4.82902e-05
4.92358e-05
5.02017e-05
5.11822e-05
5.21692e-05
5.31527e-05
5.41218e-05
5.50655e-05
5.59728e-05
5.68342e-05
5.76409e-05
5.84115e-05
5.91218e-05
5.96206e-05
6.0088e-05
6.06321e-05
6.09808e-05
6.12434e-05
6.14093e-05
6.1475e-05
6.1435e-05
6.12835e-05
6.1014e-05
6.06201e-05
6.00953e-05
5.94342e-05
5.86332e-05
5.76926e-05
5.66177e-05
5.54213e-05
5.41257e-05
5.2764e-05
5.13799e-05
5.00246e-05
4.87501e-05
4.75978e-05
4.65844e-05
4.5685e-05
4.48178e-05
4.38289e-05
4.2479e-05
4.01667e-05
3.7386e-05
3.46526e-05
3.17678e-05
2.9362e-05
2.59823e-05
2.39367e-05
2.41637e-05
2.46957e-05
2.35363e-05
1.93843e-05
9.52327e-06
3.07122e-07
8.69185e-07
2.47892e-05
4.68484e-05
5.66348e-05
5.92921e-05
5.85779e-05
5.57341e-05
5.23426e-05
4.91107e-05
4.63417e-05
4.41707e-05
4.26104e-05
4.15944e-05
4.10166e-05
4.0794e-05
4.08656e-05
4.11721e-05
4.16587e-05
4.22816e-05
4.30051e-05
4.38005e-05
4.46478e-05
4.55353e-05
4.64579e-05
4.74148e-05
4.84065e-05
4.94323e-05
5.0489e-05
5.15701e-05
5.26659e-05
5.37649e-05
5.48542e-05
5.59208e-05
5.69522e-05
5.79375e-05
5.88669e-05
5.97326e-05
6.0553e-05
6.1308e-05
6.18464e-05
6.23419e-05
6.29117e-05
6.32971e-05
6.35867e-05
6.37812e-05
6.38766e-05
6.3868e-05
6.37499e-05
6.35154e-05
6.31569e-05
6.26661e-05
6.20344e-05
6.1254e-05
6.03194e-05
5.92288e-05
5.7987e-05
5.66079e-05
5.51176e-05
5.35564e-05
5.1978e-05
5.04465e-05
4.90267e-05
4.77705e-05
4.66988e-05
4.57843e-05
4.49368e-05
4.39886e-05
4.21067e-05
3.93081e-05
3.65697e-05
3.36903e-05
3.056e-05
2.7539e-05
2.38989e-05
2.29254e-05
2.29083e-05
2.26664e-05
1.92974e-05
9.73636e-06
3.54703e-07
8.97188e-07
2.50538e-05
4.71625e-05
5.69889e-05
5.9801e-05
5.8821e-05
5.5888e-05
5.22997e-05
4.89185e-05
4.61003e-05
4.39646e-05
4.24855e-05
4.15621e-05
4.10819e-05
4.09633e-05
4.1138e-05
4.15392e-05
4.21106e-05
4.28088e-05
4.36001e-05
4.44599e-05
4.53731e-05
4.63328e-05
4.73374e-05
4.83874e-05
4.94826e-05
5.06195e-05
5.17912e-05
5.29868e-05
5.4193e-05
5.53951e-05
5.65779e-05
5.77273e-05
5.88305e-05
5.98767e-05
6.08572e-05
6.1765e-05
6.26128e-05
6.33992e-05
6.39753e-05
6.44785e-05
6.50566e-05
6.54696e-05
6.57768e-05
6.59914e-05
6.611e-05
6.61289e-05
6.60428e-05
6.58455e-05
6.55289e-05
6.50836e-05
6.4499e-05
6.37638e-05
6.28674e-05
6.18013e-05
6.05617e-05
5.91527e-05
5.75898e-05
5.59041e-05
5.41444e-05
5.23773e-05
5.06809e-05
4.91321e-05
4.7787e-05
4.66582e-05
4.56937e-05
4.47632e-05
4.36481e-05
4.12943e-05
3.82744e-05
3.54244e-05
3.23058e-05
2.89758e-05
2.5233e-05
2.24034e-05
2.19358e-05
2.19605e-05
1.92021e-05
1.02087e-05
4.1805e-07
9.15863e-07
2.51571e-05
4.72319e-05
5.70593e-05
5.99818e-05
5.91041e-05
5.59506e-05
5.21975e-05
4.87074e-05
4.58683e-05
4.37828e-05
4.23882e-05
4.15583e-05
4.11772e-05
4.11604e-05
4.14313e-05
4.19188e-05
4.2567e-05
4.33344e-05
4.41907e-05
4.5116e-05
4.61001e-05
4.71398e-05
4.82354e-05
4.93869e-05
5.05913e-05
5.18414e-05
5.31259e-05
5.44298e-05
5.57364e-05
5.70286e-05
5.829e-05
5.95062e-05
6.06647e-05
6.17556e-05
6.27713e-05
6.37063e-05
6.45618e-05
6.5367e-05
6.59806e-05
6.64737e-05
6.70427e-05
6.74745e-05
6.77901e-05
6.80158e-05
6.81498e-05
6.81895e-05
6.81311e-05
6.79689e-05
6.76953e-05
6.73007e-05
6.67733e-05
6.60997e-05
6.52655e-05
6.42563e-05
6.30604e-05
6.16717e-05
6.00937e-05
5.83446e-05
5.64623e-05
5.45078e-05
5.25637e-05
5.07262e-05
4.90866e-05
4.77062e-05
4.65883e-05
4.56566e-05
4.47445e-05
4.30022e-05
4.00909e-05
3.73015e-05
3.39352e-05
3.04008e-05
2.67892e-05
2.25172e-05
2.09352e-05
2.02613e-05
1.87866e-05
1.08896e-05
5.0089e-07
9.25276e-07
2.50969e-05
4.70495e-05
5.70021e-05
6.01207e-05
5.91628e-05
5.59236e-05
5.20542e-05
4.84906e-05
4.56522e-05
4.3626e-05
4.23172e-05
4.15808e-05
4.12976e-05
4.13775e-05
4.17369e-05
4.2303e-05
4.30218e-05
4.38549e-05
4.47758e-05
4.57696e-05
4.68302e-05
4.79569e-05
4.915e-05
5.04072e-05
5.17218e-05
5.30822e-05
5.44726e-05
5.58746e-05
5.72687e-05
5.86366e-05
5.99614e-05
6.12288e-05
6.24274e-05
6.35482e-05
6.4585e-05
6.55333e-05
6.63906e-05
6.71976e-05
6.78485e-05
6.83184e-05
6.88623e-05
6.93044e-05
6.962e-05
6.98478e-05
6.99886e-05
7.00414e-05
7.00036e-05
6.9871e-05
6.9637e-05
6.92925e-05
6.88257e-05
6.8222e-05
6.74646e-05
6.65349e-05
6.54146e-05
6.40882e-05
6.25471e-05
6.0795e-05
5.88545e-05
5.67733e-05
5.46278e-05
5.25201e-05
5.05644e-05
4.88612e-05
4.74636e-05
4.63461e-05
4.53872e-05
4.43674e-05
4.19468e-05
3.87749e-05
3.58645e-05
3.20796e-05
2.80804e-05
2.37757e-05
2.08061e-05
1.93098e-05
1.8381e-05
1.14745e-05
5.99681e-07
9.24861e-07
2.49385e-05
4.68024e-05
5.68045e-05
6.0149e-05
5.91227e-05
5.58288e-05
5.18846e-05
4.82773e-05
4.54557e-05
4.34938e-05
4.22702e-05
4.1626e-05
4.14375e-05
4.16077e-05
4.20481e-05
4.26866e-05
4.34716e-05
4.43684e-05
4.5355e-05
4.64209e-05
4.75631e-05
4.87816e-05
5.00752e-05
5.14383e-05
5.28598e-05
5.43235e-05
5.58099e-05
5.72975e-05
5.87656e-05
6.0195e-05
6.1569e-05
6.28743e-05
6.41005e-05
6.52397e-05
6.62869e-05
6.72387e-05
6.80932e-05
6.88864e-05
6.95726e-05
7.00161e-05
7.05202e-05
7.09642e-05
7.12727e-05
7.14944e-05
7.16336e-05
7.16908e-05
7.16654e-05
7.15544e-05
7.13531e-05
7.10534e-05
7.06445e-05
7.01118e-05
6.94373e-05
6.85998e-05
6.75762e-05
6.63433e-05
6.48817e-05
6.31805e-05
6.12453e-05
5.91058e-05
5.68243e-05
5.44985e-05
5.22553e-05
5.02289e-05
4.8525e-05
4.71776e-05
4.61187e-05
4.51754e-05
4.33862e-05
4.02767e-05
3.75984e-05
3.37009e-05
2.96153e-05
2.5242e-05
2.07501e-05
1.89034e-05
1.80031e-05
1.21077e-05
7.12163e-07
9.1992e-07
2.46831e-05
4.641e-05
5.64226e-05
5.99592e-05
5.89812e-05
5.56799e-05
5.16995e-05
4.8074e-05
4.52806e-05
4.33849e-05
4.2245e-05
4.16903e-05
4.15917e-05
4.18455e-05
4.23605e-05
4.30661e-05
4.39142e-05
4.48739e-05
4.59278e-05
4.70687e-05
4.82957e-05
4.9608e-05
5.10017e-05
5.24672e-05
5.39889e-05
5.55465e-05
5.71172e-05
5.8678e-05
6.0207e-05
6.16852e-05
6.30968e-05
6.44295e-05
6.56739e-05
6.68236e-05
6.78748e-05
6.88255e-05
6.96754e-05
7.04401e-05
7.11375e-05
7.15825e-05
7.20295e-05
7.24675e-05
7.27627e-05
7.29714e-05
7.3101e-05
7.31543e-05
7.31321e-05
7.30337e-05
7.28559e-05
7.25927e-05
7.22345e-05
7.17679e-05
7.11749e-05
7.04335e-05
6.95174e-05
6.83979e-05
6.70465e-05
6.54395e-05
6.35652e-05
6.14329e-05
5.90842e-05
5.66017e-05
5.41106e-05
5.17653e-05
4.97153e-05
4.80553e-05
4.6774e-05
4.57241e-05
4.46291e-05
4.1945e-05
3.89964e-05
3.57514e-05
3.10637e-05
2.64606e-05
2.13912e-05
1.8413e-05
1.68608e-05
1.27135e-05
8.21354e-07
9.08872e-07
2.43762e-05
4.57589e-05
5.59098e-05
5.96446e-05
5.87539e-05
5.54885e-05
5.15071e-05
4.78849e-05
4.51277e-05
4.32981e-05
4.22391e-05
4.17703e-05
4.17561e-05
4.2087e-05
4.26708e-05
4.34394e-05
4.43483e-05
4.53705e-05
4.64926e-05
4.77104e-05
4.9023e-05
5.04282e-05
5.19185e-05
5.348e-05
5.50929e-05
5.67336e-05
5.8377e-05
5.99989e-05
6.15775e-05
6.30943e-05
6.45345e-05
6.58868e-05
6.71432e-05
6.82984e-05
6.93495e-05
7.02954e-05
7.11369e-05
7.18762e-05
7.25586e-05
7.30221e-05
7.34071e-05
7.3832e-05
7.41094e-05
7.42992e-05
7.44125e-05
7.44539e-05
7.44263e-05
7.43308e-05
7.41664e-05
7.3929e-05
7.36114e-05
7.32017e-05
7.26834e-05
7.20345e-05
7.12277e-05
7.02308e-05
6.90087e-05
6.75271e-05
6.57584e-05
6.36917e-05
6.13447e-05
5.87772e-05
5.61011e-05
5.34768e-05
5.10879e-05
4.90909e-05
4.75521e-05
4.63994e-05
4.54161e-05
4.33046e-05
4.01602e-05
3.74888e-05
3.26317e-05
2.78772e-05
2.2784e-05
1.86969e-05
1.59211e-05
1.3146e-05
9.01957e-07
8.91837e-07
2.39897e-05
4.5047e-05
5.52922e-05
5.92205e-05
5.84544e-05
5.52641e-05
5.13136e-05
4.77129e-05
4.49972e-05
4.32321e-05
4.22503e-05
4.18629e-05
4.19272e-05
4.23292e-05
4.29767e-05
4.38048e-05
4.47724e-05
4.58565e-05
4.7047e-05
4.83413e-05
4.97381e-05
5.12326e-05
5.28135e-05
5.44627e-05
5.61568e-05
5.78696e-05
5.95747e-05
6.12474e-05
6.28663e-05
6.44138e-05
6.58761e-05
6.72431e-05
6.85078e-05
6.96657e-05
7.07146e-05
7.16537e-05
7.24837e-05
7.32058e-05
7.38611e-05
7.43448e-05
7.46712e-05
7.50766e-05
7.53328e-05
7.54995e-05
7.55909e-05
7.56138e-05
7.55727e-05
7.54708e-05
7.53093e-05
7.50866e-05
7.47977e-05
7.44332e-05
7.39786e-05
7.34135e-05
7.27107e-05
7.18367e-05
7.07522e-05
6.94149e-05
6.77843e-05
6.58304e-05
6.35461e-05
6.0964e-05
5.81719e-05
5.53207e-05
5.2611e-05
5.02477e-05
4.83675e-05
4.69632e-05
4.58458e-05
4.43674e-05
4.12497e-05
3.89262e-05
3.46594e-05
2.91409e-05
2.40004e-05
1.8989e-05
1.55159e-05
1.33044e-05
9.36092e-07
8.69637e-07
2.34992e-05
4.42189e-05
5.45953e-05
5.86965e-05
5.8093e-05
5.50142e-05
5.11235e-05
4.756e-05
4.48891e-05
4.31857e-05
4.22767e-05
4.19656e-05
4.21024e-05
4.25697e-05
4.32765e-05
4.41607e-05
4.51848e-05
4.63294e-05
4.75871e-05
4.89559e-05
5.04332e-05
5.20112e-05
5.36748e-05
5.54023e-05
5.71673e-05
5.8942e-05
6.0699e-05
6.24139e-05
6.40659e-05
6.56385e-05
6.71188e-05
6.84978e-05
6.97692e-05
7.09292e-05
7.19759e-05
7.29089e-05
7.3729e-05
7.44381e-05
7.50607e-05
7.55546e-05
7.58435e-05
7.62184e-05
7.64514e-05
7.65923e-05
7.66578e-05
7.66566e-05
7.65951e-05
7.64786e-05
7.63103e-05
7.60911e-05
7.58187e-05
7.54864e-05
7.50825e-05
7.45886e-05
7.39795e-05
7.32218e-05
7.22745e-05
7.10898e-05
6.96173e-05
6.78109e-05
6.56404e-05
6.31088e-05
6.02733e-05
5.72629e-05
5.42792e-05
5.15646e-05
4.93301e-05
4.76629e-05
4.64548e-05
4.53865e-05
4.26189e-05
3.99661e-05
3.65717e-05
3.03121e-05
2.48781e-05
1.91128e-05
1.56931e-05
1.32966e-05
9.41154e-07
8.43418e-07
2.29679e-05
4.3303e-05
5.38177e-05
5.80917e-05
5.76796e-05
5.47447e-05
5.09399e-05
4.74273e-05
4.48033e-05
4.31577e-05
4.23165e-05
4.20759e-05
4.22793e-05
4.28067e-05
4.35684e-05
4.45053e-05
4.55833e-05
4.67862e-05
4.81082e-05
4.95476e-05
5.10998e-05
5.27539e-05
5.44914e-05
5.62874e-05
5.81136e-05
5.99408e-05
6.17415e-05
6.34917e-05
6.51716e-05
6.67654e-05
6.82616e-05
6.96515e-05
7.09297e-05
7.20926e-05
7.31385e-05
7.40671e-05
7.48794e-05
7.5578e-05
7.61678e-05
7.66572e-05
7.69464e-05
7.72675e-05
7.748e-05
7.75941e-05
7.7631e-05
7.76016e-05
7.75142e-05
7.7376e-05
7.71923e-05
7.69665e-05
7.66989e-05
7.6386e-05
7.60188e-05
7.55822e-05
7.50534e-05
7.44007e-05
7.35831e-05
7.25504e-05
7.12453e-05
6.96089e-05
6.75907e-05
6.51651e-05
6.23549e-05
5.92566e-05
5.60554e-05
5.30101e-05
5.03895e-05
4.83672e-05
4.69232e-05
4.58241e-05
4.37265e-05
4.07562e-05
3.81267e-05
3.21996e-05
2.62147e-05
1.9975e-05
1.54434e-05
1.30748e-05
9.23667e-07
8.14377e-07
2.24211e-05
4.23213e-05
5.29666e-05
5.74198e-05
5.72229e-05
5.44604e-05
5.0765e-05
4.7315e-05
4.47392e-05
4.31472e-05
4.23681e-05
4.2192e-05
4.24561e-05
4.30384e-05
4.38506e-05
4.48366e-05
4.59653e-05
4.72229e-05
4.86052e-05
5.01097e-05
5.17298e-05
5.34516e-05
5.52536e-05
5.71086e-05
5.89867e-05
6.08581e-05
6.26957e-05
6.44759e-05
6.61799e-05
6.77929e-05
6.93039e-05
7.07051e-05
7.19912e-05
7.31587e-05
7.42059e-05
7.51322e-05
7.59383e-05
7.66259e-05
7.71974e-05
7.76788e-05
7.79754e-05
7.82389e-05
7.84298e-05
7.85168e-05
7.85237e-05
7.84635e-05
7.83462e-05
7.81808e-05
7.79746e-05
7.77335e-05
7.74604e-05
7.71547e-05
7.68108e-05
7.6417e-05
7.59537e-05
7.5392e-05
7.46924e-05
7.38044e-05
7.2667e-05
7.1212e-05
6.93724e-05
6.70967e-05
6.43729e-05
6.12584e-05
5.79088e-05
5.45823e-05
5.15927e-05
4.92004e-05
4.74742e-05
4.62003e-05
4.46006e-05
4.15258e-05
3.93287e-05
3.4004e-05
2.72033e-05
2.09978e-05
1.54881e-05
1.29905e-05
8.96805e-07
7.83366e-07
2.1854e-05
4.12871e-05
5.20511e-05
5.66915e-05
5.673e-05
5.4165e-05
5.06001e-05
4.72234e-05
4.46964e-05
4.31534e-05
4.243e-05
4.2312e-05
4.26308e-05
4.32627e-05
4.41211e-05
4.51521e-05
4.63275e-05
4.76356e-05
4.90727e-05
5.06355e-05
5.23154e-05
5.40959e-05
5.59531e-05
5.78579e-05
5.97796e-05
6.16881e-05
6.35568e-05
6.53631e-05
6.70886e-05
6.87196e-05
7.02455e-05
7.16588e-05
7.29545e-05
7.41289e-05
7.518e-05
7.61071e-05
7.69102e-05
7.75906e-05
7.815e-05
7.86218e-05
7.89259e-05
7.91391e-05
7.93072e-05
7.93672e-05
7.93439e-05
7.92516e-05
7.9102e-05
7.89054e-05
7.86715e-05
7.8408e-05
7.81206e-05
7.78117e-05
7.7479e-05
7.71144e-05
7.67019e-05
7.62161e-05
7.56203e-05
7.48655e-05
7.38894e-05
7.26181e-05
7.09722e-05
6.88783e-05
6.62913e-05
6.32269e-05
5.97995e-05
5.62467e-05
5.29064e-05
5.01207e-05
4.80809e-05
4.66847e-05
4.54663e-05
4.24861e-05
4.02136e-05
3.58247e-05
2.8268e-05
2.19455e-05
1.56191e-05
1.28608e-05
8.61805e-07
7.50801e-07
2.12788e-05
4.02112e-05
5.10804e-05
5.59157e-05
5.62068e-05
5.38613e-05
5.04454e-05
4.71523e-05
4.46744e-05
4.3175e-05
4.25004e-05
4.2434e-05
4.28015e-05
4.34778e-05
4.43776e-05
4.54493e-05
4.66668e-05
4.80199e-05
4.95054e-05
5.11189e-05
5.28499e-05
5.46799e-05
5.6583e-05
5.8529e-05
6.04866e-05
6.24262e-05
6.43213e-05
6.61503e-05
6.78956e-05
6.95439e-05
7.10851e-05
7.25119e-05
7.3819e-05
7.50028e-05
7.60609e-05
7.6992e-05
7.77962e-05
7.84745e-05
7.90292e-05
7.94816e-05
7.97911e-05
7.99697e-05
8.01139e-05
8.01478e-05
8.00949e-05
7.99704e-05
7.97873e-05
7.95574e-05
7.92919e-05
7.90009e-05
7.86925e-05
7.83719e-05
7.80401e-05
7.76925e-05
7.73172e-05
7.68926e-05
7.63857e-05
7.57501e-05
7.49244e-05
7.38322e-05
7.23856e-05
7.04939e-05
6.80829e-05
6.51268e-05
6.16926e-05
5.79809e-05
5.43305e-05
5.11423e-05
4.87177e-05
4.70878e-05
4.59428e-05
4.34555e-05
4.08855e-05
3.72368e-05
2.97387e-05
2.28753e-05
1.59693e-05
1.28109e-05
8.26686e-07
7.17942e-07
2.06953e-05
3.91022e-05
5.00623e-05
5.50993e-05
5.5658e-05
5.3551e-05
5.03009e-05
4.71014e-05
4.4673e-05
4.32113e-05
4.25783e-05
4.25562e-05
4.29663e-05
4.36816e-05
4.46179e-05
4.57254e-05
4.69797e-05
4.83718e-05
4.98983e-05
5.15542e-05
5.33274e-05
5.51976e-05
5.71377e-05
5.91168e-05
6.11036e-05
6.30686e-05
6.49861e-05
6.68351e-05
6.85987e-05
7.02639e-05
7.18209e-05
7.32623e-05
7.45827e-05
7.57781e-05
7.68458e-05
7.77841e-05
7.85927e-05
7.92726e-05
7.98266e-05
8.02606e-05
8.05637e-05
8.07272e-05
8.08474e-05
8.08565e-05
8.07754e-05
8.06198e-05
8.04034e-05
8.01394e-05
7.98405e-05
7.95187e-05
7.91843e-05
7.88454e-05
7.85062e-05
7.81657e-05
7.78157e-05
7.74389e-05
7.70065e-05
7.64755e-05
7.5787e-05
7.48646e-05
7.36155e-05
7.19365e-05
6.97292e-05
6.69293e-05
6.35531e-05
5.97527e-05
5.58471e-05
5.22759e-05
4.94394e-05
4.74816e-05
4.61833e-05
4.43285e-05
4.14284e-05
3.84286e-05
3.13505e-05
2.37238e-05
1.64203e-05
1.27206e-05
7.88178e-07
6.84106e-07
2.01245e-05
3.79736e-05
4.90051e-05
5.42482e-05
5.50867e-05
5.32348e-05
5.01664e-05
4.70697e-05
4.46904e-05
4.326e-05
4.26611e-05
4.26766e-05
4.3123e-05
4.38719e-05
4.48396e-05
4.59776e-05
4.72629e-05
4.86872e-05
5.02472e-05
5.19368e-05
5.3743e-05
5.56443e-05
5.76129e-05
5.96175e-05
6.1627e-05
6.36123e-05
6.55486e-05
6.74151e-05
6.91955e-05
7.08771e-05
7.245e-05
7.39069e-05
7.52419e-05
7.64507e-05
7.753e-05
7.84777e-05
7.92929e-05
7.99761e-05
8.05293e-05
8.09557e-05
8.125e-05
8.14029e-05
8.15015e-05
8.14881e-05
8.13811e-05
8.11962e-05
8.09479e-05
8.06502e-05
8.03174e-05
7.99632e-05
7.96e-05
7.92383e-05
7.88856e-05
7.85442e-05
7.82099e-05
7.78695e-05
7.74985e-05
7.70581e-05
7.6493e-05
7.57284e-05
7.46698e-05
7.3206e-05
7.12197e-05
6.86128e-05
6.53519e-05
6.15319e-05
5.74328e-05
5.35109e-05
5.02583e-05
4.79456e-05
4.64006e-05
4.48589e-05
4.19215e-05
3.93943e-05
3.31072e-05
2.45761e-05
1.70316e-05
1.26438e-05
7.52461e-07
6.57442e-07
1.94756e-05
3.6819e-05
4.79129e-05
5.33665e-05
5.44953e-05
5.29131e-05
5.00417e-05
4.70574e-05
4.47284e-05
4.33236e-05
4.27501e-05
4.27943e-05
4.32699e-05
4.40465e-05
4.50402e-05
4.62033e-05
4.75134e-05
4.89628e-05
5.05481e-05
5.22628e-05
5.40929e-05
5.60164e-05
5.80051e-05
6.0028e-05
6.20541e-05
6.40551e-05
6.60064e-05
6.78879e-05
6.96834e-05
7.13804e-05
7.29691e-05
7.44416e-05
7.57918e-05
7.70149e-05
7.81071e-05
7.90657e-05
7.98891e-05
8.05774e-05
8.11317e-05
8.15548e-05
8.18433e-05
8.19885e-05
8.20682e-05
8.2035e-05
8.1905e-05
8.16936e-05
8.14155e-05
8.10859e-05
8.07202e-05
8.03334e-05
7.99401e-05
7.95531e-05
7.91828e-05
7.88348e-05
7.85087e-05
7.81955e-05
7.78749e-05
7.75127e-05
7.70574e-05
7.64375e-05
7.55594e-05
7.43072e-05
7.25503e-05
7.01627e-05
6.70647e-05
6.329e-05
5.90634e-05
5.4832e-05
5.11632e-05
4.84799e-05
4.67582e-05
4.53877e-05
4.25007e-05
4.01605e-05
3.45188e-05
2.54478e-05
1.77102e-05
1.25339e-05
7.18533e-07
6.33741e-07
1.87774e-05
3.56324e-05
4.67885e-05
5.24568e-05
5.38852e-05
5.25854e-05
4.99249e-05
4.70607e-05
4.47798e-05
4.33928e-05
4.28376e-05
4.29055e-05
4.34048e-05
4.42034e-05
4.52175e-05
4.63999e-05
4.77285e-05
4.91957e-05
5.07982e-05
5.2529e-05
5.43741e-05
5.63111e-05
5.83121e-05
6.03462e-05
6.2383e-05
6.43947e-05
6.63572e-05
6.82508e-05
7.00594e-05
7.17705e-05
7.33738e-05
7.48615e-05
7.62269e-05
7.74645e-05
7.857e-05
7.95401e-05
8.03729e-05
8.10676e-05
8.16249e-05
8.20474e-05
8.23336e-05
8.24744e-05
8.25383e-05
8.24884e-05
8.23388e-05
8.2104e-05
8.17994e-05
8.14405e-05
8.10439e-05
8.06258e-05
8.02026e-05
7.97895e-05
7.93994e-05
7.90412e-05
7.8718e-05
7.8425e-05
7.8146e-05
7.78513e-05
7.74939e-05
7.70061e-05
7.62966e-05
7.52484e-05
7.37223e-05
7.15708e-05
6.86733e-05
6.50025e-05
6.07162e-05
5.62268e-05
5.21473e-05
4.90377e-05
4.70524e-05
4.5736e-05
4.30579e-05
4.0759e-05
3.5712e-05
2.66537e-05
1.83495e-05
1.24169e-05
6.89747e-07
6.11071e-07
1.80362e-05
3.44151e-05
4.56278e-05
5.15212e-05
5.32562e-05
5.22514e-05
4.9816e-05
4.70834e-05
4.48579e-05
4.34873e-05
4.29376e-05
4.30129e-05
4.35264e-05
4.43406e-05
4.53694e-05
4.65651e-05
4.79057e-05
4.93835e-05
5.09951e-05
5.27335e-05
5.45846e-05
5.65267e-05
5.8532e-05
6.05704e-05
6.2612e-05
6.46295e-05
6.65992e-05
6.85015e-05
7.03206e-05
7.20435e-05
7.366e-05
7.51615e-05
7.6541e-05
7.77924e-05
7.89109e-05
7.98928e-05
8.07353e-05
8.14373e-05
8.19991e-05
8.24228e-05
8.27094e-05
8.28518e-05
8.29014e-05
8.28387e-05
8.26732e-05
8.24191e-05
8.20915e-05
8.17069e-05
8.12824e-05
8.08356e-05
8.03842e-05
7.99454e-05
7.95349e-05
7.91646e-05
7.88411e-05
7.85634e-05
7.83196e-05
7.80841e-05
7.78144e-05
7.74471e-05
7.68943e-05
7.60401e-05
7.4741e-05
7.28339e-05
7.01643e-05
6.66476e-05
6.23681e-05
5.76824e-05
5.32209e-05
4.96642e-05
4.73396e-05
4.59388e-05
4.35937e-05
4.11888e-05
3.66491e-05
2.79633e-05
1.88282e-05
1.22841e-05
6.65779e-07
5.88902e-07
1.72927e-05
3.31747e-05
4.44142e-05
5.05513e-05
5.26105e-05
5.19088e-05
4.97104e-05
4.71144e-05
4.49299e-05
4.35575e-05
4.30151e-05
4.31098e-05
4.36336e-05
4.44568e-05
4.54944e-05
4.66975e-05
4.80435e-05
4.95244e-05
5.11369e-05
5.28744e-05
5.47232e-05
5.66621e-05
5.86641e-05
6.06998e-05
6.27401e-05
6.47581e-05
6.67306e-05
6.86379e-05
7.04641e-05
7.21961e-05
7.38231e-05
7.53363e-05
7.67281e-05
7.79919e-05
7.91224e-05
8.01153e-05
8.09675e-05
8.16773e-05
8.22448e-05
8.26716e-05
8.29613e-05
8.31088e-05
8.31485e-05
8.30766e-05
8.28994e-05
8.26301e-05
8.22839e-05
8.18775e-05
8.14291e-05
8.09571e-05
8.04802e-05
8.00177e-05
7.95877e-05
7.92051e-05
7.88796e-05
7.86143e-05
7.8401e-05
7.82186e-05
7.80287e-05
7.7772e-05
7.73647e-05
7.66937e-05
7.56142e-05
7.39533e-05
7.15299e-05
6.8208e-05
6.39965e-05
5.91788e-05
5.43733e-05
5.03608e-05
4.76459e-05
4.60619e-05
4.41728e-05
4.14745e-05
3.75222e-05
2.94323e-05
1.94365e-05
1.21563e-05
6.48262e-07
5.67039e-07
1.65496e-05
3.19563e-05
4.31715e-05
4.95335e-05
5.19619e-05
5.15599e-05
4.96096e-05
4.71676e-05
4.50685e-05
4.37251e-05
4.31467e-05
4.31958e-05
4.37218e-05
4.45499e-05
4.55903e-05
4.67947e-05
4.81401e-05
4.96178e-05
5.1224e-05
5.29524e-05
5.47901e-05
5.67173e-05
5.87082e-05
6.07342e-05
6.27669e-05
6.47799e-05
6.67501e-05
6.8658e-05
7.04873e-05
7.22247e-05
7.3859e-05
7.53809e-05
7.67823e-05
7.80562e-05
7.91969e-05
8.01997e-05
8.10611e-05
8.17791e-05
8.23535e-05
8.27856e-05
8.30791e-05
8.32331e-05
8.32701e-05
8.31932e-05
8.30087e-05
8.27292e-05
8.23688e-05
8.19449e-05
8.14773e-05
8.09846e-05
8.0486e-05
8.00026e-05
7.95555e-05
7.91616e-05
7.88341e-05
7.85798e-05
7.83944e-05
7.82609e-05
7.81447e-05
7.79908e-05
7.77194e-05
7.72207e-05
7.63514e-05
7.49333e-05
7.27662e-05
6.96702e-05
6.55813e-05
6.06975e-05
5.55969e-05
5.1135e-05
4.79974e-05
4.6175e-05
4.46445e-05
4.17241e-05
3.81486e-05
3.07056e-05
2.01394e-05
1.20899e-05
6.37693e-07
5.45467e-07
1.58271e-05
3.06398e-05
4.18784e-05
4.84731e-05
5.12968e-05
5.12019e-05
4.95061e-05
4.72198e-05
4.51713e-05
4.37906e-05
4.32249e-05
4.33101e-05
4.37994e-05
4.46185e-05
4.56572e-05
4.6858e-05
4.81953e-05
4.96607e-05
5.12515e-05
5.29628e-05
5.4783e-05
5.66919e-05
5.86648e-05
6.06741e-05
6.26927e-05
6.46946e-05
6.66569e-05
6.85601e-05
7.03875e-05
7.21256e-05
7.37627e-05
7.52892e-05
7.66967e-05
7.79779e-05
7.91266e-05
8.01378e-05
8.10079e-05
8.17345e-05
8.23169e-05
8.27561e-05
8.3055e-05
8.32174e-05
8.32571e-05
8.31804e-05
8.29939e-05
8.27092e-05
8.23394e-05
8.1902e-05
8.14207e-05
8.09131e-05
8.03976e-05
7.98966e-05
7.94361e-05
7.90333e-05
7.87045e-05
7.84614e-05
7.83028e-05
7.82155e-05
7.81691e-05
7.8112e-05
7.79683e-05
7.76321e-05
7.69628e-05
7.57808e-05
7.38731e-05
7.1025e-05
6.71049e-05
6.22188e-05
5.68775e-05
5.19804e-05
4.83917e-05
4.62919e-05
4.48989e-05
4.20037e-05
3.8819e-05
3.17217e-05
2.08101e-05
1.20367e-05
6.32833e-07
5.24504e-07
1.51497e-05
2.93373e-05
4.05417e-05
4.73668e-05
5.06041e-05
5.08315e-05
4.94073e-05
4.73123e-05
4.52735e-05
4.38971e-05
4.32973e-05
4.33464e-05
4.38693e-05
4.46702e-05
4.56917e-05
4.68797e-05
4.82076e-05
4.96624e-05
5.1238e-05
5.2927e-05
5.47141e-05
5.659e-05
5.85332e-05
6.05173e-05
6.25145e-05
6.44988e-05
6.64467e-05
6.83384e-05
7.01568e-05
7.18891e-05
7.35235e-05
7.50501e-05
7.64601e-05
7.7746e-05
7.89012e-05
7.99204e-05
8.07996e-05
8.1536e-05
8.21285e-05
8.25773e-05
8.28845e-05
8.30536e-05
8.30904e-05
8.30122e-05
8.28257e-05
8.25412e-05
8.21733e-05
8.17391e-05
8.12535e-05
8.07385e-05
8.02117e-05
7.96962e-05
7.92276e-05
7.88197e-05
7.84909e-05
7.82608e-05
7.81287e-05
7.80864e-05
7.81075e-05
7.81428e-05
7.81206e-05
7.79384e-05
7.74588e-05
7.65038e-05
7.48534e-05
7.22666e-05
6.85529e-05
6.37245e-05
5.82032e-05
5.28966e-05
4.88376e-05
4.64428e-05
4.50307e-05
4.22936e-05
3.93626e-05
3.25266e-05
2.16115e-05
1.20336e-05
6.31628e-07
5.04259e-07
1.45055e-05
2.80292e-05
3.91857e-05
4.62287e-05
4.98738e-05
5.04423e-05
4.9294e-05
4.73517e-05
4.54452e-05
4.40693e-05
4.34184e-05
4.34027e-05
4.38857e-05
4.46872e-05
4.57055e-05
4.68827e-05
4.81797e-05
4.95893e-05
5.11134e-05
5.27525e-05
5.45072e-05
5.635e-05
5.82586e-05
6.02081e-05
6.2173e-05
6.41289e-05
6.60538e-05
6.79297e-05
6.97395e-05
7.14672e-05
7.31006e-05
7.46294e-05
7.60448e-05
7.73385e-05
7.85038e-05
7.95348e-05
8.0427e-05
8.1177e-05
8.17833e-05
8.22455e-05
8.25652e-05
8.27447e-05
8.27857e-05
8.27079e-05
8.25144e-05
8.22143e-05
8.18362e-05
8.1398e-05
8.09137e-05
8.04065e-05
7.98926e-05
7.93946e-05
7.89295e-05
7.85214e-05
7.8193e-05
7.79799e-05
7.78747e-05
7.78771e-05
7.79647e-05
7.80896e-05
7.81842e-05
7.81488e-05
7.78495e-05
7.71113e-05
7.5712e-05
7.33923e-05
6.99131e-05
6.51967e-05
5.95576e-05
5.38748e-05
4.93226e-05
4.65739e-05
4.51609e-05
4.26387e-05
3.98136e-05
3.3224e-05
2.23798e-05
1.20409e-05
6.35956e-07
4.84658e-07
1.38819e-05
2.67336e-05
3.77595e-05
4.50393e-05
4.90897e-05
5.0036e-05
4.91771e-05
4.7417e-05
4.55983e-05
4.42221e-05
4.35287e-05
4.34855e-05
4.39077e-05
4.46794e-05
4.56584e-05
4.67976e-05
4.808e-05
4.94861e-05
5.10046e-05
5.26286e-05
5.435e-05
5.61536e-05
5.80199e-05
5.99276e-05
6.18539e-05
6.37764e-05
6.56735e-05
6.75283e-05
6.9322e-05
7.10388e-05
7.26656e-05
7.41926e-05
7.56079e-05
7.69023e-05
7.80681e-05
7.9099e-05
7.99902e-05
8.07382e-05
8.13416e-05
8.18006e-05
8.21177e-05
8.22976e-05
8.23491e-05
8.22911e-05
8.21257e-05
8.18446e-05
8.14717e-05
8.10216e-05
8.0512e-05
7.9969e-05
7.94314e-05
7.89288e-05
7.8478e-05
7.80972e-05
7.78093e-05
7.76225e-05
7.7544e-05
7.75912e-05
7.77461e-05
7.7958e-05
7.81664e-05
7.82723e-05
7.81444e-05
7.76126e-05
7.64553e-05
7.44021e-05
7.11765e-05
6.66193e-05
6.09265e-05
5.49131e-05
4.98601e-05
4.66897e-05
4.51358e-05
4.28965e-05
4.02009e-05
3.38571e-05
2.31521e-05
1.2098e-05
6.46262e-07
4.65504e-07
1.32722e-05
2.54918e-05
3.63433e-05
4.38166e-05
4.8246e-05
4.95921e-05
4.90233e-05
4.75134e-05
4.57722e-05
4.43922e-05
4.36478e-05
4.35449e-05
4.39343e-05
4.46598e-05
4.56214e-05
4.67465e-05
4.80036e-05
4.93762e-05
5.08529e-05
5.24302e-05
5.41018e-05
5.58599e-05
5.76868e-05
5.95609e-05
6.14581e-05
6.33546e-05
6.5227e-05
6.70536e-05
6.8821e-05
7.05152e-05
7.21226e-05
7.36306e-05
7.50268e-05
7.6304e-05
7.74554e-05
7.84756e-05
7.93603e-05
8.01063e-05
8.0712e-05
8.11774e-05
8.1504e-05
8.1695e-05
8.1757e-05
8.17109e-05
8.15657e-05
8.13072e-05
8.09632e-05
8.05488e-05
8.00792e-05
7.95618e-05
7.9019e-05
7.8477e-05
7.79729e-05
7.7559e-05
7.72758e-05
7.71286e-05
7.71133e-05
7.7232e-05
7.74574e-05
7.77533e-05
7.80735e-05
7.83166e-05
7.83525e-05
7.80165e-05
7.70907e-05
7.5298e-05
7.23359e-05
6.7977e-05
6.2292e-05
5.60017e-05
5.04586e-05
4.68359e-05
4.50803e-05
4.31564e-05
4.05185e-05
3.4409e-05
2.38963e-05
1.21819e-05
6.6119e-07
4.46655e-07
1.26795e-05
2.43118e-05
3.49608e-05
4.25354e-05
4.73493e-05
4.91223e-05
4.88533e-05
4.75727e-05
4.59509e-05
4.45788e-05
4.37797e-05
4.36066e-05
4.39373e-05
4.46205e-05
4.55506e-05
4.66474e-05
4.78621e-05
4.91814e-05
5.06052e-05
5.213e-05
5.37466e-05
5.54464e-05
5.72161e-05
5.90372e-05
6.08854e-05
6.27371e-05
6.45693e-05
6.63628e-05
6.81003e-05
6.9767e-05
7.13496e-05
7.28367e-05
7.42183e-05
7.54854e-05
7.6631e-05
7.76502e-05
7.85381e-05
7.92907e-05
7.99063e-05
8.03846e-05
8.07271e-05
8.09366e-05
8.10158e-05
8.09838e-05
8.08608e-05
8.06222e-05
8.02965e-05
7.98996e-05
7.94488e-05
7.89667e-05
7.84737e-05
7.79911e-05
7.75273e-05
7.7113e-05
7.67812e-05
7.65775e-05
7.65709e-05
7.67408e-05
7.70581e-05
7.74721e-05
7.79121e-05
7.82893e-05
7.84817e-05
7.83316e-05
7.76452e-05
7.61276e-05
7.34233e-05
6.92566e-05
6.36361e-05
5.71267e-05
5.11107e-05
4.70067e-05
4.50025e-05
4.335e-05
4.07691e-05
3.49021e-05
2.46357e-05
1.2242e-05
6.81629e-07
4.27943e-07
1.21046e-05
2.31924e-05
3.35547e-05
4.12264e-05
4.63553e-05
4.85599e-05
4.87089e-05
4.76384e-05
4.61391e-05
4.47836e-05
4.39286e-05
4.36756e-05
4.39351e-05
4.45625e-05
4.54395e-05
4.64897e-05
4.7668e-05
4.89508e-05
5.03293e-05
5.18e-05
5.33581e-05
5.49962e-05
5.67014e-05
5.84556e-05
6.02398e-05
6.20328e-05
6.38136e-05
6.55635e-05
6.72642e-05
6.88998e-05
7.0457e-05
7.1924e-05
7.32911e-05
7.45485e-05
7.56884e-05
7.67038e-05
7.75903e-05
7.8345e-05
7.89663e-05
7.94542e-05
7.98097e-05
8.0035e-05
8.01318e-05
8.01144e-05
8.00155e-05
7.98044e-05
7.95022e-05
7.91289e-05
7.8701e-05
7.82384e-05
7.77628e-05
7.73002e-05
7.68843e-05
7.65421e-05
7.62938e-05
7.61436e-05
7.61241e-05
7.62647e-05
7.65863e-05
7.70746e-05
7.76268e-05
7.81469e-05
7.85124e-05
7.85668e-05
7.80993e-05
7.68342e-05
7.4401e-05
7.04615e-05
6.49411e-05
5.82739e-05
5.18133e-05
4.72109e-05
4.49363e-05
4.35018e-05
4.09594e-05
3.53981e-05
2.53345e-05
1.23634e-05
7.08389e-07
4.09233e-07
1.1549e-05
2.21424e-05
3.21763e-05
3.99368e-05
4.53124e-05
4.7961e-05
4.84593e-05
4.76782e-05
4.63308e-05
4.50069e-05
4.40987e-05
4.37579e-05
4.39337e-05
4.44936e-05
4.53162e-05
4.63187e-05
4.74511e-05
4.86862e-05
5.00122e-05
5.14247e-05
5.29195e-05
5.44906e-05
5.61272e-05
5.78141e-05
5.95336e-05
6.1266e-05
6.29916e-05
6.46915e-05
6.63478e-05
6.79448e-05
6.94686e-05
7.09072e-05
7.22502e-05
7.34885e-05
7.46141e-05
7.56205e-05
7.65029e-05
7.72581e-05
7.78844e-05
7.83817e-05
7.87509e-05
7.89938e-05
7.91109e-05
7.91091e-05
7.90367e-05
7.88589e-05
7.85857e-05
7.82422e-05
7.78443e-05
7.74108e-05
7.69635e-05
7.65275e-05
7.61322e-05
7.58089e-05
7.55925e-05
7.55222e-05
7.56123e-05
7.58549e-05
7.6243e-05
7.6763e-05
7.73748e-05
7.79989e-05
7.85047e-05
7.87006e-05
7.83646e-05
7.72994e-05
7.5194e-05
7.15764e-05
6.61839e-05
5.94258e-05
5.25567e-05
4.74406e-05
4.48768e-05
4.36115e-05
4.10758e-05
3.59537e-05
2.59636e-05
1.25113e-05
7.41108e-07
3.90335e-07
1.10118e-05
2.11609e-05
3.0831e-05
3.85979e-05
4.42623e-05
4.73331e-05
4.81659e-05
4.76859e-05
4.65181e-05
4.52469e-05
4.42939e-05
4.38604e-05
4.39402e-05
4.442e-05
4.5178e-05
4.61251e-05
4.72058e-05
4.83885e-05
4.96583e-05
5.10088e-05
5.24363e-05
5.39358e-05
5.54986e-05
5.7112e-05
5.876e-05
6.04249e-05
6.20879e-05
6.37306e-05
6.53359e-05
6.68877e-05
6.83722e-05
6.97771e-05
7.10916e-05
7.23068e-05
7.34147e-05
7.4409e-05
7.52847e-05
7.60386e-05
7.66689e-05
7.71753e-05
7.75589e-05
7.7821e-05
7.79613e-05
7.79762e-05
7.79326e-05
7.7793e-05
7.7554e-05
7.72462e-05
7.68851e-05
7.64889e-05
7.60788e-05
7.56795e-05
7.53191e-05
7.50293e-05
7.48441e-05
7.47978e-05
7.49198e-05
7.52349e-05
7.57403e-05
7.64007e-05
7.71505e-05
7.78869e-05
7.84835e-05
7.87954e-05
7.86339e-05
7.77341e-05
7.58513e-05
7.2528e-05
6.73471e-05
6.05653e-05
5.33314e-05
4.76912e-05
4.48076e-05
4.35865e-05
4.11975e-05
3.64998e-05
2.65563e-05
1.26443e-05
7.80392e-07
3.71135e-07
1.04955e-05
2.02665e-05
2.9549e-05
3.72472e-05
4.31364e-05
4.66067e-05
4.7828e-05
4.76576e-05
4.6694e-05
4.55005e-05
4.45166e-05
4.399e-05
4.39632e-05
4.43495e-05
4.50315e-05
4.59147e-05
4.69372e-05
4.80627e-05
4.92723e-05
5.05577e-05
5.19146e-05
5.33387e-05
5.48232e-05
5.63576e-05
5.79281e-05
5.95187e-05
6.11121e-05
6.26909e-05
6.42383e-05
6.57386e-05
6.71779e-05
6.85437e-05
6.98253e-05
7.10134e-05
7.21002e-05
7.30794e-05
7.39462e-05
7.46971e-05
7.53303e-05
7.58455e-05
7.62437e-05
7.65265e-05
7.66929e-05
7.67258e-05
7.67132e-05
7.66162e-05
7.64159e-05
7.61493e-05
7.58314e-05
7.54796e-05
7.51146e-05
7.47605e-05
7.44449e-05
7.41991e-05
7.40572e-05
7.40541e-05
7.42213e-05
7.45813e-05
7.51383e-05
7.58688e-05
7.67164e-05
7.75876e-05
7.83536e-05
7.8852e-05
7.88834e-05
7.81942e-05
7.64382e-05
7.33791e-05
6.84547e-05
6.1674e-05
5.4125e-05
4.79592e-05
4.47149e-05
4.35374e-05
4.12993e-05
3.69924e-05
2.71685e-05
1.28255e-05
8.27023e-07
3.51479e-07
9.99765e-06
1.94366e-05
2.83104e-05
3.58918e-05
4.19361e-05
4.57942e-05
4.74173e-05
4.75814e-05
4.68495e-05
4.57623e-05
4.47679e-05
4.41534e-05
4.40121e-05
4.42918e-05
4.48852e-05
4.56945e-05
4.66516e-05
4.77145e-05
4.88602e-05
5.00775e-05
5.13609e-05
5.27066e-05
5.41091e-05
5.55599e-05
5.70475e-05
5.85579e-05
6.00754e-05
6.15837e-05
6.30667e-05
6.45092e-05
6.58974e-05
6.72189e-05
6.84629e-05
6.962e-05
7.06824e-05
7.16439e-05
7.24994e-05
7.32457e-05
7.38808e-05
7.44042e-05
7.48174e-05
7.51222e-05
7.53177e-05
7.53697e-05
7.53906e-05
7.53396e-05
7.5182e-05
7.49617e-05
7.46926e-05
7.43917e-05
7.40788e-05
7.37775e-05
7.35146e-05
7.33212e-05
7.3231e-05
7.32797e-05
7.35004e-05
7.39185e-05
7.45425e-05
7.53543e-05
7.63003e-05
7.72873e-05
7.81832e-05
7.88225e-05
7.90075e-05
7.84993e-05
7.69911e-05
7.40672e-05
6.94272e-05
6.27192e-05
5.4921e-05
4.8242e-05
4.45946e-05
4.34823e-05
4.14055e-05
3.74438e-05
2.77658e-05
1.30092e-05
8.80884e-07
3.31282e-07
9.52144e-06
1.87335e-05
2.71933e-05
3.45719e-05
4.06942e-05
4.48965e-05
4.69223e-05
4.7443e-05
4.69726e-05
4.60243e-05
4.50461e-05
4.43559e-05
4.40969e-05
4.42578e-05
4.47491e-05
4.54735e-05
4.63568e-05
4.73511e-05
4.84286e-05
4.95748e-05
5.07824e-05
5.20473e-05
5.3365e-05
5.47287e-05
5.6129e-05
5.7554e-05
5.89898e-05
6.04215e-05
6.1834e-05
6.32128e-05
6.45444e-05
6.58165e-05
6.70183e-05
6.81405e-05
6.91752e-05
7.01162e-05
7.09585e-05
7.16985e-05
7.23344e-05
7.28657e-05
7.32939e-05
7.36219e-05
7.3849e-05
7.39216e-05
7.39802e-05
7.39747e-05
7.38644e-05
7.36949e-05
7.348e-05
7.32357e-05
7.29814e-05
7.27396e-05
7.25365e-05
7.24025e-05
7.23709e-05
7.24775e-05
7.27568e-05
7.32363e-05
7.39283e-05
7.4819e-05
7.58579e-05
7.69529e-05
7.79699e-05
7.87401e-05
7.90646e-05
7.87095e-05
7.73823e-05
7.46942e-05
7.02639e-05
6.36834e-05
5.57011e-05
4.85364e-05
4.44293e-05
4.31979e-05
4.15057e-05
3.78373e-05
2.83763e-05
1.32334e-05
9.43199e-07
3.10766e-07
9.07742e-06
1.81638e-05
2.60675e-05
3.32891e-05
3.94327e-05
4.39332e-05
4.63399e-05
4.723e-05
4.70497e-05
4.62756e-05
4.53461e-05
4.46006e-05
4.42271e-05
4.426e-05
4.46358e-05
4.52627e-05
4.60625e-05
4.69811e-05
4.79856e-05
4.90574e-05
5.0187e-05
5.13693e-05
5.26001e-05
5.38741e-05
5.51839e-05
5.65193e-05
5.78686e-05
5.92184e-05
6.05549e-05
6.18645e-05
6.31341e-05
6.43519e-05
6.55071e-05
6.65905e-05
6.75944e-05
6.85122e-05
6.93391e-05
7.00714e-05
7.07071e-05
7.12457e-05
7.16892e-05
7.20416e-05
7.23011e-05
7.2396e-05
7.24974e-05
7.25363e-05
7.24771e-05
7.23628e-05
7.22066e-05
7.20241e-05
7.18338e-05
7.16574e-05
7.15203e-05
7.14519e-05
7.14849e-05
7.16547e-05
7.19964e-05
7.25393e-05
7.32986e-05
7.42644e-05
7.53899e-05
7.65842e-05
7.77124e-05
7.86019e-05
7.90515e-05
7.88309e-05
7.76626e-05
7.51815e-05
7.09188e-05
6.4545e-05
5.64426e-05
4.88415e-05
4.42805e-05
4.29417e-05
4.15816e-05
3.81875e-05
2.89862e-05
1.34758e-05
1.01373e-06
2.90034e-07
8.66361e-06
1.77368e-05
2.49162e-05
3.19965e-05
3.81394e-05
4.28974e-05
4.56674e-05
4.6932e-05
4.70664e-05
4.65024e-05
4.56594e-05
4.48869e-05
4.44104e-05
4.43112e-05
4.45592e-05
4.50754e-05
4.57806e-05
4.66153e-05
4.75408e-05
4.85345e-05
4.95837e-05
5.06818e-05
5.18244e-05
5.30071e-05
5.42239e-05
5.54668e-05
5.67257e-05
5.79893e-05
5.92451e-05
6.04805e-05
6.16834e-05
6.28423e-05
6.39467e-05
6.49877e-05
6.59575e-05
6.68496e-05
6.76589e-05
6.83819e-05
6.90164e-05
6.95618e-05
7.00208e-05
7.04014e-05
7.06851e-05
7.08083e-05
7.09589e-05
7.1042e-05
7.10364e-05
7.09804e-05
7.08866e-05
7.07701e-05
7.06484e-05
7.05425e-05
7.04766e-05
7.04791e-05
7.05817e-05
7.08192e-05
7.12266e-05
7.1834e-05
7.26592e-05
7.36954e-05
7.48997e-05
7.61835e-05
7.7411e-05
7.84065e-05
7.89653e-05
7.88588e-05
7.78216e-05
7.55096e-05
7.14425e-05
6.52898e-05
5.71241e-05
4.91248e-05
4.4103e-05
4.25874e-05
4.15951e-05
3.84904e-05
2.95809e-05
1.37728e-05
1.09356e-06
2.70063e-07
8.32841e-06
1.73566e-05
2.40344e-05
3.07833e-05
3.68246e-05
4.17725e-05
4.4892e-05
4.65357e-05
4.70069e-05
4.66885e-05
4.59733e-05
4.521e-05
4.46516e-05
4.44234e-05
4.45347e-05
4.49271e-05
4.55254e-05
4.62665e-05
4.71062e-05
4.80169e-05
4.89828e-05
4.9995e-05
5.10485e-05
5.21389e-05
5.32615e-05
5.44099e-05
5.55761e-05
5.67501e-05
5.79214e-05
5.90786e-05
6.02106e-05
6.13064e-05
6.23563e-05
6.33514e-05
6.4284e-05
6.51477e-05
6.59375e-05
6.66496e-05
6.72817e-05
6.78332e-05
6.83078e-05
6.87218e-05
6.90095e-05
6.9176e-05
6.93841e-05
6.95097e-05
6.9559e-05
6.95636e-05
6.95352e-05
6.94879e-05
6.94385e-05
6.94069e-05
6.94163e-05
6.94938e-05
6.967e-05
6.99786e-05
7.04538e-05
7.11263e-05
7.20149e-05
7.31159e-05
7.43898e-05
7.57508e-05
7.70636e-05
7.81498e-05
7.88007e-05
7.87878e-05
7.78571e-05
7.5696e-05
7.18767e-05
6.5889e-05
5.77203e-05
4.93811e-05
4.39257e-05
4.22076e-05
4.1557e-05
3.87445e-05
3.01492e-05
1.41164e-05
1.18239e-06
2.51167e-07
8.0613e-06
1.69644e-05
2.32798e-05
2.96988e-05
3.55577e-05
4.06198e-05
4.40217e-05
4.60314e-05
4.68548e-05
4.68153e-05
4.62709e-05
4.55595e-05
4.49504e-05
4.46063e-05
4.4578e-05
4.48354e-05
4.53142e-05
4.59506e-05
4.6696e-05
4.7518e-05
4.83968e-05
4.93211e-05
5.02842e-05
5.12819e-05
5.23098e-05
5.33629e-05
5.44348e-05
5.55173e-05
5.66014e-05
5.76773e-05
5.87349e-05
5.97643e-05
6.07562e-05
6.17022e-05
6.25947e-05
6.34276e-05
6.41957e-05
6.48952e-05
6.55236e-05
6.60804e-05
6.65706e-05
6.70204e-05
6.73044e-05
6.7518e-05
6.77877e-05
6.79553e-05
6.80614e-05
6.81285e-05
6.81675e-05
6.81918e-05
6.82172e-05
6.82626e-05
6.83501e-05
6.85054e-05
6.87578e-05
6.91395e-05
6.96836e-05
7.04202e-05
7.13687e-05
7.25275e-05
7.38602e-05
7.52842e-05
7.66655e-05
7.78244e-05
7.85486e-05
7.86074e-05
7.77543e-05
7.56988e-05
7.20445e-05
6.62911e-05
5.81984e-05
4.95882e-05
4.37213e-05
4.1797e-05
4.1435e-05
3.89454e-05
3.06992e-05
1.45151e-05
1.28094e-06
2.33254e-07
7.84581e-06
1.66137e-05
2.28723e-05
2.86934e-05
3.43041e-05
3.94376e-05
4.30818e-05
4.54202e-05
4.65975e-05
4.68637e-05
4.65322e-05
4.592e-05
4.53006e-05
4.48649e-05
4.47032e-05
4.4819e-05
4.51666e-05
4.56865e-05
4.63279e-05
4.70538e-05
4.78407e-05
4.8674e-05
4.95455e-05
5.04498e-05
5.1383e-05
5.23407e-05
5.33177e-05
5.43078e-05
5.53032e-05
5.62958e-05
5.72766e-05
5.82369e-05
5.9168e-05
6.0062e-05
6.09119e-05
6.17116e-05
6.24559e-05
6.3141e-05
6.37643e-05
6.43253e-05
6.48323e-05
6.5314e-05
6.55915e-05
6.58641e-05
6.61831e-05
6.63953e-05
6.65602e-05
6.66912e-05
6.67989e-05
6.68959e-05
6.69973e-05
6.7121e-05
6.72879e-05
6.75223e-05
6.78518e-05
6.8307e-05
6.89194e-05
6.97177e-05
7.07212e-05
7.19291e-05
7.33078e-05
7.47781e-05
7.62086e-05
7.74195e-05
7.81957e-05
7.83044e-05
7.7504e-05
7.55262e-05
7.20097e-05
6.64367e-05
5.85279e-05
4.97262e-05
4.34767e-05
4.13602e-05
4.119e-05
3.90923e-05
3.12267e-05
1.49667e-05
1.38894e-06
2.15974e-07
7.65812e-06
1.62859e-05
2.25823e-05
2.77684e-05
3.30886e-05
3.8222e-05
4.20861e-05
4.47089e-05
4.62276e-05
4.68164e-05
4.67353e-05
4.62709e-05
4.56892e-05
4.51978e-05
4.49202e-05
4.48959e-05
4.51039e-05
4.54962e-05
4.60229e-05
4.66443e-05
4.73329e-05
4.80712e-05
4.88486e-05
4.96586e-05
5.04968e-05
5.13593e-05
5.22418e-05
5.31393e-05
5.40456e-05
5.49538e-05
5.58563e-05
5.67456e-05
5.76138e-05
5.84537e-05
5.92586e-05
6.00228e-05
6.07412e-05
6.14099e-05
6.20263e-05
6.25906e-05
6.31259e-05
6.36007e-05
6.38923e-05
6.42353e-05
6.45941e-05
6.48522e-05
6.50742e-05
6.52682e-05
6.5444e-05
6.56135e-05
6.57907e-05
6.59924e-05
6.62382e-05
6.65511e-05
6.69569e-05
6.74841e-05
6.81621e-05
6.90178e-05
7.00691e-05
7.13156e-05
7.27254e-05
7.42228e-05
7.56802e-05
7.69193e-05
7.77241e-05
7.78592e-05
7.70859e-05
7.51564e-05
7.17557e-05
6.63858e-05
5.86867e-05
4.97702e-05
4.31616e-05
4.09115e-05
4.10066e-05
3.91895e-05
3.17353e-05
1.54744e-05
1.50667e-06
1.99018e-07
7.47055e-06
1.60227e-05
2.23445e-05
2.70174e-05
3.20329e-05
3.70193e-05
4.1034e-05
4.39022e-05
4.57418e-05
4.66596e-05
4.68592e-05
4.65888e-05
4.6097e-05
4.55957e-05
4.52327e-05
4.50805e-05
4.51477e-05
4.54039e-05
4.58057e-05
4.63132e-05
4.68961e-05
4.75339e-05
4.82136e-05
4.89273e-05
4.96697e-05
5.0437e-05
5.12254e-05
5.20307e-05
5.2848e-05
5.36716e-05
5.44953e-05
5.53124e-05
5.61162e-05
5.69002e-05
5.76582e-05
5.83848e-05
5.90752e-05
5.97255e-05
6.03328e-05
6.09005e-05
6.14611e-05
6.19206e-05
6.2233e-05
6.26419e-05
6.30363e-05
6.33422e-05
6.36191e-05
6.38742e-05
6.41163e-05
6.43563e-05
6.46074e-05
6.4885e-05
6.52076e-05
6.55964e-05
6.60754e-05
6.66707e-05
6.74094e-05
6.83157e-05
6.94054e-05
7.06772e-05
7.21007e-05
7.36034e-05
7.50623e-05
7.63029e-05
7.71101e-05
7.72466e-05
7.6475e-05
7.45636e-05
7.12501e-05
6.60982e-05
5.86261e-05
4.96988e-05
4.27479e-05
4.03707e-05
4.07395e-05
3.92116e-05
3.22225e-05
1.6037e-05
1.6337e-06
1.82217e-07
7.24063e-06
1.58836e-05
2.21221e-05
2.66712e-05
3.10977e-05
3.58596e-05
3.99509e-05
4.301e-05
4.51393e-05
4.63819e-05
4.68833e-05
4.68482e-05
4.64991e-05
4.60414e-05
4.56358e-05
4.53815e-05
4.53168e-05
4.54345e-05
4.57036e-05
4.60881e-05
4.65571e-05
4.70878e-05
4.76651e-05
4.82793e-05
4.89242e-05
4.95955e-05
5.02897e-05
5.10031e-05
5.17317e-05
5.24709e-05
5.32155e-05
5.396e-05
5.46984e-05
5.54251e-05
5.61345e-05
5.68215e-05
5.74817e-05
5.81111e-05
5.87068e-05
5.92874e-05
5.98407e-05
6.02902e-05
6.06575e-05
6.11042e-05
6.15254e-05
6.18784e-05
6.22082e-05
6.25217e-05
6.2827e-05
6.31342e-05
6.34554e-05
6.3805e-05
6.42e-05
6.46597e-05
6.52062e-05
6.58632e-05
6.66547e-05
6.76017e-05
6.87173e-05
6.99985e-05
7.14152e-05
7.28983e-05
7.43304e-05
7.55429e-05
7.63236e-05
7.64355e-05
7.56407e-05
7.37176e-05
7.04222e-05
6.54542e-05
5.82901e-05
4.94685e-05
4.22511e-05
3.97441e-05
4.02888e-05
3.91607e-05
3.26903e-05
1.66545e-05
1.76982e-06
1.66316e-07
7.01661e-06
1.58117e-05
2.1912e-05
2.65578e-05
3.03352e-05
3.47915e-05
3.88869e-05
4.20653e-05
4.44363e-05
4.59837e-05
4.67947e-05
4.70266e-05
4.68689e-05
4.65109e-05
4.61149e-05
4.57979e-05
4.56239e-05
4.56106e-05
4.57449e-05
4.59998e-05
4.63472e-05
4.67638e-05
4.72329e-05
4.77432e-05
4.82876e-05
4.88611e-05
4.946e-05
5.00812e-05
5.07211e-05
5.13758e-05
5.20412e-05
5.27124e-05
5.33846e-05
5.40526e-05
5.47117e-05
5.5357e-05
5.59846e-05
5.65902e-05
5.71723e-05
5.77673e-05
5.82924e-05
5.87366e-05
5.91646e-05
5.96414e-05
6.00824e-05
6.04775e-05
6.08555e-05
6.12225e-05
6.15858e-05
6.19547e-05
6.23402e-05
6.27554e-05
6.32157e-05
6.37388e-05
6.43444e-05
6.50533e-05
6.58861e-05
6.68604e-05
6.79856e-05
6.92565e-05
7.06427e-05
7.20783e-05
7.34523e-05
7.4604e-05
7.53274e-05
7.53874e-05
7.45464e-05
7.2582e-05
6.92674e-05
6.44826e-05
5.76502e-05
4.9032e-05
4.16612e-05
3.90378e-05
3.98555e-05
3.91004e-05
3.31157e-05
1.73241e-05
1.91432e-06
1.5197e-07
6.82721e-06
1.57741e-05
2.17516e-05
2.6441e-05
2.97584e-05
3.38035e-05
3.78751e-05
4.10881e-05
4.36437e-05
4.54658e-05
4.65835e-05
4.7104e-05
4.71795e-05
4.69758e-05
4.66475e-05
4.63186e-05
4.60719e-05
4.59485e-05
4.59556e-05
4.60802e-05
4.63011e-05
4.65974e-05
4.69522e-05
4.73536e-05
4.77933e-05
4.82659e-05
4.87674e-05
4.92947e-05
4.98447e-05
5.04142e-05
5.09994e-05
5.15964e-05
5.2201e-05
5.28088e-05
5.34153e-05
5.40164e-05
5.46083e-05
5.51855e-05
5.57615e-05
5.63407e-05
5.68486e-05
5.72948e-05
5.77619e-05
5.82655e-05
5.87221e-05
5.9153e-05
5.95725e-05
5.99859e-05
6.03998e-05
6.08225e-05
6.12637e-05
6.17354e-05
6.22513e-05
6.28269e-05
6.34794e-05
6.42265e-05
6.50852e-05
6.60689e-05
6.71832e-05
6.84198e-05
6.97479e-05
7.11046e-05
7.23864e-05
7.34427e-05
7.40757e-05
7.40558e-05
7.3134e-05
7.10534e-05
6.78322e-05
6.31542e-05
5.66586e-05
4.83372e-05
4.09471e-05
3.81989e-05
3.92616e-05
3.89939e-05
3.3497e-05
1.80433e-05
2.06647e-06
1.39402e-07
6.68327e-06
1.57594e-05
2.16734e-05
2.63418e-05
2.97147e-05
3.30207e-05
3.69357e-05
4.01792e-05
4.28224e-05
4.48584e-05
4.62569e-05
4.70709e-05
4.74093e-05
4.74079e-05
4.7205e-05
4.69222e-05
4.66524e-05
4.64542e-05
4.63549e-05
4.6358e-05
4.64535e-05
4.66266e-05
4.68627e-05
4.71502e-05
4.74807e-05
4.78484e-05
4.82491e-05
4.86798e-05
4.91375e-05
4.96195e-05
5.01225e-05
5.06431e-05
5.11777e-05
5.17224e-05
5.22733e-05
5.28264e-05
5.3379e-05
5.39213e-05
5.44936e-05
5.50317e-05
5.55306e-05
5.59776e-05
5.64706e-05
5.69905e-05
5.74582e-05
5.79164e-05
5.83684e-05
5.88187e-05
5.9273e-05
5.97387e-05
6.02242e-05
6.074e-05
6.12979e-05
6.19112e-05
6.25941e-05
6.33611e-05
6.42252e-05
6.51952e-05
6.62728e-05
6.74464e-05
6.86845e-05
6.99276e-05
7.10807e-05
7.20055e-05
7.2514e-05
7.23771e-05
7.12842e-05
6.92461e-05
6.60061e-05
6.14145e-05
5.5217e-05
4.73301e-05
4.00717e-05
3.72641e-05
3.85893e-05
3.88144e-05
3.38269e-05
1.88062e-05
2.22512e-06
1.28422e-07
6.58853e-06
1.57246e-05
2.16241e-05
2.61922e-05
2.97424e-05
3.2358e-05
3.59997e-05
3.93054e-05
4.19947e-05
4.41915e-05
4.58344e-05
4.6931e-05
4.75471e-05
4.77846e-05
4.7759e-05
4.75815e-05
4.73459e-05
4.71214e-05
4.69509e-05
4.68544e-05
4.68357e-05
4.68892e-05
4.70058e-05
4.71766e-05
4.73941e-05
4.76529e-05
4.79488e-05
4.8279e-05
4.86407e-05
4.90315e-05
4.94486e-05
4.98891e-05
5.03497e-05
5.0827e-05
5.13174e-05
5.18172e-05
5.23248e-05
5.28257e-05
5.33816e-05
5.3881e-05
5.43665e-05
5.4799e-05
5.53043e-05
5.58264e-05
5.63039e-05
5.67777e-05
5.725e-05
5.77245e-05
5.82059e-05
5.87003e-05
5.92148e-05
5.97582e-05
6.034e-05
6.09712e-05
6.16628e-05
6.24256e-05
6.32683e-05
6.41956e-05
6.52046e-05
6.62811e-05
6.7393e-05
6.84846e-05
6.9471e-05
7.02287e-05
7.05806e-05
7.0207e-05
6.91174e-05
6.70219e-05
6.37574e-05
5.92477e-05
5.33783e-05
4.59977e-05
3.90067e-05
3.6196e-05
3.78281e-05
3.86967e-05
3.41139e-05
1.96043e-05
2.38904e-06
1.18491e-07
6.50885e-06
1.56514e-05
2.15767e-05
2.61042e-05
2.97596e-05
3.23024e-05
3.52497e-05
3.8541e-05
4.12059e-05
4.35023e-05
4.53438e-05
4.66991e-05
4.75933e-05
4.80927e-05
4.82861e-05
4.82681e-05
4.8126e-05
4.79318e-05
4.77381e-05
4.75782e-05
4.74693e-05
4.74172e-05
4.7421e-05
4.74768e-05
4.75803e-05
4.77273e-05
4.79149e-05
4.81404e-05
4.84016e-05
4.86963e-05
4.90224e-05
4.93772e-05
4.97578e-05
5.01613e-05
5.05845e-05
5.10236e-05
5.14781e-05
5.19309e-05
5.24465e-05
5.29164e-05
5.33742e-05
5.37909e-05
5.42825e-05
5.47923e-05
5.52676e-05
5.57432e-05
5.6221e-05
5.67036e-05
5.71948e-05
5.76992e-05
5.82225e-05
5.87714e-05
5.93533e-05
5.99761e-05
6.06478e-05
6.13751e-05
6.21626e-05
6.30108e-05
6.39132e-05
6.4853e-05
6.57985e-05
6.66982e-05
6.74804e-05
6.80376e-05
6.8102e-05
6.76635e-05
6.64682e-05
6.43052e-05
6.10359e-05
5.66165e-05
5.10611e-05
4.43054e-05
3.77324e-05
3.50291e-05
3.69961e-05
3.83287e-05
3.43665e-05
2.0425e-05
2.55673e-06
1.09229e-07
6.4135e-06
1.55369e-05
2.15053e-05
2.60184e-05
2.96244e-05
3.23468e-05
3.46769e-05
3.77911e-05
4.05451e-05
4.28691e-05
4.48467e-05
4.64181e-05
4.75716e-05
4.83379e-05
4.87767e-05
4.89612e-05
4.89666e-05
4.88608e-05
4.86995e-05
4.85242e-05
4.83628e-05
4.8232e-05
4.81403e-05
4.80911e-05
4.80849e-05
4.81211e-05
4.81986e-05
4.8316e-05
4.84721e-05
4.86654e-05
4.88942e-05
4.91563e-05
4.94495e-05
4.97709e-05
5.01178e-05
5.04865e-05
5.08766e-05
5.12745e-05
5.17167e-05
5.21678e-05
5.25914e-05
5.29637e-05
5.34206e-05
5.39072e-05
5.43621e-05
5.48206e-05
5.52835e-05
5.57525e-05
5.62301e-05
5.67193e-05
5.72242e-05
5.77492e-05
5.82992e-05
5.88793e-05
5.94938e-05
6.01459e-05
6.08364e-05
6.15619e-05
6.23132e-05
6.3072e-05
6.38079e-05
6.44747e-05
6.50188e-05
6.52728e-05
6.5169e-05
6.4567e-05
6.32508e-05
6.10401e-05
5.78004e-05
5.35047e-05
4.82524e-05
4.21097e-05
3.62155e-05
3.37723e-05
3.61144e-05
3.78673e-05
3.45747e-05
2.12632e-05
2.72667e-06
1.00667e-07
6.2981e-06
1.53867e-05
2.13959e-05
2.59044e-05
2.94851e-05
3.24e-05
3.45964e-05
3.71072e-05
3.9946e-05
4.22954e-05
4.43789e-05
4.61314e-05
4.7519e-05
4.85443e-05
4.92393e-05
4.96552e-05
4.9851e-05
4.98859e-05
4.9813e-05
4.96764e-05
4.95107e-05
4.93408e-05
4.91837e-05
4.90507e-05
4.89487e-05
4.88818e-05
4.88523e-05
4.88616e-05
4.89099e-05
4.89971e-05
4.91223e-05
4.92842e-05
4.94809e-05
4.97103e-05
4.99698e-05
5.02562e-05
5.05679e-05
5.08986e-05
5.1248e-05
5.16501e-05
5.20399e-05
5.23663e-05
5.27438e-05
5.31773e-05
5.35975e-05
5.40125e-05
5.44325e-05
5.48579e-05
5.52896e-05
5.57293e-05
5.61789e-05
5.66406e-05
5.71167e-05
5.76092e-05
5.81195e-05
5.86475e-05
5.91906e-05
5.9743e-05
6.02937e-05
6.08245e-05
6.13076e-05
6.17029e-05
6.19601e-05
6.19332e-05
6.16198e-05
6.08292e-05
5.94011e-05
5.71723e-05
5.40146e-05
4.99093e-05
4.50186e-05
3.95569e-05
3.44312e-05
3.244e-05
3.51142e-05
3.73061e-05
3.46795e-05
2.21143e-05
2.8973e-06
9.32445e-08
6.18753e-06
1.52307e-05
2.12599e-05
2.57513e-05
2.93213e-05
3.22463e-05
3.46684e-05
3.68783e-05
3.94436e-05
4.19342e-05
4.40467e-05
4.59236e-05
4.75046e-05
4.87648e-05
4.97102e-05
5.03692e-05
5.07832e-05
5.09992e-05
5.10635e-05
5.10186e-05
5.09009e-05
5.07399e-05
5.0559e-05
5.03759e-05
5.02039e-05
5.00523e-05
4.99281e-05
4.98359e-05
4.97789e-05
4.97587e-05
4.97761e-05
4.98309e-05
4.99221e-05
5.0048e-05
5.02065e-05
5.03951e-05
5.06112e-05
5.08513e-05
5.11118e-05
5.1394e-05
5.17192e-05
5.20393e-05
5.22781e-05
5.26078e-05
5.29685e-05
5.33042e-05
5.36419e-05
5.39817e-05
5.43235e-05
5.46668e-05
5.50115e-05
5.53578e-05
5.57057e-05
5.60547e-05
5.64035e-05
5.67497e-05
5.70888e-05
5.74137e-05
5.77131e-05
5.79706e-05
5.81624e-05
5.82569e-05
5.81696e-05
5.79116e-05
5.73525e-05
5.63795e-05
5.48622e-05
5.26616e-05
4.96595e-05
4.58424e-05
4.14029e-05
3.67608e-05
3.22677e-05
3.1058e-05
3.40459e-05
3.66428e-05
3.46903e-05
2.29582e-05
3.06753e-06
8.80696e-08
6.1343e-06
1.51389e-05
2.11507e-05
2.55863e-05
2.91364e-05
3.20912e-05
3.46344e-05
3.68528e-05
3.91336e-05
4.15844e-05
4.3918e-05
4.5889e-05
4.76222e-05
4.90843e-05
5.02601e-05
5.11574e-05
5.18002e-05
5.2222e-05
5.246e-05
5.25512e-05
5.25303e-05
5.24282e-05
5.22711e-05
5.20812e-05
5.18761e-05
5.16701e-05
5.14744e-05
5.12973e-05
5.1145e-05
5.10218e-05
5.09305e-05
5.08724e-05
5.08478e-05
5.0856e-05
5.08955e-05
5.09643e-05
5.106e-05
5.11796e-05
5.13203e-05
5.14772e-05
5.16586e-05
5.18396e-05
5.20817e-05
5.22126e-05
5.23902e-05
5.26356e-05
5.28326e-05
5.30293e-05
5.3222e-05
5.34063e-05
5.35823e-05
5.3748e-05
5.39018e-05
5.40416e-05
5.41648e-05
5.42678e-05
5.43456e-05
5.43915e-05
5.43957e-05
5.43451e-05
5.42211e-05
5.4e-05
5.36288e-05
5.30868e-05
5.22963e-05
5.11682e-05
4.96082e-05
4.75066e-05
4.47585e-05
4.13627e-05
3.75038e-05
3.39102e-05
3.05736e-05
2.9482e-05
3.29088e-05
3.58842e-05
3.45748e-05
2.37869e-05
3.23637e-06
8.64605e-08
6.21371e-06
1.52332e-05
2.11828e-05
2.5497e-05
2.89901e-05
3.19707e-05
3.45901e-05
3.695e-05
3.92503e-05
4.15725e-05
4.38889e-05
4.60864e-05
4.80108e-05
4.96372e-05
5.1012e-05
5.21283e-05
5.29941e-05
5.36295e-05
5.40611e-05
5.43188e-05
5.44328e-05
5.44319e-05
5.43425e-05
5.4188e-05
5.39888e-05
5.3762e-05
5.35218e-05
5.32795e-05
5.30444e-05
5.28231e-05
5.26206e-05
5.24402e-05
5.22837e-05
5.21517e-05
5.2044e-05
5.19592e-05
5.18957e-05
5.1851e-05
5.18227e-05
5.18066e-05
5.18039e-05
5.18033e-05
5.18206e-05
5.18255e-05
5.18186e-05
5.18115e-05
5.17998e-05
5.17888e-05
5.176e-05
5.17076e-05
5.16406e-05
5.15526e-05
5.14421e-05
5.13068e-05
5.11439e-05
5.09504e-05
5.07223e-05
5.04548e-05
5.01408e-05
4.97717e-05
4.9335e-05
4.88142e-05
4.81962e-05
4.7415e-05
4.64252e-05
4.5204e-05
4.36867e-05
4.1819e-05
3.95489e-05
3.68683e-05
3.3877e-05
3.10824e-05
2.87195e-05
2.85221e-05
3.17006e-05
3.51099e-05
3.43507e-05
2.45326e-05
3.40358e-06
9.04768e-08
6.43848e-06
1.57058e-05
2.15436e-05
2.56549e-05
2.90341e-05
3.2019e-05
3.47303e-05
3.72422e-05
3.96989e-05
4.20754e-05
4.43578e-05
4.66522e-05
4.86631e-05
5.05728e-05
5.21721e-05
5.34763e-05
5.45429e-05
5.53788e-05
5.60004e-05
5.64291e-05
5.66891e-05
5.68052e-05
5.68017e-05
5.67013e-05
5.65244e-05
5.62896e-05
5.60126e-05
5.57069e-05
5.53836e-05
5.50518e-05
5.47183e-05
5.43884e-05
5.40657e-05
5.37524e-05
5.34498e-05
5.31579e-05
5.2876e-05
5.2603e-05
5.2337e-05
5.20754e-05
5.18174e-05
5.15568e-05
5.12992e-05
5.10251e-05
5.0771e-05
5.0422e-05
5.0126e-05
4.98881e-05
4.95254e-05
4.9145e-05
4.87751e-05
4.83699e-05
4.79419e-05
4.74874e-05
4.7005e-05
4.64939e-05
4.59518e-05
4.53771e-05
4.47656e-05
4.41146e-05
4.34164e-05
4.26659e-05
4.18457e-05
4.09685e-05
4.00087e-05
3.89325e-05
3.7676e-05
3.61913e-05
3.43931e-05
3.2267e-05
2.98392e-05
2.78234e-05
2.64708e-05
2.71768e-05
3.10278e-05
3.43376e-05
3.3991e-05
2.51679e-05
3.57126e-06
1.02954e-07
6.96642e-06
1.67028e-05
2.24599e-05
2.63101e-05
2.95397e-05
3.25197e-05
3.53504e-05
3.81016e-05
4.06867e-05
4.3152e-05
4.5651e-05
4.79359e-05
5.0088e-05
5.20945e-05
5.38127e-05
5.53965e-05
5.66386e-05
5.76239e-05
5.83833e-05
5.89324e-05
5.92905e-05
5.94785e-05
5.9518e-05
5.943e-05
5.92344e-05
5.895e-05
5.85931e-05
5.81781e-05
5.77172e-05
5.72211e-05
5.66985e-05
5.61564e-05
5.56003e-05
5.50343e-05
5.44615e-05
5.38838e-05
5.33025e-05
5.2718e-05
5.21299e-05
5.15379e-05
5.09409e-05
5.03378e-05
4.97292e-05
4.91043e-05
4.84886e-05
4.7796e-05
4.71357e-05
4.65151e-05
4.58275e-05
4.51573e-05
4.44383e-05
4.36785e-05
4.29433e-05
4.21879e-05
4.14201e-05
4.06411e-05
3.98502e-05
3.90494e-05
3.82364e-05
3.74151e-05
3.65809e-05
3.57395e-05
3.48797e-05
3.4011e-05
3.31142e-05
3.21962e-05
3.12141e-05
3.01734e-05
2.90094e-05
2.77694e-05
2.64697e-05
2.54611e-05
2.52596e-05
2.64598e-05
2.99887e-05
3.39415e-05
3.34789e-05
2.55728e-05
3.74214e-06
1.27113e-07
7.85344e-06
1.80427e-05
2.37745e-05
2.75405e-05
3.06902e-05
3.37007e-05
3.66149e-05
3.93007e-05
4.18389e-05
4.47785e-05
4.75687e-05
5.00704e-05
5.24118e-05
5.43703e-05
5.61459e-05
5.7646e-05
5.90086e-05
6.00834e-05
6.08369e-05
6.13617e-05
6.1675e-05
6.17962e-05
6.17451e-05
6.15418e-05
6.12053e-05
6.07554e-05
6.02055e-05
5.95693e-05
5.88602e-05
5.80907e-05
5.72716e-05
5.64123e-05
5.5521e-05
5.4604e-05
5.36675e-05
5.27155e-05
5.17532e-05
5.07826e-05
4.98045e-05
4.8825e-05
4.78403e-05
4.68604e-05
4.58691e-05
4.48852e-05
4.38697e-05
4.28729e-05
4.19153e-05
4.09384e-05
3.99644e-05
3.90017e-05
3.80537e-05
3.71468e-05
3.61996e-05
3.52614e-05
3.43633e-05
3.34837e-05
3.26216e-05
3.17828e-05
3.09657e-05
3.01815e-05
2.94257e-05
2.87144e-05
2.80358e-05
2.74146e-05
2.68279e-05
2.6311e-05
2.58213e-05
2.54078e-05
2.50021e-05
2.46885e-05
2.44181e-05
2.44407e-05
2.49877e-05
2.6563e-05
2.97039e-05
3.30383e-05
3.28223e-05
2.53715e-05
3.92531e-06
1.67353e-07
9.20864e-06
1.97927e-05
2.48027e-05
2.8062e-05
3.10639e-05
3.40514e-05
3.70184e-05
3.99666e-05
4.30857e-05
4.61339e-05
4.90116e-05
5.16698e-05
5.40725e-05
5.60907e-05
5.77263e-05
5.89645e-05
5.99863e-05
6.09001e-05
6.14623e-05
6.17246e-05
6.17637e-05
6.15994e-05
6.12521e-05
6.07418e-05
6.00868e-05
5.93123e-05
5.84024e-05
5.73815e-05
5.62737e-05
5.50983e-05
5.38688e-05
5.25991e-05
5.13024e-05
4.99853e-05
4.86608e-05
4.73328e-05
4.60161e-05
4.47036e-05
4.34044e-05
4.21352e-05
4.08796e-05
3.96616e-05
3.84248e-05
3.72714e-05
3.61516e-05
3.50396e-05
3.39625e-05
3.29246e-05
3.19262e-05
3.09506e-05
3.00465e-05
2.91739e-05
2.83102e-05
2.75077e-05
2.67607e-05
2.60624e-05
2.54062e-05
2.48038e-05
2.42542e-05
2.37742e-05
2.33546e-05
2.30179e-05
2.27476e-05
2.25793e-05
2.24822e-05
2.25084e-05
2.26056e-05
2.28461e-05
2.31466e-05
2.36068e-05
2.41224e-05
2.48692e-05
2.58511e-05
2.74916e-05
3.0014e-05
3.28145e-05
3.21485e-05
2.48341e-05
4.02261e-06
2.31607e-07
1.0581e-05
2.07706e-05
2.47223e-05
2.70998e-05
2.97004e-05
3.24752e-05
3.53106e-05
3.81635e-05
4.09507e-05
4.35362e-05
4.59282e-05
4.80933e-05
4.99753e-05
5.1546e-05
5.27841e-05
5.37164e-05
5.41934e-05
5.45946e-05
5.47887e-05
5.46386e-05
5.4272e-05
5.37132e-05
5.29857e-05
5.21122e-05
5.11143e-05
5.00107e-05
4.88324e-05
4.75903e-05
4.62961e-05
4.49663e-05
4.36071e-05
4.22396e-05
4.0877e-05
3.95157e-05
3.8189e-05
3.68912e-05
3.56422e-05
3.43999e-05
3.32184e-05
3.21063e-05
3.1006e-05
2.99645e-05
2.89629e-05
2.80108e-05
2.7109e-05
2.62678e-05
2.54569e-05
2.47422e-05
2.40484e-05
2.3387e-05
2.28015e-05
2.22758e-05
2.18035e-05
2.13899e-05
2.10373e-05
2.07491e-05
2.05272e-05
2.03766e-05
2.02941e-05
2.02904e-05
2.03507e-05
2.04984e-05
2.07155e-05
2.10358e-05
2.14245e-05
2.19332e-05
2.25045e-05
2.32115e-05
2.39648e-05
2.48569e-05
2.5767e-05
2.67999e-05
2.79009e-05
2.91783e-05
3.09672e-05
3.26765e-05
3.12193e-05
2.40146e-05
4.05863e-06
3.14895e-07
1.11665e-05
1.87437e-05
2.04349e-05
2.17583e-05
2.34422e-05
2.54046e-05
2.75134e-05
2.96614e-05
3.16907e-05
3.3531e-05
3.51774e-05
3.66107e-05
3.78063e-05
3.87601e-05
3.94671e-05
3.99474e-05
4.014e-05
4.01523e-05
4.00531e-05
3.9776e-05
3.93185e-05
3.8737e-05
3.80473e-05
3.72688e-05
3.64221e-05
3.55201e-05
3.45825e-05
3.3625e-05
3.26567e-05
3.16917e-05
3.07195e-05
2.97893e-05
2.88849e-05
2.79995e-05
2.71437e-05
2.63228e-05
2.55452e-05
2.48124e-05
2.41205e-05
2.34903e-05
2.28869e-05
2.23754e-05
2.1876e-05
2.1416e-05
2.1023e-05
2.06805e-05
2.03822e-05
2.01371e-05
1.99426e-05
1.97944e-05
1.96962e-05
1.9648e-05
1.96509e-05
1.97037e-05
1.98079e-05
1.99634e-05
2.01708e-05
2.04318e-05
2.07447e-05
2.11157e-05
2.15401e-05
2.20313e-05
2.25679e-05
2.31735e-05
2.38139e-05
2.45364e-05
2.52829e-05
2.61216e-05
2.69647e-05
2.78921e-05
2.87925e-05
2.97128e-05
3.06233e-05
3.13313e-05
3.23742e-05
3.24003e-05
3.0034e-05
2.24251e-05
3.95516e-06
3.8637e-07
1.02684e-05
1.37222e-05
1.38661e-05
1.45618e-05
1.56072e-05
1.68189e-05
1.81019e-05
1.93859e-05
2.0598e-05
2.17088e-05
2.27059e-05
2.3578e-05
2.43178e-05
2.49244e-05
2.53949e-05
2.57538e-05
2.59766e-05
2.60723e-05
2.6104e-05
2.60413e-05
2.59367e-05
2.57613e-05
2.55264e-05
2.52513e-05
2.49535e-05
2.46309e-05
2.42977e-05
2.39663e-05
2.3634e-05
2.33123e-05
2.29955e-05
2.27068e-05
2.24342e-05
2.21708e-05
2.19365e-05
2.17294e-05
2.15459e-05
2.13901e-05
2.12585e-05
2.11579e-05
2.10807e-05
2.10357e-05
2.10194e-05
2.10274e-05
2.10661e-05
2.1129e-05
2.12276e-05
2.13597e-05
2.1524e-05
2.17177e-05
2.19405e-05
2.21895e-05
2.24657e-05
2.27666e-05
2.30935e-05
2.3444e-05
2.38198e-05
2.42195e-05
2.46431e-05
2.50932e-05
2.55622e-05
2.60657e-05
2.65806e-05
2.71509e-05
2.77176e-05
2.83511e-05
2.89554e-05
2.96417e-05
3.02654e-05
3.09676e-05
3.15665e-05
3.21805e-05
3.26733e-05
3.27528e-05
3.30323e-05
3.07846e-05
2.73801e-05
1.90696e-05
3.60276e-06
4.471e-07
8.92733e-06
1.0566e-05
1.2367e-05
1.41936e-05
1.59243e-05
1.75002e-05
1.88885e-05
2.00733e-05
2.10584e-05
2.1864e-05
2.25169e-05
2.30418e-05
2.34593e-05
2.37908e-05
2.40352e-05
2.42551e-05
2.43856e-05
2.44584e-05
2.45261e-05
2.4558e-05
2.45676e-05
2.45605e-05
2.45431e-05
2.4508e-05
2.44793e-05
2.44255e-05
2.43851e-05
2.43565e-05
2.4315e-05
2.42789e-05
2.42513e-05
2.42313e-05
2.42203e-05
2.42171e-05
2.42228e-05
2.42389e-05
2.4265e-05
2.43018e-05
2.4349e-05
2.44069e-05
2.44755e-05
2.45548e-05
2.46446e-05
2.4746e-05
2.48568e-05
2.49804e-05
2.51111e-05
2.52487e-05
2.53945e-05
2.55483e-05
2.57121e-05
2.5885e-05
2.60696e-05
2.62643e-05
2.64723e-05
2.66917e-05
2.69255e-05
2.71729e-05
2.74337e-05
2.77131e-05
2.80005e-05
2.83186e-05
2.86277e-05
2.89996e-05
2.93168e-05
2.97326e-05
3.0012e-05
3.0461e-05
3.06725e-05
3.11174e-05
3.12337e-05
3.16071e-05
3.13608e-05
3.10858e-05
3.00787e-05
2.77838e-05
2.29135e-05
1.19803e-05
3.10321e-06
2.75182e-07
5.36033e-07
8.20182e-07
1.1128e-06
1.39605e-06
1.66362e-06
1.91452e-06
2.14862e-06
2.36465e-06
2.56065e-06
2.73546e-06
2.88849e-06
3.02071e-06
3.13282e-06
3.22696e-06
3.30377e-06
3.36549e-06
3.41476e-06
3.44977e-06
3.47557e-06
3.49081e-06
3.49992e-06
3.4994e-06
3.49604e-06
3.48821e-06
3.47606e-06
3.46085e-06
3.44321e-06
3.42435e-06
3.40439e-06
3.38373e-06
3.36293e-06
3.34228e-06
3.32216e-06
3.30278e-06
3.28437e-06
3.26712e-06
3.25119e-06
3.23671e-06
3.2238e-06
3.21255e-06
3.203e-06
3.1953e-06
3.18932e-06
3.18538e-06
3.18311e-06
3.18346e-06
3.18498e-06
3.1885e-06
3.19358e-06
3.20153e-06
3.20997e-06
3.22196e-06
3.23361e-06
3.24991e-06
3.26463e-06
3.2857e-06
3.30332e-06
3.32975e-06
3.35003e-06
3.38248e-06
3.40499e-06
3.44379e-06
3.46801e-06
3.51272e-06
3.5396e-06
3.59446e-06
3.62811e-06
3.69489e-06
3.73642e-06
3.80929e-06
3.85784e-06
3.93077e-06
3.98343e-06
4.03986e-06
4.06561e-06
4.04256e-06
3.94001e-06
3.619e-06
2.668e-06
)
;

boundaryField
{
    movingWall
    {
        type            nutkWallFunction;
        Cmu             0.09;
        kappa           0.41;
        E               9.8;
        value           uniform 0;
    }
    fixedWalls
    {
        type            nutkWallFunction;
        Cmu             0.09;
        kappa           0.41;
        E               9.8;
        value           uniform 0;
    }
    frontAndBack
    {
        type            empty;
    }
}


// ************************************************************************* //
