/*--------------------------------*- C++ -*----------------------------------*\
  =========                 |
  \\      /  F ield         | OpenFOAM: The Open Source CFD Toolbox
   \\    /   O peration     | Website:  https://openfoam.org
    \\  /    A nd           | Version:  13
     \\/     M anipulation  |
\*---------------------------------------------------------------------------*/
FoamFile
{
    format      ascii;
    class       volScalarField;
    location    "10";
    object      nut;
}
// * * * * * * * * * * * * * * * * * * * * * * * * * * * * * * * * * * * * * //

dimensions      [0 2 -1 0 0 0 0];

internalField   nonuniform List<scalar> 
6400
(
9.95136e-10
5.11131e-09
1.24351e-08
2.00265e-08
2.57291e-08
2.89103e-08
3.00453e-08
3.01363e-08
3.03178e-08
3.14419e-08
3.41865e-08
3.95688e-08
4.80638e-08
5.9825e-08
7.42188e-08
9.0432e-08
1.07619e-07
1.25453e-07
1.43068e-07
1.60078e-07
1.77229e-07
1.96012e-07
2.18404e-07
2.4547e-07
2.75939e-07
3.0649e-07
3.36912e-07
3.67128e-07
3.98126e-07
4.30708e-07
4.64391e-07
4.98096e-07
5.31273e-07
5.6408e-07
5.97286e-07
6.31113e-07
6.66213e-07
7.02804e-07
7.41309e-07
7.8183e-07
8.24664e-07
8.70128e-07
9.1849e-07
9.70254e-07
1.02597e-06
1.0876e-06
1.159e-06
1.24826e-06
1.33511e-06
1.4245e-06
1.51131e-06
1.59557e-06
1.67426e-06
1.74533e-06
1.8061e-06
1.85288e-06
1.87596e-06
1.88495e-06
1.87813e-06
1.83993e-06
1.77407e-06
1.68119e-06
1.56209e-06
1.42198e-06
1.26337e-06
1.09455e-06
9.23554e-07
7.56723e-07
6.00119e-07
4.61637e-07
3.48382e-07
2.53364e-07
1.76645e-07
1.18133e-07
7.60142e-08
4.72852e-08
2.85252e-08
1.64185e-08
7.77661e-09
1.65858e-09
4.80657e-09
3.3691e-07
1.21113e-06
2.03996e-06
2.65145e-06
3.01074e-06
3.17579e-06
3.2348e-06
3.27378e-06
3.35588e-06
3.55867e-06
3.9502e-06
4.49692e-06
5.1294e-06
5.78205e-06
6.39131e-06
6.91136e-06
7.29342e-06
7.52557e-06
7.62579e-06
7.68029e-06
7.75331e-06
7.91372e-06
8.18499e-06
8.50088e-06
8.70251e-06
8.90689e-06
9.14285e-06
9.45828e-06
9.8909e-06
1.04413e-05
1.10479e-05
1.1703e-05
1.238e-05
1.30952e-05
1.38349e-05
1.46075e-05
1.54073e-05
1.62413e-05
1.71035e-05
1.79883e-05
1.89012e-05
1.98451e-05
2.08357e-05
2.18397e-05
2.28201e-05
2.37529e-05
2.45772e-05
2.54604e-05
2.63393e-05
2.7232e-05
2.81119e-05
2.89676e-05
2.97767e-05
3.05174e-05
3.12471e-05
3.16732e-05
3.19698e-05
3.21399e-05
3.20896e-05
3.16966e-05
3.10069e-05
2.99793e-05
2.86186e-05
2.69211e-05
2.49462e-05
2.2786e-05
2.04612e-05
1.8007e-05
1.53202e-05
1.24134e-05
9.62267e-06
7.16465e-06
5.14681e-06
3.57712e-06
2.43928e-06
1.63618e-06
1.06186e-06
4.81969e-07
8.77403e-09
1.05086e-08
8.67965e-07
3.49848e-06
6.0674e-06
8.03323e-06
9.31113e-06
1.00326e-05
1.04012e-05
1.06305e-05
1.09019e-05
1.13446e-05
1.20368e-05
1.29484e-05
1.39753e-05
1.49853e-05
1.58693e-05
1.65767e-05
1.7083e-05
1.73889e-05
1.75118e-05
1.74752e-05
1.7381e-05
1.73076e-05
1.72935e-05
1.73749e-05
1.76453e-05
1.7968e-05
1.83007e-05
1.86607e-05
1.90466e-05
1.95554e-05
2.0272e-05
2.12746e-05
2.23014e-05
2.34593e-05
2.46733e-05
2.59658e-05
2.72739e-05
2.86419e-05
3.00964e-05
3.15027e-05
3.29557e-05
3.43617e-05
3.56996e-05
3.69755e-05
3.82303e-05
3.94501e-05
4.06762e-05
4.19141e-05
4.31469e-05
4.4372e-05
4.5574e-05
4.67379e-05
4.78424e-05
4.88597e-05
4.97531e-05
5.05538e-05
5.10527e-05
5.12774e-05
5.14212e-05
5.12271e-05
5.0714e-05
4.98181e-05
4.84516e-05
4.65216e-05
4.40646e-05
4.12657e-05
3.81077e-05
3.46064e-05
3.0793e-05
2.67279e-05
2.2553e-05
1.8466e-05
1.46699e-05
1.13278e-05
8.50241e-06
6.26011e-06
4.32629e-06
1.80911e-06
2.35165e-08
1.82628e-08
1.4212e-06
5.47563e-06
9.33911e-06
1.2326e-05
1.43792e-05
1.56573e-05
1.63871e-05
1.68343e-05
1.72218e-05
1.77487e-05
1.85352e-05
1.95542e-05
2.06608e-05
2.16915e-05
2.25301e-05
2.31182e-05
2.34549e-05
2.35724e-05
2.3532e-05
2.34031e-05
2.32966e-05
2.32801e-05
2.33938e-05
2.34553e-05
2.34721e-05
2.34756e-05
2.38988e-05
2.46553e-05
2.56688e-05
2.69615e-05
2.81917e-05
2.94138e-05
3.07141e-05
3.20448e-05
3.33443e-05
3.46559e-05
3.60371e-05
3.73239e-05
3.86136e-05
3.98444e-05
4.10596e-05
4.22221e-05
4.33474e-05
4.44237e-05
4.54786e-05
4.65328e-05
4.75882e-05
4.8641e-05
4.96849e-05
5.07137e-05
5.17165e-05
5.26806e-05
5.35891e-05
5.44223e-05
5.51563e-05
5.57661e-05
5.62223e-05
5.6453e-05
5.65011e-05
5.63278e-05
5.57738e-05
5.50179e-05
5.41989e-05
5.28622e-05
5.08998e-05
4.84901e-05
4.55992e-05
4.22951e-05
3.86228e-05
3.46268e-05
3.03737e-05
2.59748e-05
2.15946e-05
1.74385e-05
1.36676e-05
1.03915e-05
7.30648e-06
3.04214e-06
3.92738e-08
2.93392e-08
2.13526e-06
7.60443e-06
1.25729e-05
1.62789e-05
1.87767e-05
2.03104e-05
2.117e-05
2.16731e-05
2.21411e-05
2.28264e-05
2.38099e-05
2.49828e-05
2.61436e-05
2.7114e-05
2.77958e-05
2.81715e-05
2.82841e-05
2.81928e-05
2.8021e-05
2.77783e-05
2.7611e-05
2.74587e-05
2.6846e-05
2.68062e-05
2.73577e-05
2.83155e-05
2.94625e-05
3.06284e-05
3.19381e-05
3.32251e-05
3.4465e-05
3.56852e-05
3.68706e-05
3.79596e-05
3.89834e-05
4.00153e-05
4.09561e-05
4.17769e-05
4.25471e-05
4.32337e-05
4.38727e-05
4.44746e-05
4.50733e-05
4.56913e-05
4.63202e-05
4.69479e-05
4.75842e-05
4.82307e-05
4.88907e-05
4.9566e-05
5.02566e-05
5.09607e-05
5.16737e-05
5.23892e-05
5.30945e-05
5.37673e-05
5.43791e-05
5.48975e-05
5.52614e-05
5.53968e-05
5.52676e-05
5.46788e-05
5.35916e-05
5.27929e-05
5.15873e-05
4.97525e-05
4.74244e-05
4.46629e-05
4.15172e-05
3.80221e-05
3.42023e-05
3.00946e-05
2.57912e-05
2.15025e-05
1.73965e-05
1.35412e-05
9.54715e-06
3.90731e-06
5.02585e-08
4.51793e-08
3.09714e-06
1.01211e-05
1.61126e-05
2.0327e-05
2.30099e-05
2.45548e-05
2.53767e-05
2.59009e-05
2.65039e-05
2.73929e-05
2.85426e-05
2.97636e-05
3.08353e-05
3.16033e-05
3.20087e-05
3.20726e-05
3.19247e-05
3.15141e-05
3.12011e-05
3.06769e-05
2.98118e-05
2.96781e-05
3.0404e-05
3.13812e-05
3.24031e-05
3.35743e-05
3.47441e-05
3.58706e-05
3.69443e-05
3.78888e-05
3.87486e-05
3.95428e-05
4.02259e-05
4.07668e-05
4.1243e-05
4.1622e-05
4.19969e-05
4.2267e-05
4.25081e-05
4.27168e-05
4.29158e-05
4.31026e-05
4.3278e-05
4.34516e-05
4.36197e-05
4.37918e-05
4.39744e-05
4.41776e-05
4.44119e-05
4.46887e-05
4.50202e-05
4.54183e-05
4.58902e-05
4.64335e-05
4.70605e-05
4.77612e-05
4.85147e-05
4.92836e-05
5.00176e-05
5.07249e-05
5.11216e-05
5.12529e-05
5.10095e-05
5.02016e-05
4.97032e-05
4.84815e-05
4.67102e-05
4.44507e-05
4.17879e-05
3.87922e-05
3.54936e-05
3.18715e-05
2.79016e-05
2.37393e-05
1.9517e-05
1.53837e-05
1.08857e-05
4.32903e-06
5.44027e-08
6.71849e-08
4.35029e-06
1.30548e-05
1.99544e-05
2.4482e-05
2.71573e-05
2.85711e-05
2.92962e-05
2.98512e-05
3.05941e-05
3.16244e-05
3.28109e-05
3.39222e-05
3.47571e-05
3.5213e-05
3.52899e-05
3.48331e-05
3.43891e-05
3.39337e-05
3.27509e-05
3.24241e-05
3.29283e-05
3.37939e-05
3.45918e-05
3.54914e-05
3.63942e-05
3.73028e-05
3.80857e-05
3.87593e-05
3.93339e-05
3.98263e-05
4.02422e-05
4.05539e-05
4.07732e-05
4.09148e-05
4.10079e-05
4.10514e-05
4.10684e-05
4.10231e-05
4.09893e-05
4.09622e-05
4.0866e-05
4.07921e-05
4.0683e-05
4.05815e-05
4.04577e-05
4.03339e-05
4.02015e-05
4.00705e-05
3.99504e-05
3.98563e-05
3.98076e-05
3.98353e-05
3.99847e-05
4.02345e-05
4.06367e-05
4.12304e-05
4.20119e-05
4.29381e-05
4.3964e-05
4.50617e-05
4.60957e-05
4.69974e-05
4.74102e-05
4.74316e-05
4.6973e-05
4.66497e-05
4.54237e-05
4.35605e-05
4.11895e-05
3.84553e-05
3.54712e-05
3.2268e-05
2.87476e-05
2.48091e-05
2.07336e-05
1.63149e-05
1.11879e-05
4.32096e-06
5.28844e-08
9.66495e-08
5.91349e-06
1.63322e-05
2.39892e-05
2.86501e-05
3.11874e-05
3.24068e-05
3.30296e-05
3.36128e-05
3.44355e-05
3.54795e-05
3.65409e-05
3.73826e-05
3.78399e-05
3.78682e-05
3.73558e-05
3.68918e-05
3.58485e-05
3.51103e-05
3.50889e-05
3.56506e-05
3.60533e-05
3.66963e-05
3.73093e-05
3.80456e-05
3.86619e-05
3.92024e-05
3.96034e-05
3.9911e-05
4.01256e-05
4.02662e-05
4.03384e-05
4.035e-05
4.03215e-05
4.0266e-05
4.01961e-05
4.01125e-05
4.00202e-05
3.99178e-05
3.98197e-05
3.9667e-05
3.95612e-05
3.94916e-05
3.92723e-05
3.91385e-05
3.8946e-05
3.87586e-05
3.85457e-05
3.83214e-05
3.80757e-05
3.78101e-05
3.75205e-05
3.72042e-05
3.68551e-05
3.65776e-05
3.64142e-05
3.64507e-05
3.68328e-05
3.75479e-05
3.84905e-05
3.97429e-05
4.10852e-05
4.25083e-05
4.38213e-05
4.45185e-05
4.46182e-05
4.45414e-05
4.43502e-05
4.29519e-05
4.08268e-05
3.81664e-05
3.5189e-05
3.20707e-05
2.88502e-05
2.5288e-05
2.12481e-05
1.68462e-05
1.13735e-05
4.21035e-06
4.91951e-08
1.34469e-07
7.76811e-06
1.98593e-05
2.80607e-05
3.27373e-05
3.5064e-05
3.60688e-05
3.65863e-05
3.71561e-05
3.79546e-05
3.88695e-05
3.96665e-05
4.01379e-05
4.00105e-05
3.95334e-05
3.90404e-05
3.77309e-05
3.72461e-05
3.73149e-05
3.73921e-05
3.76707e-05
3.81003e-05
3.86086e-05
3.90563e-05
3.94836e-05
3.97677e-05
3.99692e-05
4.00671e-05
4.01094e-05
4.01003e-05
4.00647e-05
4.00118e-05
3.99557e-05
3.99058e-05
3.98643e-05
3.98314e-05
3.98042e-05
3.97804e-05
3.97534e-05
3.97026e-05
3.96662e-05
3.96415e-05
3.95472e-05
3.9451e-05
3.93492e-05
3.92102e-05
3.90563e-05
3.88711e-05
3.86586e-05
3.8412e-05
3.81301e-05
3.78061e-05
3.74343e-05
3.70109e-05
3.65256e-05
3.59684e-05
3.53479e-05
3.46771e-05
3.42503e-05
3.44454e-05
3.53375e-05
3.65074e-05
3.81042e-05
3.9773e-05
4.14455e-05
4.2391e-05
4.25568e-05
4.2734e-05
4.26395e-05
4.09712e-05
3.84753e-05
3.5405e-05
3.20641e-05
2.86992e-05
2.52822e-05
2.14442e-05
1.69052e-05
1.11245e-05
3.92039e-06
4.49544e-08
1.80975e-07
9.83124e-06
2.3463e-05
3.20862e-05
3.66853e-05
3.87605e-05
3.95399e-05
3.99265e-05
4.04072e-05
4.10617e-05
4.17186e-05
4.21481e-05
4.19169e-05
4.13785e-05
4.08037e-05
3.97226e-05
3.91787e-05
3.89609e-05
3.87369e-05
3.88949e-05
3.914e-05
3.94484e-05
3.97312e-05
3.99299e-05
4.00633e-05
4.00959e-05
4.00877e-05
4.0041e-05
3.99962e-05
3.99587e-05
3.99465e-05
3.99602e-05
4.00024e-05
4.00677e-05
4.01492e-05
4.02383e-05
4.0323e-05
4.04094e-05
4.04612e-05
4.04878e-05
4.05353e-05
4.05155e-05
4.04797e-05
4.04146e-05
4.03244e-05
4.02032e-05
4.00586e-05
3.98875e-05
3.96947e-05
3.94747e-05
3.9223e-05
3.89321e-05
3.85904e-05
3.81797e-05
3.76972e-05
3.71139e-05
3.64153e-05
3.55933e-05
3.46784e-05
3.37165e-05
3.27823e-05
3.29834e-05
3.41432e-05
3.56771e-05
3.76547e-05
3.96148e-05
4.08022e-05
4.10566e-05
4.13254e-05
4.12385e-05
3.92406e-05
3.63077e-05
3.27581e-05
2.89776e-05
2.52543e-05
2.14054e-05
1.68516e-05
1.08385e-05
3.6343e-06
4.13915e-08
2.37045e-07
1.19302e-05
2.70041e-05
3.59779e-05
4.04478e-05
4.22491e-05
4.27841e-05
4.29894e-05
4.32875e-05
4.36826e-05
4.39764e-05
4.3659e-05
4.30294e-05
4.23795e-05
4.14584e-05
4.0809e-05
4.02242e-05
3.99284e-05
3.98107e-05
3.99225e-05
4.00374e-05
4.01552e-05
4.0211e-05
4.02049e-05
4.01626e-05
4.00943e-05
4.00478e-05
4.003e-05
4.00634e-05
4.01434e-05
4.0271e-05
4.04336e-05
4.06214e-05
4.08206e-05
4.10176e-05
4.12351e-05
4.13891e-05
4.14827e-05
4.16437e-05
4.17189e-05
4.1779e-05
4.17891e-05
4.17739e-05
4.17196e-05
4.16328e-05
4.15102e-05
4.13552e-05
4.11665e-05
4.09458e-05
4.06927e-05
4.04082e-05
4.00926e-05
3.97464e-05
3.93684e-05
3.89556e-05
3.84813e-05
3.78972e-05
3.71527e-05
3.62318e-05
3.51235e-05
3.38832e-05
3.26669e-05
3.15969e-05
3.22093e-05
3.37946e-05
3.59017e-05
3.80883e-05
3.95339e-05
3.9874e-05
4.01207e-05
3.99082e-05
3.7527e-05
3.41118e-05
3.00471e-05
2.57689e-05
2.15523e-05
1.68205e-05
1.08064e-05
3.54585e-06
3.99331e-08
3.05152e-07
1.38701e-05
3.03906e-05
3.96774e-05
4.39888e-05
4.54981e-05
4.57566e-05
4.57135e-05
4.57327e-05
4.57677e-05
4.53448e-05
4.46046e-05
4.39008e-05
4.30557e-05
4.22965e-05
4.13836e-05
4.0895e-05
4.06214e-05
4.05028e-05
4.04909e-05
4.0449e-05
4.03977e-05
4.031e-05
4.02204e-05
4.01573e-05
4.0142e-05
4.01988e-05
4.03235e-05
4.05158e-05
4.0758e-05
4.10374e-05
4.13351e-05
4.16375e-05
4.19575e-05
4.22546e-05
4.24576e-05
4.26507e-05
4.28717e-05
4.30344e-05
4.31454e-05
4.32268e-05
4.32636e-05
4.32652e-05
4.32251e-05
4.31469e-05
4.30289e-05
4.28726e-05
4.26778e-05
4.24452e-05
4.21751e-05
4.18675e-05
4.1522e-05
4.11372e-05
4.07116e-05
4.0243e-05
3.97301e-05
3.91714e-05
3.8561e-05
3.78294e-05
3.68841e-05
3.56736e-05
3.42513e-05
3.27296e-05
3.13655e-05
3.0805e-05
3.23204e-05
3.43569e-05
3.68056e-05
3.84326e-05
3.88229e-05
3.89702e-05
3.84566e-05
3.56279e-05
3.17019e-05
2.7101e-05
2.22567e-05
1.71758e-05
1.10197e-05
3.67615e-06
4.11439e-08
3.807e-07
1.57903e-05
3.36107e-05
4.3151e-05
4.72788e-05
4.84751e-05
4.84139e-05
4.80488e-05
4.76991e-05
4.70993e-05
4.62118e-05
4.54685e-05
4.45876e-05
4.36948e-05
4.2557e-05
4.17783e-05
4.13258e-05
4.10292e-05
4.08427e-05
4.07003e-05
4.05458e-05
4.0414e-05
4.03076e-05
4.02683e-05
4.03121e-05
4.04477e-05
4.06725e-05
4.0968e-05
4.13177e-05
4.16989e-05
4.20951e-05
4.24896e-05
4.28949e-05
4.32679e-05
4.35791e-05
4.38457e-05
4.40997e-05
4.43552e-05
4.45516e-05
4.46973e-05
4.4807e-05
4.48721e-05
4.48957e-05
4.48749e-05
4.48106e-05
4.47019e-05
4.45492e-05
4.43527e-05
4.41131e-05
4.3831e-05
4.3507e-05
4.31409e-05
4.27318e-05
4.2277e-05
4.17728e-05
4.1214e-05
4.05954e-05
3.99147e-05
3.91744e-05
3.83743e-05
3.74075e-05
3.6151e-05
3.46036e-05
3.28791e-05
3.11985e-05
2.99282e-05
3.1013e-05
3.30615e-05
3.56799e-05
3.73976e-05
3.77674e-05
3.77631e-05
3.67099e-05
3.3375e-05
2.89309e-05
2.37227e-05
1.81578e-05
1.17731e-05
4.11387e-06
4.66797e-08
4.61532e-07
1.76533e-05
3.66213e-05
4.63656e-05
5.02919e-05
5.1153e-05
5.07244e-05
4.99642e-05
4.90683e-05
4.79638e-05
4.71717e-05
4.60951e-05
4.50709e-05
4.37542e-05
4.27017e-05
4.19974e-05
4.1533e-05
4.11862e-05
4.0925e-05
4.07057e-05
4.05269e-05
4.04259e-05
4.04149e-05
4.0519e-05
4.07329e-05
4.10455e-05
4.14353e-05
4.18773e-05
4.23503e-05
4.28341e-05
4.33151e-05
4.37816e-05
4.42268e-05
4.46448e-05
4.50206e-05
4.53464e-05
4.56502e-05
4.59028e-05
4.61636e-05
4.63533e-05
4.64951e-05
4.65933e-05
4.66435e-05
4.66451e-05
4.65969e-05
4.64979e-05
4.6348e-05
4.61472e-05
4.58966e-05
4.55975e-05
4.52516e-05
4.48608e-05
4.4426e-05
4.3947e-05
4.3421e-05
4.28418e-05
4.22e-05
4.14841e-05
4.06841e-05
3.97989e-05
3.88431e-05
3.77953e-05
3.64856e-05
3.4823e-05
3.29315e-05
3.10111e-05
2.95089e-05
2.99176e-05
3.19605e-05
3.46724e-05
3.63466e-05
3.65794e-05
3.64438e-05
3.45087e-05
3.06964e-05
2.55993e-05
1.97236e-05
1.30093e-05
4.95631e-06
6.04252e-08
5.45008e-07
1.94163e-05
3.93821e-05
4.9296e-05
5.30105e-05
5.35211e-05
5.269e-05
5.14391e-05
5.00336e-05
4.91334e-05
4.76858e-05
4.65224e-05
4.50216e-05
4.37165e-05
4.27348e-05
4.20557e-05
4.15591e-05
4.1172e-05
4.08796e-05
4.0668e-05
4.056e-05
4.05806e-05
4.07322e-05
4.10139e-05
4.14015e-05
4.18709e-05
4.23939e-05
4.29468e-05
4.35105e-05
4.40701e-05
4.46152e-05
4.51381e-05
4.56333e-05
4.60962e-05
4.65227e-05
4.69315e-05
4.72894e-05
4.75713e-05
4.78305e-05
4.81121e-05
4.82872e-05
4.84219e-05
4.85031e-05
4.85293e-05
4.84991e-05
4.84104e-05
4.82625e-05
4.8055e-05
4.77887e-05
4.74651e-05
4.70871e-05
4.66584e-05
4.61828e-05
4.5664e-05
4.51038e-05
4.45005e-05
4.38472e-05
4.31301e-05
4.23291e-05
4.14214e-05
4.03918e-05
3.92495e-05
3.80102e-05
3.65925e-05
3.48526e-05
3.28303e-05
3.07627e-05
2.90227e-05
2.89964e-05
3.09973e-05
3.37622e-05
3.52358e-05
3.5226e-05
3.48408e-05
3.19394e-05
2.73359e-05
2.15073e-05
1.45551e-05
5.95869e-06
8.3062e-08
6.28774e-07
2.10403e-05
4.18678e-05
5.19322e-05
5.54254e-05
5.55882e-05
5.42634e-05
5.262e-05
5.13761e-05
4.95548e-05
4.81353e-05
4.64353e-05
4.48722e-05
4.36036e-05
4.26671e-05
4.19886e-05
4.1473e-05
4.10878e-05
4.08327e-05
4.07115e-05
4.07442e-05
4.09335e-05
4.12641e-05
4.17137e-05
4.22491e-05
4.28425e-05
4.34678e-05
4.41056e-05
4.47415e-05
4.53651e-05
4.59694e-05
4.65492e-05
4.71008e-05
4.76214e-05
4.81088e-05
4.85619e-05
4.89923e-05
4.93583e-05
4.9625e-05
4.99228e-05
5.0185e-05
5.03445e-05
5.04628e-05
5.05151e-05
5.05057e-05
5.043e-05
5.02868e-05
5.00745e-05
4.97932e-05
4.94438e-05
4.90291e-05
4.85533e-05
4.80223e-05
4.74431e-05
4.6823e-05
4.61675e-05
4.5478e-05
4.47486e-05
4.3963e-05
4.30927e-05
4.20994e-05
4.09456e-05
3.96201e-05
3.81522e-05
3.64572e-05
3.46639e-05
3.25517e-05
3.0397e-05
2.84647e-05
2.82216e-05
3.01432e-05
3.28024e-05
3.41176e-05
3.35466e-05
3.24227e-05
2.85713e-05
2.31043e-05
1.616e-05
7.00272e-06
1.12522e-07
7.10926e-07
2.24804e-05
4.40769e-05
5.43109e-05
5.75067e-05
5.71461e-05
5.55602e-05
5.38629e-05
5.17746e-05
4.99985e-05
4.80757e-05
4.62367e-05
4.46603e-05
4.34315e-05
4.25229e-05
4.18498e-05
4.13538e-05
4.10278e-05
4.0876e-05
4.09019e-05
4.11072e-05
4.14717e-05
4.19656e-05
4.2556e-05
4.32096e-05
4.39007e-05
4.46085e-05
4.53187e-05
4.60208e-05
4.67076e-05
4.73742e-05
4.80163e-05
4.86307e-05
4.92141e-05
4.97632e-05
5.02746e-05
5.07588e-05
5.12033e-05
5.14993e-05
5.18002e-05
5.21489e-05
5.23357e-05
5.24891e-05
5.25692e-05
5.25829e-05
5.25242e-05
5.2391e-05
5.21808e-05
5.1892e-05
5.15241e-05
5.10786e-05
5.05586e-05
4.99699e-05
4.93207e-05
4.86216e-05
4.78841e-05
4.71188e-05
4.63317e-05
4.55201e-05
4.46666e-05
4.37351e-05
4.26704e-05
4.14073e-05
3.99531e-05
3.82798e-05
3.61507e-05
3.42148e-05
3.21242e-05
2.98473e-05
2.77451e-05
2.76081e-05
2.94399e-05
3.16377e-05
3.24463e-05
3.17392e-05
2.91789e-05
2.42994e-05
1.76099e-05
7.9531e-06
1.46954e-07
7.89939e-07
2.37694e-05
4.6008e-05
5.62644e-05
5.90861e-05
5.85751e-05
5.70038e-05
5.47213e-05
5.22057e-05
5.0027e-05
4.78884e-05
4.59731e-05
4.44105e-05
4.32195e-05
4.23387e-05
4.16989e-05
4.12717e-05
4.10577e-05
4.10542e-05
4.12514e-05
4.16291e-05
4.2152e-05
4.27832e-05
4.34882e-05
4.42381e-05
4.50118e-05
4.57936e-05
4.6573e-05
4.73424e-05
4.8096e-05
4.88292e-05
4.95376e-05
5.0217e-05
5.08631e-05
5.14718e-05
5.20389e-05
5.25614e-05
5.30607e-05
5.34283e-05
5.37331e-05
5.41117e-05
5.43522e-05
5.45297e-05
5.46381e-05
5.46751e-05
5.46368e-05
5.45197e-05
5.43203e-05
5.40356e-05
5.36633e-05
5.32022e-05
5.26534e-05
5.20203e-05
5.13096e-05
5.0532e-05
4.97015e-05
4.88348e-05
4.79486e-05
4.70553e-05
4.61569e-05
4.52368e-05
4.42522e-05
4.3129e-05
4.17681e-05
4.0212e-05
3.82416e-05
3.57801e-05
3.36377e-05
3.15194e-05
2.90502e-05
2.6784e-05
2.70267e-05
2.9051e-05
3.0426e-05
3.04335e-05
2.9262e-05
2.50561e-05
1.875e-05
8.72913e-06
1.84683e-07
8.62746e-07
2.48679e-05
4.75626e-05
5.77761e-05
6.03597e-05
6.00267e-05
5.78671e-05
5.50489e-05
5.24784e-05
4.99136e-05
4.76238e-05
4.56761e-05
4.41419e-05
4.29916e-05
4.21559e-05
4.15879e-05
4.12739e-05
4.12077e-05
4.13714e-05
4.1738e-05
4.22714e-05
4.29292e-05
4.36744e-05
4.44758e-05
4.53098e-05
4.61599e-05
4.70143e-05
4.78646e-05
4.87043e-05
4.95276e-05
5.03289e-05
5.11028e-05
5.18439e-05
5.2547e-05
5.32072e-05
5.38199e-05
5.43811e-05
5.49197e-05
5.53559e-05
5.56543e-05
5.60404e-05
5.63334e-05
5.65266e-05
5.6659e-05
5.67172e-05
5.67001e-05
5.66033e-05
5.64228e-05
5.61543e-05
5.57934e-05
5.53368e-05
5.4782e-05
5.4129e-05
5.33809e-05
5.25451e-05
5.16342e-05
5.06659e-05
4.96626e-05
4.86481e-05
4.76426e-05
4.66541e-05
4.56684e-05
4.46367e-05
4.34658e-05
4.20171e-05
4.03089e-05
3.78876e-05
3.52383e-05
3.294e-05
3.07313e-05
2.79432e-05
2.57406e-05
2.63875e-05
2.83973e-05
2.94142e-05
2.8299e-05
2.53236e-05
1.95371e-05
9.32216e-06
2.24568e-07
9.26777e-07
2.57496e-05
4.87385e-05
5.89216e-05
6.16158e-05
6.10918e-05
5.86217e-05
5.54814e-05
5.24731e-05
4.97047e-05
4.73174e-05
4.53672e-05
4.38724e-05
4.27743e-05
4.20109e-05
4.15516e-05
4.13815e-05
4.14784e-05
4.18075e-05
4.23283e-05
4.2996e-05
4.37685e-05
4.46117e-05
4.54992e-05
4.64124e-05
4.73382e-05
4.82667e-05
4.91902e-05
5.01016e-05
5.09941e-05
5.18607e-05
5.26948e-05
5.349e-05
5.42405e-05
5.49416e-05
5.55891e-05
5.61798e-05
5.67363e-05
5.72254e-05
5.75234e-05
5.78884e-05
5.82252e-05
5.84258e-05
5.85742e-05
5.86485e-05
5.86502e-05
5.85747e-05
5.84179e-05
5.81747e-05
5.78393e-05
5.74061e-05
5.68696e-05
5.62256e-05
5.54724e-05
5.46121e-05
5.36524e-05
5.26076e-05
5.14995e-05
5.03569e-05
4.92115e-05
4.80922e-05
4.70138e-05
4.59643e-05
4.48882e-05
4.36724e-05
4.21385e-05
4.00982e-05
3.73282e-05
3.45105e-05
3.21382e-05
2.97175e-05
2.66739e-05
2.49383e-05
2.58249e-05
2.70408e-05
2.71315e-05
2.52645e-05
1.9971e-05
9.71068e-06
2.66113e-07
9.80616e-07
2.642e-05
4.9584e-05
5.98219e-05
6.25555e-05
6.18471e-05
5.89399e-05
5.56369e-05
5.23626e-05
4.94374e-05
4.69938e-05
4.50629e-05
4.36191e-05
4.25915e-05
4.1929e-05
4.16055e-05
4.15934e-05
4.18522e-05
4.2334e-05
4.29901e-05
4.37741e-05
4.46469e-05
4.55788e-05
4.65483e-05
4.75399e-05
4.85424e-05
4.95463e-05
5.05432e-05
5.15245e-05
5.24818e-05
5.34069e-05
5.42919e-05
5.51303e-05
5.59162e-05
5.66454e-05
5.73145e-05
5.79218e-05
5.84695e-05
5.89823e-05
5.93063e-05
5.96187e-05
5.99871e-05
6.01866e-05
6.03403e-05
6.04232e-05
6.0438e-05
6.03809e-05
6.02483e-05
6.00348e-05
5.97342e-05
5.9339e-05
5.88413e-05
5.82331e-05
5.75077e-05
5.6661e-05
5.56936e-05
5.4613e-05
5.34357e-05
5.21883e-05
5.09067e-05
4.96323e-05
4.84031e-05
4.72408e-05
4.61325e-05
4.50105e-05
4.37285e-05
4.20373e-05
3.94776e-05
3.65299e-05
3.361e-05
3.1175e-05
2.83491e-05
2.5014e-05
2.42757e-05
2.54486e-05
2.61878e-05
2.46746e-05
2.00514e-05
9.88769e-06
3.09294e-07
1.02349e-06
2.68813e-05
5.01559e-05
6.0441e-05
6.32739e-05
6.243e-05
5.9359e-05
5.56812e-05
5.21807e-05
4.9139e-05
4.66706e-05
4.47758e-05
4.3397e-05
4.24605e-05
4.19223e-05
4.17491e-05
4.18954e-05
4.23056e-05
4.29238e-05
4.36987e-05
4.45856e-05
4.555e-05
4.65664e-05
4.76166e-05
4.86872e-05
4.97669e-05
5.08456e-05
5.1913e-05
5.29589e-05
5.39734e-05
5.4947e-05
5.58717e-05
5.67406e-05
5.75485e-05
5.82915e-05
5.89672e-05
5.95742e-05
6.01117e-05
6.06176e-05
6.09718e-05
6.12155e-05
6.15937e-05
6.17864e-05
6.19331e-05
6.2015e-05
6.20345e-05
6.19894e-05
6.1877e-05
6.16926e-05
6.143e-05
6.10811e-05
6.06362e-05
6.00844e-05
5.94145e-05
5.86165e-05
5.76833e-05
5.66136e-05
5.54148e-05
5.41062e-05
5.27201e-05
5.13018e-05
4.99036e-05
4.85744e-05
4.73426e-05
4.61957e-05
4.50587e-05
4.37709e-05
4.16224e-05
3.85684e-05
3.55149e-05
3.25303e-05
2.99615e-05
2.6475e-05
2.35246e-05
2.34408e-05
2.38883e-05
2.36113e-05
1.99311e-05
1.00196e-05
3.56021e-07
1.0553e-06
2.71519e-05
5.04832e-05
6.08025e-05
6.38093e-05
6.26946e-05
5.95155e-05
5.56292e-05
5.19525e-05
4.88291e-05
4.63603e-05
4.45161e-05
4.32172e-05
4.23906e-05
4.19913e-05
4.19714e-05
4.22681e-05
4.28158e-05
4.35554e-05
4.44363e-05
4.54176e-05
4.64689e-05
4.75681e-05
4.86989e-05
4.98482e-05
5.10039e-05
5.21539e-05
5.32863e-05
5.4389e-05
5.5451e-05
5.64623e-05
5.74148e-05
5.8302e-05
5.91192e-05
5.98637e-05
6.05338e-05
6.11294e-05
6.16511e-05
6.212e-05
6.24913e-05
6.27079e-05
6.30266e-05
6.3221e-05
6.33474e-05
6.34175e-05
6.34313e-05
6.3389e-05
6.32891e-05
6.31283e-05
6.29012e-05
6.25999e-05
6.22141e-05
6.17311e-05
6.11363e-05
6.04145e-05
5.95516e-05
5.8537e-05
5.73675e-05
5.60508e-05
5.46099e-05
5.30852e-05
5.1533e-05
5.00179e-05
4.85972e-05
4.72982e-05
4.60909e-05
4.48624e-05
4.33878e-05
4.0766e-05
3.75324e-05
3.43882e-05
3.11537e-05
2.8187e-05
2.42859e-05
2.25707e-05
2.27635e-05
2.28478e-05
1.98058e-05
1.03451e-05
4.15142e-07
1.07654e-06
2.72564e-05
5.05545e-05
6.08729e-05
6.39967e-05
6.29974e-05
5.95777e-05
5.55104e-05
5.16981e-05
4.8522e-05
4.60718e-05
4.42912e-05
4.30861e-05
4.23831e-05
4.21286e-05
4.22571e-05
4.26925e-05
4.33641e-05
4.4213e-05
4.51911e-05
4.62614e-05
4.7397e-05
4.85781e-05
4.97888e-05
5.10151e-05
5.22432e-05
5.34591e-05
5.46489e-05
5.57995e-05
5.68991e-05
5.79376e-05
5.89073e-05
5.98023e-05
6.06188e-05
6.1355e-05
6.20103e-05
6.25856e-05
6.3083e-05
6.35056e-05
6.38707e-05
6.40883e-05
6.43105e-05
6.44992e-05
6.45945e-05
6.46413e-05
6.46382e-05
6.45875e-05
6.44896e-05
6.4343e-05
6.41438e-05
6.38853e-05
6.35575e-05
6.3147e-05
6.26374e-05
6.20096e-05
6.12436e-05
6.03206e-05
5.9226e-05
5.79549e-05
5.65165e-05
5.494e-05
5.32769e-05
5.15988e-05
4.99861e-05
4.85079e-05
4.71929e-05
4.59996e-05
4.47888e-05
4.26793e-05
3.94859e-05
3.63362e-05
3.30482e-05
2.95271e-05
2.58598e-05
2.21451e-05
2.14432e-05
2.13445e-05
1.95359e-05
1.09622e-05
4.95185e-07
1.08738e-06
2.71901e-05
5.03645e-05
6.08134e-05
6.41475e-05
6.3058e-05
5.95449e-05
5.53448e-05
5.14331e-05
4.82281e-05
4.58113e-05
4.41055e-05
4.30057e-05
4.24339e-05
4.23229e-05
4.25907e-05
4.31524e-05
4.39363e-05
4.48852e-05
4.59544e-05
4.71103e-05
4.83285e-05
4.959e-05
5.08785e-05
5.21784e-05
5.34737e-05
5.47486e-05
5.59879e-05
5.71777e-05
5.83059e-05
5.93629e-05
6.03415e-05
6.12367e-05
6.20456e-05
6.2767e-05
6.34014e-05
6.39501e-05
6.44153e-05
6.47994e-05
6.51387e-05
6.5352e-05
6.54783e-05
6.56429e-05
6.56979e-05
6.57102e-05
6.56786e-05
6.56073e-05
6.5499e-05
6.53545e-05
6.5172e-05
6.49464e-05
6.46691e-05
6.43273e-05
6.39039e-05
6.33777e-05
6.27244e-05
6.19182e-05
6.09348e-05
5.97561e-05
5.83758e-05
5.68067e-05
5.50869e-05
5.32825e-05
5.14822e-05
4.97802e-05
4.82469e-05
4.68921e-05
4.56318e-05
4.42604e-05
4.14671e-05
3.80552e-05
3.47652e-05
3.11895e-05
2.75057e-05
2.29638e-05
2.0872e-05
1.98067e-05
1.90056e-05
1.16577e-05
5.96548e-07
1.0869e-06
2.7021e-05
5.01095e-05
6.06079e-05
6.4174e-05
6.30146e-05
5.94397e-05
5.51488e-05
5.11692e-05
4.79545e-05
4.55829e-05
4.39609e-05
4.29739e-05
4.25354e-05
4.2562e-05
4.29582e-05
4.3635e-05
4.45216e-05
4.55635e-05
4.67193e-05
4.79581e-05
4.92569e-05
5.05966e-05
5.19595e-05
5.3328e-05
5.46844e-05
5.60113e-05
5.72925e-05
5.85139e-05
5.96639e-05
6.07332e-05
6.17155e-05
6.26065e-05
6.34043e-05
6.41083e-05
6.47197e-05
6.52404e-05
6.56738e-05
6.60246e-05
6.63027e-05
6.64796e-05
6.65691e-05
6.66824e-05
6.66886e-05
6.66558e-05
6.65844e-05
6.64804e-05
6.63486e-05
6.61925e-05
6.60126e-05
6.58065e-05
6.55676e-05
6.52844e-05
6.49407e-05
6.45145e-05
6.3979e-05
6.33035e-05
6.24557e-05
6.14057e-05
6.01319e-05
5.86287e-05
5.69158e-05
5.50457e-05
5.31054e-05
5.12066e-05
4.94599e-05
4.79354e-05
4.66215e-05
4.53971e-05
4.32741e-05
3.98481e-05
3.66114e-05
3.27569e-05
2.87348e-05
2.44342e-05
2.07029e-05
1.92748e-05
1.8581e-05
1.22731e-05
7.15088e-07
1.08136e-06
2.67529e-05
4.96973e-05
6.0211e-05
6.39739e-05
6.28647e-05
5.92767e-05
5.49349e-05
5.0915e-05
4.77063e-05
4.53887e-05
4.38569e-05
4.29864e-05
4.26786e-05
4.28342e-05
4.33483e-05
4.41303e-05
4.51118e-05
4.62412e-05
4.74798e-05
4.87988e-05
5.01754e-05
5.15898e-05
5.30226e-05
5.44542e-05
5.58654e-05
5.72377e-05
5.85547e-05
5.98023e-05
6.09695e-05
6.20478e-05
6.30316e-05
6.39174e-05
6.47038e-05
6.53908e-05
6.59795e-05
6.64724e-05
6.68725e-05
6.71839e-05
6.74114e-05
6.7539e-05
6.75955e-05
6.76507e-05
6.76005e-05
6.75133e-05
6.73917e-05
6.72431e-05
6.70747e-05
6.68927e-05
6.67006e-05
6.64985e-05
6.62826e-05
6.60439e-05
6.57674e-05
6.54321e-05
6.50104e-05
6.44686e-05
6.37687e-05
6.28712e-05
6.17405e-05
6.03526e-05
5.87055e-05
5.68304e-05
5.48e-05
5.27266e-05
5.07437e-05
4.89658e-05
4.74362e-05
4.6078e-05
4.46683e-05
4.16898e-05
3.81824e-05
3.46028e-05
3.04637e-05
2.59471e-05
2.08376e-05
1.87259e-05
1.76231e-05
1.29211e-05
8.39812e-07
1.06891e-06
2.64289e-05
4.90203e-05
5.96803e-05
6.36428e-05
6.26249e-05
5.90686e-05
5.47129e-05
5.06771e-05
4.74867e-05
4.52293e-05
4.37911e-05
4.30372e-05
4.28545e-05
4.31296e-05
4.37515e-05
4.46304e-05
4.57002e-05
4.69122e-05
4.823e-05
4.96258e-05
5.10767e-05
5.25615e-05
5.4059e-05
5.55481e-05
5.70083e-05
5.84208e-05
5.97691e-05
6.10397e-05
6.22221e-05
6.33088e-05
6.42948e-05
6.51772e-05
6.59548e-05
6.66276e-05
6.71967e-05
6.76641e-05
6.80326e-05
6.83058e-05
6.84881e-05
6.85611e-05
6.85819e-05
6.8579e-05
6.84671e-05
6.83174e-05
6.81362e-05
6.79321e-05
6.77148e-05
6.7493e-05
6.72734e-05
6.70592e-05
6.68496e-05
6.66383e-05
6.6413e-05
6.61544e-05
6.58354e-05
6.54214e-05
6.48708e-05
6.41374e-05
6.31739e-05
6.19396e-05
6.04108e-05
5.85939e-05
5.65396e-05
5.43504e-05
5.21722e-05
5.01625e-05
4.84347e-05
4.69974e-05
4.57122e-05
4.32776e-05
3.96638e-05
3.64891e-05
3.18494e-05
2.71638e-05
2.20434e-05
1.85003e-05
1.64421e-05
1.34353e-05
9.42708e-07
1.04942e-06
2.60151e-05
4.82721e-05
5.90607e-05
6.319e-05
6.23081e-05
5.88257e-05
5.44904e-05
5.046e-05
4.72979e-05
4.51042e-05
4.37604e-05
4.312e-05
4.30548e-05
4.34398e-05
4.41604e-05
4.51285e-05
4.62808e-05
4.75707e-05
4.89638e-05
5.04325e-05
5.19534e-05
5.35036e-05
5.50606e-05
5.6602e-05
5.81065e-05
5.95554e-05
6.09324e-05
6.22249e-05
6.3423e-05
6.452e-05
6.55113e-05
6.63943e-05
6.71677e-05
6.78313e-05
6.83857e-05
6.88323e-05
6.91736e-05
6.94132e-05
6.95566e-05
6.9573e-05
6.95406e-05
6.94962e-05
6.93174e-05
6.90985e-05
6.88497e-05
6.85807e-05
6.83032e-05
6.8029e-05
6.77675e-05
6.75253e-05
6.7305e-05
6.71034e-05
6.69113e-05
6.67118e-05
6.64797e-05
6.6181e-05
6.57726e-05
6.52039e-05
6.44192e-05
6.33638e-05
6.19935e-05
6.02885e-05
5.82711e-05
5.60205e-05
5.36768e-05
5.14188e-05
4.94103e-05
4.77273e-05
4.62971e-05
4.45831e-05
4.11408e-05
3.79701e-05
3.3694e-05
2.87533e-05
2.34392e-05
1.89647e-05
1.57189e-05
1.36381e-05
9.90959e-07
1.0239e-06
2.54914e-05
4.74092e-05
5.83453e-05
6.26389e-05
6.19267e-05
5.85563e-05
5.42729e-05
5.02671e-05
4.71406e-05
4.50119e-05
4.37608e-05
4.32284e-05
4.32722e-05
4.37576e-05
4.45686e-05
4.5619e-05
4.6848e-05
4.82112e-05
4.9675e-05
5.12123e-05
5.27982e-05
5.44088e-05
5.60203e-05
5.76094e-05
5.91547e-05
6.06376e-05
6.20427e-05
6.33578e-05
6.4574e-05
6.5685e-05
6.66865e-05
6.75759e-05
6.83514e-05
6.90122e-05
6.95582e-05
6.999e-05
7.03093e-05
7.05191e-05
7.06243e-05
7.0605e-05
7.05063e-05
7.04189e-05
7.01735e-05
6.98812e-05
6.95585e-05
6.92165e-05
6.88693e-05
6.85312e-05
6.82149e-05
6.79303e-05
6.76831e-05
6.74739e-05
6.72966e-05
6.71376e-05
6.69741e-05
6.67738e-05
6.64941e-05
6.60823e-05
6.54773e-05
6.46137e-05
6.34299e-05
6.18816e-05
5.99605e-05
5.77159e-05
5.52703e-05
5.28116e-05
5.05493e-05
4.8634e-05
4.70712e-05
4.56709e-05
4.26988e-05
3.92996e-05
3.56356e-05
2.99767e-05
2.45666e-05
1.88977e-05
1.58344e-05
1.36247e-05
9.99631e-07
9.93811e-07
2.49307e-05
4.64571e-05
5.754e-05
6.2006e-05
6.14917e-05
5.82674e-05
5.40646e-05
5.01002e-05
4.70151e-05
4.49507e-05
4.3788e-05
4.33566e-05
4.35002e-05
4.40769e-05
4.49704e-05
4.60966e-05
4.73967e-05
4.8828e-05
5.03578e-05
5.19584e-05
5.36043e-05
5.52703e-05
5.69317e-05
5.85648e-05
6.01485e-05
6.16646e-05
6.30983e-05
6.44384e-05
6.56764e-05
6.68065e-05
6.78242e-05
6.87267e-05
6.95116e-05
7.01771e-05
7.07221e-05
7.11462e-05
7.145e-05
7.16358e-05
7.17075e-05
7.16618e-05
7.14917e-05
7.13573e-05
7.1051e-05
7.06828e-05
7.02812e-05
6.98601e-05
6.94355e-05
6.90242e-05
6.86419e-05
6.8302e-05
6.80135e-05
6.77807e-05
6.76008e-05
6.74637e-05
6.73498e-05
6.72293e-05
6.70611e-05
6.67924e-05
6.63593e-05
6.56894e-05
6.47074e-05
6.33471e-05
6.15697e-05
5.93893e-05
5.68976e-05
5.42727e-05
5.17507e-05
4.95472e-05
4.77556e-05
4.62829e-05
4.39162e-05
4.03229e-05
3.72972e-05
3.15471e-05
2.57944e-05
1.95547e-05
1.56089e-05
1.33721e-05
9.79493e-07
9.60327e-07
2.43528e-05
4.54367e-05
5.66555e-05
6.13043e-05
6.10124e-05
5.79643e-05
5.38683e-05
4.99607e-05
4.6921e-05
4.49181e-05
4.38378e-05
4.3499e-05
4.3733e-05
4.43924e-05
4.53609e-05
4.65562e-05
4.79217e-05
4.94158e-05
5.10062e-05
5.26649e-05
5.43655e-05
5.60821e-05
5.77894e-05
5.94638e-05
6.10843e-05
6.26337e-05
6.40978e-05
6.5466e-05
6.67304e-05
6.78852e-05
6.89258e-05
6.98487e-05
7.06506e-05
7.13286e-05
7.18804e-05
7.23044e-05
7.26003e-05
7.27695e-05
7.28155e-05
7.27441e-05
7.25041e-05
7.2305e-05
7.19615e-05
7.15125e-05
7.1029e-05
7.05245e-05
7.00167e-05
6.95249e-05
6.90678e-05
6.86619e-05
6.83199e-05
6.80493e-05
6.78513e-05
6.7719e-05
6.76363e-05
6.75765e-05
6.75009e-05
6.73581e-05
6.70836e-05
6.66008e-05
6.58249e-05
6.46721e-05
6.3076e-05
6.10143e-05
5.85403e-05
5.58082e-05
5.30636e-05
5.05762e-05
4.85166e-05
4.68355e-05
4.49862e-05
4.13205e-05
3.86602e-05
3.34397e-05
2.70188e-05
2.06661e-05
1.54702e-05
1.31917e-05
9.44001e-07
9.24627e-07
2.37507e-05
4.43596e-05
5.57024e-05
6.05445e-05
6.04964e-05
5.76514e-05
5.36861e-05
4.98488e-05
4.68574e-05
4.49119e-05
4.39064e-05
4.36509e-05
4.39659e-05
4.46993e-05
4.57353e-05
4.69934e-05
4.84181e-05
4.99693e-05
5.16146e-05
5.3326e-05
5.50762e-05
5.68389e-05
5.85886e-05
6.03019e-05
6.19586e-05
6.35419e-05
6.50386e-05
6.64386e-05
6.77342e-05
6.89194e-05
6.99895e-05
7.09398e-05
7.17662e-05
7.24643e-05
7.30305e-05
7.34619e-05
7.3757e-05
7.39164e-05
7.39432e-05
7.38438e-05
7.35407e-05
7.32631e-05
7.28985e-05
7.23711e-05
7.18052e-05
7.12151e-05
7.06206e-05
7.00434e-05
6.9505e-05
6.9025e-05
6.86195e-05
6.82996e-05
6.80699e-05
6.79273e-05
6.78592e-05
6.78421e-05
6.78403e-05
6.78048e-05
6.7672e-05
6.73639e-05
6.67897e-05
6.58524e-05
6.44625e-05
6.25625e-05
6.0163e-05
5.73806e-05
5.44514e-05
5.16863e-05
4.93506e-05
4.75107e-05
4.59255e-05
4.25717e-05
3.96767e-05
3.52829e-05
2.81982e-05
2.17703e-05
1.56171e-05
1.30373e-05
9.02661e-07
8.86637e-07
2.3145e-05
4.32397e-05
5.46916e-05
5.97358e-05
5.995e-05
5.73318e-05
5.35188e-05
4.97642e-05
4.68229e-05
4.49296e-05
4.39898e-05
4.38077e-05
4.41941e-05
4.49932e-05
4.60894e-05
4.74035e-05
4.88815e-05
5.04836e-05
5.21782e-05
5.39365e-05
5.57313e-05
5.75358e-05
5.93247e-05
6.10752e-05
6.27676e-05
6.43859e-05
6.59175e-05
6.73527e-05
6.86839e-05
6.9905e-05
7.10104e-05
7.19945e-05
7.28519e-05
7.35769e-05
7.41643e-05
7.46096e-05
7.491e-05
7.50646e-05
7.50751e-05
7.4946e-05
7.4604e-05
7.4242e-05
7.38516e-05
7.32523e-05
7.26061e-05
7.19308e-05
7.12484e-05
7.05832e-05
6.99594e-05
6.93998e-05
6.89235e-05
6.85451e-05
6.82729e-05
6.81073e-05
6.80392e-05
6.80488e-05
6.81034e-05
6.81568e-05
6.81476e-05
6.7998e-05
6.76147e-05
6.6892e-05
6.5722e-05
6.4016e-05
6.17415e-05
5.89684e-05
5.59047e-05
5.28772e-05
5.02229e-05
4.81178e-05
4.64525e-05
4.36995e-05
4.04627e-05
3.69009e-05
2.94805e-05
2.2709e-05
1.59022e-05
1.29368e-05
8.59366e-07
8.49015e-07
2.2515e-05
4.20794e-05
5.36298e-05
5.8885e-05
5.9378e-05
5.70079e-05
5.33667e-05
4.97066e-05
4.68168e-05
4.49692e-05
4.40853e-05
4.3966e-05
4.4414e-05
4.52703e-05
4.64193e-05
4.77827e-05
4.93074e-05
5.09544e-05
5.26921e-05
5.44919e-05
5.63262e-05
5.81685e-05
5.99937e-05
6.17796e-05
6.35073e-05
6.51615e-05
6.67299e-05
6.82032e-05
6.95738e-05
7.0835e-05
7.19805e-05
7.30036e-05
7.38974e-05
7.46548e-05
7.52689e-05
7.57335e-05
7.60442e-05
7.61987e-05
7.61973e-05
7.60436e-05
7.56736e-05
7.52309e-05
7.48081e-05
7.41445e-05
7.34227e-05
7.26647e-05
7.18956e-05
7.11423e-05
7.04317e-05
6.97893e-05
6.92376e-05
6.87943e-05
6.84712e-05
6.82723e-05
6.81923e-05
6.82147e-05
6.83102e-05
6.84356e-05
6.85321e-05
6.85237e-05
6.83168e-05
6.78007e-05
6.68544e-05
6.53637e-05
6.3255e-05
6.0547e-05
5.74051e-05
5.41538e-05
5.11895e-05
4.87879e-05
4.69252e-05
4.46324e-05
4.11424e-05
3.81634e-05
3.11757e-05
2.37477e-05
1.63769e-05
1.28598e-05
8.1735e-07
8.07623e-07
2.19339e-05
4.09036e-05
5.25278e-05
5.79986e-05
5.87843e-05
5.66809e-05
5.3229e-05
4.96746e-05
4.6837e-05
4.50276e-05
4.41889e-05
4.41215e-05
4.46217e-05
4.55269e-05
4.67212e-05
4.81271e-05
4.9692e-05
5.13776e-05
5.31525e-05
5.49881e-05
5.6857e-05
5.8733e-05
6.05916e-05
6.24111e-05
6.41734e-05
6.58636e-05
6.74701e-05
6.89835e-05
7.0396e-05
7.17004e-05
7.28893e-05
7.3955e-05
7.48891e-05
7.56828e-05
7.63276e-05
7.68158e-05
7.71411e-05
7.73e-05
7.72917e-05
7.71192e-05
7.67299e-05
7.62133e-05
7.57507e-05
7.50327e-05
7.42412e-05
7.34052e-05
7.2553e-05
7.17141e-05
7.09178e-05
7.01923e-05
6.9563e-05
6.90509e-05
6.86711e-05
6.84314e-05
6.83299e-05
6.83536e-05
6.84768e-05
6.86593e-05
6.88451e-05
6.89607e-05
6.89137e-05
6.85916e-05
6.78654e-05
6.66008e-05
6.46881e-05
6.2094e-05
5.89296e-05
5.54947e-05
5.22271e-05
4.95071e-05
4.73855e-05
4.54474e-05
4.18509e-05
3.92287e-05
3.28327e-05
2.46068e-05
1.69986e-05
1.27815e-05
7.76992e-07
7.75385e-07
2.12562e-05
3.96981e-05
5.13893e-05
5.70811e-05
5.81713e-05
5.63511e-05
5.31056e-05
4.96686e-05
4.68848e-05
4.51056e-05
4.43009e-05
4.42735e-05
4.48149e-05
4.576e-05
4.69921e-05
4.84335e-05
5.0032e-05
5.17497e-05
5.35556e-05
5.54214e-05
5.73199e-05
5.92255e-05
6.11143e-05
6.29653e-05
6.47609e-05
6.64868e-05
6.81315e-05
6.96858e-05
7.11413e-05
7.24902e-05
7.37243e-05
7.48344e-05
7.58109e-05
7.66433e-05
7.73214e-05
7.78359e-05
7.81792e-05
7.83463e-05
7.83359e-05
7.81505e-05
7.77516e-05
7.71734e-05
7.66554e-05
7.59e-05
7.50451e-05
7.41376e-05
7.32082e-05
7.22883e-05
7.14099e-05
7.06035e-05
6.98973e-05
6.93151e-05
6.88755e-05
6.85896e-05
6.84593e-05
6.84754e-05
6.86154e-05
6.88424e-05
6.9103e-05
6.93267e-05
6.94229e-05
6.92799e-05
6.87642e-05
6.7728e-05
6.60314e-05
6.35921e-05
6.04599e-05
5.68909e-05
5.33417e-05
5.03036e-05
4.79988e-05
4.6096e-05
4.26605e-05
4.00237e-05
3.44613e-05
2.5609e-05
1.77315e-05
1.26944e-05
7.41439e-07
7.47179e-07
2.05216e-05
3.8462e-05
5.02173e-05
5.61351e-05
5.75403e-05
5.60182e-05
5.29948e-05
4.96846e-05
4.69522e-05
4.51961e-05
4.44122e-05
4.44145e-05
4.49895e-05
4.59667e-05
4.7229e-05
4.86989e-05
5.03244e-05
5.20678e-05
5.38985e-05
5.57887e-05
5.77119e-05
5.96427e-05
6.15582e-05
6.34379e-05
6.52648e-05
6.70249e-05
6.87069e-05
7.03013e-05
7.17994e-05
7.31927e-05
7.44717e-05
7.56264e-05
7.66454e-05
7.7517e-05
7.82294e-05
7.87719e-05
7.91353e-05
7.93138e-05
7.93049e-05
7.91111e-05
7.87088e-05
7.80913e-05
7.75077e-05
7.67242e-05
7.58151e-05
7.48449e-05
7.38461e-05
7.28524e-05
7.18979e-05
7.10153e-05
7.02352e-05
6.95842e-05
6.90839e-05
6.87489e-05
6.8585e-05
6.85866e-05
6.87348e-05
6.89958e-05
6.93191e-05
6.96367e-05
6.98606e-05
6.98808e-05
6.95627e-05
6.87502e-05
6.72805e-05
6.5027e-05
6.19765e-05
5.83243e-05
5.45148e-05
5.11162e-05
4.85115e-05
4.65959e-05
4.34376e-05
4.06346e-05
3.57403e-05
2.67561e-05
1.84681e-05
1.25969e-05
7.10922e-07
7.20416e-07
1.97306e-05
3.71866e-05
4.90107e-05
5.51632e-05
5.68924e-05
5.56816e-05
5.28961e-05
4.97268e-05
4.70566e-05
4.53108e-05
4.45405e-05
4.45554e-05
4.51461e-05
4.61449e-05
4.74297e-05
4.8921e-05
5.05666e-05
5.23292e-05
5.41786e-05
5.60874e-05
5.80299e-05
5.99815e-05
6.19196e-05
6.38246e-05
6.56799e-05
6.74717e-05
6.91888e-05
7.08212e-05
7.23599e-05
7.37954e-05
7.51175e-05
7.63149e-05
7.7375e-05
7.82848e-05
7.9031e-05
7.96016e-05
7.99864e-05
8.01783e-05
8.01742e-05
7.99756e-05
7.95741e-05
7.89443e-05
7.8295e-05
7.74841e-05
7.65314e-05
7.55087e-05
7.44506e-05
7.33923e-05
7.23697e-05
7.14178e-05
7.05693e-05
6.98534e-05
6.92939e-05
6.89092e-05
6.87089e-05
6.86911e-05
6.88408e-05
6.91275e-05
6.95035e-05
6.9903e-05
7.02405e-05
7.04084e-05
7.02734e-05
6.96751e-05
6.84348e-05
6.63893e-05
6.3464e-05
5.9784e-05
5.57589e-05
5.20093e-05
4.90516e-05
4.69227e-05
4.42399e-05
4.11154e-05
3.68008e-05
2.81402e-05
1.90137e-05
1.24881e-05
6.869e-07
6.94415e-07
1.89354e-05
3.58785e-05
4.77459e-05
5.41596e-05
5.62261e-05
5.53389e-05
5.28065e-05
4.97839e-05
4.71467e-05
4.54244e-05
4.46354e-05
4.46658e-05
4.52807e-05
4.62938e-05
4.75922e-05
4.90976e-05
5.07568e-05
5.25321e-05
5.43938e-05
5.63154e-05
5.82717e-05
6.02389e-05
6.21952e-05
6.41215e-05
6.60013e-05
6.78212e-05
6.95697e-05
7.12367e-05
7.28123e-05
7.42865e-05
7.56481e-05
7.68847e-05
7.79828e-05
7.8928e-05
7.97061e-05
8.0304e-05
8.07104e-05
8.09175e-05
8.09213e-05
8.07227e-05
8.03257e-05
7.96991e-05
7.8998e-05
7.81601e-05
7.71746e-05
7.6111e-05
7.5005e-05
7.38931e-05
7.28125e-05
7.18e-05
7.08909e-05
7.01162e-05
6.95015e-05
6.90686e-05
6.88309e-05
6.87909e-05
6.89373e-05
6.92431e-05
6.96635e-05
7.0135e-05
7.05741e-05
7.08756e-05
7.09085e-05
7.0512e-05
6.94974e-05
6.76725e-05
6.49071e-05
6.12498e-05
5.7054e-05
5.29687e-05
4.96446e-05
4.72721e-05
4.49651e-05
4.15303e-05
3.77349e-05
2.95859e-05
1.96821e-05
1.23881e-05
6.69517e-07
6.68746e-07
1.81335e-05
3.46005e-05
4.64492e-05
5.31051e-05
5.55599e-05
5.49916e-05
5.27223e-05
4.98627e-05
4.73676e-05
4.56199e-05
4.48322e-05
4.48089e-05
4.53869e-05
4.64081e-05
4.77158e-05
4.92281e-05
5.08934e-05
5.26748e-05
5.45429e-05
5.64713e-05
5.84358e-05
6.04132e-05
6.23825e-05
6.4325e-05
6.62246e-05
6.80679e-05
6.98431e-05
7.15396e-05
7.31473e-05
7.4655e-05
7.6051e-05
7.73219e-05
7.84533e-05
7.94299e-05
8.02368e-05
8.08599e-05
8.12875e-05
8.15109e-05
8.1526e-05
8.13334e-05
8.09403e-05
8.03296e-05
7.9596e-05
7.87336e-05
7.77261e-05
7.66333e-05
7.54926e-05
7.43408e-05
7.32137e-05
7.21506e-05
7.11902e-05
7.03654e-05
6.97016e-05
6.92236e-05
6.89498e-05
6.88865e-05
6.90262e-05
6.93461e-05
6.98045e-05
7.03397e-05
7.08703e-05
7.1293e-05
7.14796e-05
7.12712e-05
7.04738e-05
6.88747e-05
6.6295e-05
6.2707e-05
5.83889e-05
5.39884e-05
5.02749e-05
4.75957e-05
4.55057e-05
4.19076e-05
3.84661e-05
3.09046e-05
2.04228e-05
1.2339e-05
6.60422e-07
6.43519e-07
1.73517e-05
3.32111e-05
4.50996e-05
5.20067e-05
5.48803e-05
5.46393e-05
5.26494e-05
4.99918e-05
4.74614e-05
4.57182e-05
4.4901e-05
4.49161e-05
4.55128e-05
4.64966e-05
4.77961e-05
4.93093e-05
5.09759e-05
5.27571e-05
5.46242e-05
5.65525e-05
5.85186e-05
6.05005e-05
6.24774e-05
6.4431e-05
6.63453e-05
6.82067e-05
7.00031e-05
7.17234e-05
7.33566e-05
7.48912e-05
7.63149e-05
7.76138e-05
7.87725e-05
7.97754e-05
8.06069e-05
8.12527e-05
8.17004e-05
8.19413e-05
8.19706e-05
8.17888e-05
8.14023e-05
8.08152e-05
8.00763e-05
7.92028e-05
7.81895e-05
7.70755e-05
7.59072e-05
7.47234e-05
7.35626e-05
7.24588e-05
7.14567e-05
7.05926e-05
6.98889e-05
6.93702e-05
6.9063e-05
6.89775e-05
6.91084e-05
6.94388e-05
6.99299e-05
7.05222e-05
7.1136e-05
7.16695e-05
7.1997e-05
7.19627e-05
7.13709e-05
6.99962e-05
6.76198e-05
6.41416e-05
5.9752e-05
5.50689e-05
5.09687e-05
4.80038e-05
4.58357e-05
4.2329e-05
3.91122e-05
3.20246e-05
2.12044e-05
1.23221e-05
6.56642e-07
6.18736e-07
1.66012e-05
3.18246e-05
4.36959e-05
5.08573e-05
5.41725e-05
5.42764e-05
5.25755e-05
5.00744e-05
4.7625e-05
4.58861e-05
4.50125e-05
4.49759e-05
4.55529e-05
4.65629e-05
4.78486e-05
4.93475e-05
5.10028e-05
5.2777e-05
5.46401e-05
5.65656e-05
5.85299e-05
6.05113e-05
6.24896e-05
6.4447e-05
6.63679e-05
6.82389e-05
7.00478e-05
7.17803e-05
7.34272e-05
7.49778e-05
7.64233e-05
7.77438e-05
7.8924e-05
7.9948e-05
8.08004e-05
8.14665e-05
8.19341e-05
8.2194e-05
8.22411e-05
8.20753e-05
8.17017e-05
8.11309e-05
8.03881e-05
7.95154e-05
7.85144e-05
7.7394e-05
7.62196e-05
7.5028e-05
7.38563e-05
7.27365e-05
7.17096e-05
7.08053e-05
7.00602e-05
6.95032e-05
6.91672e-05
6.90637e-05
6.9184e-05
6.9522e-05
7.00425e-05
7.0686e-05
7.13761e-05
7.20119e-05
7.24689e-05
7.25955e-05
7.21961e-05
7.10391e-05
6.88751e-05
6.55399e-05
6.11271e-05
5.61932e-05
5.16891e-05
4.83769e-05
4.61252e-05
4.28276e-05
3.96914e-05
3.28427e-05
2.20299e-05
1.234e-05
6.56148e-07
5.94917e-07
1.59055e-05
3.04307e-05
4.22787e-05
4.96742e-05
5.34326e-05
5.38961e-05
5.24941e-05
5.01695e-05
4.78599e-05
4.60984e-05
4.51885e-05
4.50723e-05
4.55911e-05
4.65672e-05
4.78376e-05
4.93281e-05
5.09788e-05
5.27382e-05
5.45784e-05
5.64787e-05
5.84194e-05
6.03807e-05
6.23437e-05
6.42917e-05
6.62154e-05
6.80918e-05
6.99115e-05
7.16667e-05
7.33394e-05
7.49157e-05
7.63761e-05
7.77081e-05
7.88999e-05
7.99369e-05
8.08038e-05
8.14861e-05
8.19715e-05
8.22509e-05
8.2319e-05
8.21758e-05
8.18261e-05
8.12798e-05
8.05497e-05
7.96946e-05
7.87122e-05
7.75759e-05
7.6397e-05
7.52014e-05
7.40268e-05
7.29194e-05
7.18874e-05
7.09715e-05
7.02128e-05
6.96358e-05
6.92788e-05
6.91463e-05
6.92522e-05
6.95962e-05
7.01452e-05
7.08341e-05
7.15944e-05
7.23253e-05
7.29016e-05
7.31769e-05
7.29555e-05
7.20222e-05
7.00746e-05
6.68907e-05
6.25033e-05
5.73628e-05
5.24625e-05
4.87633e-05
4.63815e-05
4.32583e-05
4.01714e-05
3.36186e-05
2.28617e-05
1.23836e-05
6.62936e-07
5.71858e-07
1.52259e-05
2.90264e-05
4.07566e-05
4.84268e-05
5.26326e-05
5.35007e-05
5.2404e-05
5.03272e-05
4.80863e-05
4.63165e-05
4.53436e-05
4.51724e-05
4.56436e-05
4.65626e-05
4.78102e-05
4.92574e-05
5.0864e-05
5.25988e-05
5.44291e-05
5.63268e-05
5.82684e-05
6.02335e-05
6.22031e-05
6.41596e-05
6.60817e-05
6.7954e-05
6.97679e-05
7.15133e-05
7.31783e-05
7.4749e-05
7.62128e-05
7.75531e-05
7.87548e-05
7.98044e-05
8.06854e-05
8.13826e-05
8.18836e-05
8.21788e-05
8.2263e-05
8.21352e-05
8.17993e-05
8.12654e-05
8.05534e-05
7.97307e-05
7.87987e-05
7.76778e-05
7.65178e-05
7.53424e-05
7.41738e-05
7.30438e-05
7.19967e-05
7.10709e-05
7.0303e-05
6.97339e-05
6.9361e-05
6.92213e-05
6.93269e-05
6.96821e-05
7.02431e-05
7.09686e-05
7.17939e-05
7.26138e-05
7.33018e-05
7.37317e-05
7.37089e-05
7.29879e-05
7.1252e-05
6.82198e-05
6.38645e-05
5.85622e-05
5.32794e-05
4.91494e-05
4.64957e-05
4.36849e-05
4.05782e-05
3.42822e-05
2.36525e-05
1.24703e-05
6.74185e-07
5.49441e-07
1.4565e-05
2.76788e-05
3.92618e-05
4.71544e-05
5.17679e-05
5.30682e-05
5.22898e-05
5.04552e-05
4.83286e-05
4.65585e-05
4.55164e-05
4.52633e-05
4.56654e-05
4.65428e-05
4.7751e-05
4.91834e-05
5.07775e-05
5.24931e-05
5.43002e-05
5.61729e-05
5.80896e-05
6.00301e-05
6.19745e-05
6.39054e-05
6.5808e-05
6.76656e-05
6.9466e-05
7.11995e-05
7.28551e-05
7.44192e-05
7.5879e-05
7.72197e-05
7.84243e-05
7.94754e-05
8.03594e-05
8.10631e-05
8.15748e-05
8.18857e-05
8.199e-05
8.18865e-05
8.15788e-05
8.10756e-05
8.0392e-05
7.96048e-05
7.87318e-05
7.76388e-05
7.65043e-05
7.53593e-05
7.42177e-05
7.31157e-05
7.20902e-05
7.11762e-05
7.04055e-05
6.9803e-05
6.94174e-05
6.92694e-05
6.93873e-05
6.9748e-05
7.03452e-05
7.11238e-05
7.20261e-05
7.29377e-05
7.37471e-05
7.4298e-05
7.44099e-05
7.38357e-05
7.23024e-05
6.94976e-05
6.51871e-05
5.97806e-05
5.41449e-05
4.95842e-05
4.66484e-05
4.4044e-05
4.09019e-05
3.48934e-05
2.443e-05
1.25764e-05
6.90734e-07
5.27455e-07
1.39196e-05
2.63936e-05
3.7789e-05
4.57882e-05
5.08501e-05
5.26135e-05
5.22045e-05
5.05941e-05
4.85892e-05
4.68266e-05
4.57122e-05
4.53631e-05
4.56798e-05
4.64907e-05
4.76441e-05
4.90458e-05
5.0613e-05
5.22942e-05
5.40622e-05
5.58941e-05
5.77702e-05
5.9672e-05
6.15856e-05
6.34924e-05
6.53769e-05
6.72237e-05
6.90175e-05
7.0742e-05
7.23866e-05
7.39397e-05
7.53885e-05
7.67192e-05
7.79166e-05
7.89652e-05
7.98506e-05
8.05599e-05
8.10819e-05
8.14081e-05
8.15336e-05
8.1457e-05
8.11815e-05
8.07145e-05
8.0067e-05
7.9319e-05
7.85125e-05
7.74603e-05
7.63624e-05
7.52592e-05
7.41553e-05
7.30862e-05
7.20871e-05
7.11931e-05
7.04388e-05
6.98584e-05
6.94838e-05
6.93396e-05
6.94346e-05
6.97947e-05
7.04102e-05
7.12377e-05
7.21894e-05
7.31765e-05
7.408e-05
7.46968e-05
7.48914e-05
7.44884e-05
7.32051e-05
7.06303e-05
6.65154e-05
6.10033e-05
5.50418e-05
5.00368e-05
4.67944e-05
4.43693e-05
4.115e-05
3.54313e-05
2.5174e-05
1.26504e-05
7.12286e-07
5.05728e-07
1.32888e-05
2.51705e-05
3.62766e-05
4.44233e-05
4.97913e-05
5.20402e-05
5.20445e-05
5.07218e-05
4.88646e-05
4.71223e-05
4.59364e-05
4.54794e-05
4.56942e-05
4.64233e-05
4.75134e-05
4.88529e-05
5.03685e-05
5.20084e-05
5.37397e-05
5.55378e-05
5.7382e-05
5.9254e-05
6.11353e-05
6.30109e-05
6.48656e-05
6.66851e-05
6.84543e-05
7.01583e-05
7.17842e-05
7.33196e-05
7.47517e-05
7.60671e-05
7.72519e-05
7.82919e-05
7.91734e-05
7.98841e-05
8.04137e-05
8.07543e-05
8.09014e-05
8.08538e-05
8.06144e-05
8.01888e-05
7.95844e-05
7.88793e-05
7.81445e-05
7.71468e-05
7.60974e-05
7.50472e-05
7.39929e-05
7.29684e-05
7.20081e-05
7.11462e-05
7.04172e-05
6.9855e-05
6.94927e-05
6.936e-05
6.94805e-05
6.98631e-05
7.04908e-05
7.13173e-05
7.22967e-05
7.33253e-05
7.42886e-05
7.50404e-05
7.53954e-05
7.51416e-05
7.40209e-05
7.17017e-05
6.77575e-05
6.22035e-05
5.59653e-05
5.05166e-05
4.69556e-05
4.46322e-05
4.13556e-05
3.59474e-05
2.58946e-05
1.28084e-05
7.40385e-07
4.83894e-07
1.26707e-05
2.40105e-05
3.47869e-05
4.3062e-05
4.87311e-05
5.14679e-05
5.18414e-05
5.08283e-05
4.91478e-05
4.74457e-05
4.61943e-05
4.56208e-05
4.57173e-05
4.63481e-05
4.7361e-05
4.8638e-05
5.00994e-05
5.16906e-05
5.33757e-05
5.51292e-05
5.69303e-05
5.87605e-05
6.06023e-05
6.244e-05
6.42585e-05
6.60436e-05
6.77808e-05
6.94558e-05
7.10552e-05
7.2566e-05
7.39753e-05
7.52703e-05
7.64377e-05
7.74644e-05
7.83379e-05
7.90469e-05
7.95819e-05
7.99359e-05
8.01048e-05
8.00878e-05
7.98875e-05
7.95081e-05
7.89529e-05
7.82949e-05
7.76344e-05
7.67048e-05
7.57146e-05
7.47279e-05
7.37345e-05
7.27665e-05
7.18571e-05
7.10395e-05
7.03476e-05
6.98149e-05
6.9475e-05
6.93591e-05
6.94933e-05
6.98931e-05
7.05553e-05
7.14494e-05
7.25092e-05
7.36341e-05
7.46949e-05
7.55427e-05
7.6002e-05
7.58475e-05
7.48046e-05
7.26344e-05
6.88805e-05
6.33836e-05
5.69041e-05
5.10092e-05
4.71137e-05
4.47964e-05
4.1574e-05
3.65082e-05
2.65202e-05
1.29684e-05
7.7363e-07
4.6199e-07
1.20821e-05
2.29306e-05
3.33308e-05
4.16272e-05
4.76412e-05
5.08357e-05
5.16005e-05
5.09092e-05
4.94322e-05
4.77951e-05
4.64904e-05
4.57964e-05
4.57596e-05
4.62746e-05
4.71948e-05
4.8397e-05
4.97947e-05
5.13291e-05
5.2961e-05
5.46633e-05
5.64146e-05
5.81965e-05
5.9992e-05
6.17851e-05
6.3561e-05
6.53052e-05
6.70037e-05
6.86426e-05
7.02084e-05
7.16881e-05
7.30691e-05
7.43387e-05
7.54844e-05
7.64942e-05
7.73566e-05
7.80614e-05
7.86002e-05
7.89667e-05
7.91575e-05
7.91724e-05
7.90136e-05
7.86844e-05
7.81839e-05
7.75771e-05
7.69937e-05
7.61396e-05
7.522e-05
7.43064e-05
7.33838e-05
7.24829e-05
7.16353e-05
7.08731e-05
7.0229e-05
6.97364e-05
6.94288e-05
6.93387e-05
6.94944e-05
6.99149e-05
7.06015e-05
7.15283e-05
7.26348e-05
7.38241e-05
7.49677e-05
7.59126e-05
7.64843e-05
7.64761e-05
7.56145e-05
7.35114e-05
6.99881e-05
6.45547e-05
5.78458e-05
5.1509e-05
4.72359e-05
4.48982e-05
4.17686e-05
3.70489e-05
2.71263e-05
1.31232e-05
8.13737e-07
4.39677e-07
1.15119e-05
2.19259e-05
3.19214e-05
4.01742e-05
4.64372e-05
5.0091e-05
5.12923e-05
5.09519e-05
4.97086e-05
4.81662e-05
4.68274e-05
4.60152e-05
4.58328e-05
4.62141e-05
4.70247e-05
4.81384e-05
4.94616e-05
5.09303e-05
5.25017e-05
5.4146e-05
5.58411e-05
5.75684e-05
5.93109e-05
6.10531e-05
6.278e-05
6.44772e-05
6.61309e-05
6.77275e-05
6.92538e-05
7.06969e-05
7.20445e-05
7.32844e-05
7.44049e-05
7.53947e-05
7.62437e-05
7.69425e-05
7.74838e-05
7.78623e-05
7.80754e-05
7.81229e-05
7.80074e-05
7.77315e-05
7.729e-05
7.67375e-05
7.62298e-05
7.54611e-05
7.46224e-05
7.37892e-05
7.29458e-05
7.21209e-05
7.13444e-05
7.06471e-05
7.00606e-05
6.96176e-05
6.93514e-05
6.92953e-05
6.94793e-05
6.99257e-05
7.06404e-05
7.1603e-05
7.27574e-05
7.40087e-05
7.52269e-05
7.62558e-05
7.69185e-05
7.70115e-05
7.62825e-05
7.43954e-05
7.09162e-05
6.56292e-05
5.87674e-05
5.20145e-05
4.73345e-05
4.48979e-05
4.1959e-05
3.75328e-05
2.7733e-05
1.33122e-05
8.60381e-07
4.16984e-07
1.09692e-05
2.10283e-05
3.05763e-05
3.87173e-05
4.51637e-05
4.92501e-05
5.09012e-05
5.09409e-05
4.99651e-05
4.85521e-05
4.72059e-05
4.62852e-05
4.59498e-05
4.61802e-05
4.6863e-05
4.78725e-05
4.9109e-05
5.05023e-05
5.2005e-05
5.35845e-05
5.52169e-05
5.68832e-05
5.85666e-05
6.02516e-05
6.19235e-05
6.3568e-05
6.51714e-05
6.67204e-05
6.82021e-05
6.9604e-05
7.0914e-05
7.21207e-05
7.32131e-05
7.41808e-05
7.50145e-05
7.57062e-05
7.62494e-05
7.66397e-05
7.6875e-05
7.69559e-05
7.6885e-05
7.66646e-05
7.62863e-05
7.57967e-05
7.5358e-05
7.46792e-05
7.39317e-05
7.31847e-05
7.24269e-05
7.16851e-05
7.09874e-05
7.0363e-05
6.98425e-05
6.94576e-05
6.92412e-05
6.92268e-05
6.94457e-05
6.99227e-05
7.06678e-05
7.16654e-05
7.28646e-05
7.4173e-05
7.54603e-05
7.65668e-05
7.73124e-05
7.74944e-05
7.68675e-05
7.51045e-05
7.17636e-05
6.66075e-05
5.96585e-05
5.25193e-05
4.74182e-05
4.48706e-05
4.21568e-05
3.79696e-05
2.83301e-05
1.3508e-05
9.14396e-07
3.93471e-07
1.04411e-05
2.01863e-05
2.93246e-05
3.72777e-05
4.38362e-05
4.8329e-05
5.04206e-05
5.08612e-05
5.0187e-05
4.8942e-05
4.76224e-05
4.66121e-05
4.61231e-05
4.61884e-05
4.67244e-05
4.76124e-05
4.87482e-05
5.0055e-05
5.148e-05
5.29871e-05
5.45503e-05
5.61495e-05
5.77677e-05
5.93897e-05
6.10009e-05
6.25872e-05
6.41353e-05
6.5632e-05
6.70649e-05
6.84217e-05
6.96909e-05
7.08617e-05
7.19238e-05
7.28677e-05
7.36852e-05
7.43691e-05
7.49139e-05
7.5316e-05
7.55739e-05
7.56887e-05
7.56631e-05
7.54998e-05
7.51875e-05
7.47683e-05
7.43944e-05
7.3806e-05
7.31573e-05
7.25011e-05
7.18339e-05
7.11808e-05
7.05681e-05
7.00234e-05
6.9576e-05
6.92565e-05
6.90974e-05
6.91318e-05
6.93919e-05
6.99042e-05
7.0682e-05
7.17144e-05
7.2955e-05
7.43151e-05
7.56642e-05
7.68397e-05
7.76574e-05
7.79144e-05
7.73755e-05
7.57383e-05
7.25986e-05
6.75258e-05
6.05023e-05
5.30108e-05
4.74746e-05
4.47616e-05
4.23284e-05
3.83555e-05
2.89311e-05
1.37357e-05
9.76157e-07
3.69565e-07
9.95509e-06
1.95788e-05
2.81181e-05
3.58838e-05
4.24805e-05
4.73099e-05
4.98398e-05
5.06985e-05
5.03581e-05
4.93221e-05
4.80697e-05
4.69984e-05
4.63643e-05
4.6255e-05
4.66261e-05
4.7374e-05
4.8393e-05
4.96005e-05
5.09378e-05
5.23642e-05
5.38511e-05
5.53769e-05
5.69242e-05
5.84776e-05
6.00227e-05
6.15459e-05
6.3034e-05
6.44742e-05
6.58544e-05
6.7163e-05
6.83889e-05
6.95217e-05
7.05521e-05
7.14713e-05
7.2272e-05
7.29479e-05
7.34943e-05
7.39084e-05
7.41893e-05
7.43382e-05
7.43584e-05
7.42528e-05
7.40081e-05
7.36668e-05
7.33538e-05
7.28544e-05
7.23097e-05
7.17472e-05
7.11742e-05
7.06139e-05
7.00908e-05
6.96311e-05
6.92626e-05
6.90148e-05
6.89193e-05
6.90088e-05
6.93157e-05
6.98676e-05
7.06804e-05
7.17469e-05
7.30255e-05
7.4431e-05
7.58339e-05
7.70692e-05
7.79479e-05
7.82649e-05
7.77901e-05
7.62356e-05
7.32067e-05
6.82497e-05
6.12649e-05
5.34757e-05
4.75156e-05
4.45612e-05
4.2441e-05
3.87028e-05
2.95315e-05
1.39824e-05
1.04609e-06
3.45246e-07
9.50093e-06
1.90749e-05
2.68616e-05
3.4481e-05
4.10793e-05
4.61835e-05
4.91432e-05
5.04345e-05
5.0459e-05
4.96746e-05
4.85353e-05
4.74411e-05
4.66815e-05
4.63963e-05
4.65877e-05
4.71759e-05
4.80604e-05
4.9154e-05
5.03918e-05
5.17282e-05
5.31311e-05
5.4577e-05
5.60475e-05
5.75268e-05
5.90008e-05
6.0456e-05
6.18798e-05
6.32597e-05
6.45841e-05
6.58417e-05
6.70221e-05
6.81155e-05
6.91131e-05
7.00071e-05
7.07908e-05
7.14588e-05
7.20072e-05
7.24336e-05
7.27378e-05
7.29211e-05
7.29871e-05
7.29393e-05
7.2762e-05
7.25055e-05
7.22498e-05
7.18377e-05
7.13991e-05
7.09317e-05
7.04551e-05
6.99904e-05
6.95603e-05
6.91895e-05
6.89043e-05
6.87332e-05
6.87065e-05
6.88564e-05
6.92148e-05
6.981e-05
7.06594e-05
7.1759e-05
7.30714e-05
7.45151e-05
7.59626e-05
7.72468e-05
7.81747e-05
7.85378e-05
7.81105e-05
7.66232e-05
7.37035e-05
6.88485e-05
6.19383e-05
5.38934e-05
4.75488e-05
4.4366e-05
4.24945e-05
3.9001e-05
3.01096e-05
1.42788e-05
1.12471e-06
3.21751e-07
9.13259e-06
1.86888e-05
2.58453e-05
3.31404e-05
3.96741e-05
4.49946e-05
4.83351e-05
5.0057e-05
5.04709e-05
4.99789e-05
4.90022e-05
4.79317e-05
4.7078e-05
4.66266e-05
4.66293e-05
4.70401e-05
4.77709e-05
4.87339e-05
4.98587e-05
5.10942e-05
5.24045e-05
5.37633e-05
5.51507e-05
5.65505e-05
5.79483e-05
5.93311e-05
6.06865e-05
6.20026e-05
6.32681e-05
6.44723e-05
6.56053e-05
6.6658e-05
6.76222e-05
6.84907e-05
6.92575e-05
6.99179e-05
7.04686e-05
7.09078e-05
7.12354e-05
7.14532e-05
7.15646e-05
7.15743e-05
7.14622e-05
7.12959e-05
7.10948e-05
7.07732e-05
7.04318e-05
7.00623e-05
6.96838e-05
6.93163e-05
6.89813e-05
6.87019e-05
6.85032e-05
6.84122e-05
6.84583e-05
6.86725e-05
6.90861e-05
6.97272e-05
7.06141e-05
7.1745e-05
7.30861e-05
7.45598e-05
7.6041e-05
7.73619e-05
7.83257e-05
7.87197e-05
7.83205e-05
7.68753e-05
7.4049e-05
6.93774e-05
6.24928e-05
5.42365e-05
4.75495e-05
4.41317e-05
4.24774e-05
3.92531e-05
3.06639e-05
1.46188e-05
1.21215e-06
2.99587e-07
8.85151e-06
1.82956e-05
2.50218e-05
3.19542e-05
3.82709e-05
4.37517e-05
4.74155e-05
4.95535e-05
5.03735e-05
5.02116e-05
4.94479e-05
4.84546e-05
4.75501e-05
4.69555e-05
4.67706e-05
4.69903e-05
4.75486e-05
4.83626e-05
4.93588e-05
5.0481e-05
5.16884e-05
5.29519e-05
5.42494e-05
5.55637e-05
5.68804e-05
5.81862e-05
5.94692e-05
6.0718e-05
6.19217e-05
6.30702e-05
6.41541e-05
6.51649e-05
6.60949e-05
6.69376e-05
6.76876e-05
6.83406e-05
6.88939e-05
6.9346e-05
6.96972e-05
6.99493e-05
7.01056e-05
7.01719e-05
7.01199e-05
7.00409e-05
6.98984e-05
6.96705e-05
6.94224e-05
6.91492e-05
6.88681e-05
6.85978e-05
6.83584e-05
6.81715e-05
6.80608e-05
6.80521e-05
6.81733e-05
6.84544e-05
6.89254e-05
6.96138e-05
7.05378e-05
7.16972e-05
7.30608e-05
7.45549e-05
7.60574e-05
7.7401e-05
7.83859e-05
7.87952e-05
7.84054e-05
7.69765e-05
7.42041e-05
6.96482e-05
6.28839e-05
5.44905e-05
4.75053e-05
4.38726e-05
4.23972e-05
3.94559e-05
3.11978e-05
1.50095e-05
1.30881e-06
2.78588e-07
8.63393e-06
1.79342e-05
2.45149e-05
3.08303e-05
3.68962e-05
4.24504e-05
4.64089e-05
4.89242e-05
5.01518e-05
5.03496e-05
4.98471e-05
4.89879e-05
4.80862e-05
4.73853e-05
4.70272e-05
4.70507e-05
4.74205e-05
4.80667e-05
4.8917e-05
4.99112e-05
5.10041e-05
5.21625e-05
5.33623e-05
5.45846e-05
5.58145e-05
5.70385e-05
5.8245e-05
5.94228e-05
6.05617e-05
6.16521e-05
6.26851e-05
6.36526e-05
6.45476e-05
6.5364e-05
6.60968e-05
6.67424e-05
6.72982e-05
6.77632e-05
6.81376e-05
6.84233e-05
6.86234e-05
6.87456e-05
6.87645e-05
6.87376e-05
6.86712e-05
6.85442e-05
6.83832e-05
6.8202e-05
6.80157e-05
6.78408e-05
6.76958e-05
6.76009e-05
6.75783e-05
6.76523e-05
6.78494e-05
6.81982e-05
6.87272e-05
6.94626e-05
7.0422e-05
7.16054e-05
7.29839e-05
7.44872e-05
7.59967e-05
7.73469e-05
7.83363e-05
7.87443e-05
7.8346e-05
7.69122e-05
7.4171e-05
6.97234e-05
6.30996e-05
5.46303e-05
4.73898e-05
4.35719e-05
4.21964e-05
3.9607e-05
3.1711e-05
1.54496e-05
1.41468e-06
2.58205e-07
8.44891e-06
1.76127e-05
2.42557e-05
2.98216e-05
3.55728e-05
4.11236e-05
4.53259e-05
4.81718e-05
4.97944e-05
5.03707e-05
5.01717e-05
4.95039e-05
4.86657e-05
4.79091e-05
4.74078e-05
4.72427e-05
4.7415e-05
4.78767e-05
4.8563e-05
4.94128e-05
5.03772e-05
5.14194e-05
5.25121e-05
5.36348e-05
5.47713e-05
5.59082e-05
5.70334e-05
5.81364e-05
5.92071e-05
6.02366e-05
6.12163e-05
6.21388e-05
6.29974e-05
6.37865e-05
6.45015e-05
6.5139e-05
6.56967e-05
6.61739e-05
6.65707e-05
6.68889e-05
6.71309e-05
6.73074e-05
6.73992e-05
6.74164e-05
6.74236e-05
6.7394e-05
6.73182e-05
6.72264e-05
6.71318e-05
6.70496e-05
6.69967e-05
6.69917e-05
6.70555e-05
6.7211e-05
6.74831e-05
6.78985e-05
6.84843e-05
6.92645e-05
7.02554e-05
7.14567e-05
7.28406e-05
7.43399e-05
7.58401e-05
7.71785e-05
7.81538e-05
7.85427e-05
7.8118e-05
7.66582e-05
7.39219e-05
6.95606e-05
6.31038e-05
5.46306e-05
4.71755e-05
4.32344e-05
4.20061e-05
3.97125e-05
3.22059e-05
1.59419e-05
1.52985e-06
2.38173e-07
8.27988e-06
1.73345e-05
2.40257e-05
2.8996e-05
3.44163e-05
3.98136e-05
4.41774e-05
4.73049e-05
4.92977e-05
5.02582e-05
5.03956e-05
4.99722e-05
4.92609e-05
4.85097e-05
4.7911e-05
4.75809e-05
4.75586e-05
4.78251e-05
4.83308e-05
4.9019e-05
4.98395e-05
5.07521e-05
5.17267e-05
5.27406e-05
5.37762e-05
5.48193e-05
5.58578e-05
5.68811e-05
5.78797e-05
5.88447e-05
5.97683e-05
6.06432e-05
6.14634e-05
6.22234e-05
6.2919e-05
6.3547e-05
6.41053e-05
6.45931e-05
6.50105e-05
6.53592e-05
6.56405e-05
6.58688e-05
6.60213e-05
6.60881e-05
6.61787e-05
6.62225e-05
6.62318e-05
6.62268e-05
6.62205e-05
6.62272e-05
6.62626e-05
6.6344e-05
6.64909e-05
6.67248e-05
6.70688e-05
6.75479e-05
6.81868e-05
6.90074e-05
7.00237e-05
7.12344e-05
7.2612e-05
7.4092e-05
7.55642e-05
7.68701e-05
7.78106e-05
7.81611e-05
7.76924e-05
7.61879e-05
7.34337e-05
6.91353e-05
6.28256e-05
5.44706e-05
4.68575e-05
4.28102e-05
4.18642e-05
3.9754e-05
3.26804e-05
1.64856e-05
1.6541e-06
2.17956e-07
8.04537e-06
1.72039e-05
2.38065e-05
2.85709e-05
3.3366e-05
3.85348e-05
4.29855e-05
4.63326e-05
4.8659e-05
4.99974e-05
5.04934e-05
5.03603e-05
4.98378e-05
4.91594e-05
4.85231e-05
4.80693e-05
4.78714e-05
4.79431e-05
4.82571e-05
4.87681e-05
4.94284e-05
5.01967e-05
5.10404e-05
5.19345e-05
5.28599e-05
5.38013e-05
5.47462e-05
5.5684e-05
5.66052e-05
5.75013e-05
5.83647e-05
5.91887e-05
5.99672e-05
6.06953e-05
6.13689e-05
6.19849e-05
6.25412e-05
6.30369e-05
6.34721e-05
6.38483e-05
6.41647e-05
6.4463e-05
6.46198e-05
6.47594e-05
6.49439e-05
6.50493e-05
6.51347e-05
6.52098e-05
6.52858e-05
6.53756e-05
6.54937e-05
6.56562e-05
6.58812e-05
6.61883e-05
6.65991e-05
6.71364e-05
6.78223e-05
6.86761e-05
6.9709e-05
7.09177e-05
7.22746e-05
7.37174e-05
7.51402e-05
7.63904e-05
7.72732e-05
7.7565e-05
7.70351e-05
7.54691e-05
7.26782e-05
6.83805e-05
6.22903e-05
5.41365e-05
4.64139e-05
4.22575e-05
4.13998e-05
3.97488e-05
3.31232e-05
1.7081e-05
1.78714e-06
1.98658e-07
7.80806e-06
1.71551e-05
2.36106e-05
2.85167e-05
3.25371e-05
3.73603e-05
4.18112e-05
4.52941e-05
4.78976e-05
4.95887e-05
5.04494e-05
5.064e-05
5.03616e-05
4.98237e-05
4.92184e-05
4.86982e-05
4.83624e-05
4.82557e-05
4.83779e-05
4.87014e-05
4.9187e-05
4.97958e-05
5.04945e-05
5.12562e-05
5.20603e-05
5.28904e-05
5.37333e-05
5.45781e-05
5.54152e-05
5.62365e-05
5.70344e-05
5.78024e-05
5.85348e-05
5.92267e-05
5.98741e-05
6.0474e-05
6.10243e-05
6.15238e-05
6.19725e-05
6.23713e-05
6.27194e-05
6.30825e-05
6.32367e-05
6.34512e-05
6.37059e-05
6.38765e-05
6.40312e-05
6.41788e-05
6.43295e-05
6.44951e-05
6.46888e-05
6.49252e-05
6.52209e-05
6.5594e-05
6.6064e-05
6.66513e-05
6.73753e-05
6.82518e-05
6.9289e-05
7.04811e-05
7.17996e-05
7.3184e-05
7.45334e-05
7.57021e-05
7.65024e-05
7.67139e-05
7.6106e-05
7.44643e-05
7.15989e-05
6.73724e-05
6.1497e-05
5.35839e-05
4.58524e-05
4.16395e-05
4.10108e-05
3.97304e-05
3.35297e-05
1.77271e-05
1.92836e-06
1.81293e-07
7.61111e-06
1.71511e-05
2.34769e-05
2.84684e-05
3.19784e-05
3.63016e-05
4.06944e-05
4.42137e-05
4.70261e-05
4.90329e-05
5.02515e-05
5.07872e-05
5.07981e-05
5.0464e-05
4.99616e-05
4.94438e-05
4.90254e-05
4.87759e-05
4.87222e-05
4.88588e-05
4.91612e-05
4.95977e-05
5.01373e-05
5.07531e-05
5.14234e-05
5.21308e-05
5.28614e-05
5.36039e-05
5.43486e-05
5.50871e-05
5.58122e-05
5.65175e-05
5.71973e-05
5.78468e-05
5.8462e-05
5.90399e-05
5.95782e-05
6.00755e-05
6.05315e-05
6.09449e-05
6.13346e-05
6.17005e-05
6.19008e-05
6.21882e-05
6.24798e-05
6.27079e-05
6.29239e-05
6.31357e-05
6.33525e-05
6.3585e-05
6.3845e-05
6.4146e-05
6.4503e-05
6.49322e-05
6.54509e-05
6.60769e-05
6.68262e-05
6.77112e-05
6.87365e-05
6.98932e-05
7.11517e-05
7.24532e-05
7.37022e-05
7.47612e-05
7.54524e-05
7.55614e-05
7.48598e-05
7.31109e-05
7.01291e-05
6.60007e-05
6.03133e-05
5.27455e-05
4.51261e-05
4.08716e-05
4.04594e-05
3.9656e-05
3.38919e-05
1.8421e-05
2.07702e-06
1.66158e-07
7.46793e-06
1.7176e-05
2.34361e-05
2.83883e-05
3.19375e-05
3.54523e-05
3.96773e-05
4.32069e-05
4.61157e-05
4.83654e-05
4.99085e-05
5.07904e-05
5.11206e-05
5.10432e-05
5.07119e-05
5.02704e-05
4.98378e-05
4.94998e-05
4.93055e-05
4.92724e-05
4.93946e-05
4.96526e-05
5.00223e-05
5.04794e-05
5.10028e-05
5.1575e-05
5.21815e-05
5.28106e-05
5.34523e-05
5.40983e-05
5.47413e-05
5.53747e-05
5.59931e-05
5.65917e-05
5.71664e-05
5.77138e-05
5.82317e-05
5.87181e-05
5.91734e-05
5.95898e-05
6.00219e-05
6.03671e-05
6.06149e-05
6.09563e-05
6.12775e-05
6.15526e-05
6.18192e-05
6.20844e-05
6.23563e-05
6.26443e-05
6.29593e-05
6.3313e-05
6.37188e-05
6.4191e-05
6.47445e-05
6.53937e-05
6.61514e-05
6.7026e-05
6.80182e-05
6.91159e-05
7.02883e-05
7.14785e-05
7.25967e-05
7.35158e-05
7.40706e-05
7.40547e-05
7.32206e-05
7.13089e-05
6.84097e-05
6.42722e-05
5.87611e-05
5.16012e-05
4.42084e-05
3.99971e-05
3.98637e-05
3.94642e-05
3.42087e-05
1.91583e-05
2.23206e-06
1.529e-07
7.3741e-06
1.71844e-05
2.34275e-05
2.8259e-05
3.20275e-05
3.47767e-05
3.86806e-05
4.22471e-05
4.51949e-05
4.76219e-05
4.94436e-05
5.06545e-05
5.1316e-05
5.15332e-05
5.14311e-05
5.11368e-05
5.07644e-05
5.04057e-05
5.0125e-05
4.99589e-05
4.99207e-05
5.00067e-05
5.02034e-05
5.04934e-05
5.08589e-05
5.12834e-05
5.17532e-05
5.22563e-05
5.27828e-05
5.33242e-05
5.38733e-05
5.44234e-05
5.49691e-05
5.55055e-05
5.60283e-05
5.65341e-05
5.70203e-05
5.74843e-05
5.79276e-05
5.83373e-05
5.87781e-05
5.91179e-05
5.94035e-05
5.97698e-05
6.01125e-05
6.04216e-05
6.07257e-05
6.10308e-05
6.1344e-05
6.16735e-05
6.20287e-05
6.242e-05
6.28586e-05
6.33566e-05
6.39261e-05
6.45782e-05
6.53218e-05
6.61613e-05
6.70932e-05
6.81027e-05
6.91578e-05
7.02042e-05
7.11586e-05
7.19059e-05
7.22973e-05
7.21273e-05
7.10716e-05
6.92085e-05
6.62562e-05
6.21266e-05
5.67977e-05
5.01146e-05
4.30685e-05
3.89843e-05
3.92204e-05
3.93228e-05
3.44977e-05
1.99311e-05
2.39223e-06
1.4081e-07
7.29644e-06
1.71385e-05
2.3418e-05
2.82122e-05
3.2099e-05
3.47678e-05
3.78861e-05
4.14396e-05
4.43309e-05
4.68533e-05
4.88927e-05
5.03985e-05
5.13855e-05
5.19179e-05
5.20889e-05
5.20032e-05
5.1763e-05
5.14577e-05
5.11583e-05
5.09143e-05
5.07551e-05
5.06929e-05
5.07276e-05
5.08516e-05
5.10536e-05
5.13212e-05
5.16426e-05
5.2007e-05
5.2405e-05
5.28282e-05
5.32695e-05
5.37224e-05
5.41813e-05
5.46413e-05
5.50981e-05
5.55479e-05
5.59879e-05
5.6415e-05
5.6831e-05
5.72211e-05
5.76516e-05
5.7988e-05
5.82777e-05
5.86508e-05
5.90059e-05
5.93326e-05
5.96574e-05
5.99853e-05
6.03223e-05
6.06753e-05
6.10519e-05
6.14609e-05
6.19112e-05
6.24122e-05
6.29729e-05
6.36008e-05
6.43007e-05
6.5073e-05
6.59107e-05
6.67963e-05
6.76978e-05
6.8564e-05
6.93193e-05
6.98632e-05
7.00685e-05
6.96212e-05
6.85667e-05
6.66259e-05
6.36322e-05
5.9541e-05
5.44081e-05
4.82157e-05
4.16878e-05
3.78557e-05
3.84632e-05
3.90473e-05
3.47509e-05
2.07277e-05
2.5561e-06
1.2934e-07
7.19034e-06
1.70324e-05
2.33716e-05
2.81588e-05
3.19846e-05
3.48844e-05
3.7265e-05
4.06163e-05
4.36112e-05
4.61488e-05
4.83298e-05
5.0075e-05
5.13588e-05
5.22052e-05
5.26733e-05
5.28419e-05
5.27954e-05
5.26145e-05
5.2369e-05
5.21146e-05
5.18911e-05
5.17237e-05
5.16253e-05
5.15996e-05
5.16443e-05
5.17536e-05
5.192e-05
5.21355e-05
5.23924e-05
5.26834e-05
5.30019e-05
5.33419e-05
5.36979e-05
5.40649e-05
5.44386e-05
5.48152e-05
5.51916e-05
5.55642e-05
5.59343e-05
5.62857e-05
5.66846e-05
5.70235e-05
5.72736e-05
5.76299e-05
5.79874e-05
5.83105e-05
5.86348e-05
5.89639e-05
5.93023e-05
5.96551e-05
6.00284e-05
6.04285e-05
6.0862e-05
6.13351e-05
6.18536e-05
6.24213e-05
6.30392e-05
6.3704e-05
6.44057e-05
6.51254e-05
6.58321e-05
6.6479e-05
6.69992e-05
6.73121e-05
6.72286e-05
6.66792e-05
6.55025e-05
6.34882e-05
6.04979e-05
5.64957e-05
5.15971e-05
4.59078e-05
4.0073e-05
3.66235e-05
3.75978e-05
3.85486e-05
3.49474e-05
2.15427e-05
2.72213e-06
1.18545e-07
7.04745e-06
1.68705e-05
2.32684e-05
2.80619e-05
3.18716e-05
3.49893e-05
3.7271e-05
3.98811e-05
4.29593e-05
4.55181e-05
4.78e-05
4.97377e-05
5.12821e-05
5.24256e-05
5.31961e-05
5.36455e-05
5.38381e-05
5.38412e-05
5.3718e-05
5.35237e-05
5.33028e-05
5.30886e-05
5.29041e-05
5.27635e-05
5.26739e-05
5.26375e-05
5.26531e-05
5.27174e-05
5.28261e-05
5.29742e-05
5.31566e-05
5.33684e-05
5.36047e-05
5.38609e-05
5.41328e-05
5.44166e-05
5.47089e-05
5.50065e-05
5.53077e-05
5.56077e-05
5.59111e-05
5.62643e-05
5.64784e-05
5.67554e-05
5.70924e-05
5.73876e-05
5.76853e-05
5.79873e-05
5.82969e-05
5.86175e-05
5.8953e-05
5.93075e-05
5.96847e-05
6.00881e-05
6.05199e-05
6.09806e-05
6.1468e-05
6.19759e-05
6.24927e-05
6.29995e-05
6.34676e-05
6.38561e-05
6.41083e-05
6.41617e-05
6.38282e-05
6.31159e-05
6.18112e-05
5.97564e-05
5.68236e-05
5.29818e-05
4.83869e-05
4.33554e-05
3.81139e-05
3.52974e-05
3.66467e-05
3.80532e-05
3.5059e-05
2.23691e-05
2.88885e-06
1.09093e-07
6.89841e-06
1.66902e-05
2.31213e-05
2.79063e-05
3.17145e-05
3.48393e-05
3.74168e-05
3.96842e-05
4.24108e-05
4.5123e-05
4.74217e-05
4.94841e-05
5.12367e-05
5.26427e-05
5.3701e-05
5.44374e-05
5.48946e-05
5.5124e-05
5.51786e-05
5.51082e-05
5.4957e-05
5.47616e-05
5.4551e-05
5.43469e-05
5.41643e-05
5.40131e-05
5.3899e-05
5.38244e-05
5.37897e-05
5.37934e-05
5.38332e-05
5.39062e-05
5.40087e-05
5.41373e-05
5.42882e-05
5.4458e-05
5.46432e-05
5.48407e-05
5.50478e-05
5.52621e-05
5.54798e-05
5.57109e-05
5.59738e-05
5.6118e-05
5.6349e-05
5.66058e-05
5.68374e-05
5.707e-05
5.73067e-05
5.75488e-05
5.7798e-05
5.80557e-05
5.83233e-05
5.86013e-05
5.88893e-05
5.9185e-05
5.94842e-05
5.97791e-05
6.00581e-05
6.03039e-05
6.04919e-05
6.05883e-05
6.05488e-05
6.02857e-05
5.97624e-05
5.88611e-05
5.74521e-05
5.5401e-05
5.25961e-05
4.9011e-05
4.48047e-05
4.04226e-05
3.59243e-05
3.38317e-05
3.55963e-05
3.74001e-05
3.50564e-05
2.31905e-05
3.05513e-06
1.02761e-07
6.82208e-06
1.65835e-05
2.30012e-05
2.77286e-05
3.15208e-05
3.46829e-05
3.73908e-05
3.97354e-05
4.21093e-05
4.47345e-05
4.72754e-05
4.94264e-05
5.13349e-05
5.29585e-05
5.42737e-05
5.52832e-05
5.60095e-05
5.64872e-05
5.67567e-05
5.68598e-05
5.68365e-05
5.67226e-05
5.65492e-05
5.63418e-05
5.61208e-05
5.59017e-05
5.56961e-05
5.55118e-05
5.53539e-05
5.52251e-05
5.51266e-05
5.5058e-05
5.50179e-05
5.50045e-05
5.50152e-05
5.50474e-05
5.5098e-05
5.51642e-05
5.52433e-05
5.53325e-05
5.54295e-05
5.55319e-05
5.56416e-05
5.57777e-05
5.58348e-05
5.59305e-05
5.60716e-05
5.61724e-05
5.62758e-05
5.63765e-05
5.64739e-05
5.65681e-05
5.66582e-05
5.67428e-05
5.68196e-05
5.68853e-05
5.69346e-05
5.69606e-05
5.69526e-05
5.68971e-05
5.67747e-05
5.65604e-05
5.62214e-05
5.56934e-05
5.49298e-05
5.38778e-05
5.24095e-05
5.04263e-05
4.78421e-05
4.46391e-05
4.09552e-05
3.74773e-05
3.40333e-05
3.22199e-05
3.44794e-05
3.66761e-05
3.49524e-05
2.39957e-05
3.21997e-06
1.01047e-07
6.91844e-06
1.67047e-05
2.30564e-05
2.76442e-05
3.137e-05
3.456e-05
3.73597e-05
3.98817e-05
4.22955e-05
4.47073e-05
4.72303e-05
4.96125e-05
5.17277e-05
5.35254e-05
5.50571e-05
5.63109e-05
5.72919e-05
5.80191e-05
5.852e-05
5.88266e-05
5.89722e-05
5.89889e-05
5.89064e-05
5.87508e-05
5.85448e-05
5.83071e-05
5.8053e-05
5.77942e-05
5.75398e-05
5.72963e-05
5.70681e-05
5.6858e-05
5.66671e-05
5.64956e-05
5.63428e-05
5.62073e-05
5.60872e-05
5.59805e-05
5.58848e-05
5.57976e-05
5.57165e-05
5.56393e-05
5.55616e-05
5.54944e-05
5.54011e-05
5.53132e-05
5.5235e-05
5.51182e-05
5.50231e-05
5.49032e-05
5.47699e-05
5.46238e-05
5.44615e-05
5.42811e-05
5.40803e-05
5.3856e-05
5.3604e-05
5.33191e-05
5.29939e-05
5.26194e-05
5.21824e-05
5.16673e-05
5.10519e-05
5.03034e-05
4.94009e-05
4.82203e-05
4.67576e-05
4.49746e-05
4.28085e-05
4.02443e-05
3.73441e-05
3.45441e-05
3.20122e-05
3.12404e-05
3.3271e-05
3.59385e-05
3.47163e-05
2.47207e-05
3.38317e-06
1.06867e-07
7.21687e-06
1.728e-05
2.35156e-05
2.78681e-05
3.14544e-05
3.46389e-05
3.75371e-05
4.02208e-05
4.28192e-05
4.53575e-05
4.7746e-05
5.02247e-05
5.24292e-05
5.45076e-05
5.6285e-05
5.77431e-05
5.89478e-05
5.99026e-05
6.06235e-05
6.11326e-05
6.14553e-05
6.16182e-05
6.16475e-05
6.15677e-05
6.14011e-05
6.11676e-05
6.08841e-05
6.0565e-05
6.02219e-05
5.98645e-05
5.94999e-05
5.91336e-05
5.87695e-05
5.84099e-05
5.80562e-05
5.77087e-05
5.73671e-05
5.70303e-05
5.66971e-05
5.63656e-05
5.60344e-05
5.57007e-05
5.53633e-05
5.50198e-05
5.4672e-05
5.42967e-05
5.38879e-05
5.35534e-05
5.31828e-05
5.27267e-05
5.22892e-05
5.18379e-05
5.13613e-05
5.08636e-05
5.03432e-05
4.97989e-05
4.92284e-05
4.86298e-05
4.79989e-05
4.73329e-05
4.66239e-05
4.58665e-05
4.50471e-05
4.41508e-05
4.31725e-05
4.21066e-05
4.08831e-05
3.94528e-05
3.77267e-05
3.56772e-05
3.33027e-05
3.11184e-05
2.95992e-05
2.96525e-05
3.26095e-05
3.51489e-05
3.43489e-05
2.53362e-05
3.54667e-06
1.23807e-07
7.85477e-06
1.84134e-05
2.46185e-05
2.86769e-05
3.20858e-05
3.52496e-05
3.82662e-05
4.12019e-05
4.39729e-05
4.65612e-05
4.91936e-05
5.16742e-05
5.39817e-05
5.61766e-05
5.80406e-05
5.97924e-05
6.1207e-05
6.23224e-05
6.31979e-05
6.38474e-05
6.42899e-05
6.45468e-05
6.46405e-05
6.45931e-05
6.44257e-05
6.4158e-05
6.38075e-05
6.33899e-05
6.29187e-05
6.24055e-05
6.18599e-05
6.12895e-05
6.06999e-05
6.00954e-05
5.94794e-05
5.8854e-05
5.8221e-05
5.75806e-05
5.69339e-05
5.62797e-05
5.5619e-05
5.49483e-05
5.4272e-05
5.35826e-05
5.28852e-05
5.21801e-05
5.1401e-05
5.06987e-05
4.99966e-05
4.92407e-05
4.84935e-05
4.76798e-05
4.68711e-05
4.60646e-05
4.52474e-05
4.44213e-05
4.35856e-05
4.27428e-05
4.18911e-05
4.10341e-05
4.01675e-05
3.92963e-05
3.84112e-05
3.75176e-05
3.6597e-05
3.56587e-05
3.46624e-05
3.36108e-05
3.24368e-05
3.11725e-05
2.98076e-05
2.86296e-05
2.80923e-05
2.87029e-05
3.13808e-05
3.47362e-05
3.38077e-05
2.57191e-05
3.71335e-06
1.55801e-07
8.90528e-06
1.9999e-05
2.60394e-05
3.00608e-05
3.33887e-05
3.65828e-05
3.96874e-05
4.25554e-05
4.52464e-05
4.83768e-05
5.13345e-05
5.40201e-05
5.65303e-05
5.868e-05
6.05946e-05
6.2269e-05
6.37534e-05
6.49858e-05
6.58658e-05
6.65018e-05
6.69122e-05
6.71166e-05
6.71354e-05
6.69892e-05
6.6698e-05
6.62808e-05
6.57554e-05
6.5138e-05
6.44431e-05
6.36833e-05
6.28709e-05
6.20116e-05
6.11125e-05
6.01801e-05
5.92206e-05
5.82386e-05
5.72395e-05
5.62246e-05
5.52003e-05
5.41643e-05
5.31231e-05
5.20717e-05
5.10292e-05
4.99639e-05
4.89223e-05
4.78297e-05
4.67818e-05
4.57742e-05
4.47261e-05
4.36937e-05
4.26495e-05
4.1677e-05
4.06595e-05
3.96279e-05
3.86498e-05
3.7692e-05
3.67532e-05
3.58403e-05
3.49521e-05
3.40984e-05
3.3275e-05
3.24973e-05
3.17545e-05
3.10692e-05
3.04189e-05
2.98358e-05
2.92771e-05
2.87865e-05
2.82913e-05
2.78639e-05
2.74354e-05
2.72241e-05
2.7407e-05
2.84923e-05
3.10238e-05
3.37585e-05
3.31226e-05
2.54728e-05
3.89224e-06
2.07655e-07
1.04419e-05
2.19054e-05
2.72886e-05
3.06545e-05
3.38129e-05
3.69893e-05
4.0162e-05
4.33242e-05
4.66609e-05
4.99361e-05
5.30161e-05
5.58883e-05
5.84617e-05
6.06149e-05
6.24358e-05
6.38189e-05
6.49622e-05
6.6008e-05
6.67383e-05
6.7122e-05
6.7273e-05
6.72098e-05
6.69523e-05
6.65206e-05
6.59341e-05
6.52118e-05
6.43713e-05
6.34293e-05
6.24012e-05
6.13003e-05
6.01416e-05
5.89087e-05
5.76251e-05
5.63047e-05
5.4961e-05
5.36023e-05
5.22389e-05
5.08699e-05
4.95145e-05
4.81557e-05
4.68186e-05
4.54981e-05
4.42244e-05
4.29088e-05
4.16796e-05
4.0496e-05
3.93054e-05
3.81555e-05
3.70376e-05
3.59745e-05
3.49148e-05
3.3966e-05
3.30037e-05
3.20609e-05
3.11925e-05
3.03706e-05
2.95979e-05
2.88835e-05
2.82234e-05
2.76327e-05
2.71038e-05
2.66593e-05
2.62821e-05
2.60068e-05
2.58012e-05
2.5716e-05
2.56952e-05
2.58099e-05
2.59686e-05
2.62695e-05
2.65903e-05
2.71006e-05
2.77752e-05
2.90288e-05
3.10973e-05
3.34065e-05
3.23973e-05
2.49126e-05
3.98432e-06
2.86516e-07
1.18725e-05
2.28185e-05
2.70771e-05
2.96019e-05
3.23389e-05
3.53298e-05
3.8412e-05
4.15274e-05
4.45941e-05
4.74376e-05
5.00724e-05
5.24814e-05
5.46081e-05
5.64177e-05
5.78853e-05
5.9022e-05
5.97035e-05
6.02305e-05
6.06167e-05
6.06263e-05
6.04002e-05
5.99662e-05
5.93484e-05
5.85697e-05
5.76515e-05
5.66141e-05
5.54759e-05
5.42557e-05
5.29703e-05
5.16344e-05
5.02611e-05
4.88747e-05
4.74771e-05
4.60725e-05
4.46771e-05
4.32945e-05
4.19336e-05
4.05887e-05
3.92927e-05
3.79895e-05
3.67746e-05
3.56213e-05
3.44858e-05
3.33979e-05
3.23591e-05
3.13692e-05
3.04322e-05
2.95388e-05
2.87182e-05
2.79514e-05
2.72044e-05
2.65313e-05
2.59265e-05
2.53794e-05
2.48972e-05
2.44838e-05
2.41362e-05
2.38553e-05
2.36371e-05
2.34988e-05
2.34294e-05
2.34505e-05
2.35405e-05
2.37358e-05
2.39972e-05
2.43807e-05
2.48206e-05
2.53982e-05
2.60085e-05
2.67576e-05
2.74997e-05
2.83559e-05
2.92391e-05
3.02676e-05
3.1756e-05
3.31304e-05
3.13975e-05
2.40951e-05
4.01818e-06
3.82984e-07
1.24328e-05
2.06326e-05
2.24756e-05
2.39387e-05
2.58142e-05
2.80086e-05
3.03867e-05
3.28247e-05
3.51436e-05
3.72707e-05
3.91924e-05
4.08904e-05
4.23424e-05
4.35436e-05
4.44748e-05
4.51487e-05
4.55346e-05
4.56765e-05
4.57003e-05
4.5567e-05
4.52092e-05
4.47042e-05
4.40727e-05
4.33341e-05
4.25073e-05
4.16084e-05
4.06526e-05
3.96589e-05
3.86391e-05
3.76036e-05
3.65616e-05
3.55306e-05
3.45073e-05
3.35043e-05
3.2544e-05
3.16146e-05
3.07143e-05
2.98482e-05
2.90289e-05
2.82488e-05
2.75062e-05
2.68233e-05
2.6167e-05
2.56003e-05
2.50512e-05
2.45378e-05
2.40946e-05
2.37041e-05
2.33656e-05
2.3082e-05
2.28484e-05
2.26664e-05
2.25382e-05
2.24639e-05
2.24434e-05
2.24783e-05
2.2567e-05
2.27157e-05
2.29179e-05
2.31875e-05
2.35033e-05
2.3883e-05
2.43067e-05
2.48065e-05
2.53416e-05
2.59673e-05
2.66131e-05
2.73633e-05
2.8106e-05
2.89502e-05
2.97451e-05
3.05767e-05
3.13707e-05
3.19565e-05
3.28376e-05
3.26848e-05
3.0122e-05
2.24297e-05
3.90834e-06
4.60792e-07
1.14552e-05
1.53552e-05
1.56164e-05
1.64359e-05
1.76391e-05
1.90249e-05
2.04968e-05
2.19798e-05
2.33929e-05
2.47058e-05
2.59004e-05
2.69611e-05
2.78764e-05
2.86524e-05
2.92796e-05
2.97329e-05
3.00589e-05
3.02573e-05
3.03162e-05
3.0323e-05
3.0249e-05
3.00687e-05
2.98239e-05
2.95256e-05
2.91865e-05
2.88118e-05
2.84135e-05
2.80098e-05
2.75975e-05
2.71795e-05
2.67669e-05
2.63691e-05
2.59836e-05
2.56198e-05
2.52647e-05
2.49586e-05
2.46578e-05
2.43746e-05
2.41305e-05
2.39165e-05
2.37278e-05
2.3571e-05
2.3439e-05
2.33406e-05
2.32714e-05
2.32313e-05
2.32276e-05
2.3258e-05
2.33212e-05
2.34152e-05
2.35404e-05
2.36939e-05
2.38776e-05
2.40881e-05
2.43284e-05
2.45946e-05
2.48905e-05
2.52129e-05
2.55639e-05
2.59441e-05
2.63499e-05
2.67996e-05
2.72645e-05
2.77839e-05
2.82977e-05
2.88859e-05
2.9439e-05
3.009e-05
3.0662e-05
3.1343e-05
3.18876e-05
3.24917e-05
3.29377e-05
3.29833e-05
3.32071e-05
3.09216e-05
2.74461e-05
1.90688e-05
3.56276e-06
5.14701e-07
9.84469e-06
1.17669e-05
1.37281e-05
1.56912e-05
1.75378e-05
1.92103e-05
2.06757e-05
2.19228e-05
2.29585e-05
2.38065e-05
2.44945e-05
2.50495e-05
2.54869e-05
2.58502e-05
2.61439e-05
2.62733e-05
2.64247e-05
2.65325e-05
2.65727e-05
2.65798e-05
2.65669e-05
2.65295e-05
2.64729e-05
2.64013e-05
2.6319e-05
2.62289e-05
2.61343e-05
2.60373e-05
2.59427e-05
2.58429e-05
2.57545e-05
2.56812e-05
2.56093e-05
2.55373e-05
2.54752e-05
2.54274e-05
2.53908e-05
2.53636e-05
2.5348e-05
2.53441e-05
2.53526e-05
2.53727e-05
2.5406e-05
2.54505e-05
2.55088e-05
2.55782e-05
2.56577e-05
2.57462e-05
2.58471e-05
2.5958e-05
2.6083e-05
2.62186e-05
2.63702e-05
2.65329e-05
2.67132e-05
2.69057e-05
2.71166e-05
2.73419e-05
2.75842e-05
2.78465e-05
2.81187e-05
2.84256e-05
2.87235e-05
2.9089e-05
2.93744e-05
2.97851e-05
3.00326e-05
3.04893e-05
3.06688e-05
3.11452e-05
3.12189e-05
3.16596e-05
3.13705e-05
3.11205e-05
3.01347e-05
2.78447e-05
2.29115e-05
1.19568e-05
3.06295e-06
3.16849e-07
6.10432e-07
9.30314e-07
1.25635e-06
1.57097e-06
1.86556e-06
2.13982e-06
2.39429e-06
2.62729e-06
2.83747e-06
3.02352e-06
3.18589e-06
3.32458e-06
3.44232e-06
3.53855e-06
3.61934e-06
3.68065e-06
3.726e-06
3.76031e-06
3.78061e-06
3.79287e-06
3.79225e-06
3.78773e-06
3.77729e-06
3.76026e-06
3.73901e-06
3.71436e-06
3.68712e-06
3.65791e-06
3.62735e-06
3.59601e-06
3.56409e-06
3.53235e-06
3.50109e-06
3.47049e-06
3.4406e-06
3.41194e-06
3.38453e-06
3.35871e-06
3.33434e-06
3.31185e-06
3.29099e-06
3.27224e-06
3.25521e-06
3.24047e-06
3.22751e-06
3.21697e-06
3.20828e-06
3.20195e-06
3.19755e-06
3.19542e-06
3.1959e-06
3.19786e-06
3.20158e-06
3.20965e-06
3.21656e-06
3.23087e-06
3.24113e-06
3.26204e-06
3.27575e-06
3.30356e-06
3.32067e-06
3.35541e-06
3.37606e-06
3.41817e-06
3.44596e-06
3.50275e-06
3.53697e-06
3.60531e-06
3.64803e-06
3.72219e-06
3.7738e-06
3.84746e-06
3.90666e-06
3.96358e-06
3.99877e-06
3.97881e-06
3.88114e-06
3.56697e-06
2.6298e-06
)
;

boundaryField
{
    movingWall
    {
        type            nutkWallFunction;
        Cmu             0.09;
        kappa           0.41;
        E               9.8;
        value           uniform 0;
    }
    fixedWalls
    {
        type            nutkWallFunction;
        Cmu             0.09;
        kappa           0.41;
        E               9.8;
        value           uniform 0;
    }
    frontAndBack
    {
        type            empty;
    }
}


// ************************************************************************* //
