/*--------------------------------*- C++ -*----------------------------------*\
  =========                 |
  \\      /  F ield         | OpenFOAM: The Open Source CFD Toolbox
   \\    /   O peration     | Website:  https://openfoam.org
    \\  /    A nd           | Version:  13
     \\/     M anipulation  |
\*---------------------------------------------------------------------------*/
FoamFile
{
    format      ascii;
    class       volScalarField;
    location    "4.4";
    object      nut;
}
// * * * * * * * * * * * * * * * * * * * * * * * * * * * * * * * * * * * * * //

dimensions      [0 2 -1 0 0 0 0];

internalField   nonuniform List<scalar> 
6400
(
7.60417e-10
3.89702e-09
9.36267e-09
1.51129e-08
1.9592e-08
2.22884e-08
2.3502e-08
2.39361e-08
2.43835e-08
2.55602e-08
2.80522e-08
3.24346e-08
3.91517e-08
4.83382e-08
5.9622e-08
7.24712e-08
8.63112e-08
1.00916e-07
1.15629e-07
1.30024e-07
1.44328e-07
1.59605e-07
1.77338e-07
1.98847e-07
2.23993e-07
2.50741e-07
2.77246e-07
3.03679e-07
3.30537e-07
3.58438e-07
3.87369e-07
4.1627e-07
4.44594e-07
4.72114e-07
4.99442e-07
5.26949e-07
5.55142e-07
5.84403e-07
6.15089e-07
6.47496e-07
6.81793e-07
7.18246e-07
7.57123e-07
7.98707e-07
8.43309e-07
8.91514e-07
9.44966e-07
1.00713e-06
1.08542e-06
1.16252e-06
1.2419e-06
1.31946e-06
1.39475e-06
1.46507e-06
1.5282e-06
1.58143e-06
1.62041e-06
1.63945e-06
1.6465e-06
1.63476e-06
1.59441e-06
1.52826e-06
1.4368e-06
1.32159e-06
1.18788e-06
1.03928e-06
8.85031e-07
7.31795e-07
5.86063e-07
4.51128e-07
3.41168e-07
2.49735e-07
1.75217e-07
1.17631e-07
7.58166e-08
4.70316e-08
2.81228e-08
1.59276e-08
7.42437e-09
1.57508e-09
3.70166e-09
2.6959e-07
9.7043e-07
1.65725e-06
2.18019e-06
2.50201e-06
2.66492e-06
2.73956e-06
2.79781e-06
2.88823e-06
3.08117e-06
3.4147e-06
3.87694e-06
4.41903e-06
4.99048e-06
5.5374e-06
6.02082e-06
6.39925e-06
6.65726e-06
6.79743e-06
6.86457e-06
6.93583e-06
7.06318e-06
7.28956e-06
7.59229e-06
7.86851e-06
8.07451e-06
8.29442e-06
8.5649e-06
8.92108e-06
9.38782e-06
9.91522e-06
1.04882e-05
1.1083e-05
1.17048e-05
1.23517e-05
1.30253e-05
1.37266e-05
1.4456e-05
1.52181e-05
1.60082e-05
1.68242e-05
1.76682e-05
1.85514e-05
1.94778e-05
2.04222e-05
2.13486e-05
2.22335e-05
2.30225e-05
2.38666e-05
2.47087e-05
2.55641e-05
2.64074e-05
2.72263e-05
2.79978e-05
2.87126e-05
2.93617e-05
2.97216e-05
3.0008e-05
3.01327e-05
3.00082e-05
2.95433e-05
2.87726e-05
2.76552e-05
2.62057e-05
2.44244e-05
2.24277e-05
2.02534e-05
1.79195e-05
1.54976e-05
1.27497e-05
9.97159e-06
7.45537e-06
5.35088e-06
3.70718e-06
2.49016e-06
1.63762e-06
1.03279e-06
4.57164e-07
8.28174e-09
8.16194e-09
7.19736e-07
2.96065e-06
5.24157e-06
7.02347e-06
8.20472e-06
8.89059e-06
9.26014e-06
9.49562e-06
9.74664e-06
1.01508e-05
1.07678e-05
1.15779e-05
1.24986e-05
1.34255e-05
1.42545e-05
1.49425e-05
1.54655e-05
1.58197e-05
1.60151e-05
1.60682e-05
1.60292e-05
1.59848e-05
1.59776e-05
1.6031e-05
1.62099e-05
1.65253e-05
1.68247e-05
1.71441e-05
1.7474e-05
1.78573e-05
1.83652e-05
1.91502e-05
2.00496e-05
2.10391e-05
2.21142e-05
2.32615e-05
2.44763e-05
2.57116e-05
2.7018e-05
2.83892e-05
2.974e-05
3.11317e-05
3.24798e-05
3.37724e-05
3.50116e-05
3.62332e-05
3.74261e-05
3.86248e-05
3.98338e-05
4.10363e-05
4.22274e-05
4.33914e-05
4.45122e-05
4.55677e-05
4.65291e-05
4.73549e-05
4.80484e-05
4.84328e-05
4.86374e-05
4.86498e-05
4.83481e-05
4.77155e-05
4.66636e-05
4.51177e-05
4.29635e-05
4.04041e-05
3.75018e-05
3.42276e-05
3.06424e-05
2.67721e-05
2.27223e-05
1.8682e-05
1.48622e-05
1.1453e-05
8.56832e-06
6.22771e-06
4.21807e-06
1.72167e-06
2.18087e-08
1.42375e-08
1.19741e-06
4.74639e-06
8.25706e-06
1.10109e-05
1.29216e-05
1.41213e-05
1.4816e-05
1.52352e-05
1.56062e-05
1.61008e-05
1.68204e-05
1.7745e-05
1.87562e-05
1.97147e-05
2.05255e-05
2.11287e-05
2.1514e-05
2.17018e-05
2.17376e-05
2.16728e-05
2.1595e-05
2.1573e-05
2.1663e-05
2.17263e-05
2.1739e-05
2.17125e-05
2.18936e-05
2.24354e-05
2.32355e-05
2.43456e-05
2.55049e-05
2.66612e-05
2.78428e-05
2.90977e-05
3.03744e-05
3.16233e-05
3.29099e-05
3.42439e-05
3.54932e-05
3.67519e-05
3.7961e-05
3.91536e-05
4.02987e-05
4.14083e-05
4.24705e-05
4.35178e-05
4.45598e-05
4.55993e-05
4.66316e-05
4.76499e-05
4.86461e-05
4.9608e-05
5.05217e-05
5.13689e-05
5.21279e-05
5.27737e-05
5.32802e-05
5.35963e-05
5.37253e-05
5.36336e-05
5.33269e-05
5.26274e-05
5.18322e-05
5.0818e-05
4.91895e-05
4.70497e-05
4.44224e-05
4.13677e-05
3.79343e-05
3.41614e-05
3.01047e-05
2.58524e-05
2.15545e-05
1.74039e-05
1.36021e-05
1.02498e-05
7.08435e-06
2.86376e-06
3.55752e-08
2.28389e-08
1.80856e-06
6.66001e-06
1.12147e-05
1.46545e-05
1.69887e-05
1.84311e-05
1.92504e-05
1.97409e-05
2.0197e-05
2.08399e-05
2.17413e-05
2.2815e-05
2.38941e-05
2.48245e-05
2.55157e-05
2.59403e-05
2.61212e-05
2.6101e-05
2.59881e-05
2.5771e-05
2.56235e-05
2.54793e-05
2.50042e-05
2.47412e-05
2.50218e-05
2.58415e-05
2.68422e-05
2.79828e-05
2.91832e-05
3.04196e-05
3.16444e-05
3.28457e-05
3.40276e-05
3.51821e-05
3.62313e-05
3.72692e-05
3.83304e-05
3.92286e-05
4.00847e-05
4.08663e-05
4.15831e-05
4.22544e-05
4.28946e-05
4.35251e-05
4.4169e-05
4.48098e-05
4.54453e-05
4.60812e-05
4.67189e-05
4.73608e-05
4.8008e-05
4.86592e-05
4.93107e-05
4.99562e-05
5.05862e-05
5.11876e-05
5.17408e-05
5.22129e-05
5.25724e-05
5.27181e-05
5.27118e-05
5.23281e-05
5.14644e-05
5.03419e-05
4.94702e-05
4.79239e-05
4.58534e-05
4.33286e-05
4.04014e-05
3.71138e-05
3.34987e-05
2.95872e-05
2.54424e-05
2.12035e-05
1.71044e-05
1.32164e-05
9.17494e-06
3.63422e-06
4.46407e-08
3.50546e-08
2.62993e-06
8.91364e-06
1.44387e-05
1.83701e-05
2.08929e-05
2.23632e-05
2.31666e-05
2.36928e-05
2.42779e-05
2.51063e-05
2.61642e-05
2.72967e-05
2.83159e-05
2.9083e-05
2.95384e-05
2.96914e-05
2.96287e-05
2.92496e-05
2.89272e-05
2.86432e-05
2.77393e-05
2.74469e-05
2.79085e-05
2.87577e-05
2.97593e-05
3.08435e-05
3.19766e-05
3.30876e-05
3.41479e-05
3.51637e-05
3.61406e-05
3.70288e-05
3.78177e-05
3.8559e-05
3.91718e-05
3.97271e-05
4.02691e-05
4.06833e-05
4.10659e-05
4.1393e-05
4.16977e-05
4.19722e-05
4.22219e-05
4.24531e-05
4.26699e-05
4.28721e-05
4.30667e-05
4.32614e-05
4.3465e-05
4.36857e-05
4.39357e-05
4.42266e-05
4.4569e-05
4.49698e-05
4.54254e-05
4.59306e-05
4.64974e-05
4.70942e-05
4.76884e-05
4.82268e-05
4.86466e-05
4.88199e-05
4.8793e-05
4.81615e-05
4.73022e-05
4.6496e-05
4.50029e-05
4.29879e-05
4.05221e-05
3.7681e-05
3.45253e-05
3.10741e-05
2.73043e-05
2.32538e-05
1.91113e-05
1.49335e-05
1.03751e-05
3.98805e-06
4.76823e-08
5.1962e-08
3.70441e-06
1.1546e-05
1.79445e-05
2.21908e-05
2.47297e-05
2.61021e-05
2.68349e-05
2.73971e-05
2.8109e-05
2.90671e-05
3.01685e-05
3.12183e-05
3.20376e-05
3.25236e-05
3.26584e-05
3.23664e-05
3.19402e-05
3.15667e-05
3.05471e-05
3.00861e-05
3.03077e-05
3.10975e-05
3.18412e-05
3.26924e-05
3.36117e-05
3.45318e-05
3.54149e-05
3.62233e-05
3.70069e-05
3.77108e-05
3.83268e-05
3.88488e-05
3.92882e-05
3.96575e-05
3.99491e-05
4.02142e-05
4.0393e-05
4.04874e-05
4.06275e-05
4.06881e-05
4.07278e-05
4.07316e-05
4.07157e-05
4.06715e-05
4.06072e-05
4.05206e-05
4.04154e-05
4.02953e-05
4.01729e-05
4.00491e-05
3.99368e-05
3.98541e-05
3.98314e-05
3.99128e-05
4.01107e-05
4.03822e-05
4.08312e-05
4.14423e-05
4.21764e-05
4.29655e-05
4.38119e-05
4.45818e-05
4.51361e-05
4.53329e-05
4.4835e-05
4.45411e-05
4.36884e-05
4.21505e-05
4.00314e-05
3.74443e-05
3.45234e-05
3.13636e-05
2.79718e-05
2.42331e-05
2.0138e-05
1.58502e-05
1.06862e-05
3.97776e-06
4.62651e-08
7.45739e-08
5.05268e-06
1.45032e-05
2.16417e-05
2.60401e-05
2.84769e-05
2.96913e-05
3.0341e-05
3.09287e-05
3.17107e-05
3.26854e-05
3.36862e-05
3.45094e-05
3.50068e-05
3.51271e-05
3.46827e-05
3.42405e-05
3.34751e-05
3.25938e-05
3.24305e-05
3.29014e-05
3.32901e-05
3.3913e-05
3.45608e-05
3.53823e-05
3.61427e-05
3.68625e-05
3.75041e-05
3.80699e-05
3.85671e-05
3.89772e-05
3.93137e-05
3.95828e-05
3.97971e-05
3.99644e-05
4.00888e-05
4.01793e-05
4.02262e-05
4.02496e-05
4.02331e-05
4.02086e-05
4.01843e-05
4.0076e-05
3.99831e-05
3.98477e-05
3.9698e-05
3.95284e-05
3.93452e-05
3.91442e-05
3.89172e-05
3.86705e-05
3.84009e-05
3.81047e-05
3.77755e-05
3.7402e-05
3.70395e-05
3.6837e-05
3.67747e-05
3.70146e-05
3.75901e-05
3.82945e-05
3.92775e-05
4.03475e-05
4.1462e-05
4.22894e-05
4.25911e-05
4.23612e-05
4.23667e-05
4.15196e-05
3.98013e-05
3.74086e-05
3.45279e-05
3.13664e-05
2.8067e-05
2.45907e-05
2.06852e-05
1.62315e-05
1.08341e-05
3.88254e-06
4.31938e-08
1.03646e-07
6.66327e-06
1.77077e-05
2.53907e-05
2.9833e-05
3.20986e-05
3.31299e-05
3.36857e-05
3.42565e-05
3.50135e-05
3.5873e-05
3.66355e-05
3.71131e-05
3.71766e-05
3.66778e-05
3.61802e-05
3.50706e-05
3.45486e-05
3.45564e-05
3.46211e-05
3.48647e-05
3.53705e-05
3.59739e-05
3.65962e-05
3.72454e-05
3.78012e-05
3.83018e-05
3.87233e-05
3.90837e-05
3.93858e-05
3.9635e-05
3.98452e-05
4.00221e-05
4.01723e-05
4.02976e-05
4.04001e-05
4.04803e-05
4.05336e-05
4.05574e-05
4.05642e-05
4.05604e-05
4.05117e-05
4.04359e-05
4.03465e-05
4.02289e-05
4.00963e-05
3.99373e-05
3.97582e-05
3.9556e-05
3.93288e-05
3.90729e-05
3.87868e-05
3.84632e-05
3.8093e-05
3.76693e-05
3.71792e-05
3.66322e-05
3.60177e-05
3.53572e-05
3.48271e-05
3.4916e-05
3.55512e-05
3.64704e-05
3.77259e-05
3.90595e-05
4.02512e-05
4.07689e-05
4.05709e-05
4.07086e-05
3.98473e-05
3.78347e-05
3.50552e-05
3.17669e-05
2.82525e-05
2.46888e-05
2.08862e-05
1.64028e-05
1.06831e-05
3.65485e-06
4.02714e-08
1.39562e-07
8.47654e-06
2.10074e-05
2.91164e-05
3.3513e-05
3.55645e-05
3.63957e-05
3.68287e-05
3.73122e-05
3.79352e-05
3.85589e-05
3.89821e-05
3.89426e-05
3.84571e-05
3.79605e-05
3.68364e-05
3.63587e-05
3.61764e-05
3.59163e-05
3.6135e-05
3.64739e-05
3.69742e-05
3.74862e-05
3.79853e-05
3.8448e-05
3.88366e-05
3.91841e-05
3.94834e-05
3.97545e-05
4.00007e-05
4.02302e-05
4.04471e-05
4.06512e-05
4.08418e-05
4.1013e-05
4.11626e-05
4.13029e-05
4.13847e-05
4.14268e-05
4.14959e-05
4.14865e-05
4.14584e-05
4.13951e-05
4.13062e-05
4.11876e-05
4.10456e-05
4.08794e-05
4.06942e-05
4.04917e-05
4.02758e-05
4.00465e-05
3.97933e-05
3.95089e-05
3.91786e-05
3.87797e-05
3.8299e-05
3.77201e-05
3.70221e-05
3.6212e-05
3.53342e-05
3.44506e-05
3.35423e-05
3.35462e-05
3.44147e-05
3.55743e-05
3.7152e-05
3.86948e-05
3.93622e-05
3.92347e-05
3.93586e-05
3.83917e-05
3.60085e-05
3.27742e-05
2.90183e-05
2.50527e-05
2.10542e-05
1.65063e-05
1.06516e-05
3.51679e-06
3.86912e-08
1.82879e-07
1.03536e-05
2.42728e-05
3.2736e-05
3.70332e-05
3.8844e-05
3.94524e-05
3.97142e-05
4.00258e-05
4.04102e-05
4.07022e-05
4.05796e-05
4.00315e-05
3.9481e-05
3.85271e-05
3.79124e-05
3.74575e-05
3.71082e-05
3.70834e-05
3.73613e-05
3.77048e-05
3.81296e-05
3.85283e-05
3.89071e-05
3.92505e-05
3.95617e-05
3.98626e-05
4.01532e-05
4.04452e-05
4.07362e-05
4.10263e-05
4.13099e-05
4.15792e-05
4.18565e-05
4.2092e-05
4.22383e-05
4.24014e-05
4.25561e-05
4.26343e-05
4.26976e-05
4.27048e-05
4.26854e-05
4.26271e-05
4.2538e-05
4.24171e-05
4.22682e-05
4.20928e-05
4.18938e-05
4.16724e-05
4.14299e-05
4.11664e-05
4.08813e-05
4.05744e-05
4.02449e-05
3.98909e-05
3.95094e-05
3.90412e-05
3.84422e-05
3.76651e-05
3.6733e-05
3.56856e-05
3.453e-05
3.34056e-05
3.23851e-05
3.27443e-05
3.39007e-05
3.55763e-05
3.73184e-05
3.81522e-05
3.80867e-05
3.81447e-05
3.69105e-05
3.40901e-05
3.03852e-05
2.60854e-05
2.15741e-05
1.68031e-05
1.08014e-05
3.57966e-06
3.93712e-08
2.35894e-07
1.20974e-05
2.74102e-05
3.61896e-05
4.03564e-05
4.19053e-05
4.22582e-05
4.2287e-05
4.23395e-05
4.23937e-05
4.21634e-05
4.15153e-05
4.09145e-05
4.00242e-05
3.92975e-05
3.85236e-05
3.81264e-05
3.79279e-05
3.80289e-05
3.82975e-05
3.86017e-05
3.89458e-05
3.92686e-05
3.95921e-05
3.99104e-05
4.02369e-05
4.05789e-05
4.09334e-05
4.12995e-05
4.16678e-05
4.20388e-05
4.24197e-05
4.27603e-05
4.30258e-05
4.32737e-05
4.34861e-05
4.37112e-05
4.38561e-05
4.39623e-05
4.4031e-05
4.40544e-05
4.40428e-05
4.39921e-05
4.39069e-05
4.37879e-05
4.36379e-05
4.34589e-05
4.32534e-05
4.30229e-05
4.2769e-05
4.24921e-05
4.21915e-05
4.18651e-05
4.15089e-05
4.11177e-05
4.06859e-05
4.02093e-05
3.96863e-05
3.908e-05
3.8282e-05
3.72734e-05
3.60844e-05
3.47419e-05
3.3367e-05
3.21139e-05
3.14993e-05
3.25906e-05
3.42135e-05
3.60878e-05
3.70648e-05
3.69981e-05
3.69497e-05
3.51808e-05
3.19494e-05
2.76596e-05
2.27659e-05
1.75487e-05
1.13804e-05
3.89366e-06
4.32743e-08
2.95318e-07
1.38326e-05
3.04058e-05
3.94433e-05
4.34535e-05
4.47183e-05
4.47749e-05
4.45032e-05
4.42132e-05
4.38094e-05
4.30235e-05
4.23811e-05
4.14495e-05
4.06446e-05
3.96275e-05
3.89974e-05
3.8693e-05
3.86125e-05
3.8759e-05
3.89968e-05
3.92683e-05
3.95743e-05
3.98884e-05
4.02322e-05
4.06003e-05
4.0999e-05
4.14222e-05
4.18611e-05
4.23058e-05
4.27743e-05
4.32184e-05
4.36121e-05
4.39614e-05
4.4288e-05
4.45841e-05
4.48342e-05
4.50435e-05
4.52293e-05
4.53547e-05
4.54445e-05
4.54875e-05
4.54914e-05
4.54545e-05
4.53794e-05
4.52667e-05
4.51188e-05
4.49377e-05
4.47259e-05
4.44859e-05
4.42202e-05
4.39305e-05
4.36174e-05
4.32797e-05
4.29135e-05
4.25118e-05
4.20644e-05
4.15591e-05
4.09846e-05
4.03356e-05
3.96165e-05
3.87231e-05
3.76633e-05
3.6347e-05
3.488e-05
3.3377e-05
3.18739e-05
3.06533e-05
3.14197e-05
3.29834e-05
3.49837e-05
3.59928e-05
3.58712e-05
3.55947e-05
3.31974e-05
2.93136e-05
2.44203e-05
1.8863e-05
1.2427e-05
4.57624e-06
5.37335e-08
3.59448e-07
1.55252e-05
3.32172e-05
4.24652e-05
4.63006e-05
4.72602e-05
4.69784e-05
4.63436e-05
4.56422e-05
4.46718e-05
4.3984e-05
4.2891e-05
4.19812e-05
4.07752e-05
3.98879e-05
3.93851e-05
3.917e-05
3.91644e-05
3.93234e-05
3.95495e-05
3.98266e-05
4.01531e-05
4.05189e-05
4.09343e-05
4.13885e-05
4.1877e-05
4.23864e-05
4.29048e-05
4.34306e-05
4.39354e-05
4.44028e-05
4.48325e-05
4.52305e-05
4.55989e-05
4.59294e-05
4.62213e-05
4.64727e-05
4.66669e-05
4.68099e-05
4.69517e-05
4.70318e-05
4.70636e-05
4.70504e-05
4.69934e-05
4.68914e-05
4.67465e-05
4.656e-05
4.63346e-05
4.60737e-05
4.57813e-05
4.54614e-05
4.51179e-05
4.47532e-05
4.43674e-05
4.39566e-05
4.35116e-05
4.30172e-05
4.2452e-05
4.17917e-05
4.10163e-05
4.01237e-05
3.90451e-05
3.77542e-05
3.63529e-05
3.48898e-05
3.32693e-05
3.15532e-05
3.00124e-05
3.03563e-05
3.18763e-05
3.3869e-05
3.4836e-05
3.44752e-05
3.37537e-05
3.05748e-05
2.60646e-05
2.04728e-05
1.38067e-05
5.4699e-06
7.24653e-08
4.26218e-07
1.7137e-05
3.58055e-05
4.52308e-05
4.88824e-05
4.95235e-05
4.88745e-05
4.78519e-05
4.66245e-05
4.58355e-05
4.44376e-05
4.33675e-05
4.20005e-05
4.08606e-05
4.01067e-05
3.97116e-05
3.95706e-05
3.96169e-05
3.97954e-05
4.00486e-05
4.03751e-05
4.0768e-05
4.12192e-05
4.17249e-05
4.2269e-05
4.284e-05
4.34219e-05
4.40022e-05
4.45697e-05
4.51086e-05
4.56156e-05
4.60921e-05
4.65387e-05
4.6953e-05
4.73309e-05
4.76713e-05
4.79718e-05
4.82431e-05
4.84635e-05
4.8585e-05
4.87479e-05
4.88327e-05
4.88529e-05
4.88251e-05
4.87396e-05
4.85995e-05
4.84045e-05
4.81574e-05
4.78616e-05
4.75223e-05
4.71462e-05
4.67403e-05
4.63123e-05
4.58683e-05
4.54118e-05
4.49412e-05
4.44474e-05
4.39112e-05
4.33021e-05
4.25795e-05
4.16992e-05
4.07164e-05
3.95356e-05
3.78192e-05
3.61742e-05
3.47434e-05
3.30241e-05
3.11745e-05
2.94141e-05
2.9488e-05
3.09557e-05
3.27201e-05
3.34436e-05
3.28108e-05
3.11687e-05
2.7331e-05
2.19993e-05
1.52998e-05
6.43923e-06
9.76716e-08
4.93485e-07
1.86374e-05
3.81452e-05
4.77284e-05
5.11937e-05
5.15165e-05
5.04607e-05
4.89158e-05
4.79058e-05
4.62216e-05
4.48898e-05
4.33527e-05
4.19679e-05
4.09313e-05
4.03005e-05
3.99954e-05
3.99207e-05
4.00197e-05
4.0244e-05
4.0561e-05
4.09671e-05
4.14482e-05
4.19916e-05
4.25836e-05
4.32056e-05
4.38434e-05
4.44818e-05
4.51101e-05
4.57194e-05
4.63036e-05
4.68629e-05
4.73975e-05
4.79063e-05
4.83869e-05
4.88368e-05
4.9254e-05
4.96353e-05
4.99777e-05
5.02999e-05
5.05022e-05
5.06739e-05
5.08703e-05
5.09293e-05
5.09431e-05
5.08818e-05
5.07511e-05
5.05487e-05
5.02763e-05
4.9937e-05
4.95363e-05
4.90819e-05
4.85837e-05
4.80534e-05
4.75033e-05
4.69454e-05
4.63883e-05
4.5835e-05
4.52787e-05
4.46991e-05
4.40589e-05
4.33019e-05
4.23571e-05
4.12723e-05
3.9916e-05
3.78797e-05
3.58699e-05
3.43448e-05
3.26396e-05
3.06116e-05
2.85734e-05
2.87017e-05
3.01848e-05
3.15588e-05
3.18145e-05
3.10259e-05
2.80641e-05
2.31991e-05
1.66829e-05
7.34888e-06
1.27658e-07
5.58804e-07
1.99966e-05
4.02286e-05
4.99762e-05
5.32326e-05
5.30939e-05
5.16244e-05
5.02371e-05
4.83799e-05
4.66557e-05
4.49032e-05
4.32639e-05
4.19241e-05
4.10038e-05
4.04816e-05
4.02575e-05
4.02526e-05
4.04187e-05
4.07149e-05
4.11176e-05
4.16145e-05
4.21855e-05
4.28132e-05
4.34794e-05
4.4166e-05
4.48598e-05
4.55492e-05
4.62274e-05
4.68902e-05
4.75363e-05
4.81664e-05
4.87799e-05
4.93751e-05
4.99492e-05
5.04986e-05
5.10188e-05
5.15045e-05
5.19492e-05
5.23792e-05
5.267e-05
5.28876e-05
5.31957e-05
5.33095e-05
5.33726e-05
5.33443e-05
5.323e-05
5.30256e-05
5.27314e-05
5.23494e-05
5.1884e-05
5.13427e-05
5.07361e-05
5.0078e-05
4.93853e-05
4.86764e-05
4.797e-05
4.72816e-05
4.66202e-05
4.59828e-05
4.53495e-05
4.46774e-05
4.38971e-05
4.29113e-05
4.17324e-05
4.01268e-05
3.78797e-05
3.55895e-05
3.38462e-05
3.20943e-05
2.9825e-05
2.75627e-05
2.78422e-05
2.94308e-05
3.04146e-05
2.98214e-05
2.82496e-05
2.39909e-05
1.77895e-05
8.1047e-06
1.60603e-07
6.22361e-07
2.11789e-05
4.2068e-05
5.19129e-05
5.48029e-05
5.43426e-05
5.30981e-05
5.10615e-05
4.87356e-05
4.67446e-05
4.48171e-05
4.31498e-05
4.18919e-05
4.10867e-05
4.06621e-05
4.05194e-05
4.05945e-05
4.08424e-05
4.12258e-05
4.17204e-05
4.23057e-05
4.29585e-05
4.3659e-05
4.43888e-05
4.51331e-05
4.58815e-05
4.66275e-05
4.73685e-05
4.81037e-05
4.88337e-05
4.95585e-05
5.02766e-05
5.09844e-05
5.16772e-05
5.23487e-05
5.29918e-05
5.35982e-05
5.41645e-05
5.47064e-05
5.50819e-05
5.5389e-05
5.57817e-05
5.59689e-05
5.60847e-05
5.60964e-05
5.60057e-05
5.58078e-05
5.55011e-05
5.50857e-05
5.45642e-05
5.39424e-05
5.32296e-05
5.24395e-05
5.15902e-05
5.07041e-05
4.98066e-05
4.89242e-05
4.80806e-05
4.72918e-05
4.65594e-05
4.58641e-05
4.51578e-05
4.43568e-05
4.33351e-05
4.20723e-05
4.00707e-05
3.764e-05
3.51944e-05
3.32557e-05
3.13393e-05
2.87674e-05
2.66316e-05
2.70429e-05
2.83434e-05
2.88753e-05
2.77824e-05
2.43416e-05
1.85765e-05
8.67596e-06
1.95114e-07
6.81548e-07
2.2202e-05
4.35662e-05
5.33963e-05
5.59807e-05
5.57711e-05
5.39268e-05
5.13995e-05
4.90609e-05
4.67173e-05
4.46829e-05
4.30402e-05
4.18819e-05
4.11856e-05
4.08538e-05
4.07981e-05
4.09622e-05
4.13002e-05
4.17741e-05
4.23565e-05
4.3022e-05
4.37468e-05
4.45117e-05
4.53009e-05
4.61039e-05
4.69149e-05
4.77318e-05
4.85551e-05
4.93858e-05
5.0224e-05
5.1068e-05
5.19137e-05
5.2755e-05
5.35838e-05
5.43908e-05
5.51657e-05
5.58979e-05
5.66001e-05
5.72489e-05
5.76945e-05
5.81028e-05
5.85784e-05
5.88362e-05
5.9006e-05
5.9061e-05
5.89998e-05
5.88171e-05
5.85097e-05
5.80756e-05
5.7515e-05
5.6831e-05
5.603e-05
5.51233e-05
5.41274e-05
5.30646e-05
5.19635e-05
5.08574e-05
4.97815e-05
4.87685e-05
4.78422e-05
4.70089e-05
4.62496e-05
4.55121e-05
4.47033e-05
4.36804e-05
4.21638e-05
3.98036e-05
3.72458e-05
3.46897e-05
3.25283e-05
3.02912e-05
2.73472e-05
2.57837e-05
2.63967e-05
2.69744e-05
2.66717e-05
2.43193e-05
1.90216e-05
9.05696e-06
2.3091e-07
7.34074e-07
2.30332e-05
4.47163e-05
5.45208e-05
5.7112e-05
5.68724e-05
5.4727e-05
5.18344e-05
4.91181e-05
4.6617e-05
4.45347e-05
4.29508e-05
4.18976e-05
4.13042e-05
4.10651e-05
4.1102e-05
4.13592e-05
4.17877e-05
4.23481e-05
4.30102e-05
4.37476e-05
4.45378e-05
4.53641e-05
4.62153e-05
4.70857e-05
4.79739e-05
4.8881e-05
4.98089e-05
5.07578e-05
5.1726e-05
5.27085e-05
5.36978e-05
5.46839e-05
5.56556e-05
5.66005e-05
5.75059e-05
5.83594e-05
5.919e-05
5.99344e-05
6.04426e-05
6.09445e-05
6.1499e-05
6.18183e-05
6.20391e-05
6.21368e-05
6.21083e-05
6.1948e-05
6.16512e-05
6.12143e-05
6.06351e-05
5.99134e-05
5.90521e-05
5.8058e-05
5.69438e-05
5.57286e-05
5.44395e-05
5.31116e-05
5.17869e-05
5.05105e-05
4.9325e-05
4.82613e-05
4.73283e-05
4.6502e-05
4.57177e-05
4.48658e-05
4.37918e-05
4.19713e-05
3.92892e-05
3.67585e-05
3.40044e-05
3.1596e-05
2.89024e-05
2.5594e-05
2.48117e-05
2.54874e-05
2.58257e-05
2.4047e-05
1.91735e-05
9.24623e-06
2.67988e-07
7.78373e-07
2.36637e-05
4.55276e-05
5.53652e-05
5.80541e-05
5.75948e-05
5.5037e-05
5.20782e-05
4.9093e-05
4.6479e-05
4.43928e-05
4.28878e-05
4.19392e-05
4.14446e-05
4.12996e-05
4.14311e-05
4.17801e-05
4.22944e-05
4.29343e-05
4.36688e-05
4.44724e-05
4.53258e-05
4.62166e-05
4.71384e-05
4.80901e-05
4.90735e-05
5.00912e-05
5.11439e-05
5.22298e-05
5.33431e-05
5.4475e-05
5.56137e-05
5.67458e-05
5.78568e-05
5.89325e-05
5.99588e-05
6.09233e-05
6.18582e-05
6.2669e-05
6.32569e-05
6.38311e-05
6.44464e-05
6.48194e-05
6.50843e-05
6.52207e-05
6.52246e-05
6.50906e-05
6.48133e-05
6.43877e-05
6.38095e-05
6.30756e-05
6.21848e-05
6.11393e-05
5.99459e-05
5.86182e-05
5.7178e-05
5.56574e-05
5.4099e-05
5.25548e-05
5.10816e-05
4.97332e-05
4.85483e-05
4.75365e-05
4.66639e-05
4.58406e-05
4.49109e-05
4.36436e-05
4.13943e-05
3.86148e-05
3.5986e-05
3.30004e-05
3.04003e-05
2.70659e-05
2.41822e-05
2.3846e-05
2.40564e-05
2.30497e-05
1.90916e-05
9.37361e-06
3.07536e-07
8.13803e-07
2.41087e-05
4.60584e-05
5.59882e-05
5.87487e-05
5.82076e-05
5.54598e-05
5.2175e-05
4.90116e-05
4.63267e-05
4.42681e-05
4.28518e-05
4.20049e-05
4.16064e-05
4.15559e-05
4.17802e-05
4.22159e-05
4.28097e-05
4.35224e-05
4.43241e-05
4.51922e-05
4.61114e-05
4.70743e-05
4.80791e-05
4.91283e-05
5.02249e-05
5.13706e-05
5.25635e-05
5.37975e-05
5.50625e-05
5.6345e-05
5.76293e-05
5.88988e-05
6.01369e-05
6.13278e-05
6.24571e-05
6.35177e-05
6.45317e-05
6.53964e-05
6.60517e-05
6.66795e-05
6.73369e-05
6.77538e-05
6.80531e-05
6.82213e-05
6.82544e-05
6.81471e-05
6.78943e-05
6.74902e-05
6.6929e-05
6.62053e-05
6.53142e-05
6.42531e-05
6.30229e-05
6.16298e-05
6.0088e-05
5.84222e-05
5.66703e-05
5.48836e-05
5.31258e-05
5.1467e-05
4.9973e-05
4.86898e-05
4.76277e-05
4.67457e-05
4.5942e-05
4.50458e-05
4.32478e-05
4.04931e-05
3.78497e-05
3.48441e-05
3.16182e-05
2.86285e-05
2.47397e-05
2.30444e-05
2.26105e-05
2.23217e-05
1.90382e-05
9.65915e-06
3.56708e-07
8.40063e-07
2.43664e-05
4.6368e-05
5.63474e-05
5.92572e-05
5.84636e-05
5.56838e-05
5.21939e-05
4.88961e-05
4.61752e-05
4.41649e-05
4.28408e-05
4.20916e-05
4.17871e-05
4.18292e-05
4.21416e-05
4.26577e-05
4.33249e-05
4.41058e-05
4.49727e-05
4.59068e-05
4.6898e-05
4.79434e-05
4.90451e-05
5.02071e-05
5.14316e-05
5.27175e-05
5.40586e-05
5.54438e-05
5.68583e-05
5.82841e-05
5.97025e-05
6.10944e-05
6.24419e-05
6.3729e-05
6.49414e-05
6.60752e-05
6.7148e-05
6.8058e-05
6.87595e-05
6.94201e-05
7.01054e-05
7.05533e-05
7.08761e-05
7.10671e-05
7.11231e-05
7.10398e-05
7.08125e-05
7.04355e-05
6.99023e-05
6.92058e-05
6.83385e-05
6.72935e-05
6.60659e-05
6.46544e-05
6.30643e-05
6.13107e-05
5.94217e-05
5.74421e-05
5.54343e-05
5.34757e-05
5.1651e-05
5.00365e-05
4.86798e-05
4.75783e-05
4.6663e-05
4.57896e-05
4.47339e-05
4.24887e-05
3.94805e-05
3.67435e-05
3.34636e-05
2.98865e-05
2.62407e-05
2.27873e-05
2.17201e-05
2.14288e-05
1.8962e-05
1.02e-05
4.22266e-07
8.57606e-07
2.44678e-05
4.64407e-05
5.64378e-05
5.9474e-05
5.87781e-05
5.57919e-05
5.21556e-05
4.87633e-05
4.60333e-05
4.40837e-05
4.28514e-05
4.2196e-05
4.19828e-05
4.21135e-05
4.25083e-05
4.30989e-05
4.38349e-05
4.46812e-05
4.56138e-05
4.66184e-05
4.76897e-05
4.88289e-05
5.00401e-05
5.13268e-05
5.26887e-05
5.41203e-05
5.56101e-05
5.71421e-05
5.86966e-05
6.02525e-05
6.17884e-05
6.32841e-05
6.47216e-05
6.60849e-05
6.73612e-05
6.85422e-05
6.96564e-05
7.06047e-05
7.13309e-05
7.20031e-05
7.27033e-05
7.31689e-05
7.35035e-05
7.37071e-05
7.37778e-05
7.37128e-05
7.35084e-05
7.31597e-05
7.26602e-05
7.2002e-05
7.11759e-05
7.01718e-05
6.89798e-05
6.75918e-05
6.60041e-05
6.42209e-05
6.22581e-05
6.01489e-05
5.79473e-05
5.57296e-05
5.35908e-05
5.16323e-05
4.99416e-05
4.85658e-05
4.74874e-05
4.661e-05
4.57569e-05
4.40736e-05
4.11993e-05
3.85239e-05
3.51355e-05
3.15279e-05
2.77434e-05
2.32357e-05
2.11221e-05
1.9839e-05
1.85289e-05
1.08544e-05
5.04777e-07
8.66603e-07
2.4412e-05
4.62679e-05
5.63885e-05
5.96128e-05
5.88695e-05
5.58124e-05
5.20769e-05
4.86245e-05
4.59056e-05
4.40232e-05
4.28801e-05
4.23145e-05
4.2189e-05
4.24034e-05
4.28746e-05
4.35349e-05
4.43366e-05
4.52478e-05
4.62485e-05
4.73293e-05
4.84892e-05
4.97321e-05
5.10623e-05
5.24809e-05
5.39838e-05
5.55598e-05
5.71924e-05
5.88606e-05
6.0541e-05
6.22099e-05
6.38446e-05
6.54247e-05
6.69323e-05
6.83523e-05
6.96729e-05
7.08843e-05
7.20199e-05
7.29998e-05
7.37329e-05
7.43968e-05
7.50983e-05
7.5569e-05
7.59039e-05
7.61092e-05
7.61851e-05
7.61307e-05
7.59438e-05
7.56208e-05
7.51559e-05
7.45414e-05
7.37672e-05
7.28212e-05
7.16897e-05
7.0359e-05
6.88173e-05
6.70577e-05
6.50833e-05
6.29126e-05
6.05853e-05
5.81682e-05
5.57555e-05
5.34623e-05
5.14065e-05
4.96796e-05
4.83136e-05
4.72542e-05
4.63539e-05
4.53847e-05
4.30833e-05
3.99958e-05
3.72203e-05
3.30909e-05
2.89515e-05
2.46835e-05
2.10736e-05
1.92533e-05
1.81451e-05
1.13935e-05
6.00617e-07
8.66322e-07
2.42593e-05
4.60152e-05
5.62036e-05
5.96622e-05
5.8863e-05
5.57656e-05
5.19712e-05
4.84877e-05
4.57942e-05
4.39814e-05
4.29235e-05
4.24438e-05
4.24017e-05
4.26945e-05
4.3237e-05
4.39633e-05
4.48288e-05
4.58054e-05
4.68777e-05
4.80406e-05
4.92965e-05
5.06502e-05
5.21046e-05
5.36572e-05
5.52986e-05
5.70123e-05
5.87766e-05
6.05665e-05
6.2356e-05
6.41197e-05
6.58346e-05
6.74803e-05
6.90398e-05
7.04991e-05
7.18471e-05
7.30753e-05
7.42123e-05
7.5216e-05
7.59465e-05
7.65865e-05
7.72706e-05
7.77363e-05
7.80607e-05
7.82569e-05
7.83281e-05
7.82755e-05
7.80987e-05
7.77959e-05
7.73628e-05
7.67924e-05
7.60747e-05
7.51967e-05
7.41425e-05
7.28938e-05
7.14321e-05
6.9741e-05
6.78108e-05
6.5644e-05
6.32631e-05
6.07187e-05
5.80949e-05
5.55095e-05
5.31016e-05
5.10052e-05
4.93092e-05
4.80175e-05
4.70255e-05
4.61321e-05
4.43778e-05
4.13349e-05
3.88568e-05
3.49276e-05
3.06219e-05
2.60896e-05
2.11953e-05
1.89641e-05
1.77897e-05
1.20205e-05
7.07202e-07
8.61765e-07
2.40086e-05
4.56404e-05
5.58396e-05
5.94943e-05
5.87548e-05
5.5664e-05
5.18483e-05
4.8358e-05
4.56999e-05
4.3956e-05
4.29791e-05
4.25808e-05
4.26176e-05
4.29836e-05
4.3593e-05
4.43825e-05
4.5311e-05
4.63543e-05
4.75015e-05
4.87514e-05
5.01082e-05
5.15763e-05
5.31556e-05
5.4839e-05
5.66117e-05
5.8452e-05
6.03339e-05
6.22293e-05
6.41103e-05
6.59511e-05
6.77287e-05
6.94233e-05
7.10191e-05
7.25031e-05
7.38658e-05
7.51001e-05
7.62191e-05
7.72255e-05
7.79647e-05
7.85693e-05
7.92121e-05
7.96645e-05
7.99685e-05
8.01456e-05
8.02024e-05
8.01423e-05
7.99673e-05
7.96775e-05
7.92705e-05
7.87408e-05
7.80793e-05
7.72731e-05
7.63051e-05
7.51543e-05
7.3797e-05
7.22091e-05
7.03691e-05
6.82644e-05
6.58988e-05
6.33022e-05
6.05408e-05
5.7723e-05
5.49954e-05
5.25226e-05
5.04468e-05
4.88356e-05
4.76361e-05
4.6653e-05
4.55629e-05
4.28918e-05
4.02718e-05
3.7036e-05
3.18945e-05
2.72027e-05
2.21158e-05
1.85171e-05
1.66134e-05
1.25992e-05
8.06618e-07
8.51523e-07
2.37125e-05
4.5001e-05
5.53426e-05
5.92023e-05
5.85601e-05
5.55183e-05
5.17155e-05
4.8239e-05
4.56225e-05
4.39453e-05
4.30447e-05
4.27234e-05
4.28342e-05
4.32687e-05
4.39415e-05
4.4792e-05
4.57828e-05
4.6894e-05
4.81185e-05
4.94582e-05
5.09179e-05
5.25e-05
5.42006e-05
5.60076e-05
5.79007e-05
5.98538e-05
6.18376e-05
6.38218e-05
6.57776e-05
6.76791e-05
6.95039e-05
7.12332e-05
7.28521e-05
7.43489e-05
7.57151e-05
7.69451e-05
7.80363e-05
7.90216e-05
7.97808e-05
8.03391e-05
8.09257e-05
8.13549e-05
8.163e-05
8.17792e-05
8.18125e-05
8.17361e-05
8.15543e-05
8.12694e-05
8.08813e-05
8.03863e-05
7.97771e-05
7.90415e-05
7.81625e-05
7.71176e-05
7.588e-05
7.44194e-05
7.27048e-05
7.071e-05
6.84204e-05
6.58437e-05
6.30226e-05
6.00465e-05
5.70563e-05
5.42338e-05
5.17667e-05
4.97936e-05
4.83425e-05
4.72946e-05
4.63889e-05
4.42791e-05
4.12922e-05
3.87671e-05
3.37513e-05
2.87121e-05
2.35172e-05
1.91115e-05
1.57971e-05
1.30207e-05
8.77129e-07
8.35757e-07
2.3337e-05
4.43024e-05
5.47391e-05
5.88016e-05
5.82918e-05
5.53371e-05
5.1578e-05
4.81327e-05
4.55619e-05
4.3948e-05
4.31187e-05
4.28697e-05
4.305e-05
4.35485e-05
4.42813e-05
4.51907e-05
4.62432e-05
4.74227e-05
4.87256e-05
5.01555e-05
5.17167e-05
5.34088e-05
5.52234e-05
5.71434e-05
5.91438e-05
6.11948e-05
6.32645e-05
6.53215e-05
6.73366e-05
6.92844e-05
7.11432e-05
7.28952e-05
7.45263e-05
7.60257e-05
7.73855e-05
7.86003e-05
7.96663e-05
8.06128e-05
8.13874e-05
8.18976e-05
8.24173e-05
8.2814e-05
8.30528e-05
8.31666e-05
8.31687e-05
8.30681e-05
8.28714e-05
8.25834e-05
8.22063e-05
8.17388e-05
8.11755e-05
8.05058e-05
7.97136e-05
7.87765e-05
7.76657e-05
7.6347e-05
7.47823e-05
7.29338e-05
7.07702e-05
6.82774e-05
6.54719e-05
6.2417e-05
5.92355e-05
5.61101e-05
5.32589e-05
5.08799e-05
4.90748e-05
4.77839e-05
4.67668e-05
4.52731e-05
4.22678e-05
4.01596e-05
3.58241e-05
2.98457e-05
2.45809e-05
1.93525e-05
1.55395e-05
1.31721e-05
9.06235e-07
8.15297e-07
2.287e-05
4.3497e-05
5.40417e-05
5.83063e-05
5.79609e-05
5.51275e-05
5.14399e-05
4.80405e-05
4.55178e-05
4.39632e-05
4.32001e-05
4.30186e-05
4.32634e-05
4.3822e-05
4.46115e-05
4.55778e-05
4.66906e-05
4.79376e-05
4.9318e-05
5.08359e-05
5.24942e-05
5.42891e-05
5.62077e-05
5.82281e-05
6.03214e-05
6.2455e-05
6.45952e-05
6.67102e-05
6.87709e-05
7.07526e-05
7.26342e-05
7.4399e-05
7.60336e-05
7.75279e-05
7.88745e-05
8.00688e-05
8.11085e-05
8.20047e-05
8.27727e-05
8.32522e-05
8.36954e-05
8.4051e-05
8.42475e-05
8.43199e-05
8.42846e-05
8.41531e-05
8.39345e-05
8.36361e-05
8.32624e-05
8.28147e-05
8.22897e-05
8.16791e-05
8.09683e-05
8.01358e-05
7.91527e-05
7.79824e-05
7.6582e-05
7.49049e-05
7.29057e-05
7.05499e-05
6.78278e-05
6.47722e-05
6.14784e-05
5.81158e-05
5.49176e-05
5.21342e-05
4.99526e-05
4.84061e-05
4.73206e-05
4.63138e-05
4.35476e-05
4.11193e-05
3.77321e-05
3.11537e-05
2.55843e-05
1.9594e-05
1.57908e-05
1.31744e-05
9.10963e-07
7.91119e-07
2.23578e-05
4.2603e-05
5.3262e-05
5.77295e-05
5.75765e-05
5.48951e-05
5.13039e-05
4.79634e-05
4.549e-05
4.399e-05
4.32878e-05
4.31688e-05
4.34734e-05
4.40878e-05
4.49309e-05
4.59514e-05
4.71225e-05
4.84348e-05
4.98895e-05
5.14907e-05
5.32391e-05
5.51272e-05
5.71377e-05
5.92447e-05
6.14163e-05
6.36176e-05
6.58141e-05
6.79737e-05
7.00681e-05
7.2073e-05
7.39684e-05
7.5738e-05
7.73692e-05
7.88523e-05
8.01807e-05
8.13501e-05
8.2359e-05
8.32087e-05
8.39376e-05
8.44049e-05
8.47681e-05
8.5076e-05
8.52256e-05
8.52523e-05
8.5175e-05
8.50075e-05
8.47614e-05
8.44464e-05
8.40693e-05
8.3634e-05
8.31396e-05
8.25802e-05
8.19433e-05
8.12093e-05
8.03499e-05
7.93282e-05
7.80983e-05
7.66075e-05
7.47994e-05
7.26221e-05
7.00407e-05
6.70565e-05
6.37308e-05
6.02064e-05
5.67126e-05
5.35335e-05
5.09281e-05
4.9023e-05
4.77311e-05
4.67609e-05
4.47099e-05
4.18983e-05
3.92271e-05
3.31074e-05
2.67904e-05
2.05528e-05
1.55856e-05
1.30227e-05
8.98108e-07
7.64351e-07
2.18303e-05
4.16397e-05
5.24173e-05
5.70809e-05
5.71465e-05
5.46443e-05
5.1172e-05
4.79015e-05
4.54781e-05
4.40282e-05
4.3381e-05
4.33192e-05
4.36789e-05
4.43449e-05
4.52378e-05
4.63093e-05
4.75355e-05
4.89095e-05
5.04335e-05
5.21111e-05
5.39403e-05
5.59102e-05
5.79995e-05
6.01789e-05
6.24142e-05
6.46691e-05
6.69088e-05
6.91014e-05
7.12191e-05
7.32383e-05
7.51397e-05
7.69076e-05
7.85299e-05
7.99973e-05
8.13034e-05
8.24443e-05
8.34186e-05
8.42271e-05
8.48996e-05
8.53554e-05
8.56437e-05
8.58994e-05
8.59991e-05
8.59774e-05
8.58551e-05
8.56483e-05
8.53707e-05
8.50342e-05
8.46481e-05
8.42186e-05
8.37475e-05
8.32313e-05
8.26601e-05
8.20164e-05
8.12737e-05
8.03959e-05
7.93363e-05
7.80382e-05
7.64375e-05
7.44679e-05
7.20728e-05
6.92225e-05
6.5941e-05
6.23351e-05
5.86147e-05
5.50804e-05
5.2055e-05
4.97606e-05
4.81905e-05
4.7056e-05
4.54719e-05
4.25944e-05
4.04375e-05
3.49415e-05
2.77684e-05
2.1535e-05
1.57135e-05
1.29747e-05
8.75683e-07
7.35729e-07
2.12828e-05
4.06229e-05
5.15131e-05
5.63728e-05
5.66774e-05
5.43786e-05
5.10452e-05
4.78549e-05
4.54818e-05
4.40771e-05
4.34791e-05
4.34688e-05
4.38783e-05
4.45914e-05
4.55303e-05
4.66489e-05
4.79258e-05
4.93563e-05
5.09429e-05
5.26881e-05
5.45874e-05
5.66264e-05
5.87808e-05
6.10186e-05
6.33037e-05
6.55993e-05
6.78703e-05
7.00854e-05
7.22172e-05
7.42431e-05
7.61441e-05
7.7905e-05
7.95141e-05
8.09622e-05
8.22431e-05
8.33533e-05
8.42919e-05
8.50608e-05
8.56727e-05
8.61011e-05
8.63325e-05
8.65314e-05
8.65793e-05
8.65081e-05
8.63396e-05
8.60917e-05
8.57801e-05
8.54189e-05
8.50196e-05
8.45907e-05
8.41364e-05
8.3656e-05
8.31421e-05
8.25797e-05
8.1945e-05
8.12035e-05
8.0309e-05
7.92033e-05
7.78173e-05
7.60741e-05
7.38987e-05
7.12335e-05
6.80647e-05
6.44563e-05
6.05841e-05
5.67442e-05
5.33057e-05
5.05909e-05
4.87164e-05
4.74712e-05
4.62754e-05
4.34155e-05
4.13304e-05
3.67511e-05
2.88553e-05
2.2379e-05
1.58734e-05
1.28882e-05
8.46146e-07
7.0574e-07
2.07246e-05
3.95634e-05
5.05557e-05
5.56147e-05
5.6175e-05
5.41006e-05
5.09238e-05
4.78234e-05
4.55009e-05
4.41361e-05
4.35808e-05
4.36161e-05
4.40702e-05
4.48257e-05
4.58059e-05
4.69669e-05
4.82894e-05
4.97698e-05
5.14108e-05
5.32136e-05
5.51711e-05
5.72662e-05
5.94718e-05
6.17542e-05
6.4076e-05
6.64001e-05
6.86918e-05
7.092e-05
7.30582e-05
7.5084e-05
7.69791e-05
7.87286e-05
8.03207e-05
8.17467e-05
8.30003e-05
8.40783e-05
8.49802e-05
8.57081e-05
8.62678e-05
8.665e-05
8.68406e-05
8.69813e-05
8.69773e-05
8.6857e-05
8.66425e-05
8.63532e-05
8.60068e-05
8.5619e-05
8.52037e-05
8.47713e-05
8.43286e-05
8.38773e-05
8.34128e-05
8.2923e-05
8.23868e-05
8.1772e-05
8.10345e-05
8.01161e-05
7.89451e-05
7.74376e-05
7.55043e-05
7.30634e-05
7.00653e-05
6.65288e-05
6.25848e-05
5.85055e-05
5.46829e-05
5.15221e-05
4.92673e-05
4.78526e-05
4.68588e-05
4.42877e-05
4.19325e-05
3.80865e-05
3.04812e-05
2.33588e-05
1.62648e-05
1.28568e-05
8.1482e-07
6.75254e-07
2.01629e-05
3.84727e-05
4.95522e-05
5.48142e-05
5.56439e-05
5.38121e-05
5.08078e-05
4.78069e-05
4.55355e-05
4.42051e-05
4.36857e-05
4.376e-05
4.42529e-05
4.50455e-05
4.60622e-05
4.72602e-05
4.8622e-05
5.01447e-05
5.18309e-05
5.36801e-05
5.56834e-05
5.78213e-05
6.00647e-05
6.23784e-05
6.47247e-05
6.70663e-05
6.93688e-05
7.16018e-05
7.37392e-05
7.57591e-05
7.76435e-05
7.93776e-05
8.09499e-05
8.23514e-05
8.35762e-05
8.46211e-05
8.54855e-05
8.6172e-05
8.66859e-05
8.70201e-05
8.71731e-05
8.72575e-05
8.72034e-05
8.70357e-05
8.6777e-05
8.64476e-05
8.60668e-05
8.56521e-05
8.52191e-05
8.47804e-05
8.4345e-05
8.39173e-05
8.34952e-05
8.30697e-05
8.26225e-05
8.21245e-05
8.15339e-05
8.07944e-05
7.98335e-05
7.85636e-05
7.68847e-05
7.46958e-05
7.1915e-05
6.85162e-05
6.45784e-05
6.03336e-05
5.61746e-05
5.25698e-05
4.98767e-05
4.81408e-05
4.704e-05
4.51698e-05
4.24544e-05
3.92777e-05
3.21002e-05
2.41281e-05
1.67318e-05
1.27788e-05
7.7995e-07
6.44572e-07
1.96016e-05
3.73602e-05
4.85093e-05
5.39771e-05
5.50874e-05
5.35137e-05
5.06969e-05
4.78044e-05
4.55839e-05
4.4282e-05
4.37914e-05
4.38983e-05
4.44243e-05
4.52487e-05
4.62963e-05
4.75255e-05
4.89196e-05
5.04763e-05
5.21976e-05
5.40818e-05
5.61182e-05
5.82856e-05
6.05536e-05
6.28862e-05
6.52454e-05
6.75943e-05
6.98987e-05
7.21288e-05
7.4259e-05
7.62677e-05
7.8137e-05
7.98524e-05
8.14022e-05
8.27776e-05
8.39726e-05
8.4984e-05
8.58116e-05
8.64581e-05
8.69293e-05
8.72187e-05
8.7338e-05
8.73681e-05
8.72675e-05
8.70558e-05
8.67558e-05
8.63888e-05
8.59753e-05
8.55343e-05
8.50832e-05
8.46364e-05
8.42053e-05
8.37965e-05
8.34108e-05
8.3042e-05
8.26749e-05
8.22837e-05
8.18296e-05
8.12586e-05
8.04996e-05
7.94633e-05
7.80433e-05
7.61235e-05
7.35951e-05
7.03895e-05
6.65308e-05
6.2198e-05
5.77629e-05
5.37388e-05
5.05981e-05
4.85157e-05
4.72158e-05
4.5755e-05
4.28805e-05
4.02041e-05
3.38802e-05
2.49621e-05
1.73335e-05
1.27067e-05
7.46903e-07
6.20241e-07
1.89685e-05
3.62229e-05
4.74315e-05
5.31077e-05
5.45079e-05
5.3206e-05
5.05911e-05
4.78163e-05
4.56481e-05
4.43695e-05
4.38999e-05
4.40312e-05
4.4583e-05
4.54332e-05
4.65057e-05
4.77597e-05
4.91787e-05
5.07604e-05
5.25063e-05
5.44138e-05
5.64707e-05
5.86547e-05
6.09348e-05
6.32745e-05
6.56359e-05
6.79824e-05
7.02805e-05
7.25006e-05
7.46176e-05
7.66101e-05
7.84604e-05
8.0154e-05
8.16792e-05
8.30271e-05
8.41919e-05
8.51703e-05
8.59624e-05
8.65714e-05
8.70038e-05
8.72557e-05
8.7338e-05
8.73233e-05
8.71797e-05
8.69282e-05
8.6591e-05
8.61899e-05
8.57464e-05
8.52809e-05
8.48121e-05
8.43566e-05
8.39274e-05
8.35338e-05
8.31792e-05
8.28604e-05
8.25654e-05
8.22715e-05
8.19433e-05
8.15299e-05
8.09625e-05
8.01521e-05
7.8989e-05
7.73468e-05
7.50947e-05
7.21266e-05
6.84118e-05
6.40674e-05
5.94227e-05
5.501e-05
5.14055e-05
4.89374e-05
4.7428e-05
4.61562e-05
4.33825e-05
4.10231e-05
3.5204e-05
2.58889e-05
1.79952e-05
1.25983e-05
7.15077e-07
5.98365e-07
1.82838e-05
3.50506e-05
4.63203e-05
5.22085e-05
5.39068e-05
5.28886e-05
5.04886e-05
4.78388e-05
4.57212e-05
4.44589e-05
4.40028e-05
4.41536e-05
4.47263e-05
4.55964e-05
4.66879e-05
4.79599e-05
4.9396e-05
5.09936e-05
5.27537e-05
5.46727e-05
5.67379e-05
5.89262e-05
6.12063e-05
6.35419e-05
6.58954e-05
6.82306e-05
7.05145e-05
7.27181e-05
7.48163e-05
7.6788e-05
7.86156e-05
8.02846e-05
8.17832e-05
8.31028e-05
8.42373e-05
8.51838e-05
8.59424e-05
8.65165e-05
8.69125e-05
8.71365e-05
8.71818e-05
8.71302e-05
8.69492e-05
8.66633e-05
8.62938e-05
8.58631e-05
8.53933e-05
8.49058e-05
8.44209e-05
8.39564e-05
8.35277e-05
8.31464e-05
8.28185e-05
8.25438e-05
8.23135e-05
8.21083e-05
8.1896e-05
8.16293e-05
8.12423e-05
8.06477e-05
7.9735e-05
7.83715e-05
7.641e-05
7.37126e-05
7.01972e-05
6.59141e-05
6.11333e-05
5.63788e-05
5.23101e-05
4.94205e-05
4.77097e-05
4.65591e-05
4.39184e-05
4.16169e-05
3.63631e-05
2.71067e-05
1.8594e-05
1.24787e-05
6.87644e-07
5.77314e-07
1.75653e-05
3.38518e-05
4.51715e-05
5.12816e-05
5.32842e-05
5.25611e-05
5.03895e-05
4.78766e-05
4.58179e-05
4.45704e-05
4.4118e-05
4.42718e-05
4.48543e-05
4.5737e-05
4.68409e-05
4.8124e-05
4.95692e-05
5.11736e-05
5.29374e-05
5.48566e-05
5.69182e-05
5.90989e-05
6.13676e-05
6.36886e-05
6.60247e-05
6.83402e-05
7.06026e-05
7.27832e-05
7.48573e-05
7.68039e-05
7.86053e-05
8.02471e-05
8.17175e-05
8.3008e-05
8.41126e-05
8.50286e-05
8.57563e-05
8.62993e-05
8.66644e-05
8.68615e-05
8.68787e-05
8.67959e-05
8.65847e-05
8.62707e-05
8.58749e-05
8.54198e-05
8.49279e-05
8.4422e-05
8.3923e-05
8.34504e-05
8.30214e-05
8.265e-05
8.23451e-05
8.21092e-05
8.1937e-05
8.18125e-05
8.17071e-05
8.15768e-05
8.13588e-05
8.09688e-05
8.02971e-05
7.9208e-05
7.75431e-05
7.51391e-05
7.18677e-05
6.77121e-05
6.28697e-05
5.78294e-05
5.33043e-05
4.99367e-05
4.79014e-05
4.67219e-05
4.43776e-05
4.2083e-05
3.72824e-05
2.84372e-05
1.90692e-05
1.23428e-05
6.64604e-07
5.56665e-07
1.68436e-05
3.263e-05
4.39698e-05
5.03169e-05
5.26426e-05
5.22215e-05
5.02892e-05
4.79165e-05
4.59e-05
4.46521e-05
4.41987e-05
4.43709e-05
4.49635e-05
4.58529e-05
4.69626e-05
4.82498e-05
4.96964e-05
5.12985e-05
5.30561e-05
5.49648e-05
5.70115e-05
5.91734e-05
6.142e-05
6.37163e-05
6.60259e-05
6.83137e-05
7.05476e-05
7.26992e-05
7.4744e-05
7.6661e-05
7.84328e-05
8.00448e-05
8.14855e-05
8.27464e-05
8.38217e-05
8.4709e-05
8.54089e-05
8.59251e-05
8.62646e-05
8.64378e-05
8.64363e-05
8.63282e-05
8.60945e-05
8.57596e-05
8.53441e-05
8.48702e-05
8.43612e-05
8.3841e-05
8.3331e-05
8.28515e-05
8.2422e-05
8.2059e-05
8.17738e-05
8.15722e-05
8.14522e-05
8.14012e-05
8.13943e-05
8.13906e-05
8.1331e-05
8.1134e-05
8.06923e-05
7.98694e-05
7.85005e-05
7.6403e-05
7.34097e-05
6.94393e-05
6.46092e-05
5.93501e-05
5.44007e-05
5.05414e-05
4.8131e-05
4.68079e-05
4.48937e-05
4.24088e-05
3.81162e-05
2.9884e-05
1.96566e-05
1.22181e-05
6.47549e-07
5.36178e-07
1.61178e-05
3.14361e-05
4.27398e-05
4.93037e-05
5.1994e-05
5.18724e-05
5.01897e-05
4.79771e-05
4.60591e-05
4.48363e-05
4.43594e-05
4.44684e-05
4.50527e-05
4.59431e-05
4.70522e-05
4.83365e-05
4.9777e-05
5.13686e-05
5.31102e-05
5.49974e-05
5.70181e-05
5.91506e-05
6.13652e-05
6.36277e-05
6.59024e-05
6.81548e-05
7.03533e-05
7.24697e-05
7.44798e-05
7.63627e-05
7.8101e-05
7.96805e-05
8.109e-05
8.23209e-05
8.33681e-05
8.42291e-05
8.49047e-05
8.53988e-05
8.57182e-05
8.58729e-05
8.58615e-05
8.57342e-05
8.54864e-05
8.51384e-05
8.47103e-05
8.42234e-05
8.37024e-05
8.3173e-05
8.26559e-05
8.21715e-05
8.17417e-05
8.13866e-05
8.11185e-05
8.09469e-05
8.08738e-05
8.08897e-05
8.09736e-05
8.10879e-05
8.11766e-05
8.11615e-05
8.09379e-05
8.03707e-05
7.92921e-05
7.75063e-05
7.48145e-05
7.10769e-05
6.63278e-05
6.09195e-05
5.55844e-05
5.12224e-05
4.83913e-05
4.68701e-05
4.5344e-05
4.26173e-05
3.87417e-05
3.11771e-05
2.037e-05
1.21471e-05
6.36755e-07
5.15946e-07
1.54176e-05
3.01492e-05
4.14607e-05
4.82494e-05
5.1325e-05
5.15102e-05
5.0084e-05
4.80308e-05
4.61615e-05
4.49045e-05
4.44187e-05
4.45794e-05
4.51304e-05
4.60057e-05
4.71078e-05
4.83832e-05
4.98093e-05
5.13808e-05
5.30978e-05
5.49574e-05
5.69452e-05
5.90395e-05
6.12121e-05
6.34302e-05
6.56597e-05
6.78671e-05
7.00215e-05
7.20951e-05
7.40639e-05
7.59074e-05
7.76084e-05
7.91529e-05
8.05301e-05
8.17318e-05
8.27529e-05
8.35914e-05
8.42478e-05
8.47256e-05
8.50314e-05
8.51741e-05
8.51605e-05
8.50192e-05
8.47605e-05
8.44038e-05
8.39697e-05
8.34802e-05
8.29592e-05
8.24272e-05
8.19078e-05
8.14205e-05
8.09912e-05
8.06446e-05
8.03915e-05
8.02462e-05
8.02154e-05
8.0292e-05
8.04597e-05
8.06841e-05
8.09118e-05
8.10682e-05
8.10509e-05
8.07275e-05
7.99299e-05
7.84544e-05
7.60781e-05
7.26107e-05
6.80048e-05
6.25195e-05
5.68491e-05
5.19862e-05
4.86947e-05
4.69164e-05
4.5664e-05
4.28765e-05
3.94314e-05
3.2144e-05
2.09951e-05
1.20887e-05
6.31687e-07
4.96255e-07
1.47581e-05
2.88786e-05
4.01397e-05
4.71524e-05
5.06218e-05
5.11329e-05
4.99777e-05
4.81198e-05
4.62644e-05
4.50169e-05
4.44995e-05
4.46149e-05
4.51919e-05
4.60508e-05
4.71315e-05
4.83878e-05
4.97969e-05
5.1348e-05
5.30346e-05
5.48408e-05
5.67686e-05
5.88027e-05
6.09165e-05
6.3078e-05
6.52534e-05
6.74091e-05
6.95143e-05
7.15414e-05
7.34666e-05
7.52697e-05
7.69338e-05
7.84454e-05
7.97939e-05
8.09715e-05
8.1973e-05
8.27961e-05
8.34411e-05
8.39111e-05
8.42116e-05
8.4351e-05
8.43396e-05
8.41935e-05
8.39288e-05
8.35619e-05
8.31132e-05
8.26184e-05
8.20966e-05
8.15691e-05
8.10596e-05
8.05883e-05
8.01787e-05
7.98445e-05
7.9604e-05
7.94815e-05
7.94899e-05
7.96208e-05
7.98664e-05
8.01934e-05
8.05517e-05
8.08698e-05
8.10477e-05
8.09556e-05
8.04274e-05
7.92557e-05
7.72007e-05
7.40302e-05
6.96212e-05
6.41301e-05
5.81829e-05
5.28323e-05
4.90531e-05
4.70174e-05
4.58124e-05
4.31021e-05
3.9997e-05
3.29629e-05
2.18061e-05
1.2079e-05
6.30292e-07
4.77152e-07
1.41297e-05
2.76041e-05
3.88021e-05
4.60233e-05
4.98756e-05
5.07385e-05
4.98575e-05
4.81541e-05
4.64357e-05
4.51893e-05
4.46279e-05
4.46705e-05
4.52046e-05
4.60512e-05
4.71247e-05
4.8365e-05
4.97343e-05
5.12283e-05
5.28494e-05
5.46097e-05
5.64944e-05
5.84794e-05
6.05393e-05
6.26445e-05
6.47634e-05
6.68648e-05
6.89191e-05
7.08997e-05
7.2783e-05
7.45488e-05
7.618e-05
7.76627e-05
7.89859e-05
8.01415e-05
8.11238e-05
8.19301e-05
8.25604e-05
8.30175e-05
8.3307e-05
8.34376e-05
8.34206e-05
8.32707e-05
8.30155e-05
8.26641e-05
8.22226e-05
8.1731e-05
8.12039e-05
8.06639e-05
8.0137e-05
7.96629e-05
7.92618e-05
7.89487e-05
7.87432e-05
7.86627e-05
7.87098e-05
7.88876e-05
7.92064e-05
7.96291e-05
8.01097e-05
8.05811e-05
8.09434e-05
8.10701e-05
8.07986e-05
7.99203e-05
7.81855e-05
7.53283e-05
7.11605e-05
6.57311e-05
5.95716e-05
5.37546e-05
4.9448e-05
4.70792e-05
4.58819e-05
4.339e-05
4.04738e-05
3.36424e-05
2.25473e-05
1.20773e-05
6.33867e-07
4.58681e-07
1.35294e-05
2.63315e-05
3.73942e-05
4.48421e-05
4.90772e-05
5.03194e-05
4.97236e-05
4.82091e-05
4.65835e-05
4.5342e-05
4.47376e-05
4.47513e-05
4.5221e-05
4.60362e-05
4.70545e-05
4.82462e-05
4.95918e-05
5.10677e-05
5.2672e-05
5.43974e-05
5.6232e-05
5.81577e-05
6.0152e-05
6.2191e-05
6.42474e-05
6.62892e-05
6.8287e-05
7.02147e-05
7.20489e-05
7.37696e-05
7.53583e-05
7.68017e-05
7.80896e-05
7.9214e-05
8.01695e-05
8.09536e-05
8.15664e-05
8.20104e-05
8.22913e-05
8.24177e-05
8.24004e-05
8.22525e-05
8.20089e-05
8.16807e-05
8.12508e-05
8.07794e-05
8.02738e-05
7.97557e-05
7.92477e-05
7.87699e-05
7.83492e-05
7.801e-05
7.78036e-05
7.77466e-05
7.78426e-05
7.80975e-05
7.84929e-05
7.90039e-05
7.95985e-05
8.02158e-05
8.07523e-05
8.10856e-05
8.10573e-05
8.04596e-05
7.90387e-05
7.6501e-05
7.26093e-05
6.73035e-05
6.10013e-05
5.47549e-05
4.99025e-05
4.71453e-05
4.58983e-05
4.36519e-05
4.08757e-05
3.42799e-05
2.33234e-05
1.21259e-05
6.4378e-07
4.40621e-07
1.29416e-05
2.51163e-05
3.59992e-05
4.36272e-05
4.82219e-05
4.98629e-05
4.95659e-05
4.82914e-05
4.67482e-05
4.55089e-05
4.4855e-05
4.4808e-05
4.52391e-05
4.60058e-05
4.70068e-05
4.81707e-05
4.94801e-05
5.09247e-05
5.24789e-05
5.41369e-05
5.59005e-05
5.77578e-05
5.9687e-05
6.16529e-05
6.36321e-05
6.55987e-05
6.75259e-05
6.93879e-05
7.11609e-05
7.28275e-05
7.43702e-05
7.57746e-05
7.70292e-05
7.81259e-05
7.90594e-05
7.98272e-05
8.043e-05
8.08686e-05
8.11494e-05
8.12809e-05
8.12734e-05
8.11393e-05
8.09159e-05
8.06232e-05
8.0218e-05
7.97745e-05
7.92948e-05
7.88e-05
7.83122e-05
7.78551e-05
7.74532e-05
7.71363e-05
7.69215e-05
7.6842e-05
7.69267e-05
7.72159e-05
7.76825e-05
7.83022e-05
7.9029e-05
7.97871e-05
8.04873e-05
8.10152e-05
8.12172e-05
8.08847e-05
7.9781e-05
7.75756e-05
7.39564e-05
6.88281e-05
6.24538e-05
5.58242e-05
5.0414e-05
4.72062e-05
4.58196e-05
4.38715e-05
4.12153e-05
3.48227e-05
2.40585e-05
1.22009e-05
6.58149e-07
4.22831e-07
1.237e-05
2.3965e-05
3.46371e-05
4.23565e-05
4.73127e-05
4.93711e-05
4.93647e-05
4.83346e-05
4.69159e-05
4.56902e-05
4.49844e-05
4.48666e-05
4.5235e-05
4.59509e-05
4.69193e-05
4.80551e-05
4.93159e-05
5.06904e-05
5.2176e-05
5.37654e-05
5.54549e-05
5.72343e-05
5.90843e-05
6.09793e-05
6.28925e-05
6.4797e-05
6.66653e-05
6.8471e-05
7.01879e-05
7.18004e-05
7.32941e-05
7.46556e-05
7.58738e-05
7.69405e-05
7.78503e-05
7.86003e-05
7.91904e-05
7.96234e-05
7.99059e-05
8.0046e-05
8.00527e-05
7.99357e-05
7.97299e-05
7.94687e-05
7.90918e-05
7.86793e-05
7.82336e-05
7.77757e-05
7.73273e-05
7.6907e-05
7.65327e-05
7.62377e-05
7.60494e-05
7.59982e-05
7.61051e-05
7.63827e-05
7.68541e-05
7.75329e-05
7.83568e-05
7.92509e-05
8.01223e-05
8.08445e-05
8.12703e-05
8.1221e-05
8.0431e-05
7.85416e-05
7.52321e-05
7.02869e-05
6.39105e-05
5.69552e-05
5.0994e-05
4.72956e-05
4.56902e-05
4.4076e-05
4.14966e-05
3.53132e-05
2.48058e-05
1.22553e-05
6.78196e-07
4.05137e-07
1.18151e-05
2.28745e-05
3.32531e-05
4.10571e-05
4.63145e-05
4.8796e-05
4.9179e-05
4.83709e-05
4.70863e-05
4.58863e-05
4.51297e-05
4.49327e-05
4.52265e-05
4.58809e-05
4.6784e-05
4.78687e-05
4.90831e-05
5.0404e-05
5.18298e-05
5.33524e-05
5.49648e-05
5.66579e-05
5.84164e-05
6.02216e-05
6.2049e-05
6.3875e-05
6.567e-05
6.74081e-05
6.90668e-05
7.0627e-05
7.20732e-05
7.33922e-05
7.45738e-05
7.56105e-05
7.64975e-05
7.72328e-05
7.7817e-05
7.82532e-05
7.85469e-05
7.87053e-05
7.87365e-05
7.86471e-05
7.84661e-05
7.82396e-05
7.78959e-05
7.75137e-05
7.70972e-05
7.66666e-05
7.62437e-05
7.58533e-05
7.55218e-05
7.52755e-05
7.51404e-05
7.51284e-05
7.52749e-05
7.56073e-05
7.61374e-05
7.68432e-05
7.77108e-05
7.86883e-05
7.97025e-05
8.06126e-05
8.12498e-05
8.14173e-05
8.08508e-05
7.93122e-05
7.63675e-05
7.16746e-05
6.53505e-05
5.81318e-05
5.16361e-05
4.74198e-05
4.55692e-05
4.42107e-05
4.17174e-05
3.58102e-05
2.55039e-05
1.23702e-05
7.04579e-07
3.87434e-07
1.12794e-05
2.18544e-05
3.19012e-05
3.97786e-05
4.52603e-05
4.81675e-05
4.89402e-05
4.83917e-05
4.72586e-05
4.60979e-05
4.5295e-05
4.50125e-05
4.52201e-05
4.58016e-05
4.66435e-05
4.76677e-05
4.88273e-05
5.00935e-05
5.14546e-05
5.29044e-05
5.44372e-05
5.60449e-05
5.77148e-05
5.94298e-05
6.11674e-05
6.29018e-05
6.46106e-05
6.62707e-05
6.78611e-05
6.93624e-05
7.07581e-05
7.2035e-05
7.31827e-05
7.41938e-05
7.50635e-05
7.57896e-05
7.63725e-05
7.68148e-05
7.71214e-05
7.72987e-05
7.73537e-05
7.72909e-05
7.71359e-05
7.6945e-05
7.66411e-05
7.62954e-05
7.59153e-05
7.55202e-05
7.51308e-05
7.47702e-05
7.44635e-05
7.4238e-05
7.41244e-05
7.416e-05
7.43707e-05
7.47772e-05
7.53772e-05
7.61742e-05
7.71547e-05
7.82622e-05
7.9398e-05
8.04458e-05
8.12193e-05
8.15273e-05
8.11727e-05
7.99055e-05
7.73311e-05
7.2981e-05
6.67489e-05
5.93378e-05
5.23339e-05
4.75733e-05
4.54481e-05
4.43073e-05
4.1872e-05
3.63635e-05
2.61432e-05
1.25067e-05
7.37118e-07
3.69521e-07
1.07607e-05
2.08997e-05
3.05821e-05
3.84543e-05
4.42036e-05
4.75164e-05
4.86146e-05
4.83747e-05
4.74238e-05
4.63234e-05
4.54838e-05
4.51129e-05
4.52235e-05
4.572e-05
4.64907e-05
4.74516e-05
4.85497e-05
4.97531e-05
5.10461e-05
5.24206e-05
5.3871e-05
5.53905e-05
5.69683e-05
5.85895e-05
6.02345e-05
6.18808e-05
6.35064e-05
6.50896e-05
6.661e-05
6.80493e-05
6.93914e-05
7.0623e-05
7.1734e-05
7.27169e-05
7.35667e-05
7.42813e-05
7.48609e-05
7.53078e-05
7.56266e-05
7.58233e-05
7.59044e-05
7.58721e-05
7.57475e-05
7.55925e-05
7.53337e-05
7.50299e-05
7.46923e-05
7.43394e-05
7.3991e-05
7.36693e-05
7.33987e-05
7.32064e-05
7.31225e-05
7.318e-05
7.34104e-05
7.38432e-05
7.45042e-05
7.539e-05
7.64721e-05
7.76916e-05
7.89557e-05
8.01406e-05
8.11031e-05
8.16567e-05
8.15527e-05
8.04695e-05
7.8146e-05
7.41199e-05
6.80754e-05
6.05545e-05
5.30798e-05
4.77564e-05
4.53363e-05
4.43316e-05
4.19631e-05
3.69356e-05
2.67384e-05
1.2637e-05
7.76373e-07
3.51363e-07
1.02642e-05
2.00364e-05
2.93317e-05
3.71236e-05
4.30804e-05
4.67788e-05
4.82423e-05
4.83164e-05
4.7574e-05
4.65593e-05
4.56984e-05
4.52408e-05
4.52455e-05
4.56448e-05
4.63331e-05
4.72222e-05
4.82529e-05
4.93889e-05
5.06106e-05
5.19077e-05
5.3274e-05
5.47032e-05
5.61864e-05
5.7711e-05
5.92602e-05
6.08143e-05
6.23529e-05
6.38555e-05
6.53029e-05
6.66773e-05
6.79633e-05
6.91479e-05
7.02209e-05
7.11748e-05
7.20047e-05
7.27082e-05
7.32851e-05
7.37377e-05
7.40701e-05
7.42881e-05
7.43977e-05
7.43993e-05
7.43097e-05
7.41903e-05
7.39807e-05
7.37236e-05
7.34337e-05
7.31287e-05
7.28277e-05
7.2552e-05
7.23254e-05
7.21746e-05
7.21296e-05
7.22229e-05
7.24882e-05
7.2957e-05
7.36535e-05
7.45848e-05
7.57332e-05
7.70479e-05
7.84411e-05
7.97876e-05
8.09289e-05
8.16728e-05
8.17871e-05
8.09798e-05
7.88598e-05
7.51738e-05
6.9352e-05
6.17637e-05
5.38612e-05
4.79595e-05
4.52004e-05
4.42531e-05
4.20495e-05
3.74471e-05
2.73598e-05
1.28108e-05
8.23149e-07
3.32748e-07
9.78317e-06
1.92233e-05
2.81175e-05
3.57875e-05
4.18826e-05
4.59493e-05
4.78033e-05
4.82078e-05
4.77001e-05
4.67998e-05
4.59391e-05
4.54024e-05
4.52958e-05
4.55861e-05
4.61801e-05
4.69878e-05
4.79443e-05
4.9008e-05
5.01553e-05
5.13731e-05
5.26538e-05
5.39916e-05
5.53788e-05
5.68049e-05
5.8256e-05
5.97148e-05
6.1163e-05
6.25818e-05
6.39531e-05
6.52599e-05
6.64874e-05
6.7623e-05
6.86565e-05
6.95806e-05
7.03901e-05
7.10825e-05
7.16572e-05
7.21162e-05
7.24632e-05
7.27038e-05
7.28438e-05
7.28825e-05
7.28317e-05
7.27471e-05
7.25901e-05
7.23838e-05
7.21462e-05
7.18941e-05
7.16459e-05
7.14221e-05
7.12458e-05
7.11433e-05
7.1144e-05
7.12806e-05
7.15877e-05
7.20985e-05
7.28404e-05
7.38259e-05
7.50433e-05
7.6447e-05
7.79514e-05
7.94306e-05
8.07224e-05
8.16335e-05
8.19365e-05
8.13543e-05
7.95334e-05
7.60332e-05
7.05237e-05
6.29327e-05
5.46637e-05
4.81846e-05
4.50446e-05
4.41812e-05
4.21283e-05
3.79269e-05
2.79658e-05
1.29925e-05
8.77401e-07
3.13738e-07
9.32766e-06
1.85619e-05
2.70359e-05
3.4494e-05
4.06501e-05
4.5043e-05
4.72836e-05
4.80369e-05
4.77912e-05
4.70368e-05
4.62036e-05
4.56022e-05
4.53841e-05
4.55554e-05
4.60429e-05
4.67587e-05
4.76329e-05
4.86189e-05
4.96882e-05
5.08246e-05
5.20189e-05
5.32646e-05
5.45553e-05
5.58821e-05
5.72334e-05
5.85948e-05
5.99501e-05
6.12823e-05
6.25746e-05
6.38111e-05
6.49778e-05
6.60624e-05
6.7055e-05
6.79481e-05
6.87366e-05
6.94175e-05
6.99901e-05
7.04558e-05
7.08181e-05
7.1082e-05
7.12541e-05
7.13345e-05
7.13212e-05
7.12722e-05
7.11716e-05
7.10194e-05
7.08378e-05
7.06427e-05
7.04519e-05
7.02851e-05
7.01647e-05
7.01163e-05
7.01687e-05
7.03544e-05
7.07081e-05
7.12646e-05
7.20536e-05
7.30918e-05
7.43728e-05
7.58558e-05
7.74583e-05
7.90545e-05
8.04802e-05
8.15397e-05
8.2007e-05
8.16138e-05
8.00178e-05
7.6766e-05
7.15306e-05
6.4032e-05
5.5467e-05
4.84255e-05
4.4845e-05
4.40075e-05
4.22e-05
3.83503e-05
2.85867e-05
1.32118e-05
9.40306e-07
2.9446e-07
8.90094e-06
1.79931e-05
2.59337e-05
3.32343e-05
3.93975e-05
4.40591e-05
4.6674e-05
4.77903e-05
4.78338e-05
4.72595e-05
4.64864e-05
4.58425e-05
4.5519e-05
4.55652e-05
4.59344e-05
4.65467e-05
4.73297e-05
4.82314e-05
4.92185e-05
5.02713e-05
5.13781e-05
5.25317e-05
5.37259e-05
5.49533e-05
5.62044e-05
5.74671e-05
5.87277e-05
5.99711e-05
6.11821e-05
6.23461e-05
6.34497e-05
6.44813e-05
6.54313e-05
6.62921e-05
6.70585e-05
6.77273e-05
6.82975e-05
6.87699e-05
6.91476e-05
6.94354e-05
6.96403e-05
6.97645e-05
6.9781e-05
6.97768e-05
6.97369e-05
6.96405e-05
6.95175e-05
6.93828e-05
6.92533e-05
6.9148e-05
6.90883e-05
6.9099e-05
6.92084e-05
6.94481e-05
6.98529e-05
7.04581e-05
7.1295e-05
7.23838e-05
7.37223e-05
7.52749e-05
7.69626e-05
7.8661e-05
8.02039e-05
8.13929e-05
8.20026e-05
8.17739e-05
8.03877e-05
7.74288e-05
7.24141e-05
6.50446e-05
5.62511e-05
4.86842e-05
4.46208e-05
4.36778e-05
4.22822e-05
3.87153e-05
2.92078e-05
1.34532e-05
1.01176e-06
2.75072e-07
8.505e-06
1.75776e-05
2.48206e-05
3.19719e-05
3.81201e-05
4.30351e-05
4.59803e-05
4.74588e-05
4.7814e-05
4.74542e-05
4.67785e-05
4.61217e-05
4.57074e-05
4.56277e-05
4.58691e-05
4.63662e-05
4.70478e-05
4.78575e-05
4.87573e-05
4.97234e-05
5.07416e-05
5.18029e-05
5.29012e-05
5.40297e-05
5.51809e-05
5.63448e-05
5.75097e-05
5.86629e-05
5.97908e-05
6.08802e-05
6.19188e-05
6.28955e-05
6.3801e-05
6.4628e-05
6.53711e-05
6.60269e-05
6.6594e-05
6.70728e-05
6.74658e-05
6.77775e-05
6.80159e-05
6.81857e-05
6.82305e-05
6.82725e-05
6.82962e-05
6.82571e-05
6.8195e-05
6.81235e-05
6.80587e-05
6.80184e-05
6.80235e-05
6.80978e-05
6.82686e-05
6.85668e-05
6.90265e-05
6.9683e-05
7.05686e-05
7.17056e-05
7.30956e-05
7.47075e-05
7.64669e-05
7.82511e-05
7.9893e-05
8.11913e-05
8.19197e-05
8.18248e-05
8.06029e-05
7.78537e-05
7.30691e-05
6.59339e-05
5.69938e-05
4.89441e-05
4.43984e-05
4.33445e-05
4.23015e-05
3.90377e-05
2.98154e-05
1.37486e-05
1.09274e-06
2.56363e-07
8.18136e-06
1.72e-05
2.3959e-05
3.07879e-05
3.683e-05
4.19151e-05
4.52002e-05
4.70352e-05
4.77184e-05
4.76054e-05
4.70667e-05
4.64337e-05
4.59523e-05
4.57539e-05
4.5862e-05
4.62333e-05
4.68026e-05
4.75116e-05
4.83178e-05
4.91933e-05
5.01208e-05
5.10895e-05
5.20923e-05
5.31231e-05
5.41752e-05
5.52408e-05
5.63102e-05
5.73726e-05
5.84163e-05
5.94297e-05
6.04015e-05
6.13215e-05
6.21809e-05
6.29725e-05
6.36908e-05
6.43324e-05
6.48955e-05
6.53799e-05
6.57876e-05
6.6123e-05
6.63958e-05
6.66117e-05
6.66846e-05
6.67754e-05
6.68607e-05
6.68804e-05
6.68809e-05
6.68748e-05
6.6877e-05
6.69048e-05
6.69778e-05
6.71191e-05
6.73549e-05
6.77152e-05
6.82329e-05
6.89428e-05
6.98772e-05
7.10597e-05
7.24948e-05
7.41555e-05
7.59716e-05
7.78235e-05
7.95443e-05
8.09304e-05
8.17537e-05
8.17655e-05
8.06797e-05
7.81244e-05
7.35874e-05
6.66853e-05
5.76682e-05
4.91798e-05
4.41552e-05
4.2923e-05
4.22735e-05
3.93085e-05
3.03964e-05
1.40941e-05
1.18311e-06
2.38667e-07
7.92078e-06
1.68122e-05
2.3238e-05
2.97296e-05
3.55646e-05
4.07375e-05
4.43299e-05
4.65099e-05
4.75326e-05
4.7696e-05
4.73348e-05
4.67676e-05
4.62521e-05
4.59516e-05
4.59279e-05
4.61654e-05
4.66119e-05
4.72106e-05
4.79158e-05
4.86956e-05
4.95294e-05
5.04043e-05
5.13119e-05
5.22459e-05
5.32004e-05
5.41689e-05
5.51435e-05
5.61153e-05
5.70746e-05
5.80111e-05
5.89149e-05
5.97767e-05
6.05883e-05
6.13428e-05
6.20349e-05
6.26608e-05
6.32185e-05
6.37074e-05
6.41289e-05
6.44875e-05
6.47991e-05
6.50536e-05
6.51564e-05
6.53031e-05
6.5442e-05
6.55224e-05
6.55866e-05
6.56471e-05
6.5718e-05
6.58156e-05
6.59588e-05
6.61694e-05
6.64727e-05
6.68974e-05
6.74752e-05
6.82395e-05
6.92221e-05
7.04467e-05
7.19197e-05
7.36174e-05
7.54741e-05
7.73738e-05
7.91512e-05
8.06014e-05
8.14944e-05
8.15841e-05
8.06e-05
7.82055e-05
7.39356e-05
6.72552e-05
5.82439e-05
4.93872e-05
4.39022e-05
4.24743e-05
4.21759e-05
3.9525e-05
3.09586e-05
1.44947e-05
1.28347e-06
2.21929e-07
7.70994e-06
1.6466e-05
2.2829e-05
2.87566e-05
3.43654e-05
3.95605e-05
4.33943e-05
4.58852e-05
4.72463e-05
4.77088e-05
4.75637e-05
4.71075e-05
4.65989e-05
4.62239e-05
4.60789e-05
4.61805e-05
4.64957e-05
4.69743e-05
4.757e-05
4.82479e-05
4.89839e-05
4.97628e-05
5.05746e-05
5.14124e-05
5.22706e-05
5.31434e-05
5.40245e-05
5.49067e-05
5.57817e-05
5.66411e-05
5.74762e-05
5.82787e-05
5.90411e-05
5.9757e-05
6.04211e-05
6.10297e-05
6.15804e-05
6.20723e-05
6.25062e-05
6.28871e-05
6.32418e-05
6.35073e-05
6.36583e-05
6.38697e-05
6.40571e-05
6.41966e-05
6.43242e-05
6.44513e-05
6.45912e-05
6.47593e-05
6.49735e-05
6.52545e-05
6.56265e-05
6.61166e-05
6.6755e-05
6.75735e-05
6.86023e-05
6.98644e-05
7.13669e-05
7.30887e-05
7.4968e-05
7.68935e-05
7.87029e-05
8.01914e-05
8.11274e-05
8.12661e-05
8.03485e-05
7.80677e-05
7.3997e-05
6.75986e-05
5.86814e-05
4.95392e-05
4.36154e-05
4.19886e-05
4.19355e-05
3.96828e-05
3.14982e-05
1.49518e-05
1.39368e-06
2.05867e-07
7.52778e-06
1.61407e-05
2.25149e-05
2.78358e-05
3.32063e-05
3.83487e-05
4.23886e-05
4.51612e-05
4.6852e-05
4.76284e-05
4.77334e-05
4.74337e-05
4.69789e-05
4.6567e-05
4.63226e-05
4.62945e-05
4.64744e-05
4.68248e-05
4.73026e-05
4.78712e-05
4.85042e-05
4.91837e-05
4.98981e-05
5.06394e-05
5.14019e-05
5.21804e-05
5.29695e-05
5.37631e-05
5.45549e-05
5.53374e-05
5.61036e-05
5.6846e-05
5.75581e-05
5.82338e-05
5.88683e-05
5.94576e-05
5.99994e-05
6.04924e-05
6.09368e-05
6.13396e-05
6.17364e-05
6.20049e-05
6.22066e-05
6.24827e-05
6.27169e-05
6.29145e-05
6.31045e-05
6.32973e-05
6.35056e-05
6.37436e-05
6.40283e-05
6.43794e-05
6.48195e-05
6.53743e-05
6.60722e-05
6.69426e-05
6.80138e-05
6.93071e-05
7.08291e-05
7.25603e-05
7.44425e-05
7.63696e-05
7.81836e-05
7.96822e-05
8.06332e-05
8.07921e-05
7.99094e-05
7.77062e-05
7.37992e-05
6.7641e-05
5.89406e-05
4.96149e-05
4.32767e-05
4.14949e-05
4.17304e-05
3.97896e-05
3.2018e-05
1.54661e-05
1.51391e-06
1.90122e-07
7.34171e-06
1.58899e-05
2.22753e-05
2.70878e-05
3.21822e-05
3.71584e-05
4.13268e-05
4.43404e-05
4.63433e-05
4.74404e-05
4.78234e-05
4.77235e-05
4.73725e-05
4.697e-05
4.66598e-05
4.65194e-05
4.65677e-05
4.67856e-05
4.71381e-05
4.75903e-05
4.81142e-05
4.86898e-05
4.93039e-05
4.99474e-05
5.0614e-05
5.12987e-05
5.19966e-05
5.2703e-05
5.34122e-05
5.41185e-05
5.48157e-05
5.54976e-05
5.61584e-05
5.67925e-05
5.73955e-05
5.79637e-05
5.84943e-05
5.89859e-05
5.94383e-05
5.98691e-05
6.02903e-05
6.0564e-05
6.08262e-05
6.11525e-05
6.14324e-05
6.16868e-05
6.19375e-05
6.21943e-05
6.24689e-05
6.2775e-05
6.31283e-05
6.35473e-05
6.40533e-05
6.46702e-05
6.5424e-05
6.6342e-05
6.74493e-05
6.8765e-05
7.02941e-05
7.20177e-05
7.38809e-05
7.57829e-05
7.75719e-05
7.90499e-05
7.99861e-05
8.01362e-05
7.92577e-05
7.70977e-05
7.33251e-05
6.73929e-05
5.89895e-05
4.95907e-05
4.28379e-05
4.09403e-05
4.15113e-05
3.98218e-05
3.25164e-05
1.60388e-05
1.64384e-06
1.74609e-07
7.12378e-06
1.5756e-05
2.20496e-05
2.67565e-05
3.13054e-05
3.60379e-05
4.02529e-05
4.34443e-05
4.57255e-05
4.71371e-05
4.78162e-05
4.79535e-05
4.77558e-05
4.74146e-05
4.70829e-05
4.686e-05
4.67913e-05
4.68795e-05
4.71031e-05
4.74328e-05
4.78415e-05
4.83082e-05
4.88181e-05
4.93612e-05
4.99305e-05
5.05209e-05
5.1128e-05
5.17474e-05
5.23747e-05
5.30051e-05
5.36333e-05
5.42541e-05
5.48625e-05
5.54536e-05
5.60231e-05
5.65677e-05
5.70845e-05
5.75718e-05
5.80288e-05
5.84911e-05
5.89087e-05
5.91987e-05
5.95277e-05
5.98969e-05
6.02175e-05
6.05251e-05
6.0833e-05
6.11504e-05
6.1488e-05
6.18584e-05
6.22766e-05
6.27596e-05
6.3327e-05
6.40008e-05
6.48047e-05
6.57627e-05
6.6897e-05
6.82232e-05
6.97441e-05
7.14404e-05
7.32599e-05
7.51075e-05
7.68392e-05
7.82636e-05
7.91534e-05
7.92654e-05
7.8362e-05
7.62123e-05
7.24928e-05
6.68899e-05
5.87838e-05
4.94227e-05
4.23112e-05
4.02778e-05
4.10106e-05
3.9769e-05
3.29939e-05
1.6668e-05
1.78316e-06
1.59936e-07
6.91415e-06
1.5686e-05
2.18356e-05
2.65905e-05
3.0541e-05
3.4985e-05
3.92026e-05
4.24955e-05
4.5008e-05
4.67156e-05
4.76983e-05
4.81022e-05
4.81031e-05
4.78767e-05
4.75754e-05
4.73121e-05
4.71536e-05
4.71254e-05
4.72233e-05
4.74282e-05
4.77172e-05
4.80701e-05
4.84716e-05
4.89108e-05
4.93804e-05
4.98749e-05
5.03901e-05
5.09221e-05
5.14672e-05
5.20211e-05
5.25797e-05
5.31385e-05
5.3693e-05
5.42391e-05
5.47728e-05
5.52908e-05
5.57906e-05
5.62696e-05
5.67295e-05
5.72163e-05
5.76261e-05
5.79337e-05
5.8316e-05
5.87244e-05
5.90832e-05
5.94393e-05
5.97997e-05
6.01725e-05
6.05678e-05
6.09972e-05
6.14743e-05
6.20148e-05
6.26366e-05
6.33594e-05
6.42041e-05
6.51913e-05
6.63395e-05
6.76605e-05
6.9154e-05
7.07998e-05
7.25479e-05
7.43093e-05
7.5949e-05
7.72848e-05
7.80953e-05
7.81397e-05
7.71842e-05
7.49719e-05
7.13586e-05
6.59801e-05
5.82509e-05
4.90607e-05
4.16982e-05
3.95692e-05
4.06101e-05
3.96833e-05
3.34406e-05
1.73528e-05
1.9312e-06
1.46595e-07
6.73435e-06
1.56491e-05
2.16729e-05
2.64489e-05
2.99758e-05
3.40264e-05
3.81932e-05
4.15532e-05
4.42235e-05
4.61876e-05
4.74653e-05
4.8153e-05
4.83901e-05
4.83293e-05
4.8114e-05
4.78615e-05
4.76534e-05
4.75348e-05
4.75205e-05
4.76051e-05
4.77737e-05
4.801e-05
4.82995e-05
4.86315e-05
4.89982e-05
4.93943e-05
4.98155e-05
5.02584e-05
5.07196e-05
5.11957e-05
5.1683e-05
5.21778e-05
5.26761e-05
5.31744e-05
5.36689e-05
5.41567e-05
5.46352e-05
5.51001e-05
5.55733e-05
5.60445e-05
5.64595e-05
5.6791e-05
5.72099e-05
5.7647e-05
5.80423e-05
5.84397e-05
5.88453e-05
5.92664e-05
5.97118e-05
6.01922e-05
6.07197e-05
6.13085e-05
6.19744e-05
6.27346e-05
6.36067e-05
6.4608e-05
6.57524e-05
6.70477e-05
6.84903e-05
7.00584e-05
7.1704e-05
7.33444e-05
7.48553e-05
7.60661e-05
7.67634e-05
7.67108e-05
7.56223e-05
7.33751e-05
6.98471e-05
6.46689e-05
5.73547e-05
4.84516e-05
4.09731e-05
3.87003e-05
4.00061e-05
3.95597e-05
3.38368e-05
1.80884e-05
2.08712e-06
1.34774e-07
6.59304e-06
1.56335e-05
2.15912e-05
2.63369e-05
2.98957e-05
3.33014e-05
3.72317e-05
4.0642e-05
4.34068e-05
4.55771e-05
4.71253e-05
4.80993e-05
4.85983e-05
4.87466e-05
4.86713e-05
4.84857e-05
4.82783e-05
4.81086e-05
4.80082e-05
4.79872e-05
4.8042e-05
4.81631e-05
4.83395e-05
4.8562e-05
4.88232e-05
4.91181e-05
4.94426e-05
4.97936e-05
5.01683e-05
5.05637e-05
5.09767e-05
5.14042e-05
5.18428e-05
5.22891e-05
5.27399e-05
5.31921e-05
5.36441e-05
5.40878e-05
5.45646e-05
5.50166e-05
5.54232e-05
5.57856e-05
5.62249e-05
5.66793e-05
5.7104e-05
5.75345e-05
5.79764e-05
5.84361e-05
5.89214e-05
5.94417e-05
6.00078e-05
6.06319e-05
6.13274e-05
6.21088e-05
6.29903e-05
6.39849e-05
6.51024e-05
6.6346e-05
6.77087e-05
6.91673e-05
7.06756e-05
7.21577e-05
7.35017e-05
7.45505e-05
7.51005e-05
7.48551e-05
7.36877e-05
7.14641e-05
6.79347e-05
6.29195e-05
5.6051e-05
4.75336e-05
4.0099e-05
3.77464e-05
3.93275e-05
3.93698e-05
3.41842e-05
1.88709e-05
2.24984e-06
1.24386e-07
6.50157e-06
1.55901e-05
2.15362e-05
2.61801e-05
2.98746e-05
3.26738e-05
3.63193e-05
3.97821e-05
4.25885e-05
4.49132e-05
4.66972e-05
4.7946e-05
4.8719e-05
4.91088e-05
4.9221e-05
4.91579e-05
4.90072e-05
4.88359e-05
4.86884e-05
4.8589e-05
4.85469e-05
4.85617e-05
4.86289e-05
4.87426e-05
4.88974e-05
4.9089e-05
4.93141e-05
4.95703e-05
4.9855e-05
5.01658e-05
5.05004e-05
5.08559e-05
5.12294e-05
5.1618e-05
5.20188e-05
5.24286e-05
5.28465e-05
5.32619e-05
5.37245e-05
5.41607e-05
5.45578e-05
5.49304e-05
5.53771e-05
5.58402e-05
5.62821e-05
5.67336e-05
5.71992e-05
5.76842e-05
5.81954e-05
5.87407e-05
5.9329e-05
5.99704e-05
6.06758e-05
6.14562e-05
6.23225e-05
6.32833e-05
6.4344e-05
6.55036e-05
6.67518e-05
6.80641e-05
6.93968e-05
7.06808e-05
7.18197e-05
7.26709e-05
7.29728e-05
7.2596e-05
7.13903e-05
6.90931e-05
6.55632e-05
6.06908e-05
5.42368e-05
4.62469e-05
3.9035e-05
3.66616e-05
3.85226e-05
3.92501e-05
3.44766e-05
1.96897e-05
2.41798e-06
1.14968e-07
6.42141e-06
1.55155e-05
2.14836e-05
2.60782e-05
2.9836e-05
3.25977e-05
3.5555e-05
3.89684e-05
4.18246e-05
4.42418e-05
4.62148e-05
4.77129e-05
4.87572e-05
4.94073e-05
4.97436e-05
4.98523e-05
4.98139e-05
4.96963e-05
4.95509e-05
4.94127e-05
4.93026e-05
4.92308e-05
4.92006e-05
4.92118e-05
4.92628e-05
4.93514e-05
4.94758e-05
4.96344e-05
4.98255e-05
5.00475e-05
5.02983e-05
5.05759e-05
5.08778e-05
5.12013e-05
5.1544e-05
5.19028e-05
5.22768e-05
5.26562e-05
5.30781e-05
5.35052e-05
5.38941e-05
5.42432e-05
5.46823e-05
5.51466e-05
5.559e-05
5.60462e-05
5.65185e-05
5.7011e-05
5.75289e-05
5.80785e-05
5.86665e-05
5.93006e-05
5.99887e-05
6.07387e-05
6.15574e-05
6.24494e-05
6.34158e-05
6.4452e-05
6.55449e-05
6.66698e-05
6.77855e-05
6.88306e-05
6.97282e-05
7.02968e-05
7.03835e-05
6.98974e-05
6.85686e-05
6.62112e-05
6.26953e-05
5.79689e-05
5.19521e-05
4.45875e-05
3.77633e-05
3.54557e-05
3.76422e-05
3.89193e-05
3.47342e-05
2.05337e-05
2.59006e-06
1.0624e-07
6.33089e-06
1.54071e-05
2.1412e-05
2.59841e-05
2.96863e-05
3.25959e-05
3.51043e-05
3.82163e-05
4.11553e-05
4.36138e-05
4.57264e-05
4.74375e-05
4.87362e-05
4.96502e-05
5.02333e-05
5.0552e-05
5.06751e-05
5.06654e-05
5.05761e-05
5.0448e-05
5.03106e-05
5.01833e-05
5.00782e-05
5.0002e-05
4.99583e-05
4.99487e-05
4.9974e-05
5.00343e-05
5.01293e-05
5.02582e-05
5.042e-05
5.06131e-05
5.08356e-05
5.10854e-05
5.13603e-05
5.16575e-05
5.19754e-05
5.23097e-05
5.26592e-05
5.30791e-05
5.34541e-05
5.37655e-05
5.41647e-05
5.46105e-05
5.50372e-05
5.54777e-05
5.59344e-05
5.64101e-05
5.69085e-05
5.74337e-05
5.79905e-05
5.85838e-05
5.92185e-05
5.9899e-05
6.06285e-05
6.14078e-05
6.22345e-05
6.31009e-05
6.39926e-05
6.48851e-05
6.57413e-05
6.65068e-05
6.71158e-05
6.73702e-05
6.72824e-05
6.66079e-05
6.51604e-05
6.27631e-05
5.92915e-05
5.47314e-05
4.9181e-05
4.24424e-05
3.62578e-05
3.41701e-05
3.67448e-05
3.8443e-05
3.49545e-05
2.13901e-05
2.76444e-06
9.8242e-08
6.22868e-06
1.52712e-05
2.13108e-05
2.58703e-05
2.9537e-05
3.25882e-05
3.49927e-05
3.75867e-05
4.05175e-05
4.30815e-05
4.52869e-05
4.71713e-05
4.86976e-05
4.98656e-05
5.07033e-05
5.12564e-05
5.15788e-05
5.17245e-05
5.17432e-05
5.16773e-05
5.15607e-05
5.14198e-05
5.12736e-05
5.11359e-05
5.10162e-05
5.09209e-05
5.08547e-05
5.08203e-05
5.08195e-05
5.08532e-05
5.09216e-05
5.10239e-05
5.11591e-05
5.13256e-05
5.15214e-05
5.17442e-05
5.1992e-05
5.22625e-05
5.255e-05
5.28738e-05
5.32499e-05
5.35522e-05
5.38426e-05
5.42303e-05
5.46333e-05
5.50272e-05
5.54359e-05
5.58602e-05
5.63021e-05
5.67636e-05
5.7247e-05
5.77547e-05
5.82885e-05
5.88498e-05
5.94385e-05
6.00523e-05
6.06863e-05
6.13313e-05
6.19723e-05
6.2587e-05
6.3143e-05
6.35934e-05
6.38296e-05
6.38643e-05
6.35198e-05
6.26524e-05
6.10985e-05
5.86945e-05
5.5319e-05
5.09705e-05
4.58406e-05
3.98012e-05
3.45379e-05
3.27955e-05
3.57459e-05
3.78777e-05
3.50682e-05
2.22699e-05
2.93956e-06
9.13525e-08
6.13842e-06
1.51354e-05
2.11913e-05
2.57288e-05
2.93754e-05
3.24209e-05
3.50113e-05
3.74018e-05
4.00215e-05
4.26846e-05
4.4987e-05
4.69943e-05
4.871e-05
5.01085e-05
5.11935e-05
5.19899e-05
5.25349e-05
5.28713e-05
5.3042e-05
5.30869e-05
5.30409e-05
5.29336e-05
5.2789e-05
5.26262e-05
5.24601e-05
5.23022e-05
5.21611e-05
5.20432e-05
5.19531e-05
5.18937e-05
5.1867e-05
5.18737e-05
5.19135e-05
5.19857e-05
5.20887e-05
5.22208e-05
5.23798e-05
5.25637e-05
5.27683e-05
5.29964e-05
5.32437e-05
5.35587e-05
5.37857e-05
5.40158e-05
5.43432e-05
5.46605e-05
5.49776e-05
5.53029e-05
5.5638e-05
5.59828e-05
5.63374e-05
5.67017e-05
5.70752e-05
5.74568e-05
5.7844e-05
5.82328e-05
5.8617e-05
5.89871e-05
5.93297e-05
5.96255e-05
5.98482e-05
5.99605e-05
5.98961e-05
5.96149e-05
5.90079e-05
5.79568e-05
5.63244e-05
5.39658e-05
5.07643e-05
4.67227e-05
4.20931e-05
3.70248e-05
3.23794e-05
3.13908e-05
3.46589e-05
3.71995e-05
3.50901e-05
2.31305e-05
3.11406e-06
8.64015e-08
6.10061e-06
1.50588e-05
2.11003e-05
2.55845e-05
2.92069e-05
3.227e-05
3.49527e-05
3.73444e-05
3.9781e-05
4.23612e-05
4.48146e-05
4.70032e-05
4.88714e-05
5.04678e-05
5.17797e-05
5.28127e-05
5.3588e-05
5.41356e-05
5.44897e-05
5.46849e-05
5.4754e-05
5.47268e-05
5.46293e-05
5.44838e-05
5.4309e-05
5.41202e-05
5.39296e-05
5.37471e-05
5.35801e-05
5.34342e-05
5.3313e-05
5.32191e-05
5.31536e-05
5.31166e-05
5.31075e-05
5.3125e-05
5.31672e-05
5.32323e-05
5.33171e-05
5.34208e-05
5.35379e-05
5.36804e-05
5.38348e-05
5.39937e-05
5.40938e-05
5.42625e-05
5.44453e-05
5.46045e-05
5.47676e-05
5.49284e-05
5.50852e-05
5.52368e-05
5.53812e-05
5.55157e-05
5.5637e-05
5.57409e-05
5.58212e-05
5.58701e-05
5.58766e-05
5.58261e-05
5.56987e-05
5.54678e-05
5.50755e-05
5.45098e-05
5.36674e-05
5.24693e-05
5.08129e-05
4.85768e-05
4.56544e-05
4.20553e-05
3.80575e-05
3.41579e-05
3.06545e-05
2.97849e-05
3.35132e-05
3.64281e-05
3.49812e-05
2.39855e-05
3.28741e-06
8.46744e-08
6.14885e-06
1.51451e-05
2.11368e-05
2.55154e-05
2.90874e-05
3.21721e-05
3.49251e-05
3.74551e-05
3.992e-05
4.23726e-05
4.48867e-05
4.71388e-05
4.92759e-05
5.10838e-05
5.25918e-05
5.38419e-05
5.48397e-05
5.5603e-05
5.61559e-05
5.65261e-05
5.67417e-05
5.68302e-05
5.6817e-05
5.67252e-05
5.65751e-05
5.63842e-05
5.61672e-05
5.59365e-05
5.57018e-05
5.54711e-05
5.52501e-05
5.50431e-05
5.48527e-05
5.46806e-05
5.45272e-05
5.4392e-05
5.42741e-05
5.41719e-05
5.40832e-05
5.40062e-05
5.39372e-05
5.38774e-05
5.38211e-05
5.37764e-05
5.36914e-05
5.36469e-05
5.35786e-05
5.34858e-05
5.34099e-05
5.33082e-05
5.3191e-05
5.30577e-05
5.29046e-05
5.27294e-05
5.25297e-05
5.2302e-05
5.20422e-05
5.1745e-05
5.1403e-05
5.1007e-05
5.05439e-05
4.99948e-05
4.93537e-05
4.85141e-05
4.74818e-05
4.62081e-05
4.46193e-05
4.26538e-05
4.02545e-05
3.74153e-05
3.42761e-05
3.12969e-05
2.88766e-05
2.87895e-05
3.22704e-05
3.56204e-05
3.47582e-05
2.4755e-05
3.45863e-06
8.77447e-08
6.34494e-06
1.55697e-05
2.14699e-05
2.56774e-05
2.91579e-05
3.2256e-05
3.51026e-05
3.77801e-05
4.04156e-05
4.29715e-05
4.53969e-05
4.78056e-05
5.00447e-05
5.19904e-05
5.37952e-05
5.52674e-05
5.64654e-05
5.74274e-05
5.81688e-05
5.87096e-05
5.90723e-05
5.92805e-05
5.93574e-05
5.93248e-05
5.92031e-05
5.90104e-05
5.87628e-05
5.84742e-05
5.81561e-05
5.78183e-05
5.74686e-05
5.71128e-05
5.67556e-05
5.64e-05
5.6048e-05
5.57006e-05
5.53579e-05
5.50194e-05
5.46839e-05
5.43501e-05
5.40157e-05
5.36798e-05
5.334e-05
5.29917e-05
5.26464e-05
5.22354e-05
5.18446e-05
5.15119e-05
5.11126e-05
5.06459e-05
5.01928e-05
4.97228e-05
4.92268e-05
4.87083e-05
4.81661e-05
4.7599e-05
4.7005e-05
4.63824e-05
4.57276e-05
4.50368e-05
4.43028e-05
4.35176e-05
4.26733e-05
4.17769e-05
4.07872e-05
3.96677e-05
3.83517e-05
3.67827e-05
3.48745e-05
3.26118e-05
3.00581e-05
2.79924e-05
2.66462e-05
2.75348e-05
3.15544e-05
3.48531e-05
3.44083e-05
2.54227e-05
3.6304e-06
9.80189e-08
6.80822e-06
1.65321e-05
2.23212e-05
2.63099e-05
2.96747e-05
3.27901e-05
3.57674e-05
3.86832e-05
4.14121e-05
4.40709e-05
4.67117e-05
4.92097e-05
5.15084e-05
5.36375e-05
5.55194e-05
5.71556e-05
5.86018e-05
5.97017e-05
6.05694e-05
6.12174e-05
6.16645e-05
6.19311e-05
6.20381e-05
6.20061e-05
6.18544e-05
6.1601e-05
6.12624e-05
6.08535e-05
6.03873e-05
5.98748e-05
5.93256e-05
5.87475e-05
5.81469e-05
5.75287e-05
5.68968e-05
5.62541e-05
5.56024e-05
5.49425e-05
5.42752e-05
5.36006e-05
5.2918e-05
5.22288e-05
5.15271e-05
5.0815e-05
5.00997e-05
4.93183e-05
4.85681e-05
4.78519e-05
4.70886e-05
4.63102e-05
4.5538e-05
4.4707e-05
4.38806e-05
4.30568e-05
4.22255e-05
4.13877e-05
4.05435e-05
3.96951e-05
3.88409e-05
3.79835e-05
3.71192e-05
3.62516e-05
3.53716e-05
3.44865e-05
3.3576e-05
3.26405e-05
3.16365e-05
3.05602e-05
2.9348e-05
2.80424e-05
2.6679e-05
2.56438e-05
2.54836e-05
2.68233e-05
3.0574e-05
3.44596e-05
3.39e-05
2.58427e-05
3.80467e-06
1.18413e-07
7.601e-06
1.7731e-05
2.36413e-05
2.75205e-05
3.08176e-05
3.39702e-05
3.70246e-05
3.98487e-05
4.25755e-05
4.56882e-05
4.86262e-05
5.12955e-05
5.37511e-05
5.59035e-05
5.77709e-05
5.94045e-05
6.07699e-05
6.19817e-05
6.2831e-05
6.34264e-05
6.37999e-05
6.3971e-05
6.39602e-05
6.37859e-05
6.34649e-05
6.30152e-05
6.24539e-05
6.17972e-05
6.10593e-05
6.02531e-05
5.93903e-05
5.84805e-05
5.75326e-05
5.65545e-05
5.55518e-05
5.45306e-05
5.34944e-05
5.24454e-05
5.13893e-05
5.03265e-05
4.92605e-05
4.81941e-05
4.71068e-05
4.60418e-05
4.49221e-05
4.38544e-05
4.2816e-05
4.17537e-05
4.07055e-05
3.96716e-05
3.86475e-05
3.76924e-05
3.66915e-05
3.56934e-05
3.47488e-05
3.38273e-05
3.29308e-05
3.20639e-05
3.12258e-05
3.04251e-05
2.96595e-05
2.89431e-05
2.82662e-05
2.76497e-05
2.70731e-05
2.65657e-05
2.60879e-05
2.56796e-05
2.52768e-05
2.49551e-05
2.46788e-05
2.47073e-05
2.53029e-05
2.69864e-05
3.02065e-05
3.3568e-05
3.32453e-05
2.56819e-05
3.99155e-06
1.52836e-07
8.83103e-06
1.93662e-05
2.45365e-05
2.80071e-05
3.11639e-05
3.42826e-05
3.73736e-05
4.04512e-05
4.37083e-05
4.68426e-05
4.97931e-05
5.25326e-05
5.49915e-05
5.71162e-05
5.89183e-05
6.02467e-05
6.1275e-05
6.21773e-05
6.28295e-05
6.31256e-05
6.31886e-05
6.30397e-05
6.27021e-05
6.21817e-05
6.14874e-05
6.06487e-05
5.96883e-05
5.86262e-05
5.7478e-05
5.62608e-05
5.49889e-05
5.36743e-05
5.23304e-05
5.09688e-05
4.95952e-05
4.82222e-05
4.6848e-05
4.54796e-05
4.41342e-05
4.28015e-05
4.14994e-05
4.01944e-05
3.89304e-05
3.77311e-05
3.65413e-05
3.53778e-05
3.42542e-05
3.31701e-05
3.21307e-05
3.11203e-05
3.01862e-05
2.92825e-05
2.83926e-05
2.75723e-05
2.68085e-05
2.61013e-05
2.54469e-05
2.48491e-05
2.43094e-05
2.38406e-05
2.34403e-05
2.3127e-05
2.2886e-05
2.27484e-05
2.26872e-05
2.27483e-05
2.28843e-05
2.31584e-05
2.34934e-05
2.3978e-05
2.45161e-05
2.52812e-05
2.62899e-05
2.79807e-05
3.05412e-05
3.33725e-05
3.25702e-05
2.51422e-05
4.09258e-06
2.08879e-07
1.01771e-05
2.03636e-05
2.4452e-05
2.70066e-05
2.97326e-05
3.2577e-05
3.54646e-05
3.83617e-05
4.1159e-05
4.37532e-05
4.61433e-05
4.83059e-05
5.01802e-05
5.17383e-05
5.29898e-05
5.39038e-05
5.44606e-05
5.4738e-05
5.49445e-05
5.48184e-05
5.44445e-05
5.38804e-05
5.31471e-05
5.22711e-05
5.12755e-05
5.01744e-05
4.89852e-05
4.77278e-05
4.64117e-05
4.50615e-05
4.36893e-05
4.23054e-05
4.09368e-05
3.95871e-05
3.82548e-05
3.69578e-05
3.567e-05
3.44277e-05
3.32526e-05
3.2096e-05
3.09887e-05
2.99277e-05
2.89101e-05
2.79494e-05
2.70405e-05
2.61885e-05
2.53815e-05
2.46634e-05
2.39584e-05
2.33043e-05
2.27283e-05
2.22129e-05
2.17536e-05
2.13573e-05
2.1025e-05
2.07603e-05
2.0563e-05
2.044e-05
2.03886e-05
2.04171e-05
2.05223e-05
2.07127e-05
2.09746e-05
2.13385e-05
2.17734e-05
2.2325e-05
2.29408e-05
2.36856e-05
2.44761e-05
2.53938e-05
2.63241e-05
2.7366e-05
2.84628e-05
2.97497e-05
3.15189e-05
3.32126e-05
3.1647e-05
2.43025e-05
4.1303e-06
2.84186e-07
1.07717e-05
1.83791e-05
2.01962e-05
2.15892e-05
2.32811e-05
2.52242e-05
2.72921e-05
2.93848e-05
3.13482e-05
3.31272e-05
3.47155e-05
3.60957e-05
3.72444e-05
3.8153e-05
3.88271e-05
3.9273e-05
3.9481e-05
3.94601e-05
3.93321e-05
3.90856e-05
3.86194e-05
3.80465e-05
3.73718e-05
3.6612e-05
3.57879e-05
3.49145e-05
3.40042e-05
3.30752e-05
3.2119e-05
3.11845e-05
3.02616e-05
2.93437e-05
2.84433e-05
2.7573e-05
2.67374e-05
2.59429e-05
2.51913e-05
2.44803e-05
2.38262e-05
2.3205e-05
2.2663e-05
2.21483e-05
2.16661e-05
2.12504e-05
2.08843e-05
2.0569e-05
2.02997e-05
2.00858e-05
1.99212e-05
1.98047e-05
1.97392e-05
1.97249e-05
1.97622e-05
1.98505e-05
1.99904e-05
2.01822e-05
2.0426e-05
2.07238e-05
2.10725e-05
2.14805e-05
2.19423e-05
2.2466e-05
2.30397e-05
2.36813e-05
2.43578e-05
2.51113e-05
2.58885e-05
2.67502e-05
2.76157e-05
2.8553e-05
2.94599e-05
3.03721e-05
3.12547e-05
3.19499e-05
3.29243e-05
3.2924e-05
3.04531e-05
2.27183e-05
4.03075e-06
3.5179e-07
9.89608e-06
1.33138e-05
1.34626e-05
1.41412e-05
1.51477e-05
1.63171e-05
1.75533e-05
1.87862e-05
1.99467e-05
2.10093e-05
2.19627e-05
2.27964e-05
2.35047e-05
2.40862e-05
2.45439e-05
2.48844e-05
2.51132e-05
2.52327e-05
2.52664e-05
2.52476e-05
2.51447e-05
2.49913e-05
2.48013e-05
2.45647e-05
2.43046e-05
2.40285e-05
2.37405e-05
2.34526e-05
2.31597e-05
2.28868e-05
2.26188e-05
2.23583e-05
2.21203e-05
2.19031e-05
2.17073e-05
2.15339e-05
2.13863e-05
2.12628e-05
2.11682e-05
2.10976e-05
2.10573e-05
2.10455e-05
2.10587e-05
2.10996e-05
2.11689e-05
2.12651e-05
2.1398e-05
2.15634e-05
2.17605e-05
2.19859e-05
2.22397e-05
2.25186e-05
2.28244e-05
2.31533e-05
2.35081e-05
2.38847e-05
2.42868e-05
2.47101e-05
2.51587e-05
2.56289e-05
2.61195e-05
2.66393e-05
2.7174e-05
2.77528e-05
2.83358e-05
2.89813e-05
2.95993e-05
3.02919e-05
3.09246e-05
3.16211e-05
3.22211e-05
3.28065e-05
3.32716e-05
3.33356e-05
3.3518e-05
3.12279e-05
2.77529e-05
1.93133e-05
3.67377e-06
4.15758e-07
8.6159e-06
1.01672e-05
1.18714e-05
1.36336e-05
1.53151e-05
1.68589e-05
1.82308e-05
1.94118e-05
2.04036e-05
2.12239e-05
2.1897e-05
2.24465e-05
2.28919e-05
2.325e-05
2.35348e-05
2.37582e-05
2.39305e-05
2.40638e-05
2.41571e-05
2.42187e-05
2.42598e-05
2.42874e-05
2.42948e-05
2.42958e-05
2.42933e-05
2.4286e-05
2.42748e-05
2.4265e-05
2.42562e-05
2.42521e-05
2.42538e-05
2.42605e-05
2.42744e-05
2.42961e-05
2.43266e-05
2.43657e-05
2.44143e-05
2.44722e-05
2.454e-05
2.46176e-05
2.47053e-05
2.48027e-05
2.49108e-05
2.50285e-05
2.51569e-05
2.52949e-05
2.54396e-05
2.55896e-05
2.57482e-05
2.59133e-05
2.6089e-05
2.62723e-05
2.64679e-05
2.66721e-05
2.68903e-05
2.71184e-05
2.73616e-05
2.76165e-05
2.78859e-05
2.81711e-05
2.84666e-05
2.87869e-05
2.91054e-05
2.94717e-05
2.98043e-05
3.02224e-05
3.05158e-05
3.09611e-05
3.11828e-05
3.16142e-05
3.1737e-05
3.20527e-05
3.18485e-05
3.15385e-05
3.04864e-05
2.81368e-05
2.32081e-05
1.21452e-05
3.17579e-06
2.55672e-07
5.02055e-07
7.72314e-07
1.05001e-06
1.31926e-06
1.57448e-06
1.81529e-06
2.04136e-06
2.25166e-06
2.44412e-06
2.61733e-06
2.77059e-06
2.90433e-06
3.01959e-06
3.11757e-06
3.19958e-06
3.26717e-06
3.32144e-06
3.36446e-06
3.39662e-06
3.42056e-06
3.43554e-06
3.44547e-06
3.44781e-06
3.44633e-06
3.4423e-06
3.4343e-06
3.42391e-06
3.41176e-06
3.39839e-06
3.38417e-06
3.36965e-06
3.35503e-06
3.34072e-06
3.32689e-06
3.31388e-06
3.30177e-06
3.29084e-06
3.28112e-06
3.27283e-06
3.266e-06
3.26075e-06
3.25715e-06
3.2552e-06
3.25554e-06
3.25696e-06
3.26055e-06
3.26481e-06
3.27311e-06
3.28049e-06
3.29277e-06
3.30303e-06
3.31945e-06
3.33244e-06
3.35334e-06
3.36894e-06
3.39479e-06
3.4129e-06
3.44425e-06
3.46472e-06
3.50206e-06
3.52466e-06
3.56803e-06
3.59244e-06
3.64082e-06
3.66766e-06
3.7223e-06
3.75635e-06
3.82316e-06
3.86483e-06
3.9378e-06
3.98565e-06
4.05847e-06
4.10772e-06
4.16516e-06
4.18439e-06
4.15846e-06
4.04973e-06
3.71654e-06
2.73689e-06
)
;

boundaryField
{
    movingWall
    {
        type            nutkWallFunction;
        Cmu             0.09;
        kappa           0.41;
        E               9.8;
        value           uniform 0;
    }
    fixedWalls
    {
        type            nutkWallFunction;
        Cmu             0.09;
        kappa           0.41;
        E               9.8;
        value           uniform 0;
    }
    frontAndBack
    {
        type            empty;
    }
}


// ************************************************************************* //
