/*--------------------------------*- C++ -*----------------------------------*\
  =========                 |
  \\      /  F ield         | OpenFOAM: The Open Source CFD Toolbox
   \\    /   O peration     | Website:  https://openfoam.org
    \\  /    A nd           | Version:  13
     \\/     M anipulation  |
\*---------------------------------------------------------------------------*/
FoamFile
{
    format      ascii;
    class       volScalarField;
    location    "1.5";
    object      k;
}
// * * * * * * * * * * * * * * * * * * * * * * * * * * * * * * * * * * * * * //

dimensions      [0 2 -2 0 0 0 0];

internalField   nonuniform List<scalar> 
6400
(
2.46583e-07
1.20414e-06
2.52733e-06
3.89154e-06
5.18874e-06
6.39038e-06
7.50608e-06
8.5531e-06
9.54502e-06
1.0492e-05
1.14029e-05
1.22868e-05
1.31535e-05
1.40136e-05
1.48778e-05
1.57562e-05
1.66574e-05
1.75885e-05
1.85547e-05
1.95592e-05
2.06043e-05
2.16912e-05
2.2822e-05
2.39992e-05
2.5227e-05
2.65111e-05
2.78588e-05
2.92796e-05
3.07844e-05
3.23858e-05
3.40975e-05
3.59342e-05
3.79106e-05
4.00409e-05
4.23376e-05
4.48108e-05
4.74669e-05
5.03072e-05
5.33267e-05
5.65129e-05
5.98447e-05
6.32902e-05
6.68049e-05
7.03289e-05
7.37856e-05
7.70849e-05
8.01421e-05
8.29432e-05
8.58051e-05
8.82405e-05
8.99943e-05
9.11528e-05
9.16858e-05
9.14531e-05
9.01825e-05
8.79913e-05
8.48933e-05
8.09405e-05
7.62309e-05
7.09052e-05
6.5138e-05
5.91239e-05
5.30605e-05
4.71311e-05
4.14887e-05
3.62464e-05
3.14716e-05
2.71811e-05
2.33724e-05
2.00075e-05
1.70342e-05
1.44283e-05
1.20915e-05
9.94806e-06
7.95927e-06
6.09453e-06
4.33567e-06
2.69477e-06
1.25735e-06
2.57521e-07
1.21417e-06
1.01437e-05
2.17309e-05
3.32984e-05
4.38927e-05
5.3476e-05
6.22445e-05
7.03833e-05
7.80235e-05
8.52606e-05
9.21749e-05
9.88448e-05
0.000105351
0.000111774
0.000118194
0.000124679
0.000131289
0.000138067
0.000145045
0.000152241
0.000159669
0.000167337
0.000175259
0.000183457
0.00019196
0.00020081
0.000210059
0.000219768
0.000230005
0.000240845
0.000252364
0.000264637
0.00027773
0.000291699
0.000306581
0.000322386
0.000339097
0.000356661
0.000374988
0.000393948
0.000413372
0.000433044
0.000452701
0.000472026
0.00049065
0.000508143
0.000524045
0.000537783
0.000548921
0.000557759
0.000562951
0.000564886
0.000564559
0.000559943
0.00055073
0.000537206
0.000519426
0.000497577
0.000472029
0.000443338
0.000412227
0.000379537
0.000346169
0.000313009
0.000280852
0.00025034
0.000221907
0.000195772
0.00017197
0.000150375
0.00013073
0.000112638
9.57908e-05
7.99754e-05
6.49535e-05
5.05031e-05
3.64761e-05
2.29393e-05
1.05514e-05
1.26988e-06
2.66275e-06
2.26599e-05
4.71801e-05
7.01723e-05
9.05756e-05
0.000108758
0.000125201
0.000140275
0.000154242
0.0001673
0.000179621
0.000191359
0.000202663
0.000213671
0.000224502
0.000235253
0.000246002
0.000256801
0.000267692
0.000278707
0.000289876
0.000301239
0.000312844
0.000324758
0.000337064
0.000349859
0.000363252
0.000377357
0.000392291
0.000408168
0.000425092
0.000443159
0.000462443
0.000482999
0.000504851
0.000527988
0.000552364
0.000577894
0.000604453
0.000631876
0.000659952
0.000688424
0.000716985
0.000745276
0.000772891
0.000799379
0.000824247
0.000846949
0.000866943
0.000883612
0.000896261
0.000903297
0.000905698
0.000903458
0.000893659
0.000876837
0.000853007
0.000822278
0.000785033
0.000741974
0.00069411
0.000642715
0.000589251
0.000535258
0.000482218
0.00043142
0.000383847
0.000340098
0.000300379
0.000264555
0.000232217
0.000202765
0.000175515
0.00014978
0.000124886
0.000100181
7.50525e-05
4.912e-05
2.32834e-05
2.75737e-06
4.39943e-06
3.70866e-05
7.42391e-05
0.000106724
0.000134593
0.000159119
0.000181168
0.000201273
0.000219786
0.000236966
0.000253029
0.000268171
0.000282572
0.000296392
0.000309773
0.000322829
0.000335659
0.000348346
0.000360965
0.000373595
0.000386327
0.000399264
0.000412528
0.000426261
0.000440618
0.000455763
0.000471866
0.000489093
0.000507604
0.000527549
0.000549058
0.000572243
0.000597188
0.000623948
0.000652542
0.000682949
0.000715112
0.000748929
0.000784249
0.000820871
0.000858541
0.000896946
0.000935712
0.000974402
0.00101251
0.00104947
0.00108462
0.00111723
0.00114649
0.0011715
0.00119138
0.00120441
0.00120998
0.00121043
0.00120114
0.00118208
0.00115342
0.00111518
0.00106768
0.00101167
0.000948322
0.000879238
0.000806372
0.000731902
0.000658054
0.000586895
0.000520123
0.000458904
0.000403789
0.000354734
0.000311207
0.000272336
0.000237061
0.000204249
0.00017276
0.000141439
0.00010904
7.41345e-05
3.65036e-05
4.37391e-06
6.35252e-06
5.24505e-05
0.000101392
0.000141749
0.000175479
0.000204897
0.000231262
0.00025526
0.000277308
0.000297693
0.000316646
0.000334372
0.000351057
0.000366873
0.000381972
0.000396496
0.000410575
0.000424341
0.000437932
0.000451498
0.000465207
0.000479251
0.00049384
0.000509202
0.000525568
0.000543172
0.000562245
0.000583004
0.000605651
0.000630368
0.000657311
0.000686606
0.000718342
0.000752569
0.000789304
0.000828515
0.00087012
0.000913981
0.000959897
0.0010076
0.00105677
0.00110698
0.00115776
0.00120854
0.00125866
0.00130738
0.00135389
0.00139725
0.00143648
0.00147048
0.00149814
0.00151831
0.00152843
0.0015313
0.00152423
0.00150438
0.00147232
0.00142795
0.00137137
0.00130318
0.00122453
0.00113712
0.00104325
0.000945711
0.000847558
0.00075189
0.000661496
0.000578535
0.000504287
0.000439069
0.00038233
0.000332891
0.000289206
0.000249594
0.000212357
0.000175776
0.000137936
9.6304e-05
4.89351e-05
5.94504e-06
8.45867e-06
6.83051e-05
0.00012824
0.000175462
0.000214154
0.000247634
0.000277546
0.000304738
0.000329689
0.000352705
0.00037402
0.000393831
0.000412324
0.000429675
0.000446053
0.000461632
0.000476592
0.000491128
0.000505456
0.000519817
0.000534478
0.000549726
0.000565868
0.000583217
0.000602083
0.000622775
0.000645584
0.00067078
0.000698607
0.000729278
0.000762973
0.000799828
0.000839939
0.000883348
0.00093004
0.000979933
0.00103287
0.00108863
0.0011469
0.00120729
0.00126932
0.00133245
0.00139603
0.00145934
0.0015216
0.00158193
0.00163943
0.00169309
0.00174181
0.00178447
0.0018199
0.00184696
0.00186277
0.00186861
0.00186559
0.00184747
0.00181491
0.00176767
0.00170543
0.00162836
0.00153723
0.00143347
0.00131931
0.00119783
0.00107274
0.000948258
0.000828601
0.000717536
0.000617804
0.000530745
0.000456228
0.0003929
0.000338644
0.000291022
0.000247566
0.000205828
0.000163123
0.000115831
6.02274e-05
7.40756e-06
1.06739e-05
8.43726e-05
0.000154598
0.000208008
0.00025111
0.000288138
0.000321098
0.000351004
0.000378404
0.000403631
0.000426918
0.000448459
0.000468436
0.000487035
0.000504452
0.000520901
0.000536625
0.000551893
0.000567013
0.000582324
0.000598194
0.000615017
0.000633199
0.000653149
0.000675271
0.00069995
0.000727543
0.000758376
0.000792731
0.000830843
0.000872896
0.000919011
0.000969243
0.00102357
0.00108187
0.00114396
0.00120953
0.00127818
0.00134942
0.00142268
0.00149728
0.00157251
0.00164759
0.00172169
0.00179394
0.00186347
0.0019294
0.00199077
0.00204659
0.00209583
0.00213746
0.00217045
0.00219271
0.00220282
0.0022045
0.00219173
0.00216306
0.00211829
0.00205648
0.00197705
0.00188009
0.00176628
0.00163709
0.00149529
0.00134466
0.00119008
0.00103717
0.000891713
0.000758803
0.000641941
0.00054247
0.000459534
0.000390616
0.000332339
0.000281135
0.000233513
0.000185809
0.00013327
7.04432e-05
8.75693e-06
1.2968e-05
0.000100464
0.000180338
0.000239436
0.000286577
0.000326812
0.000362477
0.00039475
0.00042426
0.000451372
0.000476332
0.000499337
0.000520574
0.000540249
0.000558591
0.000575868
0.000592391
0.000608515
0.000624643
0.00064122
0.000658724
0.000677662
0.00069855
0.000721905
0.000748224
0.000777978
0.000811588
0.000849423
0.000891781
0.000938887
0.000990877
0.00104779
0.00110957
0.00117602
0.00124685
0.00132163
0.00139982
0.00148077
0.00156375
0.00164794
0.00173251
0.00181657
0.00189927
0.00197976
0.00205726
0.00213104
0.00220041
0.00226471
0.00232323
0.00237524
0.0024201
0.00245719
0.00248548
0.00250204
0.00250802
0.00250375
0.00248414
0.00244861
0.00239538
0.00232272
0.0022298
0.0021166
0.00198275
0.00182999
0.00166131
0.00148127
0.00129613
0.00111345
0.000941036
0.000785706
0.000651948
0.000540974
0.000450811
0.000377328
0.000315539
0.000260444
0.000207023
0.000149197
7.97752e-05
1.00106e-05
1.53121e-05
0.000116437
0.000205355
0.000269738
0.000320648
0.000363846
0.00040197
0.000436355
0.000467716
0.000496466
0.000522873
0.000547149
0.000569502
0.000590166
0.000609415
0.000627578
0.00064504
0.00066225
0.000679712
0.000697982
0.000717658
0.000739368
0.00076375
0.000791433
0.000823016
0.000859046
0.000899993
0.000946232
0.000998028
0.00105552
0.0011187
0.00118744
0.00126142
0.00134019
0.00142314
0.00150953
0.00159848
0.00168906
0.00178025
0.00187104
0.00196043
0.00204751
0.00213145
0.00221154
0.00228722
0.00235808
0.00242387
0.00248459
0.00253996
0.00258964
0.00263331
0.00267049
0.00270099
0.00272444
0.00273888
0.00274445
0.00273969
0.00272052
0.0026852
0.00263001
0.00255216
0.00245324
0.00232911
0.00217964
0.0020066
0.00181267
0.00160358
0.00138758
0.00117442
0.000974527
0.000797012
0.000647454
0.000526603
0.00043078
0.000353699
0.000288355
0.00022778
0.000164172
8.84378e-05
1.11913e-05
1.76811e-05
0.000132177
0.000229564
0.000298888
0.000353347
0.000399321
0.000439722
0.00047603
0.000509052
0.000539256
0.000566948
0.00059237
0.000615764
0.000637403
0.000657614
0.000676795
0.000695414
0.000714015
0.000733211
0.00075368
0.000776147
0.000801372
0.000830121
0.000863141
0.000901123
0.000944664
0.000994237
0.00105015
0.00111255
0.00118137
0.00125633
0.00133699
0.00142265
0.00151249
0.00160547
0.00170047
0.00179626
0.00189159
0.00198523
0.00207603
0.00216297
0.00224524
0.00232218
0.00239341
0.0024588
0.00251831
0.00257212
0.00262037
0.00266338
0.00270176
0.00273625
0.00276743
0.00279562
0.00282062
0.00284208
0.00285966
0.00287029
0.00287406
0.00286798
0.00284763
0.00280765
0.00273929
0.00264158
0.00251199
0.00235304
0.00216254
0.00194513
0.00170793
0.00146072
0.00121654
0.000989311
0.000790836
0.000627643
0.000499318
0.000399633
0.0003195
0.000249289
0.0001788
9.66542e-05
1.23224e-05
2.00536e-05
0.000147594
0.000252895
0.000326849
0.000384662
0.000433261
0.000475798
0.000513891
0.000548437
0.000579971
0.000608847
0.000635352
0.000659771
0.000682429
0.000703717
0.000724106
0.000744154
0.000764507
0.000785896
0.000809125
0.00083506
0.000864599
0.000898642
0.00093804
0.000983545
0.00103575
0.00109505
0.00116158
0.00123521
0.00131554
0.00140188
0.00149331
0.00158869
0.00168668
0.00178582
0.00188455
0.00198134
0.00207469
0.00216325
0.00224591
0.00232181
0.0023904
0.00245137
0.00250501
0.00255192
0.00259254
0.00262796
0.0026591
0.00268691
0.00271315
0.00273879
0.00276449
0.00279059
0.00281712
0.00284368
0.00286939
0.00289291
0.00291307
0.00292594
0.00293101
0.00293033
0.00291114
0.00286975
0.00278972
0.00266638
0.00249974
0.00229552
0.00205688
0.001791
0.00151158
0.00123596
0.000982306
0.000765336
0.000591865
0.000459091
0.00035711
0.000273203
0.000193847
0.000104688
1.34319e-05
2.24111e-05
0.000162622
0.000275295
0.000353584
0.00041457
0.000465663
0.000510226
0.000550005
0.000585986
0.000618775
0.000648786
0.000676362
0.000701843
0.000725616
0.000748142
0.000769974
0.000791764
0.000814268
0.000838343
0.000864932
0.000895046
0.000929726
0.000969991
0.00101677
0.00107081
0.00113262
0.00120237
0.00127988
0.0013646
0.00145563
0.00155174
0.00165145
0.00175305
0.00185472
0.00195453
0.0020506
0.00214114
0.00222458
0.00229963
0.0023654
0.0024215
0.00246799
0.00250448
0.00253297
0.00255553
0.00257332
0.00258684
0.00259741
0.0026075
0.00261856
0.00263203
0.00264926
0.00267095
0.00269733
0.00272858
0.00276429
0.0028036
0.00284506
0.00288606
0.00292327
0.00294941
0.00296103
0.00296215
0.00294359
0.00289317
0.00278757
0.00262198
0.00240716
0.00214541
0.00184904
0.00153593
0.00122874
0.000950722
0.000719275
0.000540028
0.000405911
0.000301946
0.000210399
0.000112905
1.45598e-05
2.47379e-05
0.000177206
0.000296725
0.000379064
0.000443048
0.000496514
0.000543016
0.000584411
0.000621775
0.000655787
0.000686929
0.000715609
0.000742233
0.000767255
0.000791216
0.000814754
0.000838627
0.000863708
0.000890985
0.000921549
0.00095656
0.000997191
0.00104455
0.00109958
0.00116294
0.0012349
0.00131527
0.00140339
0.00149813
0.00159795
0.00170099
0.00180516
0.0019082
0.00200781
0.00210171
0.00218781
0.00226424
0.0023296
0.00238286
0.00242357
0.00245226
0.00247185
0.00248163
0.00248418
0.00248137
0.00247165
0.00245998
0.00244956
0.00244286
0.00244026
0.00244129
0.00244946
0.00246548
0.00248912
0.00252119
0.00256168
0.00261034
0.0026663
0.00272816
0.00279358
0.00285899
0.00291946
0.00296327
0.00298183
0.00298346
0.00295646
0.00287928
0.00272373
0.00249406
0.00220739
0.00187793
0.00152927
0.00119115
0.000892603
0.000652496
0.000472624
0.000339129
0.000230093
0.000121869
1.57716e-05
2.70205e-05
0.000191306
0.000317157
0.000403266
0.000470075
0.000525802
0.000574168
0.000617134
0.000655859
0.000691096
0.000723403
0.000753257
0.000781135
0.000807571
0.000833187
0.000858718
0.00088503
0.00091312
0.00094412
0.000979268
0.00101986
0.00106719
0.00112239
0.00118633
0.00125943
0.00134158
0.00143206
0.00152956
0.00163224
0.00173788
0.00184394
0.00194772
0.0020465
0.0021376
0.00221856
0.00228728
0.00234205
0.00238223
0.002407
0.0024182
0.00242126
0.00241414
0.00239282
0.00236411
0.00233381
0.00230371
0.00227585
0.00225225
0.0022343
0.00222373
0.00221962
0.00222034
0.00223199
0.00225137
0.00227996
0.00231809
0.00236641
0.00242541
0.00249531
0.00257542
0.00266364
0.00275602
0.00284728
0.00293016
0.00298396
0.00300407
0.00299648
0.0029419
0.00279843
0.0025547
0.00223972
0.00187306
0.00148692
0.00112019
0.000807466
0.000566108
0.000389999
0.000255411
0.00013246
1.71734e-05
2.92475e-05
0.000204891
0.00033657
0.000426173
0.000495636
0.000553517
0.000603685
0.000648192
0.000688277
0.00072477
0.000758302
0.000789425
0.000818696
0.000846729
0.000874236
0.000902053
0.000931161
0.000962691
0.000997917
0.00103822
0.00108503
0.00113967
0.00120324
0.00127641
0.00135922
0.00145099
0.00155032
0.00165514
0.00176283
0.00187044
0.00197482
0.00207277
0.0021612
0.00223731
0.00229866
0.00234382
0.00236952
0.00237918
0.00238002
0.00236451
0.00233252
0.00229191
0.00224579
0.00219893
0.00215473
0.0021153
0.0020822
0.00205655
0.00203868
0.00202974
0.00202677
0.00202914
0.00204052
0.0020579
0.00208219
0.00211347
0.00215264
0.00220112
0.00226088
0.002334
0.0024223
0.00252516
0.00263708
0.00275519
0.00286989
0.00296559
0.00301317
0.00302301
0.00298599
0.00285117
0.00258851
0.0022383
0.00182887
0.00140437
0.00101443
0.000696808
0.000461846
0.000290087
0.000146064
1.89386e-05
3.14083e-05
0.000217936
0.000354954
0.000447779
0.000519725
0.000579654
0.000631566
0.000677598
0.00071906
0.000756856
0.000791692
0.0008242
0.000855015
0.000884838
0.000914476
0.000944871
0.000977124
0.0010125
0.00105242
0.00109839
0.00115191
0.0012143
0.00128651
0.00136884
0.0014608
0.001561
0.00166721
0.00177655
0.00188563
0.00199083
0.00208848
0.00217504
0.00224738
0.00230287
0.00233776
0.00235162
0.00235336
0.00233833
0.00230343
0.00225433
0.00219718
0.00213793
0.00207986
0.0020269
0.0019817
0.00194552
0.00191887
0.00190174
0.001894
0.00189217
0.00189612
0.00190747
0.0019246
0.00194617
0.00197196
0.00200157
0.00203508
0.00207292
0.00211605
0.00216623
0.00222652
0.00230291
0.00240264
0.00252382
0.00266104
0.00280359
0.00293814
0.00302
0.00304611
0.00301835
0.00288336
0.00259213
0.00219674
0.00173867
0.00127819
0.00087495
0.000563821
0.000339424
0.00016478
2.13416e-05
3.34929e-05
0.000230421
0.000372306
0.000468083
0.000542339
0.000604212
0.000657816
0.000705362
0.000748228
0.000787386
0.000823619
0.000857634
0.000890151
0.000921959
0.000953962
0.000987213
0.00102294
0.00106253
0.00110754
0.00115958
0.00122017
0.00129053
0.0013713
0.00146229
0.00156231
0.00166915
0.00177971
0.00189027
0.00199673
0.00209494
0.0021809
0.00225096
0.00230221
0.00232786
0.00233472
0.00232797
0.0022987
0.00224887
0.00218571
0.0021167
0.0020466
0.0019811
0.00192365
0.00187671
0.00184141
0.0018172
0.00180525
0.00180136
0.00180294
0.00181266
0.00182767
0.00184759
0.00187111
0.00189739
0.00192601
0.00195649
0.00198868
0.00202258
0.00205845
0.00209704
0.00213985
0.00218945
0.00225034
0.00232863
0.00243672
0.00257995
0.00274324
0.00290826
0.00302206
0.00306444
0.00304062
0.00289227
0.00255839
0.00210563
0.00159558
0.00110758
0.00070582
0.000410405
0.00019161
2.4788e-05
3.54923e-05
0.000242328
0.000388626
0.000487088
0.000563482
0.000627195
0.000682441
0.000731493
0.000775793
0.000816378
0.000854102
0.00088975
0.000924124
0.000958104
0.000992692
0.00102905
0.00106853
0.00111266
0.00116308
0.00122146
0.00128928
0.00136754
0.00145646
0.00155518
0.00166172
0.00177295
0.00188491
0.00199311
0.0020929
0.00217978
0.00224972
0.00229782
0.00231879
0.00232169
0.0023063
0.00226604
0.00220447
0.00213129
0.002052
0.00197408
0.00190295
0.00184295
0.00179613
0.00176292
0.00174403
0.0017365
0.00173569
0.00174319
0.00175713
0.00177626
0.0017993
0.00182542
0.00185383
0.00188367
0.00191445
0.00194618
0.00197864
0.00201167
0.00204524
0.00207962
0.00211535
0.00215279
0.00219349
0.00224244
0.00230571
0.00239321
0.00252126
0.00269588
0.00288419
0.00302545
0.00308004
0.00305201
0.00287073
0.00247537
0.00195277
0.00139516
0.000896073
0.000511217
0.000230648
2.9871e-05
3.73994e-05
0.000253646
0.000403916
0.000504802
0.000583161
0.000648611
0.000705445
0.000755997
0.00080176
0.000843836
0.000883144
0.000920545
0.000956922
0.000993243
0.00103061
0.0010703
0.00111378
0.00116268
0.00121872
0.00128357
0.00135858
0.00144439
0.00154067
0.00164583
0.00175695
0.00187003
0.00198028
0.00208259
0.00217197
0.00224387
0.00229172
0.00231105
0.00231186
0.00229115
0.00224298
0.0021736
0.00209151
0.00200427
0.00191938
0.00184361
0.00178134
0.00173466
0.00170387
0.00168929
0.00168483
0.0016873
0.00169885
0.0017161
0.00173791
0.00176313
0.00179099
0.00182087
0.00185239
0.00188533
0.00191951
0.0019544
0.00198946
0.00202426
0.00205796
0.00209012
0.00212108
0.00215167
0.00218408
0.00222004
0.00226177
0.00231261
0.00238533
0.00249373
0.00266564
0.00287403
0.00303341
0.00309272
0.00304682
0.00280585
0.00232358
0.0017287
0.00113795
0.000649634
0.000286734
3.73537e-05
3.92085e-05
0.000264365
0.000418183
0.000521235
0.000601389
0.000668469
0.000726836
0.000778875
0.000826128
0.000869751
0.000910728
0.00094999
0.000988499
0.00102731
0.00106763
0.00111082
0.00115847
0.00121229
0.00127405
0.00134533
0.00142724
0.00151999
0.00162258
0.00173256
0.00184612
0.00195838
0.00206388
0.00215707
0.00223291
0.00228404
0.00230475
0.00230532
0.00228272
0.00223018
0.00215592
0.00206718
0.00197286
0.00188154
0.00180072
0.0017354
0.00168771
0.00165884
0.00164622
0.00164331
0.00164862
0.00166215
0.00168137
0.00170449
0.00173062
0.00175909
0.00178955
0.00182182
0.00185589
0.00189196
0.00192989
0.00196945
0.00201006
0.00205056
0.00208999
0.00212667
0.00216023
0.00218898
0.00221342
0.00223512
0.00225938
0.00229358
0.0023389
0.00239859
0.0024957
0.00265572
0.00288149
0.00304534
0.00309775
0.00301521
0.00267011
0.00208823
0.00142728
0.000830295
0.000364388
4.80562e-05
4.09143e-05
0.000274478
0.000431431
0.0005364
0.00061818
0.000686781
0.000746621
0.000800128
0.000848888
0.000894106
0.000936823
0.000978037
0.00101879
0.00106021
0.0011036
0.00115043
0.00120235
0.00126115
0.00132857
0.00140606
0.0014944
0.00159324
0.00170084
0.00181386
0.00192763
0.00203651
0.00213446
0.00221578
0.00227358
0.00229898
0.00230142
0.00228054
0.00222764
0.00215097
0.00205773
0.00195732
0.00185947
0.00177267
0.0017028
0.00165235
0.0016231
0.00161089
0.00160843
0.00161472
0.00162907
0.0016488
0.00167209
0.00169797
0.0017259
0.00175563
0.00178714
0.00182052
0.00185591
0.00189345
0.00193328
0.0019755
0.00202022
0.00206719
0.00211539
0.00216293
0.00220634
0.00224336
0.00227356
0.00229443
0.00230653
0.00231731
0.00233614
0.00237199
0.00242529
0.00251129
0.00266589
0.00290668
0.00305759
0.00308789
0.00293382
0.00244223
0.0017507
0.00105173
0.000465464
6.24845e-05
4.25116e-05
0.000283976
0.00044367
0.000550314
0.000633552
0.00070356
0.000764806
0.000819755
0.000870028
0.000916874
0.000961386
0.00100462
0.00104769
0.00109181
0.00113836
0.00118888
0.00124511
0.00130885
0.00138176
0.00146508
0.00155918
0.00166308
0.00177425
0.00188849
0.00200032
0.00210346
0.00219145
0.00225818
0.00229195
0.00229896
0.00228299
0.00223375
0.00215772
0.00206229
0.00195703
0.00185258
0.00175866
0.0016823
0.00162685
0.00159456
0.00158099
0.00157802
0.00158365
0.0015976
0.00161685
0.00163939
0.00166415
0.00169064
0.00171868
0.00174832
0.00177974
0.00181323
0.00184907
0.00188758
0.001929
0.00197347
0.00202095
0.00207125
0.00212432
0.00218015
0.00223651
0.00228981
0.00233388
0.00236715
0.00238401
0.00238962
0.00239017
0.00239053
0.00241147
0.00245728
0.0025387
0.00269371
0.00294383
0.00306809
0.00304869
0.00275086
0.00208515
0.00130494
0.000586949
8.03906e-05
4.39963e-05
0.000292855
0.000454911
0.000562993
0.000647522
0.000718822
0.000781401
0.000837753
0.000889532
0.000938023
0.000984365
0.00102967
0.00107511
0.00112198
0.00117171
0.00122594
0.00128643
0.00135495
0.00143305
0.00152169
0.00162073
0.00172856
0.0018418
0.00195549
0.00206343
0.00215893
0.00223536
0.00228134
0.00229604
0.00228755
0.00224609
0.00217422
0.00207948
0.00197122
0.00186061
0.00175863
0.00167382
0.00161082
0.00157247
0.00155561
0.00155114
0.00155475
0.0015672
0.00158517
0.00160636
0.00162949
0.00165403
0.00167982
0.00170693
0.0017356
0.00176619
0.00179906
0.00183461
0.00187325
0.00191535
0.00196123
0.00201111
0.00206504
0.00212279
0.00218354
0.00224684
0.00231261
0.00237556
0.00242869
0.0024638
0.00247872
0.00248076
0.0024678
0.00245379
0.00245116
0.00249427
0.00257298
0.0027395
0.00297038
0.00306454
0.00294017
0.00239998
0.00157548
0.000720866
0.000101452
4.53644e-05
0.000301108
0.000465167
0.000574458
0.000660112
0.000732583
0.000796413
0.000854121
0.000907384
0.000957519
0.0010057
0.0010531
0.00110093
0.00115055
0.00120346
0.00126133
0.00132595
0.00139901
0.0014819
0.00157522
0.00167831
0.00178887
0.00190275
0.00201425
0.00211663
0.00220296
0.00226415
0.00228995
0.00229078
0.00226131
0.00219763
0.00210719
0.00199866
0.00188327
0.00177302
0.00167821
0.0016053
0.00155725
0.00153464
0.00152756
0.00152815
0.00153803
0.00155403
0.00157345
0.00159471
0.00161708
0.00164038
0.0016647
0.0016903
0.00171755
0.00174687
0.00177872
0.00181354
0.00185181
0.00189396
0.00194044
0.00199163
0.00204784
0.00210916
0.0021754
0.0022458
0.00231869
0.00239356
0.00246667
0.00252799
0.00256466
0.00257754
0.00257357
0.00254508
0.00250813
0.00249249
0.00252983
0.00261324
0.00280745
0.00298261
0.00300719
0.00267039
0.0018498
0.000860695
0.0001242
4.66129e-05
0.000308733
0.000474453
0.00058473
0.000671345
0.000744863
0.000809855
0.000868858
0.000923568
0.000975325
0.00102534
0.00107482
0.00112503
0.00117737
0.00123339
0.00129479
0.00136333
0.00144061
0.00152779
0.00162509
0.00173129
0.00184341
0.00195661
0.00206455
0.00216004
0.00223575
0.00227851
0.00228982
0.00227523
0.00222418
0.00214238
0.00203735
0.00191979
0.00180219
0.00169653
0.00161162
0.0015515
0.00151916
0.00150675
0.00150461
0.00151064
0.00152397
0.00154124
0.00156047
0.00158066
0.00160147
0.00162297
0.00164542
0.00166922
0.00169481
0.00172269
0.00175333
0.00178723
0.00182488
0.00186676
0.00191336
0.00196516
0.00202264
0.00208617
0.00215595
0.00223178
0.00231277
0.00239697
0.00248234
0.00256573
0.00263347
0.00266906
0.00267901
0.00266402
0.00261558
0.00255467
0.00252796
0.00256253
0.00266017
0.00288355
0.00299672
0.00284156
0.0021154
0.00100793
0.000148437
4.77392e-05
0.000315726
0.000482785
0.000593833
0.000681245
0.000755684
0.000821741
0.000881966
0.000938068
0.000991409
0.00104322
0.00109474
0.00114728
0.00120228
0.0012613
0.00132606
0.00139825
0.00147936
0.00157027
0.0016708
0.00177918
0.00189178
0.00200315
0.00210644
0.00219425
0.00225693
0.00228317
0.00228342
0.00224937
0.00218096
0.00208416
0.00196844
0.00184606
0.00173008
0.00163166
0.00155751
0.00151118
0.0014904
0.00148438
0.0014858
0.00149559
0.0015103
0.00152737
0.00154541
0.00156385
0.00158265
0.00160204
0.00162242
0.00164426
0.0016681
0.00169446
0.00172386
0.00175681
0.0017938
0.00183531
0.00188185
0.00193394
0.00199211
0.00205693
0.00212889
0.0022083
0.00229498
0.00238791
0.00248466
0.0025819
0.00267547
0.00274499
0.00277642
0.0027806
0.00274687
0.00267158
0.00258842
0.00255594
0.00259555
0.00272454
0.00289332
0.00290747
0.00236851
0.00117608
0.000176363
4.87415e-05
0.000322086
0.00049018
0.000601793
0.000689841
0.000765071
0.000832088
0.000893451
0.000950878
0.00100574
0.0010593
0.0011128
0.00116759
0.00122513
0.001287
0.00135488
0.00143041
0.00151491
0.00160896
0.00171197
0.00182165
0.00193379
0.0020424
0.00214024
0.0022196
0.00226743
0.00228179
0.00226859
0.00221799
0.0021347
0.00202607
0.0019032
0.0017794
0.00166768
0.00157786
0.00151453
0.00148058
0.00146738
0.00146483
0.00146967
0.00148117
0.00149588
0.00151182
0.00152808
0.00154438
0.00156089
0.00157798
0.00159615
0.00161595
0.00163797
0.00166279
0.00169096
0.001723
0.00175941
0.00180065
0.00184719
0.00189952
0.0019582
0.00202385
0.00209715
0.00217878
0.00226915
0.00236811
0.00247435
0.00258466
0.00269478
0.00279674
0.0028629
0.00288663
0.00287697
0.00281512
0.00270357
0.00260562
0.00257892
0.00263469
0.00281986
0.00291144
0.00259349
0.00137699
0.000210925
4.96186e-05
0.000327812
0.000496658
0.00060864
0.000697166
0.000773054
0.000840919
0.000903326
0.000961994
0.0010183
0.00107352
0.00112892
0.00118585
0.00124579
0.00131031
0.00138106
0.00145957
0.00154697
0.00164357
0.00174835
0.00185853
0.00196941
0.00207453
0.00216629
0.00223654
0.00227086
0.0022761
0.00224788
0.00218343
0.00208794
0.00197048
0.00184345
0.00172073
0.00161477
0.00153367
0.00148084
0.00145597
0.0014478
0.00144745
0.00145455
0.00146641
0.00148021
0.00149446
0.00150856
0.00152248
0.00153652
0.00155118
0.00156703
0.00158471
0.00160486
0.00162811
0.00165508
0.00168629
0.00172225
0.00176338
0.00181011
0.00186287
0.00192215
0.00198856
0.00206285
0.0021459
0.00223857
0.00234147
0.00245433
0.0025753
0.00269985
0.00282298
0.00292793
0.0029836
0.00299637
0.00296037
0.00285855
0.0027027
0.00260703
0.00259898
0.0026944
0.00282649
0.00272586
0.00160052
0.000251222
5.037e-05
0.000332904
0.000502241
0.000614406
0.000703255
0.000779668
0.000848265
0.00091161
0.000971422
0.00102908
0.00108586
0.00114304
0.00120198
0.00126414
0.00133109
0.00140441
0.00148551
0.00157533
0.00167388
0.00177977
0.00188977
0.00199877
0.00210001
0.00218585
0.00224562
0.00226913
0.00226507
0.00222408
0.00214788
0.00204275
0.00191907
0.0017902
0.00167017
0.00157049
0.00149751
0.0014541
0.00143531
0.00143009
0.00143148
0.00143952
0.00145084
0.00146317
0.00147537
0.0014871
0.00149848
0.00150993
0.00152204
0.00153547
0.00155094
0.00156915
0.00159081
0.00161657
0.00164702
0.00168265
0.00172388
0.00177106
0.00182454
0.00188471
0.00195208
0.00202737
0.00211152
0.00220569
0.00231105
0.0024283
0.00255698
0.00269424
0.00283343
0.00296808
0.00306535
0.00310402
0.00309724
0.00301742
0.00286174
0.00267471
0.00259562
0.00262835
0.00275537
0.00277305
0.00183476
0.000294305
5.09963e-05
0.000337366
0.000506954
0.000619125
0.000708147
0.000784951
0.000854158
0.000918328
0.000979176
0.00103808
0.0010963
0.00115513
0.00121592
0.00128011
0.00134923
0.0014248
0.00150809
0.00159985
0.00169979
0.00180619
0.00191547
0.00202216
0.00211925
0.00219891
0.00224873
0.00226465
0.00225051
0.00219889
0.00211314
0.00200067
0.00187293
0.0017439
0.0016274
0.00153388
0.00146812
0.00143191
0.00141712
0.00141357
0.00141613
0.00142413
0.00143432
0.00144483
0.00145478
0.00146401
0.00147276
0.00148153
0.001491
0.00150192
0.00151508
0.00153127
0.00155128
0.00157583
0.00160555
0.00164097
0.00168248
0.00173039
0.00178494
0.00184637
0.00191506
0.0019916
0.00207691
0.00217224
0.00227914
0.00239909
0.00253285
0.00267937
0.0028342
0.00298848
0.00312513
0.00320326
0.00322184
0.003173
0.00303021
0.00281034
0.00263497
0.00259891
0.00269
0.00277313
0.00206936
0.000339253
5.14982e-05
0.0003412
0.000510823
0.000622836
0.000711886
0.000788947
0.00085864
0.000923516
0.000985281
0.0010453
0.00110484
0.00116517
0.00122762
0.00129362
0.00136465
0.00144213
0.00152721
0.00162044
0.00172127
0.00182768
0.0019358
0.00203988
0.00213273
0.00220632
0.00224744
0.00225697
0.00223404
0.00217379
0.00208057
0.00196279
0.00183269
0.00170458
0.00159184
0.00150384
0.00144402
0.0014128
0.00140051
0.00139789
0.00140089
0.0014082
0.00141691
0.00142539
0.00143299
0.00143966
0.00144573
0.00145179
0.00145857
0.0014669
0.00147768
0.00149177
0.00151005
0.00153334
0.00156234
0.00159762
0.00163958
0.00168846
0.00174441
0.00180751
0.00187796
0.00195617
0.0020429
0.00213942
0.00224745
0.00236902
0.00250592
0.00265867
0.00282478
0.00299652
0.00316299
0.00328706
0.00333551
0.00332039
0.00320247
0.00298047
0.00271396
0.00259463
0.00261522
0.00269982
0.00226792
0.000379899
5.18775e-05
0.000344413
0.000513877
0.000625577
0.000714516
0.000791702
0.000861753
0.000927211
0.000989767
0.00105078
0.00111148
0.00117314
0.00123707
0.00130465
0.0013773
0.00145636
0.00154284
0.00163709
0.00173836
0.00184436
0.001951
0.00205235
0.0021411
0.00220918
0.00224347
0.00224737
0.00221697
0.00214996
0.00205121
0.00192983
0.00179864
0.00167201
0.00156279
0.00147935
0.00142401
0.00139589
0.00138496
0.00138272
0.00138554
0.00139175
0.00139874
0.00140512
0.00141034
0.00141446
0.00141788
0.00142123
0.00142532
0.00143103
0.00143936
0.00145129
0.00146778
0.00148975
0.00151801
0.00155318
0.0015957
0.00164576
0.0017034
0.00176857
0.00184122
0.00192155
0.00201012
0.00210806
0.00221714
0.00233974
0.00247846
0.00263525
0.00280979
0.00299718
0.00318576
0.00335113
0.00344057
0.00345563
0.00337092
0.00315856
0.00285551
0.0026265
0.00258318
0.0026409
0.00239583
0.000408268
5.21366e-05
0.000347011
0.000516142
0.000627386
0.000716074
0.000793253
0.000863537
0.00092945
0.00099267
0.00105453
0.00111625
0.00117907
0.00124427
0.00131319
0.00138718
0.00146749
0.00155498
0.00164985
0.00175115
0.0018564
0.00196134
0.00205993
0.0021449
0.00220797
0.00223669
0.00223644
0.00220027
0.00212831
0.00202575
0.0019022
0.00177084
0.00164587
0.00153961
0.00145958
0.00140724
0.00138067
0.00137018
0.00136787
0.00137001
0.00137486
0.00138005
0.0013843
0.0013872
0.00138886
0.0013897
0.00139042
0.00139188
0.00139501
0.00140088
0.0014106
0.00142524
0.00144583
0.0014733
0.00150836
0.00155149
0.00160288
0.00166248
0.00173004
0.00180532
0.00188823
0.00197909
0.0020788
0.00218908
0.00231245
0.00245208
0.0026111
0.00279107
0.00298956
0.00319698
0.00339442
0.00353368
0.00357983
0.00353272
0.00334073
0.00302436
0.00269417
0.00257071
0.00258715
0.00245138
0.000420337
5.22785e-05
0.000348998
0.00051764
0.000628285
0.000716564
0.000793605
0.000864001
0.000930254
0.000994018
0.00105659
0.00111918
0.00118298
0.00124924
0.00131925
0.0013943
0.00147552
0.00156367
0.00165878
0.00175975
0.00186395
0.00196701
0.0020629
0.00214462
0.00220395
0.00222865
0.00222481
0.00218466
0.00210947
0.00200467
0.00188008
0.00174922
0.00162585
0.00152177
0.00144392
0.00139319
0.00136686
0.00135602
0.00135324
0.00135436
0.00135772
0.00136113
0.00136327
0.00136391
0.00136329
0.0013617
0.0013599
0.00135896
0.00135957
0.00136302
0.00137054
0.0013833
0.00140247
0.00142909
0.00146401
0.00150777
0.00156058
0.0016223
0.00169254
0.0017708
0.00185672
0.0019503
0.00205218
0.0021639
0.00228801
0.00242806
0.00258807
0.00277131
0.0029778
0.00320062
0.00342463
0.00361097
0.0036947
0.00368536
0.00352283
0.00320536
0.00280847
0.00257204
0.00253937
0.0024685
0.000423675
5.22957e-05
0.000350374
0.000518387
0.000628297
0.000716218
0.000793074
0.000863449
0.000929836
0.000993893
0.00105699
0.00112028
0.00118489
0.00125201
0.00132286
0.00139868
0.00148049
0.00156894
0.00166392
0.0017642
0.00186707
0.00196821
0.00206204
0.00214165
0.0021971
0.00221954
0.00221313
0.00217067
0.00209386
0.00198817
0.00186358
0.00173363
0.00161165
0.00150889
0.00143202
0.00138163
0.00135443
0.0013425
0.00133881
0.00133873
0.00134053
0.00134203
0.00134231
0.00134099
0.00133821
0.00133441
0.00133033
0.00132696
0.00132547
0.0013266
0.00133197
0.00134287
0.00136059
0.00138632
0.00142104
0.00146542
0.00151968
0.00158364
0.00165676
0.0017383
0.00182758
0.00192427
0.0020287
0.00214215
0.00226711
0.00240729
0.00256742
0.00275224
0.00296427
0.00320003
0.00344503
0.00366972
0.00380249
0.00382621
0.00370042
0.00338824
0.002961
0.00261398
0.00251229
0.00246911
0.000423825
5.22198e-05
0.00035115
0.000518419
0.000627762
0.000715127
0.000791629
0.000861889
0.000928381
0.000992707
0.00105612
0.00111978
0.00118485
0.00125256
0.00132401
0.0014003
0.00148237
0.00157076
0.00166526
0.00176464
0.0018664
0.0019663
0.00205833
0.00213523
0.00218835
0.00220959
0.00220184
0.0021586
0.00208165
0.00197637
0.00185271
0.00172392
0.00160299
0.00150073
0.00142371
0.00137251
0.00134349
0.00132979
0.00132455
0.00132324
0.00132336
0.00132322
0.00132178
0.00131868
0.00131403
0.00130829
0.0013022
0.0012967
0.00129318
0.00129237
0.00129571
0.00130483
0.00132113
0.00134595
0.00138044
0.00142539
0.0014811
0.00154736
0.00162349
0.00170851
0.00180141
0.00190152
0.00200883
0.00212428
0.00225023
0.00239042
0.00255004
0.00273501
0.00294997
0.00319464
0.00345835
0.00371375
0.00389863
0.00395808
0.00387318
0.00357621
0.0031217
0.00267633
0.00249789
0.00244119
0.000418706
5.20278e-05
0.000351319
0.000518002
0.000626458
0.000713106
0.000789158
0.000859187
0.000925641
0.000990126
0.00105386
0.00111794
0.00118345
0.00125147
0.00132317
0.00139961
0.00148167
0.00156984
0.00166388
0.0017625
0.00186301
0.00196109
0.00205094
0.00212597
0.00217794
0.00219902
0.00219116
0.00214858
0.00207292
0.0019694
0.00184791
0.00172102
0.00160096
0.00149816
0.00141937
0.00136602
0.00133435
0.00131818
0.00131093
0.00130796
0.00130653
0.00130486
0.0013019
0.00129726
0.00129105
0.0012837
0.00127595
0.00126873
0.00126326
0.0012609
0.00126247
0.00126998
0.00128495
0.0013089
0.00134314
0.00138862
0.00144574
0.00151431
0.00159351
0.00168212
0.00177884
0.00188259
0.00199303
0.00211068
0.00223779
0.00237794
0.00253663
0.00272074
0.00293666
0.00318719
0.00346546
0.00374774
0.00398169
0.00408105
0.00403879
0.00376615
0.00329683
0.00277019
0.00249296
0.00240923
0.00041294
5.17385e-05
0.000351067
0.000516946
0.000624418
0.000710336
0.000785856
0.00085555
0.000921841
0.000986303
0.00105014
0.00111443
0.00118024
0.00124857
0.00132049
0.001397
0.00147888
0.00156657
0.00165974
0.00175708
0.00185593
0.00195223
0.00204055
0.00211436
0.00216605
0.00218794
0.00218118
0.00214061
0.0020677
0.00196751
0.00184873
0.00172306
0.0016033
0.00149988
0.00141952
0.00136271
0.00132747
0.00130804
0.00129824
0.00129334
0.00129029
0.00128717
0.00128288
0.00127698
0.00126952
0.00126092
0.00125188
0.00124331
0.00123634
0.00123264
0.00123279
0.00123895
0.00125278
0.00127596
0.00130998
0.00135598
0.00141449
0.00148533
0.0015676
0.00165985
0.00176046
0.00186796
0.00198177
0.00210224
0.00223085
0.00237097
0.00252815
0.00271013
0.00292545
0.0031793
0.00346861
0.00377388
0.00405125
0.00419629
0.00419563
0.00395416
0.00347245
0.00288863
0.00249849
0.00237199
0.000407012
5.14719e-05
0.000350285
0.000515237
0.00062176
0.000706885
0.000781795
0.000851058
0.000917076
0.000981397
0.0010452
0.00110952
0.00117537
0.00124373
0.00131559
0.00139187
0.00147331
0.00156023
0.00165233
0.00174831
0.00184565
0.00194045
0.00202751
0.00210059
0.00215277
0.00217638
0.00217181
0.00213449
0.0020655
0.00196904
0.00185298
0.00172934
0.00161007
0.00150546
0.00142249
0.00136292
0.00132324
0.00129989
0.00128698
0.00127976
0.00127494
0.0012704
0.00126494
0.00125802
0.00124963
0.00124014
0.00123019
0.00122069
0.00121273
0.00120787
0.00120706
0.00121219
0.00122514
0.00124773
0.00128165
0.00132822
0.00138812
0.00146118
0.00154648
0.00164234
0.00174687
0.00185847
0.00197595
0.00209886
0.00222846
0.00236855
0.00252462
0.00270409
0.00291704
0.00317209
0.00346955
0.00379462
0.00410572
0.00430665
0.00434328
0.00414119
0.00365728
0.00302182
0.00252341
0.00233488
0.00040153
5.11053e-05
0.000348717
0.00051297
0.000618533
0.000702817
0.000777049
0.000845796
0.000911441
0.000975505
0.00103914
0.00110335
0.00116908
0.00123728
0.00130888
0.00138473
0.0014655
0.00155147
0.00164232
0.00173683
0.00183263
0.00192601
0.00201206
0.00208487
0.00213805
0.00216429
0.00216287
0.00212988
0.00206591
0.0019738
0.00186231
0.00174183
0.00162332
0.00151699
0.00143015
0.00136603
0.00132262
0.00129441
0.00127772
0.0012677
0.00126085
0.00125483
0.00124829
0.00124055
0.0012315
0.00122145
0.00121098
0.00120096
0.00119245
0.00118687
0.00118546
0.00118997
0.00120237
0.00122465
0.00125866
0.00130592
0.00136725
0.00144249
0.00153078
0.00163037
0.00173911
0.00185449
0.00197436
0.002099
0.00222979
0.00236974
0.00252438
0.00270194
0.00291208
0.00316619
0.00346917
0.00381017
0.00415172
0.0044058
0.00448343
0.00432356
0.00384519
0.00316684
0.00256165
0.00229985
0.000397138
5.0634e-05
0.00034654
0.000510162
0.000614777
0.00069819
0.000771691
0.000839848
0.000905027
0.000968729
0.00103207
0.00109603
0.00116149
0.00122937
0.00130053
0.00137575
0.00145565
0.00154049
0.00162996
0.0017229
0.00181711
0.00190915
0.0019944
0.0020673
0.00212183
0.0021515
0.00215403
0.00212624
0.00206794
0.00198246
0.00187637
0.00175943
0.00164212
0.00153437
0.0014438
0.00137399
0.00132504
0.0012925
0.00127122
0.0012578
0.00124852
0.00124084
0.00123319
0.00122474
0.00121525
0.00120492
0.00119428
0.00118412
0.0011755
0.00116967
0.00116807
0.00117236
0.00118461
0.00120696
0.00124133
0.00128951
0.00135244
0.00143022
0.00152174
0.00162484
0.00173652
0.00185455
0.00197755
0.00210463
0.00223658
0.00237624
0.00252901
0.00270324
0.00291025
0.00316176
0.00346756
0.00382151
0.00419015
0.00449464
0.00461629
0.00450112
0.0040359
0.00332063
0.00261697
0.0022674
0.000393898
5.00661e-05
0.000343798
0.000506841
0.000610534
0.000693064
0.000765791
0.000833294
0.000897928
0.00096117
0.00102411
0.00108768
0.00115274
0.00122014
0.00129068
0.00136511
0.00144398
0.00152754
0.00161548
0.00170677
0.00179937
0.0018901
0.00197469
0.00204794
0.00210418
0.00213768
0.00214494
0.00212325
0.00207203
0.00199377
0.00189414
0.00178174
0.00166636
0.00155765
0.00146342
0.0013881
0.00133222
0.00129426
0.0012685
0.0012509
0.00123864
0.00122895
0.00122003
0.00121086
0.00120103
0.00119063
0.00118009
0.00117015
0.00116178
0.00115622
0.00115492
0.00115936
0.00117188
0.00119483
0.00123027
0.00127993
0.0013448
0.00142487
0.00151861
0.00162412
0.001739
0.00186048
0.00198633
0.00211543
0.0022483
0.00238748
0.00253818
0.00270879
0.00291112
0.00315937
0.00346551
0.0038295
0.00422201
0.0045729
0.00474166
0.00467302
0.00422845
0.00347825
0.00268712
0.00223948
0.000392386
4.9421e-05
0.000340567
0.000503047
0.000605848
0.00068749
0.000759415
0.000826214
0.000890234
0.00095293
0.00101537
0.00107844
0.00114297
0.00120975
0.00127953
0.00135301
0.0014307
0.00151283
0.00159914
0.00168869
0.00177963
0.00186907
0.00195309
0.00202687
0.00208511
0.00212256
0.00213511
0.00212028
0.00207725
0.00200705
0.00191493
0.00180821
0.00169582
0.00158695
0.00148953
0.00140872
0.00134624
0.0013008
0.00126998
0.00124817
0.00123218
0.00121994
0.0012094
0.00119934
0.00118916
0.00117879
0.00116854
0.00115908
0.00115131
0.00114645
0.00114591
0.00115101
0.00116455
0.00118881
0.00122561
0.00127649
0.00134274
0.00142452
0.00152088
0.00162956
0.00174765
0.00187209
0.00200037
0.00213109
0.00226452
0.00240295
0.00255135
0.00271804
0.00291524
0.00315861
0.00346307
0.00383386
0.00424844
0.00464001
0.00486031
0.00483871
0.004422
0.00364425
0.00276642
0.00221615
0.000391971
4.86939e-05
0.000336847
0.000498814
0.000600762
0.000681521
0.000752626
0.000818682
0.00088203
0.000944106
0.00100595
0.00106842
0.0011323
0.00119834
0.00126724
0.00133964
0.00141602
0.00149661
0.00158119
0.00166892
0.00175814
0.00184627
0.00192974
0.00200413
0.00206453
0.00210599
0.00212426
0.00211662
0.00208272
0.00202148
0.0019379
0.0018381
0.00173
0.00162216
0.00152244
0.00143661
0.00136743
0.00131471
0.00127651
0.00124998
0.00123042
0.00121492
0.00120223
0.00119093
0.0011802
0.00116981
0.00115993
0.00115112
0.00114423
0.00114043
0.00114108
0.00114734
0.00116214
0.00118763
0.00122572
0.00127836
0.00134675
0.001431
0.00153
0.00164144
0.00176221
0.00188907
0.00201927
0.00215117
0.00228474
0.00242206
0.00256787
0.00273034
0.00292188
0.00315921
0.00346041
0.00383537
0.00426878
0.00469672
0.00497352
0.00499732
0.00461497
0.00381583
0.00285687
0.0021983
0.000393457
4.79005e-05
0.00033269
0.000494173
0.000595315
0.000675207
0.000745484
0.00081077
0.000873398
0.000934792
0.000995968
0.00105775
0.00112089
0.00118607
0.00125397
0.00132518
0.00140015
0.0014791
0.00156186
0.00164769
0.00173515
0.00182192
0.0019048
0.00197979
0.00204235
0.00208783
0.00211203
0.0021117
0.00208739
0.00203618
0.0019621
0.00187048
0.00176814
0.00166284
0.00156218
0.00147226
0.0013968
0.0013368
0.00129103
0.00125744
0.0012333
0.00121503
0.00119977
0.00118667
0.00117501
0.00116439
0.00115481
0.00114669
0.00114084
0.00113836
0.00114023
0.00114797
0.00116461
0.00119203
0.00123221
0.00128705
0.00135773
0.00144435
0.00154572
0.00165945
0.00178235
0.00191102
0.00204255
0.00217507
0.00230833
0.00244416
0.00258705
0.00274498
0.00293046
0.00316107
0.00345742
0.00383461
0.0042833
0.00474432
0.00507903
0.00514919
0.00480682
0.00399335
0.00295729
0.00218646
0.000397133
4.70597e-05
0.000328179
0.000489171
0.000589544
0.000668592
0.000738043
0.000802542
0.000864417
0.000925077
0.000985519
0.00104654
0.00110884
0.00117309
0.0012399
0.00130983
0.0013833
0.00146052
0.00154138
0.00162526
0.00171088
0.00179622
0.00187843
0.00195391
0.00201852
0.00206791
0.00209801
0.00210542
0.00209012
0.00205011
0.00198641
0.0019042
0.00180917
0.00170818
0.00160831
0.00151577
0.00143499
0.00136806
0.0013149
0.00127389
0.00124296
0.00122001
0.00120213
0.00118741
0.00117472
0.00116357
0.00115406
0.00114654
0.00114171
0.00114074
0.00114402
0.00115378
0.00117281
0.00120258
0.00124521
0.0013025
0.00137554
0.00146437
0.00156773
0.00168322
0.00180759
0.00193738
0.00206955
0.00220208
0.00233451
0.00246842
0.00260805
0.00276114
0.00294018
0.00316338
0.00345336
0.00383005
0.00429055
0.00478371
0.00517462
0.00529452
0.00499689
0.0041757
0.00306776
0.00218095
0.00040302
4.61722e-05
0.000323323
0.000483823
0.000583484
0.00066172
0.000730355
0.000794059
0.000855157
0.000915044
0.000974701
0.0010349
0.00109631
0.00115954
0.00122519
0.00129376
0.00136565
0.0014411
0.00152
0.00160185
0.00168557
0.00176938
0.0018508
0.0019266
0.00199305
0.00204614
0.00208197
0.00209716
0.00209036
0.00206219
0.00200969
0.00193798
0.00185178
0.00175695
0.00165991
0.0015667
0.00148214
0.00140923
0.00134898
0.0013008
0.00126305
0.00123369
0.00121123
0.00119356
0.00117917
0.00116733
0.00115782
0.00115095
0.00114751
0.00114823
0.00115333
0.0011656
0.00118721
0.00121968
0.00126499
0.00132481
0.00140011
0.00149082
0.00159566
0.00171223
0.00183731
0.00196743
0.00209949
0.00223136
0.00236239
0.00249393
0.00262995
0.00277793
0.00295018
0.0031653
0.00344795
0.0038224
0.00429281
0.00481509
0.00526019
0.00543311
0.00518462
0.00436308
0.00318823
0.00217951
0.00041157
4.52437e-05
0.000318152
0.000478159
0.000577164
0.000654626
0.000722463
0.000785374
0.000845681
0.000904769
0.000963605
0.00102293
0.00108339
0.00114556
0.00120998
0.00127714
0.00134741
0.00142102
0.00149793
0.0015777
0.00165944
0.00174163
0.0018221
0.00189801
0.00196602
0.00202246
0.00206368
0.00208648
0.00208856
0.0020711
0.00203087
0.00197046
0.00189442
0.00180759
0.00171554
0.00162393
0.00153767
0.00146038
0.001394
0.00133895
0.00129446
0.00125905
0.00123109
0.0012091
0.00119187
0.00117853
0.00116864
0.00116231
0.00116024
0.0011623
0.00116941
0.00118438
0.00120865
0.00124388
0.00129186
0.00135405
0.00143127
0.00152334
0.00162897
0.00174581
0.00187072
0.0020003
0.00213143
0.00226192
0.00239097
0.00251969
0.00265178
0.00279438
0.00295959
0.00316606
0.00344051
0.00381104
0.0042895
0.00483814
0.00533499
0.0055644
0.0053693
0.00455545
0.00331912
0.00218753
0.000423681
4.42837e-05
0.000312715
0.000472215
0.000570613
0.000647341
0.000714407
0.000776535
0.000836049
0.000894324
0.000952311
0.00101073
0.0010702
0.00113126
0.00119442
0.00126013
0.00132875
0.0014005
0.00147537
0.00155304
0.00163274
0.0017132
0.00179254
0.0018683
0.00193751
0.00199687
0.00204301
0.00207281
0.0020838
0.0020758
0.00204851
0.00200017
0.00193545
0.00185826
0.00177332
0.00168572
0.00160021
0.00152071
0.00144986
0.00138895
0.0013381
0.00129657
0.00126321
0.00123678
0.00121617
0.00120056
0.00118948
0.00118296
0.00118171
0.00118475
0.00119366
0.00121115
0.00123795
0.00127573
0.00132606
0.00139019
0.00146871
0.00156139
0.00166693
0.00178308
0.00190685
0.00203495
0.00216433
0.00229272
0.0024192
0.00254466
0.00267249
0.00280952
0.0029676
0.00316522
0.00343036
0.00379509
0.00427842
0.00485035
0.00539813
0.00568785
0.00555033
0.00475291
0.0034603
0.0022021
0.000438966
4.3299e-05
0.000307048
0.000466016
0.000563855
0.000639894
0.00070622
0.000767584
0.000826312
0.00088377
0.000940897
0.000998395
0.00105685
0.00111678
0.00117865
0.00124289
0.00130984
0.00137972
0.00145255
0.00152807
0.00160568
0.0016843
0.00176234
0.00183767
0.00190771
0.00196949
0.00201994
0.00205611
0.00207549
0.00207624
0.00206113
0.00202597
0.00197323
0.00190698
0.00183104
0.00174979
0.00166762
0.00158846
0.00151537
0.00145032
0.00139422
0.00134709
0.00130838
0.00127725
0.00125285
0.00123445
0.00122162
0.00121436
0.00121342
0.00121713
0.00122742
0.00124686
0.00127576
0.00131557
0.00136763
0.00143291
0.00151187
0.00160416
0.00170857
0.00182297
0.00194458
0.00207025
0.00219702
0.00232261
0.00244596
0.00256776
0.00269105
0.00282229
0.0029727
0.00316144
0.0034168
0.00377437
0.00426056
0.00485443
0.00545005
0.00580313
0.00572671
0.00495488
0.00361242
0.00222764
0.000458952
4.2296e-05
0.000301187
0.000459583
0.000556911
0.000632308
0.000697931
0.000758556
0.000816514
0.000873163
0.000929429
0.000985998
0.00104343
0.00110221
0.00116279
0.00122557
0.00129085
0.00135886
0.00142964
0.00150302
0.00157849
0.00165518
0.00173174
0.00180637
0.00187681
0.00194048
0.00199458
0.00203639
0.00206349
0.00207399
0.00206826
0.0020464
0.00200618
0.00195181
0.00188637
0.00181353
0.00173717
0.00166102
0.00158827
0.00152134
0.00146175
0.00141022
0.00136683
0.00133124
0.00130295
0.00128144
0.0012664
0.00125784
0.00125658
0.00126053
0.00127151
0.00129214
0.00132235
0.00136334
0.00141615
0.00148155
0.00155981
0.00165058
0.00175269
0.00186424
0.00198263
0.00210494
0.0022283
0.00235044
0.00247016
0.00258793
0.00270645
0.00283181
0.00297447
0.00315418
0.00339919
0.00374825
0.00423511
0.00484961
0.00549024
0.00591004
0.00589718
0.00516096
0.0037753
0.00226222
0.000483286
4.12807e-05
0.000295167
0.000452938
0.000549799
0.000624603
0.000689563
0.000749482
0.000806696
0.000862554
0.000917971
0.000973618
0.00103003
0.00108768
0.00114698
0.00120829
0.00127192
0.00133808
0.00140684
0.00147807
0.00155139
0.00162606
0.00170099
0.00177464
0.00184509
0.00191007
0.00196712
0.00201375
0.00204767
0.00206715
0.00207013
0.00205977
0.00203313
0.00199102
0.00193709
0.00187425
0.00180582
0.00173516
0.00166539
0.00159911
0.00153826
0.00148411
0.00143731
0.00139804
0.00136622
0.00134162
0.00132411
0.00131377
0.00131147
0.00131517
0.00132601
0.00134684
0.00137731
0.00141833
0.00147069
0.00153495
0.00161126
0.00169924
0.00179789
0.00190548
0.00201967
0.00213775
0.00225697
0.00237505
0.00249071
0.00260416
0.00271768
0.00283643
0.00297236
0.00314275
0.00337691
0.00371616
0.00420108
0.00483185
0.00551469
0.00600861
0.00606019
0.00537055
0.0039496
0.00230936
0.000513287
4.0259e-05
0.000289024
0.000446103
0.000542533
0.000616793
0.000681136
0.000740388
0.000796891
0.000851987
0.000906577
0.000961322
0.00101674
0.00107327
0.0011313
0.00119119
0.0012532
0.00131755
0.00138432
0.00145343
0.00152458
0.00159719
0.00167034
0.00174276
0.00181282
0.00187857
0.00193785
0.00198841
0.00202813
0.00205518
0.00206794
0.00206647
0.0020526
0.00202325
0.00198125
0.00192945
0.00187055
0.00180745
0.00174303
0.0016799
0.00162019
0.00156553
0.00151704
0.00147535
0.0014408
0.00141352
0.00139357
0.00138117
0.00137715
0.00138013
0.00138996
0.00140979
0.00143934
0.00147912
0.00152971
0.00159149
0.00166454
0.00174853
0.00184258
0.0019452
0.0020543
0.00216738
0.00228183
0.00239537
0.0025066
0.00261523
0.00272322
0.00283684
0.00296539
0.00312642
0.00334939
0.0036778
0.00415875
0.0048033
0.00552525
0.00609534
0.00621579
0.00558298
0.00413474
0.00236771
0.000548866
3.92367e-05
0.000282793
0.000439099
0.000535127
0.000608889
0.000672663
0.000731294
0.000787127
0.000841499
0.000895299
0.000949175
0.00100363
0.00105907
0.00111589
0.00117438
0.00123483
0.00129742
0.00136225
0.00142928
0.00149828
0.00156879
0.00164005
0.00171103
0.00178034
0.00184633
0.00190713
0.00196075
0.00200524
0.00203887
0.00206036
0.00206757
0.00206348
0.00204727
0.00201731
0.00197704
0.00192866
0.00187462
0.00181746
0.00175962
0.00170329
0.00165028
0.001602
0.00155946
0.00152334
0.0014941
0.00147205
0.00145755
0.00145134
0.00145315
0.00146123
0.0014788
0.0015063
0.0015436
0.00159112
0.00164915
0.00171775
0.00179665
0.00188512
0.00198191
0.00208518
0.00219264
0.00230181
0.00241038
0.00251644
0.0026201
0.00272387
0.0028317
0.00295292
0.00310464
0.00331616
0.00363271
0.00410767
0.00476388
0.00552678
0.00616917
0.00636307
0.00579694
0.00433116
0.00243986
0.000591156
3.82195e-05
0.000276514
0.000431948
0.000527591
0.000600902
0.000664157
0.000722216
0.000777429
0.000831125
0.000884181
0.000937235
0.000990768
0.00104518
0.00110082
0.00115799
0.00121693
0.00127783
0.00134079
0.0014058
0.00147269
0.00154108
0.00161038
0.00167972
0.00174797
0.00181372
0.00187538
0.0019312
0.00197944
0.00201847
0.00204693
0.00206363
0.00206775
0.00206177
0.00204438
0.00201552
0.00197803
0.00193389
0.00188528
0.00183438
0.00178328
0.00173382
0.00168758
0.00164579
0.00160941
0.00157917
0.0015556
0.00153921
0.00153061
0.0015308
0.00153656
0.00155099
0.00157543
0.00160914
0.00165248
0.00170569
0.00176884
0.00184175
0.00192387
0.00201416
0.00211103
0.0022124
0.00231578
0.00241857
0.00252002
0.00261969
0.00271842
0.00282042
0.00293446
0.00307696
0.00327683
0.00358056
0.0040471
0.00471112
0.00551078
0.00622757
0.00650027
0.00601151
0.00453846
0.00252677
0.000640332
3.72132e-05
0.000270222
0.000424672
0.000519938
0.000592838
0.000655626
0.00071317
0.00076782
0.000820899
0.000873269
0.000925559
0.000978235
0.00103168
0.00108622
0.00114213
0.00119964
0.00125893
0.00132011
0.00138317
0.00144799
0.00151429
0.00158157
0.00164915
0.00171606
0.00178116
0.00184307
0.00190029
0.00195129
0.00199457
0.00202884
0.00205312
0.00206587
0.00206812
0.00206128
0.00204404
0.00201723
0.00198324
0.00194383
0.00190089
0.00185632
0.00181189
0.00176919
0.0017296
0.00169423
0.001664
0.00163964
0.00162177
0.00161105
0.00160858
0.00161228
0.00162317
0.00164363
0.00167289
0.0017112
0.00175879
0.00181578
0.00188209
0.00195733
0.00204068
0.00213077
0.00222545
0.0023224
0.0024205
0.00251748
0.0026124
0.00270622
0.0028026
0.00290968
0.00304311
0.00323122
0.00352123
0.00397713
0.0046454
0.00547821
0.00626733
0.00662613
0.00622486
0.00475636
0.00262961
0.000697101
3.62234e-05
0.000263959
0.000417298
0.000512178
0.000584705
0.000647079
0.000704167
0.000758321
0.00081085
0.000862605
0.000914204
0.000966097
0.00101865
0.00107217
0.00112691
0.00118308
0.00124086
0.00130035
0.00136155
0.00142438
0.00148862
0.00155388
0.00161959
0.00168496
0.00174904
0.00181068
0.0018686
0.00192144
0.00196787
0.00200668
0.00203686
0.00205767
0.00206763
0.00206872
0.00206182
0.00204561
0.00202143
0.00199128
0.00195673
0.00191941
0.00188096
0.00184291
0.00180664
0.00177335
0.00174407
0.00171965
0.00170084
0.00168831
0.001683
0.00168456
0.00169187
0.00170764
0.00173202
0.00176484
0.00180636
0.00185678
0.00191615
0.00198423
0.0020604
0.00214316
0.00223103
0.00232275
0.00241559
0.00250767
0.00259797
0.00268704
0.00277804
0.00287841
0.00300296
0.00317921
0.00345466
0.0038976
0.00456638
0.00542899
0.00628545
0.00673951
0.00643508
0.00498479
0.00274977
0.000761653
3.52562e-05
0.000257765
0.000409854
0.000504328
0.000576511
0.000638524
0.000695223
0.000748953
0.000801012
0.000852236
0.000903229
0.000954427
0.00100618
0.00105877
0.00111244
0.00116739
0.00122376
0.00128167
0.00134112
0.00140205
0.0014643
0.00152755
0.00159133
0.00165501
0.00171779
0.00177871
0.00183669
0.00189056
0.00193914
0.00198131
0.00201611
0.00204278
0.00206082
0.00206882
0.00206923
0.00206275
0.00204809
0.00202676
0.00200048
0.00197061
0.00193858
0.0019058
0.00187359
0.00184316
0.00181557
0.00179176
0.00177253
0.0017586
0.00175075
0.00174978
0.00175388
0.00176488
0.00178418
0.00181133
0.00184663
0.00189038
0.00194272
0.00200358
0.00207214
0.00214789
0.00222981
0.0023156
0.00240313
0.00249044
0.00257629
0.00266083
0.0027467
0.00284064
0.00295652
0.00312086
0.00338092
0.00380844
0.00447344
0.00536253
0.00628927
0.00683899
0.00663915
0.00522301
0.00288839
0.000834401
3.43174e-05
0.000251682
0.000402372
0.000496403
0.000568266
0.000629971
0.000686354
0.000739743
0.000791423
0.000842212
0.000892699
0.000943306
0.000994362
0.00104614
0.00109885
0.00115269
0.00120778
0.00126422
0.00132204
0.00138119
0.00144153
0.0015028
0.00156464
0.00162653
0.00168779
0.00174764
0.00180515
0.00185934
0.00190917
0.00195364
0.00199185
0.00202304
0.00204667
0.00206238
0.00206908
0.00206904
0.00206321
0.00205025
0.00203168
0.00200898
0.00198335
0.00195604
0.00192826
0.00190116
0.00187579
0.0018531
0.00183392
0.00181905
0.00180921
0.00180522
0.00180675
0.00181343
0.00182752
0.00184909
0.0018783
0.00191551
0.00196093
0.0020143
0.00207596
0.00214529
0.00222081
0.00230078
0.00238313
0.00246582
0.0025474
0.00262767
0.00270871
0.0027965
0.00290395
0.00305638
0.00330027
0.00370978
0.00436562
0.00527392
0.00626601
0.00692084
0.00683336
0.00547075
0.00304739
0.000915423
3.34136e-05
0.000245756
0.00039489
0.000488429
0.000559988
0.00062144
0.000677583
0.000730724
0.000782129
0.000832593
0.00088269
0.000932824
0.000983306
0.00103439
0.00108627
0.00113912
0.00119306
0.00124818
0.00130449
0.00136197
0.0014205
0.00147988
0.00153979
0.00159982
0.00165941
0.00171791
0.00177453
0.00182845
0.00187876
0.00192458
0.00196509
0.00199956
0.00202743
0.00204835
0.00206209
0.00206779
0.00206737
0.00206211
0.00205072
0.00203457
0.00201495
0.00199294
0.00196961
0.00194601
0.00192314
0.00190192
0.00188321
0.0018678
0.0018564
0.00184975
0.00184854
0.00185179
0.00186085
0.00187716
0.00190058
0.00193141
0.00196995
0.00201688
0.00207202
0.00213478
0.00220411
0.00227843
0.00235575
0.00243401
0.00251155
0.00258779
0.00266428
0.00274624
0.00284552
0.00298605
0.00321311
0.00360223
0.00424362
0.00516353
0.00621387
0.00698467
0.0070154
0.00572717
0.00322837
0.00100472
3.25515e-05
0.000240037
0.000387453
0.000480434
0.000551699
0.000612954
0.000668944
0.000721942
0.000773188
0.000823454
0.000873292
0.000923086
0.000973129
0.00102365
0.00107484
0.00112685
0.00117977
0.0012337
0.00128864
0.00134458
0.00140141
0.00145898
0.00151702
0.00157518
0.001633
0.00168994
0.00174535
0.0017985
0.00184865
0.00189502
0.00193686
0.0019735
0.00200438
0.0020291
0.00204743
0.00205933
0.00206419
0.00206331
0.0020583
0.00204812
0.00203391
0.00201676
0.00199761
0.00197742
0.0019571
0.00193754
0.00191956
0.00190394
0.0018914
0.00188267
0.00187846
0.00187906
0.00188391
0.00189505
0.00191301
0.00193802
0.00197072
0.00201139
0.00206013
0.00211663
0.00218003
0.00224891
0.00232139
0.00239539
0.00246908
0.00254156
0.00261378
0.0026902
0.00278155
0.00291024
0.00311989
0.00348638
0.00410806
0.00503149
0.00613091
0.00701647
0.00718087
0.00599077
0.00343194
0.00110203
3.17388e-05
0.000234578
0.000380113
0.00047246
0.000543437
0.000604555
0.000660485
0.000713459
0.000764679
0.00081489
0.000864616
0.000914219
0.00096397
0.00101408
0.00106472
0.00111602
0.00116808
0.00122095
0.00127467
0.00132919
0.00138445
0.0014403
0.00149653
0.00155284
0.00160884
0.00166408
0.00171802
0.00177005
0.00181952
0.00186575
0.00190809
0.00194593
0.00197874
0.0020061
0.00202772
0.00204351
0.0020535
0.00205753
0.00205623
0.00205088
0.00204129
0.00202844
0.00201304
0.00199597
0.00197808
0.00196018
0.00194305
0.00192746
0.00191412
0.00190375
0.00189704
0.00189472
0.00189657
0.00190311
0.00191625
0.00193609
0.00196319
0.001998
0.00204077
0.00209136
0.00214911
0.00221277
0.00228058
0.00235048
0.00242051
0.00248942
0.00255765
0.00262881
0.00271246
0.00282937
0.0030211
0.00336284
0.00395964
0.00487861
0.00602109
0.00702577
0.00732739
0.00625986
0.00365927
0.00120704
3.09845e-05
0.000229443
0.000372935
0.000464562
0.000535255
0.000596301
0.000652281
0.000705364
0.000756709
0.000807024
0.000856802
0.000906376
0.000955994
0.00100585
0.00105609
0.00110683
0.00115816
0.00121012
0.00126273
0.00131597
0.00136977
0.001424
0.00147849
0.00153298
0.00158714
0.0016406
0.00169289
0.00174351
0.00179188
0.00183744
0.00187961
0.00191784
0.00195163
0.00198058
0.00200439
0.00202289
0.00203603
0.00204392
0.0020467
0.00204499
0.00203915
0.00202939
0.00201709
0.00200277
0.00198708
0.00197075
0.00195451
0.00193909
0.00192522
0.00191358
0.00190488
0.00189981
0.00189909
0.00190223
0.00191075
0.00192591
0.00194796
0.00197743
0.00201468
0.00205973
0.0021121
0.00217074
0.00223402
0.00229994
0.00236643
0.00243195
0.0024964
0.00256254
0.00263873
0.00274392
0.00291727
0.0032323
0.00379886
0.00470365
0.00587809
0.00699693
0.00744762
0.00653165
0.00391175
0.00131911
3.02988e-05
0.000224703
0.000365997
0.000456814
0.000527229
0.00058828
0.000644433
0.000697779
0.000749419
0.000800018
0.000850024
0.00089974
0.000949391
0.000999143
0.00104913
0.00109945
0.00115017
0.00120134
0.00125297
0.00130503
0.00135747
0.00141018
0.00146299
0.0015157
0.00156803
0.00161964
0.00167016
0.00171915
0.00176613
0.00181059
0.00185204
0.00188999
0.00192399
0.00195365
0.00197867
0.00199885
0.00201409
0.00202443
0.00202997
0.00203101
0.00202858
0.00202227
0.0020123
0.00199991
0.00198579
0.00197063
0.00195515
0.00193997
0.00192577
0.00191323
0.00190303
0.00189584
0.00189238
0.00189303
0.00189774
0.00190848
0.00192603
0.00195066
0.00198282
0.00202268
0.00206993
0.0021237
0.00218254
0.00224452
0.00230754
0.00236978
0.00243062
0.00249198
0.00256091
0.00265445
0.00280906
0.00309564
0.00362687
0.00450775
0.00570228
0.00692221
0.00753762
0.00680265
0.00419006
0.0014374
2.96938e-05
0.00022044
0.000359395
0.000449315
0.000519468
0.000580619
0.000637093
0.000690877
0.000743002
0.000794076
0.000844498
0.000894533
0.000944375
0.00099417
0.00104403
0.00109404
0.00114426
0.00119474
0.00124547
0.00129644
0.0013476
0.00139884
0.00145003
0.00150099
0.00155148
0.00160122
0.00164988
0.00169708
0.00174241
0.00178545
0.00182576
0.0018629
0.00189647
0.00192611
0.00195154
0.00197254
0.00198898
0.00200084
0.00200819
0.00201118
0.00201035
0.00200651
0.00199893
0.00198861
0.00197617
0.00196225
0.00194746
0.0019325
0.00191802
0.00190465
0.00189307
0.00188397
0.00187808
0.00187621
0.00187829
0.00188513
0.00189862
0.00191885
0.00194632
0.0019813
0.00202364
0.00207266
0.00212709
0.00218513
0.00224465
0.00230365
0.00236099
0.00241775
0.00247964
0.00256168
0.00269731
0.00295393
0.003445
0.00429187
0.00549436
0.00680156
0.00758468
0.00706756
0.0044941
0.00156082
2.91867e-05
0.000216767
0.000353253
0.000442198
0.000512127
0.000573501
0.000630468
0.000684891
0.000737708
0.00078946
0.000840485
0.000891006
0.000941183
0.000991136
0.00104096
0.00109074
0.00114052
0.00119035
0.00124023
0.00129015
0.00134005
0.00138986
0.00143946
0.00148868
0.00153732
0.00158515
0.00163187
0.00167716
0.00172068
0.00176205
0.00180089
0.00183681
0.00186946
0.00189852
0.0019237
0.00194481
0.0019617
0.00197432
0.00198269
0.00198692
0.00198717
0.00198467
0.00197869
0.00196968
0.0019584
0.00194542
0.00193132
0.00191667
0.00190211
0.00188827
0.0018758
0.00186538
0.0018577
0.00185352
0.00185358
0.00185737
0.00186697
0.0018833
0.00190646
0.00193683
0.00197443
0.00201876
0.00206876
0.00212277
0.00217872
0.00223443
0.00228835
0.00234069
0.00239581
0.00246659
0.00258325
0.00280889
0.00325531
0.0040578
0.00525249
0.00663554
0.00760184
0.00732163
0.00482332
0.00168814
2.88073e-05
0.000213869
0.00034774
0.000435652
0.000505427
0.000567181
0.000624848
0.000680135
0.000733863
0.000786493
0.000838286
0.000889437
0.00094005
0.000990228
0.00104006
0.0010896
0.00113893
0.00118809
0.0012371
0.00128595
0.00133459
0.00138295
0.00143093
0.00147839
0.00152516
0.00157103
0.00161575
0.00165904
0.00170061
0.00174012
0.00177725
0.00181165
0.00184302
0.00187106
0.00189551
0.00191619
0.00193295
0.00194572
0.00195449
0.00195934
0.00196034
0.0019585
0.00195356
0.00194549
0.00193508
0.00192283
0.00190927
0.00189495
0.00188044
0.00186634
0.00185328
0.00184189
0.00183285
0.00182688
0.00182477
0.00182652
0.0018328
0.00184547
0.00186464
0.00189066
0.00192366
0.00196333
0.00200882
0.00205865
0.00211086
0.00216319
0.0022137
0.00226184
0.00231058
0.00237065
0.00246881
0.00266331
0.00306128
0.00381036
0.00498023
0.00642044
0.00758542
0.00755526
0.00517545
0.00181795
2.86347e-05
0.000211601
0.000343009
0.000429919
0.000499676
0.00056202
0.000620626
0.000677012
0.000731867
0.000785557
0.00083822
0.000889925
0.000940889
0.000991228
0.00104102
0.00109034
0.00113923
0.00118769
0.00123574
0.00128344
0.00133074
0.00137759
0.00142389
0.00146953
0.00151437
0.00155822
0.00160088
0.00164209
0.0016816
0.00171913
0.00175438
0.00178707
0.0018169
0.00184363
0.00186702
0.00188689
0.0019031
0.00191558
0.00192432
0.00192935
0.00193072
0.00192924
0.00192492
0.0019175
0.00190776
0.00189612
0.00188307
0.0018691
0.00185477
0.00184063
0.00182725
0.00181524
0.00180523
0.00179789
0.00179393
0.00179403
0.0017977
0.00180687
0.0018224
0.00184432
0.00187287
0.00190793
0.00194884
0.00199437
0.0020427
0.00209159
0.00213881
0.00218307
0.00222604
0.00227621
0.00235701
0.0025212
0.00286919
0.00355749
0.00468654
0.00615829
0.00751161
0.00775847
0.00554668
0.00194889
2.86897e-05
0.000210257
0.000339341
0.000425362
0.000495311
0.000558508
0.000618311
0.000676024
0.000732062
0.000786622
0.000839991
0.00089232
0.000943694
0.000994161
0.0010438
0.00109268
0.00114089
0.00118848
0.00123551
0.00128194
0.00132778
0.00137299
0.00141751
0.00146125
0.00150408
0.00154585
0.00158638
0.00162545
0.00166285
0.00169832
0.0017316
0.00176245
0.00179061
0.00181585
0.00183798
0.00185682
0.00187225
0.00188419
0.00189263
0.00189758
0.00189908
0.0018978
0.00189388
0.00188699
0.00187782
0.00186678
0.00185428
0.0018408
0.00182683
0.00181288
0.00179949
0.00178721
0.00177662
0.00176834
0.00176303
0.00176144
0.00176333
0.00176953
0.00178169
0.00179979
0.0018241
0.00185466
0.00189103
0.00193222
0.00197665
0.00202218
0.00206642
0.00210755
0.00214599
0.00218806
0.0022534
0.00238921
0.00268928
0.00331191
0.004388
0.00587291
0.00738595
0.00792869
0.00593348
0.00207968
2.90067e-05
0.000210339
0.000337223
0.000422534
0.000492973
0.000557316
0.000618425
0.000677231
0.000734347
0.000789998
0.000844221
0.000897067
0.000948572
0.00099886
0.00104804
0.00109622
0.00114348
0.00118991
0.00123556
0.00128053
0.00132472
0.00136813
0.00141073
0.00145245
0.00149318
0.00153281
0.00157116
0.00160807
0.00164332
0.00167671
0.00170802
0.001737
0.00176346
0.00178719
0.00180799
0.00182574
0.00184031
0.00185163
0.00185969
0.0018645
0.00186608
0.00186497
0.00186146
0.00185511
0.0018466
0.00183627
0.00182451
0.00181173
0.00179839
0.00178496
0.00177193
0.0017598
0.00174909
0.00174037
0.00173421
0.00173131
0.00173196
0.00173591
0.00174499
0.00175977
0.00178029
0.00180669
0.0018388
0.00187591
0.00191673
0.00195937
0.00200147
0.00204083
0.00207705
0.00211451
0.00216982
0.0022844
0.0025411
0.0030944
0.00410572
0.00558001
0.00720789
0.00806373
0.00632588
0.00220887
2.96518e-05
0.000211636
0.000337277
0.00042223
0.000493236
0.000558543
0.000620878
0.00068114
0.000739521
0.000795998
0.000850603
0.000903452
0.000954647
0.00100433
0.00105264
0.00109971
0.00114568
0.00119062
0.00123473
0.00127795
0.00132028
0.00136172
0.00140227
0.00144188
0.00148045
0.00151789
0.00155406
0.00158881
0.00162196
0.00165332
0.00168271
0.00170992
0.00173476
0.00175705
0.00177664
0.00179339
0.0018072
0.00181802
0.00182583
0.00183063
0.00183245
0.00183167
0.00182878
0.00182323
0.00181566
0.00180635
0.00179567
0.001784
0.00177174
0.00175931
0.00174715
0.00173573
0.00172551
0.00171697
0.00171067
0.00170718
0.00170713
0.0017097
0.00171663
0.00172895
0.00174655
0.00176975
0.00179861
0.00183275
0.00187133
0.00191296
0.00195573
0.00199756
0.00203699
0.00207674
0.00213072
0.00223745
0.00247259
0.00296799
0.00389259
0.00531034
0.00700664
0.00816535
0.00671706
0.00233596
3.07512e-05
0.000214909
0.000339021
0.000424015
0.000496052
0.000562899
0.00062685
0.000688291
0.000747263
0.000803884
0.000858251
0.000910499
0.000960789
0.0010093
0.00105623
0.00110173
0.00114598
0.00118928
0.00123153
0.0012727
0.00131294
0.00135227
0.00139067
0.00142811
0.00146453
0.00149983
0.00153389
0.0015666
0.00159779
0.00162731
0.00165498
0.00168063
0.00170411
0.00172524
0.0017439
0.00175997
0.00177335
0.00178401
0.00179192
0.00179711
0.00179963
0.00179955
0.00179773
0.00179359
0.00178748
0.0017798
0.00177085
0.00176096
0.00175051
0.00173987
0.00172944
0.00171964
0.00171086
0.00170357
0.00169828
0.00169552
0.00169577
0.00169848
0.0017052
0.00171682
0.00173343
0.0017555
0.00178332
0.00181696
0.00185602
0.0018997
0.0019465
0.00199466
0.00204287
0.00209271
0.00215436
0.00225888
0.00247491
0.00293194
0.00380293
0.0051409
0.00684901
0.00823965
0.00708342
0.00246052
3.25708e-05
0.000221147
0.000343991
0.000429563
0.000503203
0.000571559
0.000636264
0.000697891
0.000756591
0.000812508
0.000865808
0.000916692
0.000965369
0.00101208
0.00105708
0.00110073
0.00114316
0.00118432
0.00122426
0.00126319
0.00130123
0.00133838
0.00137465
0.00140999
0.00144437
0.0014777
0.00150989
0.00154083
0.00157039
0.00159843
0.00162482
0.00164938
0.001672
0.00169253
0.00171086
0.00172688
0.00174051
0.00175172
0.00176049
0.00176688
0.00177093
0.00177274
0.00177258
0.00177098
0.00176754
0.00176265
0.00175671
0.00174996
0.00174275
0.00173544
0.00172841
0.00172183
0.00171615
0.00171196
0.00170985
0.00171031
0.00171313
0.00171939
0.00172966
0.00174455
0.00176465
0.00179059
0.00182299
0.00186232
0.00190879
0.00196206
0.00202158
0.00208682
0.00215673
0.0022322
0.00232038
0.00244442
0.00265869
0.00306779
0.00382303
0.00508291
0.00677958
0.00831126
0.00741516
0.00258513
3.54598e-05
0.000231488
0.000354293
0.000440818
0.000515213
0.000583673
0.000647946
0.000708599
0.000765897
0.00082008
0.000871417
0.000920182
0.000966563
0.00101112
0.00105411
0.0010955
0.00113542
0.00117411
0.00121181
0.00124861
0.00128458
0.00131977
0.00135417
0.00138778
0.00142055
0.00145243
0.00148334
0.00151319
0.00154188
0.00156929
0.0015953
0.00161979
0.00164265
0.00166376
0.00168304
0.00170042
0.00171577
0.0017291
0.00174042
0.00174979
0.0017573
0.00176304
0.00176719
0.00177005
0.00177129
0.00177121
0.00177053
0.00176923
0.00176782
0.00176669
0.00176635
0.00176694
0.00176892
0.00177309
0.00177984
0.00178963
0.00180275
0.00181993
0.00184184
0.00186916
0.00190269
0.00194335
0.00199205
0.00204968
0.00211703
0.00219463
0.00228265
0.00238062
0.0024884
0.00260642
0.00273834
0.00289969
0.00312746
0.00350174
0.00414912
0.00522426
0.00677938
0.00838749
0.00765672
0.00271273
3.98011e-05
0.000246741
0.000370325
0.000457163
0.000530802
0.000597762
0.000660096
0.000718479
0.000773293
0.000824899
0.00087369
0.00092014
0.00096431
0.00100651
0.00104699
0.00108608
0.00112404
0.00116101
0.00119716
0.00123262
0.00126747
0.00130177
0.00133553
0.00136878
0.00140148
0.00143361
0.00146511
0.00149592
0.00152596
0.00155516
0.00158342
0.00161066
0.00163679
0.0016617
0.001685
0.00170653
0.00172649
0.00174498
0.0017621
0.00177796
0.00179266
0.00180634
0.00181917
0.0018314
0.00184343
0.00185537
0.00186756
0.00188024
0.00189377
0.00190861
0.00192522
0.00194405
0.00196565
0.00199074
0.00201984
0.00205349
0.00209223
0.00213666
0.00218739
0.00224507
0.00231054
0.0023849
0.00246905
0.00256385
0.00267004
0.0027884
0.00291929
0.00306333
0.0032176
0.00338311
0.0035592
0.00375596
0.0039919
0.00432711
0.00485595
0.0057441
0.00708281
0.0085456
0.00778307
0.00280495
4.65422e-05
0.000268607
0.000392817
0.000477585
0.000548383
0.000612509
0.000672477
0.000728623
0.000781351
0.000831108
0.000878309
0.000923253
0.000966682
0.00100856
0.00104913
0.0010887
0.00112752
0.00116579
0.00120368
0.00124133
0.00127886
0.00131633
0.00135381
0.00139132
0.00142887
0.00146646
0.00150406
0.00154165
0.00157918
0.00161661
0.00165388
0.00169094
0.00172776
0.00176425
0.00180053
0.00183657
0.00187239
0.0019082
0.00194421
0.00198058
0.00201744
0.00205494
0.00209325
0.00213256
0.00217326
0.00221563
0.00225994
0.00230651
0.00235569
0.00240801
0.00246357
0.00252332
0.0025879
0.00265778
0.00273319
0.00281452
0.00290189
0.0029956
0.00309584
0.00320288
0.00331759
0.00344119
0.00357339
0.00371438
0.00386408
0.00402303
0.00419058
0.00436731
0.00455004
0.00474243
0.00493703
0.00514467
0.00536285
0.00564315
0.00603382
0.00669298
0.00768662
0.00878702
0.00784078
0.00284145
5.43314e-05
0.000294696
0.000420474
0.000504231
0.000575405
0.000641075
0.00070269
0.00076128
0.000817478
0.000871839
0.000924876
0.000977027
0.00102904
0.001081
0.0011332
0.00118596
0.00123955
0.00129418
0.00135005
0.00140731
0.00146606
0.00152639
0.00158834
0.00165194
0.00171719
0.00178405
0.00185249
0.00192245
0.00199387
0.00206667
0.00214077
0.0022161
0.0022926
0.00237017
0.00244897
0.00252881
0.00261031
0.00269411
0.00278032
0.00286887
0.00295957
0.0030523
0.00314695
0.00324351
0.00334197
0.00344252
0.00354515
0.00365013
0.00375744
0.00386748
0.00397936
0.00409606
0.00421721
0.00434228
0.00447052
0.00460204
0.00473622
0.00487344
0.00501322
0.0051563
0.00530184
0.00544997
0.00560074
0.00575534
0.00591348
0.00607662
0.00624352
0.00641659
0.00659038
0.00677387
0.00694935
0.00713699
0.00730634
0.0075173
0.00775499
0.00815741
0.00869074
0.00914863
0.00782977
0.00283467
7.06473e-05
0.000343458
0.000489641
0.00059417
0.000692179
0.000790869
0.00089162
0.000994633
0.00110002
0.00120814
0.00131953
0.00143465
0.00155399
0.00167756
0.00180536
0.0019373
0.00207323
0.00221291
0.00235606
0.00250234
0.00265138
0.00280279
0.00295616
0.00311107
0.0032671
0.00342384
0.00358089
0.00373789
0.00389448
0.00405036
0.00420522
0.00435881
0.00451101
0.00466139
0.00481042
0.00495679
0.00510362
0.00525203
0.00540043
0.0055479
0.0056936
0.00583727
0.00597851
0.00611747
0.00625392
0.00638827
0.00652032
0.00665065
0.00677909
0.00690582
0.0070313
0.00715428
0.00727416
0.00739236
0.00750865
0.00762455
0.00773958
0.0078556
0.00797157
0.00808939
0.00820773
0.00832845
0.00845001
0.00857439
0.00870038
0.00882928
0.0089605
0.00909466
0.00922987
0.00937272
0.0095066
0.00965292
0.00976112
0.00989796
0.00998768
0.0100717
0.00991928
0.00937849
0.00735324
0.00261891
0.000107795
0.000513936
0.000873922
0.00118819
0.00149094
0.001808
0.00214468
0.00249393
0.0028488
0.00320546
0.00356231
0.00391848
0.00427299
0.0046245
0.00497145
0.00531245
0.00564619
0.00597146
0.0062872
0.0065925
0.00688664
0.00716905
0.00743931
0.00769718
0.00794253
0.00817535
0.00839576
0.00860397
0.00880023
0.00898495
0.00915846
0.00932132
0.00947387
0.00961682
0.00975024
0.0098757
0.00999075
0.0100948
0.0101885
0.0102737
0.0103511
0.0104222
0.0104876
0.010549
0.0106062
0.0106611
0.0107132
0.0107641
0.0108132
0.0108624
0.0109109
0.0109605
0.0110093
0.0110598
0.0111096
0.0111616
0.0112129
0.0112667
0.0113201
0.0113761
0.0114322
0.0114909
0.0115507
0.0116119
0.0116759
0.0117389
0.0118082
0.011874
0.0119539
0.0119942
0.0120491
0.0120424
0.01202
0.0119311
0.0117451
0.0113146
0.0104591
0.00892269
0.00600502
0.00238418
6.68839e-05
0.000143215
0.000244303
0.00032937
0.000405954
0.000476846
0.000545771
0.000615042
0.000685567
0.000757444
0.000830493
0.000904562
0.000979539
0.00105538
0.00113195
0.00120911
0.00128665
0.00136438
0.00144206
0.00151949
0.00159641
0.00167262
0.00174788
0.00182202
0.00189481
0.00196612
0.00203575
0.00210361
0.00216952
0.00223346
0.00229525
0.00235494
0.00241236
0.00246761
0.00252054
0.00257128
0.00261982
0.00266579
0.00270923
0.0027499
0.00278809
0.00282355
0.00285683
0.00288755
0.00291654
0.00294316
0.0029686
0.00299182
0.00301449
0.00303502
0.00305575
0.00307426
0.00309381
0.00311084
0.00312988
0.00314585
0.00316496
0.00318014
0.0031998
0.00321432
0.00323487
0.00324877
0.00327028
0.00328335
0.00330516
0.00331662
0.00333655
0.00334517
0.00336076
0.00337218
0.00339062
0.00340443
0.00341846
0.00342526
0.00342091
0.00340041
0.00334414
0.00321381
0.00290862
0.00209782
)
;

boundaryField
{
    movingWall
    {
        type            kqRWallFunction;
        value           nonuniform List<scalar> 
80
(
6.68839e-05
0.000143215
0.000244303
0.00032937
0.000405954
0.000476846
0.000545771
0.000615042
0.000685567
0.000757444
0.000830493
0.000904562
0.000979539
0.00105538
0.00113195
0.00120911
0.00128665
0.00136438
0.00144206
0.00151949
0.00159641
0.00167262
0.00174788
0.00182202
0.00189481
0.00196612
0.00203575
0.00210361
0.00216952
0.00223346
0.00229525
0.00235494
0.00241236
0.00246761
0.00252054
0.00257128
0.00261982
0.00266579
0.00270923
0.0027499
0.00278809
0.00282355
0.00285683
0.00288755
0.00291654
0.00294316
0.0029686
0.00299182
0.00301449
0.00303502
0.00305575
0.00307426
0.00309381
0.00311084
0.00312988
0.00314585
0.00316496
0.00318014
0.0031998
0.00321432
0.00323487
0.00324877
0.00327028
0.00328335
0.00330516
0.00331662
0.00333655
0.00334517
0.00336076
0.00337218
0.00339062
0.00340443
0.00341846
0.00342526
0.00342091
0.00340041
0.00334414
0.00321381
0.00290862
0.00209782
)
;
    }
    fixedWalls
    {
        type            kqRWallFunction;
        value           nonuniform List<scalar> 
240
(
2.46583e-07
1.21417e-06
2.66275e-06
4.39943e-06
6.35252e-06
8.45867e-06
1.06739e-05
1.2968e-05
1.53121e-05
1.76811e-05
2.00536e-05
2.24111e-05
2.47379e-05
2.70205e-05
2.92475e-05
3.14083e-05
3.34929e-05
3.54923e-05
3.73994e-05
3.92085e-05
4.09143e-05
4.25116e-05
4.39963e-05
4.53644e-05
4.66129e-05
4.77392e-05
4.87415e-05
4.96186e-05
5.037e-05
5.09963e-05
5.14982e-05
5.18775e-05
5.21366e-05
5.22785e-05
5.22957e-05
5.22198e-05
5.20278e-05
5.17385e-05
5.14719e-05
5.11053e-05
5.0634e-05
5.00661e-05
4.9421e-05
4.86939e-05
4.79005e-05
4.70597e-05
4.61722e-05
4.52437e-05
4.42837e-05
4.3299e-05
4.2296e-05
4.12807e-05
4.0259e-05
3.92367e-05
3.82195e-05
3.72132e-05
3.62234e-05
3.52562e-05
3.43174e-05
3.34136e-05
3.25515e-05
3.17388e-05
3.09845e-05
3.02988e-05
2.96938e-05
2.91867e-05
2.88073e-05
2.86347e-05
2.86897e-05
2.90067e-05
2.96518e-05
3.07512e-05
3.25708e-05
3.54598e-05
3.98011e-05
4.65422e-05
5.43314e-05
7.06473e-05
0.000107795
6.68839e-05
2.57521e-07
1.26988e-06
2.75737e-06
4.37391e-06
5.94504e-06
7.40756e-06
8.75693e-06
1.00106e-05
1.11913e-05
1.23224e-05
1.34319e-05
1.45598e-05
1.57716e-05
1.71734e-05
1.89386e-05
2.13416e-05
2.4788e-05
2.9871e-05
3.73537e-05
4.80562e-05
6.24845e-05
8.03906e-05
0.000101452
0.0001242
0.000148437
0.000176363
0.000210925
0.000251222
0.000294305
0.000339253
0.000379899
0.000408268
0.000420337
0.000423675
0.000423825
0.000418706
0.00041294
0.000407012
0.00040153
0.000397138
0.000393898
0.000392386
0.000391971
0.000393457
0.000397133
0.00040302
0.00041157
0.000423681
0.000438966
0.000458952
0.000483286
0.000513287
0.000548866
0.000591156
0.000640332
0.000697101
0.000761653
0.000834401
0.000915423
0.00100472
0.00110203
0.00120704
0.00131911
0.0014374
0.00156082
0.00168814
0.00181795
0.00194889
0.00207968
0.00220887
0.00233596
0.00246052
0.00258513
0.00271273
0.00280495
0.00284145
0.00283467
0.00261891
0.00238418
0.00209782
2.46583e-07
1.20414e-06
2.52733e-06
3.89154e-06
5.18874e-06
6.39038e-06
7.50608e-06
8.5531e-06
9.54502e-06
1.0492e-05
1.14029e-05
1.22868e-05
1.31535e-05
1.40136e-05
1.48778e-05
1.57562e-05
1.66574e-05
1.75885e-05
1.85547e-05
1.95592e-05
2.06043e-05
2.16912e-05
2.2822e-05
2.39992e-05
2.5227e-05
2.65111e-05
2.78588e-05
2.92796e-05
3.07844e-05
3.23858e-05
3.40975e-05
3.59342e-05
3.79106e-05
4.00409e-05
4.23376e-05
4.48108e-05
4.74669e-05
5.03072e-05
5.33267e-05
5.65129e-05
5.98447e-05
6.32902e-05
6.68049e-05
7.03289e-05
7.37856e-05
7.70849e-05
8.01421e-05
8.29432e-05
8.58051e-05
8.82405e-05
8.99943e-05
9.11528e-05
9.16858e-05
9.14531e-05
9.01825e-05
8.79913e-05
8.48933e-05
8.09405e-05
7.62309e-05
7.09052e-05
6.5138e-05
5.91239e-05
5.30605e-05
4.71311e-05
4.14887e-05
3.62464e-05
3.14716e-05
2.71811e-05
2.33724e-05
2.00075e-05
1.70342e-05
1.44283e-05
1.20915e-05
9.94806e-06
7.95927e-06
6.09453e-06
4.33567e-06
2.69477e-06
1.25735e-06
2.57521e-07
)
;
    }
    frontAndBack
    {
        type            empty;
    }
}


// ************************************************************************* //
