/*--------------------------------*- C++ -*----------------------------------*\
  =========                 |
  \\      /  F ield         | OpenFOAM: The Open Source CFD Toolbox
   \\    /   O peration     | Website:  https://openfoam.org
    \\  /    A nd           | Version:  13
     \\/     M anipulation  |
\*---------------------------------------------------------------------------*/
FoamFile
{
    format      ascii;
    class       volScalarField;
    location    "1.4";
    object      k;
}
// * * * * * * * * * * * * * * * * * * * * * * * * * * * * * * * * * * * * * //

dimensions      [0 2 -2 0 0 0 0];

internalField   nonuniform List<scalar> 
6400
(
2.74486e-07
1.33674e-06
2.7927e-06
4.28341e-06
5.68801e-06
6.96988e-06
8.14047e-06
9.21721e-06
1.02144e-05
1.11429e-05
1.20119e-05
1.28309e-05
1.36106e-05
1.43633e-05
1.51021e-05
1.58407e-05
1.65928e-05
1.73713e-05
1.81876e-05
1.9051e-05
1.99686e-05
2.09448e-05
2.19816e-05
2.30787e-05
2.42341e-05
2.54448e-05
2.67076e-05
2.80194e-05
2.93782e-05
3.07828e-05
3.22333e-05
3.37311e-05
3.52787e-05
3.68794e-05
3.85369e-05
4.02546e-05
4.20351e-05
4.38793e-05
4.57854e-05
4.77477e-05
4.97557e-05
5.17926e-05
5.38337e-05
5.58459e-05
5.77879e-05
5.96178e-05
6.13215e-05
6.30702e-05
6.46351e-05
6.59267e-05
6.68268e-05
6.74073e-05
6.76299e-05
6.73615e-05
6.65486e-05
6.52196e-05
6.33823e-05
6.10613e-05
5.83037e-05
5.51758e-05
5.1757e-05
4.81344e-05
4.4397e-05
4.06303e-05
3.69098e-05
3.32976e-05
2.98403e-05
2.6569e-05
2.34906e-05
2.06109e-05
1.79203e-05
1.54039e-05
1.30672e-05
1.08622e-05
8.75445e-06
6.73445e-06
4.80244e-06
2.98703e-06
1.39307e-06
2.85276e-07
1.34784e-06
1.12362e-05
2.39217e-05
3.64321e-05
4.77489e-05
5.78432e-05
6.69178e-05
7.51652e-05
8.27293e-05
8.97162e-05
9.62148e-05
0.000102311
0.000108098
0.000113673
0.000119136
0.000124591
0.000130133
0.000135849
0.000141811
0.000148074
0.000154674
0.000161627
0.000168934
0.00017658
0.000184542
0.000192792
0.000201303
0.000210054
0.000219027
0.000228215
0.000237618
0.000247242
0.000257101
0.000267208
0.000277579
0.000288224
0.000299146
0.000310335
0.000321765
0.000333386
0.000345122
0.000356868
0.000368481
0.000379784
0.000390558
0.000400552
0.000409458
0.000416987
0.000423255
0.000427973
0.00043042
0.00043119
0.000430311
0.000426762
0.000420605
0.000411919
0.000400755
0.000387229
0.00037154
0.000353971
0.000334871
0.000314633
0.000293668
0.000272373
0.00025111
0.00023018
0.00020981
0.000190151
0.000171264
0.000153157
0.000135779
0.000119026
0.000102711
8.67213e-05
7.10129e-05
5.55248e-05
4.02405e-05
2.53496e-05
1.16632e-05
1.40207e-06
2.93549e-06
2.48905e-05
5.13866e-05
7.58458e-05
9.72305e-05
0.000115975
0.000132609
0.000147537
0.000161052
0.00017338
0.000184718
0.000195249
0.000205155
0.000214616
0.000223804
0.000232879
0.00024198
0.00025122
0.000260685
0.000270429
0.000280478
0.00029083
0.000301471
0.000312378
0.000323525
0.000334892
0.00034647
0.000358262
0.000370282
0.000382557
0.000395123
0.000408022
0.000421296
0.000434987
0.000449133
0.000463761
0.000478882
0.000494492
0.000510561
0.000527032
0.000543813
0.000560775
0.000577744
0.00059451
0.00061083
0.000626412
0.00064095
0.000654116
0.000665547
0.000674823
0.000681393
0.000684524
0.000685209
0.000682257
0.000674971
0.000663526
0.000647973
0.000628443
0.000605209
0.000578687
0.000549425
0.000518067
0.000485311
0.000451854
0.000418343
0.000385323
0.000353214
0.000322283
0.000292652
0.000264302
0.000237106
0.000210839
0.000185199
0.000159837
0.000134384
0.000108442
8.15963e-05
5.35997e-05
2.54863e-05
3.01773e-06
4.8025e-06
4.02364e-05
7.98011e-05
0.000113811
0.000142548
0.000167419
0.000189362
0.000208964
0.000226625
0.000242651
0.000257304
0.00027083
0.000283464
0.000295428
0.00030693
0.000318149
0.00032924
0.000340321
0.000351482
0.000362783
0.000374256
0.000385922
0.000397791
0.000409878
0.000422199
0.000434782
0.000447666
0.000460901
0.00047455
0.000488683
0.000503374
0.000518698
0.000534727
0.000551527
0.000569155
0.000587652
0.00060704
0.000627313
0.000648438
0.00067034
0.000692904
0.000715966
0.000739307
0.000762656
0.000785684
0.000807989
0.000829126
0.000848583
0.000865794
0.000880163
0.000891084
0.0008973
0.00089945
0.000897475
0.000889322
0.000875302
0.000855503
0.000830089
0.000799416
0.000764053
0.000724773
0.000682502
0.000638268
0.00059312
0.000548045
0.00050389
0.000461307
0.000420712
0.000382283
0.000345983
0.000311586
0.000278724
0.000246918
0.000215602
0.000184134
0.000151764
0.000117544
8.0226e-05
3.96606e-05
4.75282e-06
6.84909e-06
5.61553e-05
0.000107565
0.000149271
0.000183621
0.000213091
0.000239022
0.000262173
0.000283023
0.000301927
0.000319184
0.000335068
0.000349838
0.000363732
0.000376967
0.000389733
0.000402186
0.000414454
0.000426635
0.000438809
0.000451039
0.000463389
0.00047592
0.000488701
0.000501806
0.000515325
0.000529353
0.000543997
0.000559368
0.000575579
0.000592744
0.000610973
0.000630369
0.000651028
0.000673029
0.00069643
0.000721264
0.000747528
0.000775176
0.00080411
0.000834171
0.000865136
0.000896712
0.00092852
0.000960099
0.000990897
0.00102029
0.00104756
0.00107197
0.00109271
0.001109
0.00111932
0.00112346
0.00112301
0.00111437
0.00109776
0.00107336
0.00104134
0.00100212
0.000956397
0.000905181
0.000849737
0.000791513
0.000732041
0.00067281
0.000615131
0.000560033
0.000508184
0.000459877
0.000415052
0.000373361
0.000334239
0.000296974
0.000260743
0.000224623
0.000187521
0.000147977
0.000103732
5.29174e-05
6.43057e-06
8.99596e-06
7.21674e-05
0.000134356
0.000182635
0.000221647
0.000254869
0.000284037
0.00031008
0.000333557
0.000354864
0.000374319
0.000392206
0.000408787
0.000424301
0.000438966
0.000452969
0.000466476
0.000479626
0.000492543
0.000505341
0.000518132
0.000531033
0.000544165
0.000557658
0.000571658
0.000586316
0.000601795
0.00061826
0.000635877
0.000654809
0.000675219
0.000697262
0.000721082
0.00074681
0.000774557
0.000804402
0.000836388
0.000870506
0.000906686
0.000944785
0.000984575
0.00102573
0.00106782
0.00111032
0.0011526
0.00119393
0.00123348
0.00127036
0.0013036
0.00133222
0.0013552
0.00137115
0.0013786
0.00138005
0.00137216
0.00135367
0.00132501
0.00128633
0.00123798
0.00118068
0.00111558
0.00104426
0.000968626
0.000890815
0.00081304
0.000737365
0.000665498
0.000598627
0.000537334
0.000481615
0.000430976
0.000384577
0.000341362
0.00030015
0.000259653
0.000218393
0.000174387
0.000124443
6.49741e-05
7.99606e-06
1.11982e-05
8.80127e-05
0.000160087
0.000214202
0.000257306
0.000293781
0.000325725
0.000354241
0.000379975
0.000403361
0.000424735
0.000444381
0.000462555
0.000479492
0.000495403
0.000510479
0.000524893
0.000538808
0.000552379
0.000565766
0.000579136
0.000592667
0.000606551
0.000620993
0.000636212
0.000652435
0.000669894
0.000688824
0.00070946
0.00073203
0.000756759
0.000783858
0.000813522
0.000845924
0.000881201
0.000919444
0.000960684
0.00100488
0.00105188
0.00110146
0.00115325
0.00120677
0.00126144
0.00131652
0.00137119
0.00142456
0.0014756
0.00152326
0.00156642
0.00160395
0.0016347
0.00165759
0.0016699
0.00167386
0.00166868
0.00165017
0.00161905
0.00157534
0.00151915
0.00145096
0.00137183
0.00128338
0.0011878
0.00108782
0.000986511
0.000887003
0.00079217
0.000704251
0.000624591
0.000553548
0.000490591
0.000434543
0.000383848
0.000336778
0.000291518
0.00024608
0.000197907
0.000142926
7.59318e-05
9.45093e-06
1.34249e-05
0.000103542
0.000184732
0.00024415
0.000290979
0.000330392
0.000364818
0.000395528
0.00042326
0.000448492
0.000471575
0.000492796
0.000512403
0.000530624
0.000547667
0.000563728
0.000578996
0.000593663
0.000607925
0.000621995
0.0006361
0.000650491
0.000665435
0.000681219
0.000698145
0.000716523
0.000736672
0.000758912
0.000783559
0.000810925
0.000841306
0.000874977
0.000912182
0.000953123
0.00099794
0.0010467
0.00109935
0.00115577
0.00121565
0.00127858
0.00134401
0.00141123
0.00147943
0.00154769
0.001615
0.00168031
0.00174252
0.0018005
0.0018531
0.00189921
0.00193772
0.00196759
0.00198622
0.00199358
0.00199287
0.00197739
0.00194722
0.0019023
0.00184233
0.00176718
0.00167741
0.00157424
0.00145967
0.00133657
0.00120865
0.00108017
0.000955577
0.000838888
0.0007331
0.000639745
0.000558777
0.000488838
0.000427749
0.000372974
0.000321892
0.000271778
0.000219367
0.000159685
8.59762e-05
1.08131e-05
1.56514e-05
0.000118664
0.000208283
0.000272589
0.000322885
0.000365025
0.000401738
0.000434455
0.000464002
0.000490906
0.00051554
0.000538193
0.000559114
0.000578524
0.000596635
0.000613652
0.000629788
0.00064527
0.000660342
0.000675274
0.000690364
0.000705938
0.000722348
0.000739973
0.000759207
0.000780464
0.000804162
0.000830726
0.000860571
0.000894097
0.000931676
0.000973635
0.00102024
0.00107167
0.00112801
0.0011892
0.00125504
0.00132517
0.00139904
0.00147598
0.00155513
0.00163553
0.00171615
0.00179588
0.00187362
0.00194828
0.00201882
0.00208423
0.00214353
0.00219579
0.00224016
0.00227569
0.0023012
0.00231387
0.00231734
0.0023086
0.00228391
0.00224336
0.0021863
0.0021116
0.00201877
0.00190818
0.00178105
0.00163944
0.00148705
0.00132864
0.00117009
0.00101756
0.000876736
0.000751696
0.000644187
0.000553501
0.000477061
0.000411305
0.000352412
0.00029654
0.000239444
0.000175127
9.52709e-05
1.20997e-05
1.78586e-05
0.000133315
0.000230745
0.000299596
0.000353156
0.000397874
0.000436741
0.000471334
0.000502567
0.000531017
0.000557083
0.000581066
0.000603217
0.00062376
0.000642916
0.000660908
0.00067798
0.000694396
0.000710457
0.000726495
0.000742886
0.000760038
0.000778399
0.00079845
0.000820699
0.000845676
0.000873924
0.00090598
0.000942368
0.000983572
0.00103001
0.00108202
0.00113981
0.00120345
0.00127283
0.00134764
0.00142737
0.00151131
0.00159856
0.00168807
0.00177868
0.00186917
0.00195832
0.00204498
0.00212806
0.00220664
0.00227995
0.00234735
0.00240827
0.00246219
0.00250892
0.00254779
0.00257806
0.00259766
0.00260592
0.00260607
0.00259167
0.00256139
0.00251538
0.00245104
0.00236609
0.00225948
0.00213173
0.00198273
0.00181518
0.00163318
0.001443
0.00125231
0.00106976
0.000903287
0.000758415
0.000637053
0.000537441
0.000455265
0.000385139
0.000321554
0.000258813
0.000189608
0.000103943
1.33223e-05
2.00319e-05
0.00014746
0.000252131
0.000325227
0.00038188
0.000429058
0.000469984
0.000506363
0.000539192
0.0005691
0.000596516
0.000621759
0.00064509
0.000666747
0.000686964
0.000705992
0.000724107
0.000741623
0.000758897
0.000776336
0.000794393
0.000813576
0.000834438
0.000857581
0.000883644
0.000913294
0.000947204
0.000986037
0.0010304
0.00108084
0.00113774
0.00120134
0.00127168
0.00134855
0.00143148
0.00151975
0.00161239
0.00170822
0.00180592
0.00190403
0.00200113
0.00209582
0.00218685
0.00227315
0.0023539
0.00242853
0.00249675
0.00255865
0.00261433
0.00266351
0.00270578
0.00274143
0.00277097
0.00279435
0.00281149
0.00282035
0.00282254
0.00281181
0.00278678
0.00274398
0.00267974
0.00259016
0.00247749
0.00233739
0.00217049
0.00197925
0.00176855
0.00154578
0.0013216
0.00110779
0.000915176
0.00075101
0.000617113
0.000510035
0.000423059
0.00034844
0.000278305
0.000203507
0.000112105
1.44895e-05
2.216e-05
0.000161078
0.000272459
0.000349526
0.000409117
0.000458656
0.000501567
0.000539669
0.000574033
0.000605341
0.000634057
0.000660522
0.000685019
0.000707801
0.000729129
0.000749285
0.000768587
0.000787402
0.000806152
0.000825321
0.000845456
0.00086717
0.000891142
0.000918111
0.000948864
0.000984216
0.00102498
0.0010719
0.00112565
0.00118672
0.00125536
0.00133155
0.00141496
0.00150491
0.0016004
0.00170014
0.0018026
0.00190608
0.00200881
0.00210907
0.00220523
0.0022959
0.00237998
0.00245675
0.00252586
0.00258723
0.00264106
0.00268776
0.00272796
0.00276256
0.00279322
0.00282092
0.00284603
0.00286871
0.00288888
0.00290616
0.00292034
0.00292892
0.00293164
0.00292319
0.00289985
0.00285461
0.00277666
0.00266481
0.00251786
0.00233812
0.00212601
0.00188664
0.00163083
0.00137232
0.00112681
0.000908773
0.000727237
0.00058326
0.000470706
0.000379618
0.000299105
0.000217329
0.000119893
1.56111e-05
2.42344e-05
0.000174161
0.000291753
0.000372533
0.000434914
0.000486723
0.000531558
0.000571336
0.000607198
0.000639874
0.000669865
0.000697544
0.000723217
0.000747167
0.000769684
0.00079109
0.00081175
0.00083209
0.000852605
0.000873864
0.000896519
0.000921305
0.000949042
0.000980621
0.00101699
0.00105911
0.0011079
0.00116416
0.00122849
0.0013012
0.00138221
0.00147106
0.00156682
0.00166817
0.00177343
0.00188064
0.00198769
0.00209242
0.00219272
0.00228671
0.00237283
0.00244988
0.00251718
0.0025747
0.002623
0.00266259
0.00269477
0.00272114
0.00274304
0.00276231
0.00278069
0.00279931
0.00281933
0.00284142
0.00286553
0.00289122
0.00291723
0.0029414
0.00296259
0.00297595
0.00298113
0.00297923
0.00295722
0.00290895
0.00281531
0.00267174
0.00248217
0.00224947
0.00198225
0.00169269
0.00139896
0.00112211
0.000880814
0.000685422
0.00053484
0.000418804
0.000323021
0.000231833
0.000127525
1.67057e-05
2.62486e-05
0.000186706
0.000310037
0.000394282
0.000459309
0.0005133
0.000560004
0.000601424
0.00063876
0.000672791
0.000704056
0.000732963
0.00075985
0.000785033
0.000808841
0.00083164
0.00085385
0.000875961
0.00089855
0.000922281
0.000947924
0.000976349
0.00100853
0.00104553
0.00108844
0.00113836
0.00119624
0.00126283
0.00133852
0.00142322
0.00151634
0.0016167
0.00172263
0.00183203
0.00194246
0.00205134
0.00215601
0.002254
0.00234308
0.00242145
0.00248791
0.00254173
0.00258274
0.00261226
0.0026328
0.00264608
0.00265268
0.00265468
0.00265484
0.00265558
0.00265897
0.00266592
0.00267811
0.00269698
0.00272239
0.00275442
0.00279249
0.0028354
0.00288126
0.00292714
0.00296878
0.00299732
0.00300955
0.00300989
0.00298669
0.00292437
0.002796
0.00259803
0.00234816
0.00205177
0.00172621
0.00139624
0.00108951
0.000829021
0.000624903
0.000471611
0.000352866
0.000248221
0.000135374
1.78114e-05
2.81976e-05
0.000198717
0.000327337
0.000414807
0.000482334
0.000538419
0.00058694
0.000629974
0.000668773
0.00070416
0.000736715
0.000766884
0.000795041
0.000821543
0.000846761
0.000871113
0.000895077
0.00091922
0.000944203
0.000970801
0.000999911
0.00103255
0.00106987
0.00111308
0.00116341
0.00122202
0.00128981
0.00136732
0.00145451
0.00155069
0.0016545
0.0017639
0.00187636
0.00198894
0.0020985
0.00220191
0.0022962
0.00237878
0.00244764
0.00250121
0.00253952
0.00256245
0.00257204
0.00257382
0.00256624
0.00254865
0.00252599
0.00250336
0.0024833
0.00246752
0.00245869
0.00245558
0.00245877
0.00247306
0.00249655
0.00252989
0.00257322
0.00262628
0.00268808
0.00275648
0.00282902
0.00290131
0.00296774
0.00301408
0.003033
0.00303223
0.00299424
0.00288993
0.00269222
0.0024209
0.00209093
0.00172602
0.00135924
0.00102599
0.000752653
0.000546091
0.00039295
0.000268405
0.000144077
1.90016e-05
3.00767e-05
0.000210195
0.000343678
0.000434137
0.000504019
0.000562108
0.000612395
0.000657017
0.000697273
0.000734029
0.000767904
0.000799382
0.000828881
0.000856799
0.000883559
0.000909632
0.000935566
0.000962004
0.000989707
0.00101957
0.00105262
0.00109005
0.00113315
0.00118329
0.00124179
0.00130976
0.00138791
0.00147633
0.00157437
0.00168052
0.00179246
0.0019072
0.00202131
0.00213109
0.00223285
0.00232313
0.00239893
0.00245777
0.00249901
0.00251911
0.00252541
0.00252169
0.00250042
0.00246541
0.00242496
0.00238226
0.0023411
0.00230407
0.00227319
0.00224963
0.00223531
0.00222922
0.00222856
0.00223952
0.00225932
0.00228822
0.0023273
0.00237771
0.00244038
0.00251507
0.00260123
0.00269737
0.00279872
0.00289871
0.00298832
0.00304114
0.00305832
0.00304003
0.00295662
0.00276177
0.00246355
0.00209432
0.00168635
0.00128379
0.000930328
0.000652792
0.000449629
0.000295375
0.000154681
2.04026e-05
3.1881e-05
0.000221146
0.000359085
0.000452301
0.000524389
0.00058439
0.000636389
0.000682575
0.000724287
0.00076243
0.000797662
0.000830507
0.000861428
0.000890871
0.00091931
0.000947278
0.000975394
0.00100439
0.00103513
0.00106864
0.00110609
0.00114884
0.00119832
0.00125599
0.00132319
0.00140084
0.00148927
0.00158795
0.00169534
0.00180896
0.00192545
0.00204086
0.00215095
0.00225144
0.00233835
0.00240817
0.00245871
0.00248427
0.00249199
0.00248751
0.00246175
0.00241826
0.00236368
0.00230494
0.00224682
0.0021928
0.0021458
0.00210755
0.0020789
0.00206001
0.00205122
0.00204877
0.00205256
0.00206561
0.00208477
0.00211068
0.00214303
0.0021822
0.00222965
0.00228864
0.0023623
0.00245312
0.00256265
0.00268577
0.00281464
0.00294084
0.00303335
0.00307215
0.00307002
0.00300105
0.00280307
0.00247131
0.00205533
0.00160135
0.00116731
0.000803775
0.000531718
0.00033368
0.000168873
2.22276e-05
3.36069e-05
0.000231573
0.000373581
0.000469323
0.000543468
0.000605287
0.000658941
0.000706665
0.000749833
0.000789383
0.000826014
0.00086029
0.000892717
0.000923794
0.00095405
0.000984083
0.00101459
0.0010464
0.00108048
0.00111799
0.00116027
0.00120878
0.00126511
0.00133074
0.00140688
0.00149412
0.00159219
0.00169973
0.00181418
0.00193196
0.00204868
0.00215956
0.00225974
0.00234469
0.00241059
0.00245179
0.00246729
0.00246783
0.00244715
0.00240336
0.0023419
0.00227232
0.00220011
0.0021309
0.00206939
0.00201822
0.00197874
0.00195095
0.00193553
0.00192979
0.00192963
0.00193786
0.00195286
0.00197331
0.00199777
0.00202581
0.00205701
0.00209135
0.00212932
0.00217193
0.00222092
0.0022794
0.00235294
0.00245182
0.00257969
0.00272897
0.00288163
0.0030155
0.00308091
0.00309069
0.00302821
0.00281468
0.00243744
0.00196601
0.00146597
0.00100995
0.000650058
0.000389776
0.000189207
2.48113e-05
3.52517e-05
0.00024148
0.000387181
0.000485228
0.000561278
0.000624816
0.000680066
0.000729298
0.00077392
0.000814899
0.00085297
0.000888739
0.000922758
0.000955576
0.000987782
0.00102004
0.00105314
0.00108799
0.00112569
0.00116752
0.00121496
0.00126962
0.00133311
0.00140688
0.00149185
0.00158812
0.00169462
0.00180898
0.00192754
0.00204562
0.00215793
0.00225904
0.00234379
0.0024077
0.00244215
0.00245195
0.00244516
0.002412
0.00235347
0.002279
0.00219688
0.00211422
0.00203771
0.00197197
0.00191986
0.00188209
0.00185887
0.00184871
0.00184653
0.00185226
0.00186588
0.00188502
0.00190868
0.00193561
0.00196485
0.0019959
0.00202827
0.00206169
0.0020961
0.00213176
0.00216947
0.0022109
0.00225867
0.00231741
0.00239471
0.00250182
0.00265397
0.00282935
0.00299956
0.0030893
0.00310783
0.00304037
0.002791
0.00235142
0.00181785
0.00127711
0.00081581
0.000472113
0.00021938
2.86547e-05
3.68127e-05
0.00025087
0.000399903
0.000500034
0.000577841
0.000642996
0.000699775
0.000750484
0.000796553
0.000838979
0.00087853
0.000915851
0.000951541
0.0009862
0.00102048
0.00105511
0.00109097
0.00112907
0.00117062
0.00121704
0.00126991
0.00133094
0.00140173
0.00148353
0.00157686
0.00168113
0.00179433
0.00191297
0.00203228
0.00214659
0.0022499
0.00233634
0.0024007
0.00243271
0.00243991
0.00242732
0.00238507
0.00231608
0.00223174
0.00213943
0.00204842
0.00196595
0.00189742
0.00184535
0.00180981
0.00179212
0.0017862
0.00178732
0.00179873
0.00181649
0.00183956
0.00186632
0.00189583
0.00192686
0.00195925
0.00199261
0.00202649
0.00206048
0.0020943
0.0021279
0.00216152
0.00219612
0.00223297
0.00227337
0.00232
0.00238216
0.00247012
0.00260268
0.00279144
0.00298857
0.00309723
0.00311981
0.00303408
0.00271736
0.00220054
0.00160161
0.001037
0.000590302
0.000264393
3.44925e-05
3.8287e-05
0.000259744
0.000411761
0.000513763
0.000593176
0.000659841
0.000718081
0.000770227
0.000817731
0.000861616
0.000902679
0.000941605
0.000979036
0.00101563
0.00105208
0.00108922
0.00112799
0.0011695
0.00121509
0.00126628
0.00132475
0.00139222
0.00147021
0.00155966
0.00166052
0.00177137
0.00188914
0.00200921
0.00212579
0.00223239
0.00232249
0.00239006
0.00242365
0.00243074
0.00241587
0.0023685
0.00229327
0.00220081
0.00210038
0.00200172
0.00191357
0.00184173
0.00178883
0.001756
0.00174128
0.00173754
0.00174254
0.00175697
0.00177769
0.00180295
0.00183167
0.00186296
0.00189632
0.00193161
0.00196841
0.00200638
0.00204496
0.0020833
0.00212044
0.00215576
0.00218796
0.00221706
0.00224383
0.00227148
0.00230445
0.00234556
0.00239486
0.0024677
0.00258209
0.0027697
0.00298954
0.00310665
0.00312377
0.00299601
0.00257609
0.0019671
0.00131439
0.000752639
0.000329875
4.3221e-05
3.96721e-05
0.000268101
0.000422768
0.000526431
0.000607299
0.000675366
0.000734992
0.000788531
0.000837451
0.000882798
0.000925398
0.000965971
0.0010052
0.00104379
0.00108252
0.00112226
0.00116405
0.00120911
0.00125885
0.00131491
0.00137901
0.00145284
0.00153772
0.00163415
0.00174141
0.0018571
0.00197708
0.00209568
0.0022062
0.00230158
0.00237497
0.00241411
0.00242383
0.00241025
0.00236222
0.00228425
0.00218646
0.00207911
0.00197315
0.00187847
0.00180195
0.00174655
0.00171421
0.0017006
0.00169783
0.00170475
0.00172071
0.00174272
0.00176881
0.00179797
0.00182954
0.0018632
0.00189882
0.00193657
0.00197658
0.00201876
0.00206287
0.00210832
0.00215364
0.00219696
0.00223637
0.00227071
0.00229811
0.00231834
0.00233305
0.00235043
0.00238012
0.00242409
0.00248412
0.00258792
0.00276796
0.00300321
0.0031176
0.0031147
0.00289604
0.00234381
0.00163841
0.000962321
0.000420426
5.57286e-05
4.09651e-05
0.000275941
0.000432936
0.000538054
0.000620228
0.000689584
0.000750517
0.000805397
0.000855707
0.00090251
0.00094666
0.000988908
0.00102998
0.00107063
0.00111169
0.00115411
0.001199
0.00124766
0.00130162
0.00136254
0.00143219
0.00151213
0.00160336
0.00170589
0.00181815
0.00193678
0.00205657
0.00217092
0.00227249
0.0023539
0.00240244
0.00241777
0.00240888
0.0023648
0.0022878
0.00218765
0.00207499
0.00196187
0.00185954
0.00177625
0.00171593
0.00168117
0.00166673
0.00166377
0.00167063
0.00168669
0.00170861
0.00173431
0.0017627
0.00179324
0.00182574
0.00186024
0.0018969
0.00193595
0.00197753
0.00202177
0.00206874
0.00211844
0.00217099
0.00222482
0.0022777
0.00232534
0.00236406
0.00239323
0.00240789
0.00241384
0.0024163
0.00242433
0.00245751
0.00251079
0.00260615
0.00278741
0.00302178
0.00312623
0.00306293
0.00269
0.00198814
0.00121394
0.000536279
7.2323e-05
4.21635e-05
0.00028326
0.000442276
0.00054865
0.000631979
0.00070251
0.000764664
0.000820825
0.000872489
0.000920733
0.000966433
0.00101037
0.00105331
0.00109605
0.00113948
0.00118462
0.00123264
0.00128493
0.00134307
0.00140878
0.00148375
0.00156937
0.00166626
0.00177379
0.00188955
0.00200917
0.00212648
0.00223412
0.00232449
0.00238626
0.00241033
0.00240906
0.00237363
0.00230176
0.00220277
0.00208709
0.00196742
0.00185646
0.00176421
0.0016961
0.00165555
0.00163811
0.00163382
0.00163888
0.00165368
0.00167451
0.0016989
0.00172564
0.00175421
0.00178446
0.00181653
0.00185069
0.0018873
0.00192672
0.00196931
0.00201534
0.00206499
0.0021182
0.00217455
0.00223396
0.00229634
0.00235916
0.00241764
0.00246412
0.00249343
0.00250456
0.0025051
0.00249168
0.00248261
0.00249464
0.00254168
0.00263594
0.00282869
0.0030388
0.00310709
0.00293748
0.00233202
0.00149375
0.000671503
9.26731e-05
4.3265e-05
0.000290056
0.000450799
0.000558234
0.000642568
0.000714157
0.000777443
0.000834819
0.00088779
0.000937447
0.000984684
0.00103031
0.00107512
0.00111997
0.00116578
0.00121363
0.00126477
0.00132064
0.00138287
0.00145316
0.00153312
0.00162387
0.00172558
0.00183693
0.00195463
0.0020734
0.00218619
0.00228494
0.0023613
0.00239992
0.00240735
0.00238498
0.0023229
0.00222936
0.00211392
0.00198936
0.00186956
0.00176653
0.00168777
0.00163737
0.00161436
0.00160755
0.0016094
0.00162168
0.00164052
0.00166305
0.00168765
0.00171374
0.00174118
0.00177013
0.00180092
0.001834
0.00186983
0.0019089
0.00195165
0.00199852
0.00204983
0.00210581
0.00216647
0.00223147
0.0022998
0.00237073
0.00244416
0.00251295
0.00256756
0.00259809
0.00260767
0.00259984
0.00256943
0.00253989
0.00253141
0.00257526
0.00267256
0.00289014
0.00304569
0.00303795
0.00263704
0.00178456
0.000816849
0.000115909
4.42673e-05
0.000296325
0.000458515
0.000566821
0.000652014
0.00072454
0.000788863
0.00084738
0.000901603
0.000952633
0.00100138
0.00104867
0.00109535
0.00114228
0.00119045
0.00124098
0.00129518
0.00135453
0.00142068
0.00149528
0.00157978
0.001675
0.0017806
0.00189454
0.00201271
0.00212898
0.00223568
0.00232448
0.00238186
0.00240176
0.00239439
0.00234697
0.00226384
0.00215307
0.0020267
0.00189917
0.00178442
0.00169277
0.00162884
0.0015962
0.00158439
0.00158303
0.00159127
0.00160728
0.00162744
0.00164971
0.00167315
0.00169757
0.00172313
0.0017502
0.00177927
0.00181088
0.00184556
0.00188387
0.00192632
0.00197341
0.00202559
0.00208327
0.00214672
0.002216
0.0022908
0.00237014
0.00245192
0.0025358
0.00261511
0.00267595
0.00270571
0.00271253
0.00269318
0.00264108
0.00258664
0.00256625
0.00260671
0.00271616
0.00294283
0.00304616
0.00284869
0.00207023
0.000969051
0.000140825
4.51686e-05
0.000302063
0.000465435
0.000574429
0.000660334
0.000733678
0.000798937
0.000858515
0.000913925
0.000966275
0.00101649
0.00106541
0.00111391
0.00116289
0.00121337
0.00126651
0.00132367
0.00138634
0.00145616
0.00153471
0.00162324
0.0017222
0.00183073
0.00194609
0.00206338
0.00217573
0.00227484
0.00235172
0.00239009
0.00239671
0.00236914
0.00230156
0.00220087
0.00207737
0.00194506
0.00181915
0.00171265
0.00163334
0.00158587
0.00156552
0.00156018
0.00156334
0.00157557
0.00159289
0.00161262
0.00163344
0.00165489
0.00167707
0.00170035
0.00172526
0.00175239
0.00178235
0.00181575
0.00185316
0.00189512
0.00194217
0.0019948
0.0020535
0.00211872
0.00219085
0.00227002
0.00235589
0.00244729
0.00254165
0.00263728
0.00272694
0.0027898
0.00281625
0.00281781
0.002779
0.00269939
0.00262121
0.00259419
0.00263869
0.00278208
0.00294628
0.00293645
0.00234144
0.00113745
0.000168607
4.59674e-05
0.000307267
0.00047157
0.000581076
0.00066755
0.000741591
0.000807683
0.000868233
0.000924755
0.000978361
0.00102998
0.00108049
0.00113075
0.00118171
0.00123442
0.00129007
0.00135004
0.00141582
0.00148902
0.0015711
0.00166307
0.00176502
0.00187554
0.00199123
0.00210652
0.00221398
0.00230513
0.00236689
0.00238967
0.00238387
0.00233689
0.00225218
0.00213762
0.00200559
0.00187142
0.00175032
0.00165375
0.00158696
0.00155327
0.00154098
0.0015393
0.00154628
0.0015601
0.00157712
0.00159535
0.00161401
0.00163299
0.00165261
0.0016734
0.00169599
0.00172108
0.00174935
0.00178144
0.00181796
0.00185946
0.00190645
0.00195941
0.00201886
0.00208532
0.00215934
0.00224142
0.0023318
0.00243013
0.00253496
0.00264296
0.00275135
0.00284899
0.00291006
0.00293064
0.002917
0.00285047
0.00273411
0.00263903
0.00261601
0.00267415
0.00286028
0.0029481
0.00258665
0.00133802
0.00020253
4.66626e-05
0.000311935
0.000476932
0.000586783
0.000673686
0.000748301
0.000815119
0.000876548
0.000934099
0.000988886
0.00104185
0.00109386
0.00114581
0.00119866
0.00125349
0.00131151
0.0013741
0.00144275
0.00151898
0.00160412
0.00169894
0.00180313
0.00191476
0.00202984
0.00214221
0.00224396
0.00232614
0.00237315
0.00238522
0.00236347
0.00230065
0.00220189
0.00207696
0.00193993
0.00180687
0.0016923
0.00160556
0.0015514
0.00152714
0.00151994
0.0015207
0.00152989
0.00154375
0.00155943
0.00157553
0.0015916
0.00160782
0.00162468
0.00164284
0.00166303
0.00168603
0.00171259
0.00174342
0.00177914
0.00182029
0.00186736
0.00192079
0.00198102
0.00204858
0.00212406
0.00220816
0.00230156
0.00240466
0.00251706
0.00263677
0.00275917
0.00288065
0.0029818
0.00303331
0.00304385
0.00300374
0.00289747
0.00273604
0.00263954
0.00263193
0.00272996
0.00286401
0.00273846
0.00156758
0.000243304
4.72537e-05
0.000316065
0.000481537
0.000591572
0.000678768
0.000753835
0.000821271
0.000883479
0.000941967
0.000997849
0.00105206
0.00110549
0.00115904
0.00121368
0.0012705
0.00133072
0.00139571
0.00146693
0.00154582
0.00163354
0.00173059
0.00183631
0.00194826
0.00206196
0.00217076
0.00226638
0.00233898
0.00237259
0.00237539
0.00233928
0.00226307
0.00215316
0.00202094
0.00188166
0.0017516
0.0016442
0.0015668
0.00152309
0.00150505
0.00150058
0.00150338
0.00151315
0.00152603
0.00153976
0.00155332
0.00156658
0.00157987
0.00159384
0.00160926
0.00162697
0.00164783
0.00167268
0.00170228
0.0017373
0.00177827
0.00182565
0.0018798
0.00194107
0.00200988
0.00208678
0.00217253
0.00226807
0.00237435
0.00249193
0.00262026
0.00275655
0.00289436
0.00302666
0.0031209
0.00315746
0.00314802
0.00306458
0.00290426
0.00270991
0.00262651
0.00265508
0.00277763
0.00279356
0.00181066
0.000287648
4.77406e-05
0.000319655
0.000485399
0.000595468
0.000682825
0.000758225
0.000826167
0.000889051
0.000948379
0.00100526
0.00106063
0.00111538
0.00117041
0.00122671
0.00128536
0.00134759
0.00141474
0.00148821
0.00156936
0.00165917
0.00175788
0.00186446
0.00197608
0.00208782
0.00219273
0.00228241
0.00234482
0.00236891
0.00236151
0.00231333
0.00222623
0.00210785
0.00197087
0.0018313
0.00170521
0.0016048
0.00153554
0.00149941
0.00148535
0.00148247
0.00148632
0.00149563
0.00150689
0.00151828
0.00152911
0.00153941
0.00154968
0.00156066
0.00157326
0.00158843
0.0016071
0.00163021
0.0016586
0.001693
0.00173397
0.0017819
0.00183709
0.00189975
0.00197015
0.00204871
0.00213612
0.00223341
0.00234189
0.00246283
0.00259689
0.00274296
0.00289671
0.00305037
0.00318543
0.00326168
0.00327918
0.00322789
0.00308107
0.00285417
0.00266576
0.00262333
0.00270747
0.00279397
0.0020563
0.000334105
4.81235e-05
0.000322705
0.000488536
0.000598498
0.000685889
0.000761503
0.000829841
0.000893293
0.000953357
0.00101113
0.00106756
0.00112351
0.00117991
0.00123772
0.00129803
0.00136205
0.00143109
0.0015065
0.0015895
0.00168091
0.00178072
0.00188759
0.00199835
0.00210773
0.00220854
0.00229212
0.00234483
0.00236168
0.00234522
0.00228732
0.00219175
0.00206726
0.0019275
0.00178888
0.00166699
0.00157273
0.00150997
0.00147885
0.00146715
0.00146506
0.00146905
0.0014772
0.00148646
0.00149532
0.00150331
0.00151062
0.00151784
0.00152581
0.00153553
0.00154808
0.0015645
0.00158583
0.00161302
0.00164686
0.00168795
0.00173667
0.00179322
0.00185766
0.00193008
0.00201069
0.00210003
0.00219908
0.0023093
0.0024325
0.00257032
0.00272328
0.00288907
0.00306038
0.00322621
0.00334995
0.00339821
0.00338245
0.00326247
0.00303567
0.00275296
0.00261848
0.00262577
0.00270924
0.00226448
0.000376295
4.84033e-05
0.000325217
0.000490966
0.00060069
0.000687992
0.000763704
0.000832326
0.000896239
0.000956931
0.0010155
0.00107286
0.0011299
0.00118751
0.00124668
0.00130846
0.00137405
0.00144471
0.00152171
0.00160616
0.00169871
0.00179913
0.00190579
0.00201527
0.00212207
0.00221878
0.00229676
0.00234194
0.00235251
0.00232806
0.00226263
0.00216082
0.00203223
0.00189118
0.00175415
0.00163611
0.00154675
0.00148876
0.00146049
0.00144991
0.00144801
0.0014514
0.00145796
0.00146502
0.00147129
0.00147645
0.00148079
0.00148499
0.00148997
0.00149681
0.00150671
0.00152084
0.00154034
0.0015663
0.00159961
0.00164091
0.00169061
0.0017488
0.00181541
0.00189029
0.00197341
0.00206508
0.00216611
0.00227798
0.0024028
0.00254297
0.00270042
0.00287497
0.00306203
0.00325102
0.00341716
0.00350786
0.00352357
0.00343844
0.0032224
0.00291051
0.00265265
0.00259176
0.00263593
0.00238857
0.000403916
4.85818e-05
0.000327194
0.000492706
0.000602065
0.000689159
0.000764854
0.000833652
0.000897919
0.000959133
0.00101838
0.00107656
0.00113455
0.00119325
0.0012536
0.00131666
0.00138358
0.00145557
0.00153383
0.00161934
0.0017126
0.00181317
0.00191923
0.00202712
0.00213118
0.00222393
0.00229663
0.00233584
0.00234189
0.00231117
0.0022403
0.00213428
0.00200321
0.00186197
0.00172674
0.00161184
0.00152602
0.00147092
0.00144381
0.00143333
0.00143112
0.0014334
0.00143814
0.00144293
0.00144662
0.00144905
0.00145053
0.00145183
0.00145391
0.00145792
0.00146517
0.00147699
0.00149464
0.00151933
0.0015521
0.00159368
0.00164448
0.00170455
0.00177366
0.00185142
0.00193752
0.00203197
0.00213533
0.00224897
0.00237513
0.00251674
0.00267686
0.00285722
0.00305584
0.0032638
0.00346246
0.00360469
0.0036529
0.00360753
0.00341415
0.00309109
0.00273405
0.00257916
0.00257363
0.00243764
0.000414456
4.86577e-05
0.000328633
0.000493762
0.00060262
0.000689379
0.00076495
0.000833823
0.000898346
0.000959984
0.0010198
0.00107868
0.0011375
0.00119712
0.00125849
0.00132262
0.00139063
0.00146368
0.00154287
0.00162907
0.00172264
0.00182296
0.00192804
0.00203409
0.00213541
0.00222456
0.00229379
0.00232789
0.00233051
0.0022954
0.00222106
0.00211264
0.00198047
0.00183978
0.00170628
0.00159357
0.00150983
0.001456
0.0014286
0.00141735
0.00141437
0.0014152
0.00141802
0.0014206
0.00142172
0.00142162
0.00142044
0.00141901
0.00141842
0.00141973
0.0014244
0.00143393
0.00144971
0.00147311
0.00150532
0.00154719
0.00159918
0.00166132
0.0017332
0.0018142
0.0019037
0.00200135
0.00210743
0.00222309
0.00235053
0.00249302
0.0026545
0.00283833
0.00304499
0.00326831
0.00349388
0.00368445
0.00377207
0.00376608
0.00360427
0.00328001
0.00286867
0.00258566
0.00252157
0.00244849
0.000416322
4.86338e-05
0.00032953
0.000494146
0.000602481
0.000688945
0.000764346
0.00083318
0.000897793
0.000959645
0.00101981
0.00107926
0.00113877
0.00119917
0.00126137
0.00132637
0.00139524
0.00146906
0.00154885
0.00163538
0.00172885
0.00182854
0.00193234
0.00203637
0.00213519
0.0022221
0.00228761
0.00231866
0.00231898
0.00228133
0.00220537
0.00209614
0.00196413
0.00182449
0.00169244
0.00158092
0.00149782
0.00144384
0.00141492
0.00140207
0.00139769
0.00139702
0.00139784
0.00139819
0.0013972
0.00139473
0.00139113
0.00138718
0.00138412
0.0013831
0.00138531
0.00139263
0.00140659
0.00142871
0.00146034
0.0015025
0.00155573
0.00162003
0.00169489
0.00177941
0.00187265
0.00197389
0.00208305
0.00220099
0.00232978
0.00247286
0.00263481
0.00282038
0.00303252
0.00326855
0.00351533
0.00374407
0.00388384
0.00391198
0.00379009
0.00347382
0.00303191
0.00264026
0.00249657
0.00243323
0.00041341
4.8527e-05
0.000329895
0.000493992
0.000601808
0.000687773
0.000762856
0.000831567
0.00089624
0.00095831
0.0010188
0.00107858
0.00113849
0.00119942
0.00126226
0.00132792
0.00139741
0.00147172
0.00155179
0.00163827
0.00173128
0.00183001
0.0019324
0.00203502
0.00213213
0.0022162
0.00227897
0.00230851
0.00230769
0.00226929
0.0021934
0.0020849
0.0019542
0.001816
0.00168513
0.0015737
0.00148993
0.00143448
0.00140299
0.00138779
0.00138139
0.00137897
0.00137787
0.00137629
0.00137333
0.00136881
0.00136312
0.00135704
0.00135166
0.00134869
0.00134874
0.00135404
0.00136629
0.00138718
0.00141824
0.00146069
0.00151517
0.0015817
0.00165965
0.0017479
0.00184513
0.00195026
0.00206277
0.00218326
0.00231348
0.00245698
0.00261877
0.00280461
0.00301966
0.00326442
0.0035294
0.00378896
0.00398228
0.00404824
0.00396942
0.00367119
0.00320412
0.00271732
0.00248565
0.0023967
0.000406626
4.83204e-05
0.000329793
0.000493374
0.000600399
0.000685781
0.000760474
0.000828967
0.000893575
0.00095573
0.00101647
0.00107662
0.00113697
0.00119831
0.00126151
0.00132749
0.00139723
0.0014717
0.00155176
0.00163801
0.00173053
0.00182848
0.00192975
0.00203052
0.00212526
0.0022071
0.00226832
0.00229766
0.0022969
0.00225938
0.00218524
0.00207921
0.00195164
0.00181584
0.00168565
0.00157359
0.00148719
0.00142834
0.00139332
0.00137489
0.00136592
0.00136148
0.0013585
0.00135515
0.00135046
0.00134425
0.00133685
0.00132903
0.00132185
0.00131693
0.0013154
0.00131895
0.0013297
0.00134949
0.00138007
0.00142282
0.00147856
0.00154735
0.00162845
0.00172052
0.00182191
0.00193111
0.00204715
0.00217041
0.00230241
0.00244626
0.00260713
0.00279211
0.00300806
0.00325841
0.00353768
0.00382356
0.00406657
0.00417509
0.004141
0.00387027
0.0033865
0.00282976
0.00248402
0.00236197
0.000401153
4.80536e-05
0.000329333
0.000492111
0.000598359
0.000683116
0.000757346
0.000825535
0.000889985
0.000952111
0.00101293
0.00107326
0.00113388
0.00119559
0.00125917
0.00132548
0.00139543
0.00146995
0.00154983
0.00163561
0.00172728
0.00182392
0.00192341
0.00202211
0.002115
0.00219539
0.00225585
0.0022862
0.00228667
0.00225157
0.00218084
0.00207899
0.00195394
0.00181967
0.00169006
0.00157698
0.0014886
0.00142617
0.00138646
0.00136396
0.00135185
0.00134501
0.00134009
0.00133508
0.00132892
0.00132134
0.00131263
0.0013035
0.001295
0.00128856
0.00128578
0.00128799
0.00129755
0.00131648
0.00134671
0.00138984
0.00144688
0.00151793
0.00160218
0.00169812
0.00180368
0.0019171
0.0020372
0.0021636
0.0022973
0.00244141
0.0026012
0.00278406
0.00299885
0.00325213
0.00354201
0.00385046
0.00413566
0.00429409
0.00430241
0.00406775
0.00357571
0.00296147
0.00250254
0.00232229
0.000395475
4.77786e-05
0.000328283
0.000490313
0.000595753
0.000679831
0.000753532
0.000821338
0.00088554
0.000947537
0.00100832
0.00106871
0.00112945
0.00119129
0.00125501
0.00132143
0.00139141
0.00146578
0.00154524
0.00163024
0.00172071
0.00181584
0.00191362
0.0020106
0.00210191
0.00218131
0.0022417
0.00227407
0.00227689
0.00224555
0.00217949
0.00208176
0.00196079
0.0018294
0.00170058
0.00158591
0.00149406
0.00142765
0.00138314
0.00135573
0.00133979
0.0013301
0.00132306
0.00131643
0.00130899
0.00130035
0.0012907
0.0012807
0.00127134
0.00126393
0.00126025
0.0012616
0.00127037
0.00128876
0.0013189
0.00136258
0.00142098
0.00149432
0.00158166
0.00168145
0.00179145
0.00190938
0.00203311
0.00216153
0.00229629
0.00244051
0.00259947
0.00278066
0.002993
0.00324669
0.0035439
0.00387147
0.00419029
0.00440626
0.00445408
0.00426211
0.00377098
0.00310738
0.00253793
0.00228737
0.000391445
4.74122e-05
0.000326589
0.000487994
0.000592617
0.000675978
0.000749093
0.000816447
0.000880318
0.000942092
0.00100275
0.00106307
0.0011238
0.00118564
0.00124933
0.00131565
0.0013854
0.00145934
0.00153814
0.00162219
0.0017114
0.00180496
0.00190098
0.00199627
0.00208623
0.00216502
0.00222594
0.00226109
0.00226732
0.00224085
0.00218051
0.00208872
0.00197374
0.00184616
0.00171848
0.00160219
0.00150589
0.00143342
0.00138397
0.00135106
0.00133052
0.00131742
0.00130795
0.0012996
0.00129097
0.0012815
0.00127125
0.00126078
0.00125101
0.00124321
0.00123904
0.00124004
0.00124848
0.00126676
0.00129717
0.00134163
0.00140156
0.00147733
0.00156812
0.00167199
0.00178604
0.001907
0.00203329
0.0021643
0.00230055
0.00244471
0.00260201
0.00278045
0.00299062
0.0032427
0.00354443
0.00388736
0.00423615
0.00450626
0.00459762
0.0044514
0.00396987
0.00326451
0.0025913
0.00225476
0.000388965
4.69574e-05
0.000324366
0.000485174
0.00058899
0.000671606
0.000744089
0.000810928
0.000874395
0.00093586
0.000996285
0.00105644
0.00111703
0.00117873
0.00124225
0.00130831
0.00137765
0.001451
0.00152895
0.00161187
0.00169965
0.00179153
0.00188576
0.00197939
0.00206817
0.00214666
0.00220858
0.00224701
0.00225762
0.00223694
0.0021834
0.00209947
0.00199124
0.0018685
0.00174276
0.0016252
0.0015247
0.00144588
0.00138912
0.00135124
0.00132515
0.00130788
0.00129547
0.00128515
0.00127529
0.00126509
0.00125448
0.00124387
0.00123412
0.00122642
0.00122231
0.00122349
0.00123205
0.00125073
0.00128194
0.00132787
0.00138995
0.00146843
0.00156228
0.00166888
0.00178571
0.0019102
0.00203979
0.00217315
0.00231056
0.00245443
0.00260982
0.00278487
0.00299082
0.00324073
0.00354437
0.00389914
0.00427428
0.00459503
0.00473298
0.0046346
0.00417072
0.00342683
0.00266249
0.00222728
0.000388041
4.64287e-05
0.000321683
0.00048189
0.000584906
0.000666763
0.000738579
0.000804851
0.000867847
0.000928926
0.000989033
0.00104892
0.00110926
0.00117069
0.0012339
0.00129955
0.00136834
0.00144093
0.00151788
0.0015995
0.00168572
0.00177582
0.00186822
0.00196021
0.00204793
0.00212634
0.00218961
0.00223158
0.00224729
0.00223329
0.00218812
0.00211271
0.00201248
0.00189583
0.00177317
0.00165516
0.00155084
0.00146575
0.00140121
0.00135579
0.00132511
0.00130279
0.00128667
0.0012739
0.00126254
0.00125158
0.0012407
0.0012302
0.0012208
0.00121364
0.00121018
0.001212
0.00122131
0.0012413
0.00127413
0.00132184
0.00138563
0.00146596
0.00156203
0.00167186
0.00179232
0.00192012
0.00205245
0.00218767
0.00232581
0.00246905
0.00262223
0.00279351
0.00299464
0.00324027
0.00354365
0.00390747
0.00430574
0.00467218
0.00486028
0.00481135
0.00437396
0.00359842
0.00274261
0.00220463
0.000388072
4.5822e-05
0.00031854
0.000478171
0.000580406
0.000661496
0.000732619
0.000798282
0.00086075
0.000921373
0.00098108
0.0010406
0.00110059
0.00116165
0.00122442
0.00128953
0.00135763
0.00142932
0.00150512
0.00158533
0.00166987
0.00175811
0.00184862
0.00193898
0.00202569
0.00210416
0.00216902
0.00221462
0.00223588
0.00222913
0.0021934
0.00212752
0.0020365
0.00192733
0.00180919
0.001692
0.00158477
0.0014938
0.00142172
0.00136773
0.0013298
0.00130327
0.00128301
0.00126703
0.00125372
0.00124172
0.00123051
0.0012202
0.00121138
0.00120509
0.00120279
0.00120582
0.00121654
0.00123805
0.00127231
0.00132158
0.00138749
0.00147047
0.00156956
0.00168247
0.00180592
0.00193641
0.00207087
0.00220739
0.00234576
0.00248793
0.00263855
0.00280567
0.00300135
0.00324146
0.00354245
0.00391188
0.00433147
0.00473732
0.00498041
0.00498029
0.00457591
0.00377629
0.00283614
0.00218893
0.000390769
4.51533e-05
0.000314994
0.000474052
0.000575528
0.000655851
0.000726262
0.000791283
0.000853177
0.000913283
0.000972517
0.00103159
0.00109113
0.00115172
0.00121394
0.0012784
0.00134569
0.00141636
0.0014909
0.00156958
0.00165235
0.00173865
0.00182723
0.00191594
0.00200163
0.00208019
0.00214672
0.00219599
0.00222303
0.00222383
0.00219804
0.00214291
0.00206221
0.00196194
0.00184998
0.00173531
0.00162662
0.00153073
0.00145144
0.00138936
0.00134266
0.00130926
0.00128497
0.00126607
0.00125023
0.00123668
0.00122483
0.0012146
0.00120643
0.00120122
0.00120036
0.0012047
0.00121714
0.00124071
0.00127725
0.00132898
0.00139747
0.00148311
0.00158488
0.00170035
0.00182616
0.00195862
0.0020945
0.00223168
0.00236973
0.00251035
0.00265801
0.00282057
0.00301029
0.00324402
0.00354083
0.00391329
0.00435042
0.0047913
0.00509516
0.00514099
0.00477658
0.0039598
0.0029385
0.00217954
0.000395093
4.4436e-05
0.000311104
0.000469564
0.000570305
0.000649871
0.000719562
0.000783917
0.000845197
0.000904734
0.000963434
0.00102199
0.001081
0.00114102
0.00120261
0.00126631
0.00133268
0.00140224
0.00147542
0.00155248
0.0016334
0.00171771
0.0018043
0.0018913
0.00197594
0.00205453
0.00212266
0.00217552
0.00220835
0.00221708
0.00220085
0.00215768
0.00208831
0.00199835
0.00189435
0.00178419
0.001676
0.00157678
0.00149125
0.00142135
0.00136656
0.00132472
0.00129383
0.00127064
0.00125241
0.00123743
0.00122485
0.00121451
0.00120682
0.00120275
0.00120343
0.00120952
0.00122437
0.00125053
0.00128979
0.00134431
0.0014155
0.00150367
0.00160771
0.00172514
0.00185254
0.00198616
0.00212266
0.00225977
0.00239687
0.00253544
0.00267968
0.00283732
0.00302063
0.00324721
0.0035384
0.00391182
0.00436237
0.00483646
0.00519883
0.00529449
0.00497507
0.00414867
0.00305247
0.0021757
0.000401696
4.36726e-05
0.000306885
0.000464736
0.000564775
0.000643598
0.000712568
0.00077624
0.000836877
0.000895803
0.000953915
0.00101189
0.0010703
0.00112968
0.00119054
0.0012534
0.00131877
0.00138713
0.00145887
0.00153425
0.00161327
0.00169552
0.00178008
0.00186531
0.0019488
0.0020273
0.00209686
0.00215309
0.00219156
0.00220825
0.00220111
0.00217059
0.00211343
0.00203504
0.00194073
0.00183723
0.00173187
0.00163151
0.00154142
0.00146467
0.00140202
0.00135245
0.00131394
0.00128439
0.00126196
0.00124441
0.00123053
0.00121996
0.00121298
0.00121054
0.00121289
0.00122129
0.00123907
0.00126811
0.00131035
0.00136775
0.00144155
0.00153191
0.00163764
0.00175626
0.00188436
0.00201821
0.00215444
0.00229069
0.00242616
0.00256213
0.00270256
0.00285492
0.0030314
0.0032502
0.00353439
0.00390635
0.00436732
0.00487287
0.00529176
0.00544048
0.00517051
0.00434181
0.00317572
0.00217535
0.000410907
4.28714e-05
0.000302382
0.000459604
0.00055897
0.00063707
0.000705324
0.000768306
0.000828278
0.000886561
0.000944043
0.00100138
0.00105914
0.00111781
0.00117788
0.00123983
0.00130414
0.00137123
0.00144147
0.00151512
0.00159218
0.00167234
0.00175481
0.0018382
0.00192042
0.00199864
0.00206937
0.00212866
0.00217241
0.00219685
0.00219915
0.00218013
0.00213632
0.00207039
0.00198732
0.00189258
0.00179257
0.00169367
0.00160138
0.00151951
0.00144999
0.00139296
0.00134735
0.00131151
0.00128354
0.00126206
0.00124592
0.00123453
0.00122794
0.00122697
0.00123071
0.00124142
0.00126221
0.00129419
0.00133939
0.00139949
0.00147551
0.00156745
0.00167407
0.00179292
0.00192071
0.00205377
0.00218878
0.00232333
0.00245649
0.00258933
0.00272554
0.0028723
0.00304159
0.00325164
0.00352826
0.00389726
0.00436776
0.00490071
0.00537331
0.0055785
0.00536233
0.00453981
0.0033101
0.00218754
0.000423845
4.20402e-05
0.000297636
0.000454203
0.000552924
0.000630323
0.000697873
0.000760164
0.000819459
0.000877076
0.000933894
0.000990561
0.00104761
0.00110552
0.00116475
0.00122574
0.00128892
0.0013547
0.00142341
0.00149529
0.00157038
0.00164841
0.00172875
0.00181022
0.00189103
0.00196875
0.00204032
0.00210223
0.00215074
0.00218229
0.00219395
0.00218512
0.00215532
0.00210268
0.00203212
0.00194804
0.00185582
0.0017612
0.0016695
0.00158498
0.00151041
0.00144698
0.00139463
0.00135245
0.00131912
0.00129342
0.00127433
0.00126125
0.00125419
0.001254
0.00125878
0.00127149
0.00129484
0.00132952
0.00137728
0.00143952
0.00151703
0.00160966
0.00171612
0.0018341
0.00196043
0.00209163
0.00222445
0.00235646
0.00248663
0.00261582
0.00274744
0.00288836
0.00305037
0.00325165
0.00351929
0.0038833
0.0043599
0.00491746
0.00544259
0.00570804
0.00554968
0.00474224
0.00345389
0.00220264
0.000439404
4.11855e-05
0.00029268
0.000448561
0.000546665
0.000623391
0.000690254
0.000751859
0.000810473
0.000867409
0.000923542
0.000979505
0.00103582
0.00109293
0.00115127
0.00121126
0.00127328
0.00133771
0.00140487
0.00147497
0.00154806
0.00162396
0.00170213
0.0017816
0.00186086
0.00193783
0.00200988
0.0020739
0.00212654
0.00216451
0.00218489
0.00218542
0.00216882
0.00213052
0.00207321
0.00200126
0.001919
0.00183134
0.00174322
0.00165896
0.00158185
0.00151392
0.00145601
0.00140805
0.00136939
0.00133919
0.00131668
0.00130135
0.0012932
0.00129317
0.00129857
0.00131263
0.00133788
0.00137455
0.00142405
0.0014875
0.00156543
0.00165756
0.00176265
0.0018785
0.00200219
0.00213043
0.00226008
0.00238875
0.0025153
0.00264038
0.00276709
0.00290192
0.00305606
0.00324847
0.00350662
0.00386418
0.00434457
0.00492414
0.00549933
0.00582858
0.00573191
0.00494891
0.00360906
0.00223094
0.000460026
4.03135e-05
0.000287551
0.000442704
0.000540222
0.000616304
0.000682501
0.000743433
0.000801369
0.00085762
0.000913054
0.000968295
0.00102384
0.00108013
0.00113756
0.00119652
0.00125737
0.00132044
0.00138603
0.00145435
0.00152546
0.00159922
0.0016752
0.0017526
0.00183017
0.00190614
0.00197827
0.00204386
0.00209994
0.00214352
0.00217184
0.0021827
0.00217621
0.00215228
0.00210872
0.00204991
0.00197928
0.00190094
0.00181923
0.00173827
0.00166155
0.00159163
0.0015301
0.00147766
0.00143437
0.0013999
0.00137382
0.00135584
0.00134601
0.00134537
0.00135085
0.00136537
0.00139152
0.00142909
0.00147916
0.00154253
0.00161954
0.0017098
0.00181216
0.0019246
0.00204446
0.00216868
0.00229427
0.00241887
0.00254124
0.0026618
0.00278334
0.0029119
0.00305807
0.00324147
0.00348957
0.00383936
0.00432172
0.00492396
0.00554442
0.00594016
0.00590761
0.00515906
0.0037742
0.00226631
0.00048456
3.94304e-05
0.000282282
0.000436661
0.000533619
0.000609089
0.000674645
0.000734922
0.000792192
0.000847762
0.000902495
0.000957005
0.00101178
0.00106723
0.00112374
0.00118166
0.00124132
0.00130304
0.00136707
0.00143362
0.00150276
0.0015744
0.00164818
0.00172346
0.00179921
0.00187394
0.00194576
0.00201236
0.00207114
0.00211943
0.00215466
0.00217483
0.00217757
0.00216619
0.00213731
0.00209199
0.00203406
0.00196679
0.00189386
0.00181899
0.00174561
0.00167653
0.00161383
0.00155885
0.00151225
0.00147429
0.00144496
0.00142423
0.00141229
0.00141023
0.0014152
0.00142911
0.00145495
0.00149207
0.00154126
0.00160308
0.00167767
0.00176463
0.00186289
0.00197069
0.00208561
0.00220485
0.00232559
0.00244548
0.00256319
0.00267893
0.00279497
0.00291658
0.0030559
0.00322993
0.0034674
0.00380804
0.00428954
0.00490938
0.00557397
0.00604251
0.00607545
0.00537229
0.00395091
0.00231528
0.00051499
3.85423e-05
0.000276913
0.00043046
0.000526881
0.000601771
0.000666715
0.000726361
0.000782983
0.000837885
0.000891923
0.000945706
0.000999706
0.00105432
0.0011099
0.00116679
0.00122527
0.00128565
0.00134815
0.00141297
0.00148017
0.00154971
0.0016213
0.00169443
0.00176824
0.00184152
0.00191267
0.00197972
0.00204046
0.00209249
0.00213351
0.00216146
0.00217458
0.00217261
0.00215743
0.00212589
0.00208107
0.00202594
0.00196352
0.00189701
0.00182959
0.00176407
0.00170281
0.00164753
0.00159943
0.00155926
0.00152742
0.0015042
0.00148998
0.00148581
0.00148973
0.001502
0.00152614
0.00156139
0.00160823
0.00166698
0.00173769
0.00181997
0.0019129
0.00201495
0.00212398
0.00223744
0.00235268
0.00246734
0.00258002
0.00269035
0.00280045
0.00291677
0.00304843
0.00321303
0.00343951
0.0037699
0.00424845
0.00488314
0.00558771
0.00613353
0.00623487
0.00558791
0.00413788
0.00237443
0.000550748
3.76553e-05
0.00027148
0.000424129
0.00052003
0.000594372
0.000658736
0.000717779
0.000773779
0.000828034
0.000881396
0.000934466
0.000987705
0.00104149
0.00109616
0.00115203
0.00120936
0.00126842
0.00132943
0.00139256
0.00145788
0.00152536
0.00159479
0.00166575
0.00173754
0.00180917
0.00187931
0.00194632
0.00200827
0.00206312
0.00210879
0.00214337
0.00216542
0.00217263
0.00216797
0.00215046
0.00211861
0.00207603
0.0020251
0.00196851
0.00190906
0.00184941
0.00179194
0.00173862
0.00169098
0.00165012
0.00161685
0.00159175
0.00157536
0.00156868
0.00157109
0.00158098
0.00160197
0.00163413
0.00167727
0.00173161
0.00179715
0.00187359
0.00196016
0.00205557
0.00215797
0.00226503
0.00237428
0.0024833
0.00259015
0.00269517
0.00280073
0.00291084
0.00303494
0.00319015
0.00340537
0.00372452
0.00419814
0.00484561
0.00559114
0.006211
0.00638572
0.00580466
0.00433608
0.00244766
0.000593331
3.67753e-05
0.000266021
0.000417698
0.000513089
0.000586912
0.000650731
0.000709206
0.000764615
0.000818254
0.000870966
0.000923349
0.000975851
0.00102884
0.00108262
0.0011375
0.00119371
0.0012515
0.00131107
0.00137256
0.00143605
0.00150154
0.00156884
0.00163764
0.00170736
0.0017772
0.00184604
0.00191253
0.00197504
0.00203182
0.00208102
0.00212092
0.00215003
0.00216715
0.00217083
0.0021643
0.00214581
0.00211547
0.00207627
0.00203039
0.00198019
0.00192806
0.00187627
0.00182684
0.00178146
0.00174148
0.00170799
0.0016818
0.00166365
0.00165438
0.00165488
0.00166186
0.00167881
0.00170689
0.00174526
0.00179413
0.00185354
0.00192326
0.00200273
0.00209088
0.00218612
0.00228635
0.00238904
0.00249165
0.00259353
0.00269407
0.0027942
0.00289819
0.00301492
0.00316083
0.00336459
0.0036715
0.00413786
0.0047947
0.00557879
0.00627292
0.00652611
0.00602173
0.00454482
0.00253522
0.000642704
3.59085e-05
0.000260577
0.000411196
0.000506079
0.000579412
0.000642722
0.000700666
0.000755524
0.000808585
0.000860687
0.00091242
0.00096422
0.00101644
0.00106938
0.00112331
0.00117845
0.00123503
0.00129321
0.00135314
0.00141488
0.00147844
0.00154368
0.00161034
0.00167796
0.00174588
0.00181319
0.00187877
0.00194125
0.00199914
0.00205083
0.00209479
0.00212961
0.00215422
0.00216728
0.00216893
0.00216159
0.00214347
0.00211561
0.00208051
0.00204009
0.00199643
0.00195157
0.00190744
0.00186577
0.00182803
0.00179546
0.00176908
0.00174973
0.00173827
0.00173593
0.00174035
0.00175299
0.00177619
0.00180907
0.00185179
0.00190445
0.00196695
0.00203889
0.00211942
0.0022072
0.0023
0.00239573
0.00249323
0.0025901
0.00268548
0.00278035
0.00287845
0.00298803
0.0031248
0.00331694
0.0036107
0.00406749
0.00472996
0.00554836
0.00631649
0.00665476
0.00623732
0.00476404
0.00263876
0.000699735
3.50607e-05
0.000255187
0.000404656
0.000499025
0.000571892
0.00063473
0.000692187
0.00074654
0.000799072
0.000850611
0.000901742
0.000952892
0.0010044
0.00105655
0.00110958
0.00116372
0.00121914
0.00127601
0.00133445
0.00139453
0.00145624
0.0015195
0.00158407
0.00164959
0.00171552
0.00178112
0.00184545
0.00190739
0.00196566
0.00201891
0.00206576
0.00210494
0.00213538
0.00215634
0.00216644
0.0021668
0.00215948
0.0021426
0.00211775
0.00208701
0.00205207
0.00201474
0.00197675
0.00193978
0.0019053
0.00187461
0.00184883
0.00182892
0.00181576
0.00181042
0.00181242
0.00182087
0.0018387
0.00186584
0.00190217
0.00194785
0.00200295
0.00206721
0.00214002
0.00221982
0.00230547
0.0023955
0.00248721
0.00257877
0.00266916
0.00275898
0.00285145
0.00295413
0.00308196
0.00326238
0.00354211
0.00398704
0.0046515
0.00550078
0.00633715
0.00677052
0.00644963
0.00499361
0.00275942
0.000764539
3.4238e-05
0.000249895
0.000398115
0.000491952
0.000564375
0.000626778
0.000683797
0.000737699
0.000789759
0.000840796
0.000891386
0.000941946
0.000992801
0.00104422
0.00109643
0.00114963
0.00120398
0.00125962
0.00131667
0.00137517
0.00143514
0.00149648
0.00155903
0.00162247
0.00168637
0.00175013
0.00181296
0.00187393
0.00193198
0.00198596
0.00203466
0.00207694
0.00211181
0.00213848
0.00215642
0.00216445
0.00216404
0.00215716
0.002142
0.00212028
0.00209377
0.00206398
0.00203245
0.00200067
0.00197007
0.00194193
0.00191741
0.0018975
0.00188314
0.00187523
0.00187464
0.00187944
0.00189194
0.00191342
0.00194341
0.0019822
0.00202999
0.00208665
0.00215137
0.002224
0.00230325
0.00238694
0.00247297
0.00255941
0.00264504
0.00273006
0.00281719
0.00291328
0.00303236
0.00320098
0.0034658
0.00389642
0.00455873
0.00543592
0.0063425
0.00687218
0.00665573
0.00523291
0.00289851
0.000837592
3.34466e-05
0.000244742
0.000391611
0.000484891
0.000556884
0.000618892
0.000675526
0.000729039
0.000780695
0.000831302
0.000881425
0.00093147
0.00098175
0.00103252
0.00108398
0.00113632
0.00118969
0.0012442
0.00129994
0.00135697
0.00141529
0.00147482
0.00153542
0.00159684
0.00165871
0.00172053
0.00178167
0.00184134
0.00189867
0.00195267
0.00200231
0.00204659
0.00208458
0.00211553
0.00213886
0.00215427
0.00216084
0.00215998
0.00215361
0.00214021
0.00212143
0.00209875
0.00207349
0.00204698
0.00202052
0.00199532
0.00197251
0.00195309
0.00193805
0.00192822
0.00192457
0.00192662
0.0019344
0.00195032
0.00197427
0.00200651
0.00204711
0.00209615
0.00215403
0.0022199
0.00229247
0.00237005
0.0024506
0.00253215
0.00261325
0.00269377
0.00277586
0.00286565
0.00297623
0.003133
0.00338208
0.00379574
0.0044506
0.00534896
0.00632268
0.00695611
0.00685184
0.00548166
0.0030579
0.000918961
3.26932e-05
0.000239777
0.000385187
0.000477874
0.000549451
0.000611105
0.000667413
0.000720609
0.000771941
0.000822201
0.000871944
0.000921562
0.000971355
0.00102156
0.00107237
0.00112394
0.00117642
0.00122989
0.00128444
0.0013401
0.00139687
0.00145469
0.00151344
0.00157289
0.00163275
0.0016926
0.00175191
0.00181003
0.00186623
0.00191968
0.0019695
0.00201481
0.00205479
0.00208871
0.00211601
0.00213631
0.00214948
0.00215498
0.00215368
0.00214764
0.00213577
0.0021195
0.00210002
0.00207849
0.00205609
0.00203393
0.00201308
0.00199453
0.0019792
0.00196796
0.00196166
0.00196108
0.00196511
0.00197574
0.00199414
0.00202008
0.00205414
0.00209683
0.00214797
0.00220713
0.00227335
0.00234508
0.0024204
0.00249729
0.00257413
0.00265043
0.00272779
0.0028116
0.00291391
0.00305882
0.00329142
0.00368562
0.00432767
0.00523944
0.0062728
0.0070215
0.00703578
0.00573908
0.00323924
0.00100868
3.19849e-05
0.000235048
0.000378893
0.000470943
0.000542113
0.000603457
0.000659506
0.000712467
0.000763566
0.000813579
0.000863043
0.000912336
0.000961742
0.00101148
0.00106174
0.00111264
0.00116432
0.00121686
0.00127031
0.00132471
0.00138004
0.00143626
0.00149324
0.00155081
0.0016087
0.00166656
0.00172396
0.00178036
0.00183512
0.00188757
0.00193694
0.00198249
0.00202347
0.00205923
0.00208922
0.00211303
0.00213046
0.00214148
0.00214605
0.00214447
0.00213819
0.00212735
0.002113
0.00209596
0.00207731
0.00205807
0.00203921
0.00202168
0.00200638
0.00199416
0.00198588
0.00198238
0.00198371
0.00198988
0.00200303
0.00202359
0.00205192
0.0020884
0.00213321
0.00218611
0.00224633
0.00231252
0.00238286
0.00245533
0.00252815
0.0026005
0.00267343
0.00275156
0.00284583
0.0029789
0.00319435
0.00356676
0.00419071
0.00510794
0.00619183
0.00705617
0.00720326
0.00600401
0.00344352
0.00110648
3.13295e-05
0.000230611
0.000372786
0.000464148
0.00053492
0.000596002
0.000651869
0.000704689
0.000755662
0.00080554
0.000854841
0.000903922
0.000953053
0.00100244
0.00105224
0.00110258
0.00115356
0.00120526
0.00125772
0.00131095
0.00136495
0.00141966
0.00147497
0.00153073
0.0015867
0.0016426
0.00169805
0.00175259
0.0018057
0.00185679
0.00190523
0.00195037
0.00199155
0.00202819
0.00205977
0.00208588
0.00210626
0.00212081
0.00212957
0.00213279
0.00213102
0.00212464
0.00211397
0.00210067
0.00208534
0.00206877
0.00205182
0.00203537
0.00202029
0.00200743
0.00199762
0.00199166
0.00199037
0.00199334
0.00200187
0.00201757
0.00204059
0.00207145
0.00211046
0.00215755
0.00221214
0.00227308
0.00233866
0.00240691
0.00247593
0.00254456
0.00261333
0.00268605
0.0027725
0.00289375
0.00309145
0.00343983
0.00404042
0.00495517
0.0060836
0.00706702
0.00735228
0.00627427
0.00367154
0.001212
3.0736e-05
0.000226529
0.000366932
0.000457552
0.000527934
0.000588813
0.000644586
0.000697376
0.000748345
0.000798217
0.000847481
0.000896476
0.00094545
0.000994591
0.00104404
0.00109392
0.0011443
0.00119525
0.00124681
0.00129897
0.00135172
0.00140501
0.00145873
0.00151275
0.00156687
0.00162082
0.0016743
0.00172691
0.00177821
0.00182769
0.00187482
0.00191904
0.00195978
0.00199651
0.00202876
0.00205614
0.00207836
0.00209528
0.00210687
0.00211327
0.00211477
0.00211239
0.00210589
0.00209544
0.00208246
0.00206782
0.00205235
0.00203688
0.00202213
0.00200889
0.00199794
0.00199015
0.0019863
0.00198686
0.00199164
0.00200277
0.00202112
0.00204694
0.00208065
0.00212236
0.00217167
0.00222761
0.00228864
0.00235282
0.00241818
0.00248328
0.00254812
0.00261567
0.00269452
0.00280395
0.00298337
0.0033056
0.00387737
0.00478005
0.0059425
0.00704211
0.00747536
0.00654726
0.00392444
0.00132465
3.02151e-05
0.000222874
0.000361413
0.000451234
0.000521243
0.000581987
0.000637773
0.000690661
0.000741765
0.000791772
0.000841139
0.000890179
0.000939117
0.000988123
0.00103733
0.00108682
0.00113669
0.00118697
0.00123768
0.00128884
0.00134042
0.00139235
0.00144456
0.0014969
0.0015492
0.00160125
0.00165275
0.00170338
0.00175275
0.00180044
0.00184599
0.0018889
0.00192869
0.00196489
0.00199708
0.00202488
0.00204801
0.00206631
0.00207969
0.00208823
0.00209208
0.00209166
0.00208809
0.00208061
0.00207017
0.00205759
0.00204361
0.00202895
0.00201445
0.00200088
0.001989
0.00197954
0.00197336
0.00197133
0.00197347
0.00198062
0.00199477
0.00201606
0.00204496
0.00208168
0.00212601
0.00217715
0.00223375
0.00229396
0.00235575
0.00241744
0.00247852
0.0025411
0.00261252
0.00271018
0.00287085
0.00316504
0.00370273
0.00458353
0.00576785
0.00696979
0.00756777
0.00681977
0.00420348
0.00144361
2.97792e-05
0.000219729
0.000356322
0.000445297
0.000514963
0.000575661
0.000631587
0.00068472
0.000736115
0.000786412
0.000836027
0.000885241
0.000934256
0.000983223
0.00103225
0.00108144
0.00113084
0.00118049
0.00123042
0.00128061
0.00133105
0.00138167
0.00143239
0.00148309
0.00153362
0.00158377
0.00163329
0.00168191
0.00172929
0.00177506
0.00181881
0.00186013
0.0018986
0.00193379
0.00196534
0.00199289
0.00201619
0.00203505
0.00204936
0.00205915
0.00206451
0.00206561
0.00206353
0.00205802
0.00204924
0.00203813
0.00202534
0.00201154
0.00199743
0.00198374
0.0019712
0.00196062
0.00195277
0.0019485
0.00194861
0.00195267
0.00196286
0.00198016
0.00200468
0.00203676
0.00207635
0.00212286
0.00217509
0.00223133
0.00228956
0.00234788
0.00240531
0.00246311
0.00252729
0.00261325
0.00275483
0.00301934
0.00351798
0.00436684
0.00556137
0.00685218
0.00761786
0.00708644
0.00450832
0.00156775
2.94477e-05
0.000217216
0.000351789
0.000439879
0.000509253
0.00057002
0.00062624
0.000679788
0.000731644
0.00078239
0.000832392
0.000881897
0.000931078
0.000980069
0.00102897
0.00107787
0.00112681
0.00117584
0.00122497
0.0012742
0.0013235
0.00137281
0.00142205
0.00147112
0.00151988
0.00156814
0.00161568
0.00166227
0.00170759
0.00175134
0.00179317
0.0018327
0.00186957
0.00190341
0.00193388
0.00196069
0.00198357
0.00200235
0.00201693
0.00202727
0.00203343
0.00203552
0.00203428
0.00203005
0.00202244
0.0020124
0.00200049
0.00198734
0.00197357
0.00195988
0.00194696
0.00193556
0.00192643
0.0019204
0.00191836
0.00192033
0.00192715
0.00194077
0.00196125
0.00198899
0.00202404
0.002066
0.00211386
0.00216609
0.00222068
0.00227561
0.00232945
0.00238263
0.0024398
0.00251424
0.00263665
0.00287027
0.00332528
0.00413166
0.00532075
0.00668902
0.00763667
0.0073426
0.00483852
0.00169585
2.92514e-05
0.000215483
0.000347971
0.000435165
0.000504334
0.000565321
0.000622018
0.000676171
0.000728665
0.000780007
0.000830513
0.000880391
0.000929782
0.000978806
0.00102756
0.00107612
0.00112456
0.00117292
0.0012212
0.00126941
0.00131752
0.00136547
0.00141321
0.00146062
0.00150758
0.00155393
0.00159948
0.001644
0.00168724
0.00172891
0.00176871
0.00180632
0.00184141
0.00187366
0.00190277
0.00192847
0.00195053
0.00196878
0.00198311
0.00199348
0.00199993
0.00200252
0.00200172
0.00199825
0.00199144
0.00198217
0.00197094
0.00195831
0.00194488
0.00193127
0.00191815
0.00190619
0.00189613
0.00188874
0.00188483
0.0018851
0.00188925
0.00189934
0.00191619
0.00193985
0.00197054
0.00200801
0.00205147
0.00209955
0.00215038
0.00220183
0.00225211
0.00230087
0.0023514
0.0024148
0.00251835
0.00272065
0.00312832
0.00388291
0.0050496
0.00647745
0.00762514
0.00757894
0.00519181
0.00182647
2.92895e-05
0.000214436
0.00034504
0.000431404
0.00050051
0.000561917
0.000619299
0.000674252
0.000727559
0.000779608
0.000830627
0.000880803
0.000930334
0.000979337
0.0010279
0.00107608
0.0011239
0.00117145
0.00121877
0.00126585
0.00131267
0.00135918
0.00140532
0.00145101
0.00149613
0.00154053
0.00158405
0.00162649
0.00166761
0.00170717
0.0017449
0.00178051
0.00181372
0.00184424
0.00187181
0.00189619
0.00191717
0.0019346
0.00194836
0.00195843
0.0019648
0.00196754
0.00196696
0.00196391
0.00195768
0.00194899
0.00193832
0.00192619
0.00191313
0.00189972
0.00188658
0.00187433
0.00186367
0.00185528
0.00184994
0.00184848
0.00185075
0.00185778
0.00187122
0.00189104
0.00191752
0.00195057
0.0019896
0.00203345
0.00208041
0.00212834
0.00217517
0.00221985
0.00226431
0.00231744
0.00240315
0.00257505
0.00293309
0.00362866
0.00475658
0.0062181
0.00755374
0.00778485
0.00556433
0.00195824
2.95314e-05
0.00021446
0.000343301
0.000428964
0.000498214
0.000560291
0.000618565
0.000674386
0.000728369
0.000780981
0.000832448
0.000882933
0.00093256
0.000981415
0.00102959
0.00107719
0.0011243
0.00117093
0.00121712
0.00126291
0.00130828
0.0013532
0.00139764
0.00144152
0.00148472
0.00152713
0.00156858
0.00160891
0.00164791
0.00168535
0.001721
0.0017546
0.0017859
0.00181465
0.00184062
0.00186359
0.00188338
0.00189984
0.00191289
0.00192248
0.00192862
0.00193135
0.00193088
0.00192812
0.00192236
0.0019142
0.00190411
0.00189254
0.00187998
0.00186697
0.00185405
0.00184181
0.00183088
0.00182189
0.00181555
0.00181262
0.00181346
0.00181805
0.00182827
0.00184461
0.00186714
0.00189593
0.0019306
0.00197024
0.00201334
0.00205788
0.00210163
0.00214298
0.00218266
0.00222729
0.00229704
0.00244012
0.00275007
0.00338211
0.0044587
0.00593572
0.00743306
0.00795822
0.00595274
0.00208985
3.00203e-05
0.000215393
0.000343238
0.000428433
0.000498016
0.000560733
0.000619789
0.000676469
0.000731336
0.000784653
0.000836551
0.00088716
0.000936589
0.000984986
0.00103248
0.00107918
0.00112518
0.00117058
0.00121543
0.00125971
0.00130345
0.00134664
0.00138923
0.00143117
0.00147238
0.00151273
0.00155209
0.0015903
0.00162719
0.00166254
0.00169615
0.00172779
0.00175724
0.00178427
0.00180868
0.00183028
0.0018489
0.00186443
0.00187677
0.0018859
0.00189182
0.00189457
0.00189426
0.00189185
0.00188665
0.00187914
0.00186978
0.00185898
0.00184717
0.00183484
0.00182249
0.00181065
0.00179988
0.00179075
0.00178391
0.00178002
0.00177979
0.00178259
0.00179012
0.00180347
0.00182251
0.00184744
0.00187809
0.00191383
0.00195344
0.00199513
0.00203669
0.00207617
0.00211345
0.00215323
0.00221268
0.00233394
0.00260014
0.00316352
0.00417699
0.00564546
0.00725912
0.00809634
0.00634701
0.00221985
3.08444e-05
0.000217825
0.000344426
0.000429512
0.000499658
0.000563419
0.000623667
0.00068143
0.000737039
0.000790666
0.000842522
0.00089277
0.000941569
0.000989086
0.00103548
0.0010809
0.00112546
0.00116938
0.00121258
0.00125512
0.00129702
0.00133829
0.00137892
0.00141884
0.00145799
0.00149626
0.00153353
0.00156966
0.00160449
0.00163784
0.00166952
0.00169932
0.00172706
0.00175253
0.00177554
0.00179594
0.00181358
0.00182836
0.00184019
0.00184907
0.00185499
0.00185799
0.00185811
0.00185628
0.00185196
0.00184543
0.00183717
0.00182754
0.00181692
0.00180576
0.00179449
0.00178361
0.00177361
0.001765
0.00175836
0.00175428
0.00175349
0.00175542
0.00176127
0.00177252
0.00178901
0.00181108
0.00183883
0.00187195
0.00190962
0.00195054
0.0019929
0.00203474
0.00207481
0.00211651
0.00217421
0.00228691
0.00253108
0.00303696
0.00396482
0.00537853
0.00706234
0.00820143
0.00674042
0.00234767
3.21984e-05
0.000222555
0.000347988
0.000433263
0.000504511
0.000569635
0.000630934
0.000689225
0.000744931
0.00079829
0.000849521
0.000898836
0.000946444
0.000992552
0.00103736
0.00108107
0.001124
0.00116605
0.00120726
0.00124778
0.00128765
0.00132687
0.00136543
0.00140329
0.00144037
0.0014766
0.00151186
0.00154603
0.00157896
0.00161049
0.00164046
0.00166869
0.001695
0.00171922
0.00174118
0.00176073
0.00177777
0.00179219
0.00180395
0.00181302
0.00181941
0.00182317
0.00182435
0.0018235
0.00182071
0.00181583
0.00180936
0.00180162
0.00179296
0.00178378
0.00177447
0.0017655
0.00175728
0.0017503
0.00174507
0.00174212
0.00174213
0.0017445
0.00175068
0.00176173
0.00177771
0.00179912
0.0018263
0.00185932
0.00189783
0.00194107
0.0019877
0.00203609
0.00208519
0.00213688
0.00220185
0.00231152
0.0025353
0.00300132
0.00387579
0.00521167
0.00690845
0.00827907
0.00710926
0.00247289
3.42897e-05
0.000230251
0.000355461
0.000441393
0.000513743
0.000579546
0.000641063
0.000699117
0.000754137
0.00080643
0.000856286
0.000903978
0.000949762
0.000993885
0.00103674
0.00107857
0.00111932
0.00115906
0.00119806
0.00123641
0.00127413
0.00131124
0.00134773
0.00138357
0.0014187
0.00145304
0.00148651
0.00151898
0.00155034
0.00158043
0.00160912
0.00163625
0.00166166
0.0016852
0.00170674
0.00172613
0.00174329
0.00175813
0.00177063
0.00178076
0.00178857
0.00179408
0.00179741
0.00179876
0.00179839
0.00179667
0.00179331
0.00178888
0.0017837
0.00177813
0.00177253
0.00176719
0.00176251
0.00175907
0.00175753
0.00175822
0.0017613
0.0017678
0.00177812
0.00179303
0.00181314
0.00183912
0.00187157
0.00191099
0.00195763
0.00201122
0.00207113
0.00213699
0.00220795
0.00228512
0.002376
0.00250414
0.00272408
0.00313923
0.00389806
0.00515508
0.00684098
0.00835364
0.00744376
0.00259804
3.7457e-05
0.000241938
0.000367564
0.000454219
0.000526891
0.000592416
0.000653095
0.000709831
0.000763151
0.000813473
0.000861186
0.000906612
0.000950002
0.000991998
0.00103259
0.00107186
0.00111008
0.00114754
0.00118434
0.00122056
0.00125626
0.00129145
0.00132614
0.0013603
0.00139389
0.00142685
0.00145911
0.00149055
0.00152109
0.00155059
0.00157894
0.00160601
0.00163166
0.00165575
0.00167821
0.00169889
0.00171771
0.00173465
0.00174968
0.00176282
0.00177411
0.0017836
0.00179139
0.00179761
0.0018021
0.00180526
0.00180735
0.00180871
0.00180971
0.00181072
0.00181214
0.00181449
0.00181826
0.00182388
0.00183191
0.00184281
0.00185697
0.00187518
0.00189804
0.00192626
0.00196073
0.00200235
0.00205203
0.00211063
0.00217892
0.00225745
0.00234648
0.00244536
0.00255408
0.0026731
0.00280631
0.00296953
0.00319989
0.00357693
0.00422584
0.00529863
0.00684421
0.00843236
0.0076881
0.00272606
4.20695e-05
0.000258245
0.000384827
0.000471552
0.000543123
0.000606852
0.000665357
0.000719655
0.000770385
0.000818085
0.000863301
0.000906422
0.000947574
0.000986993
0.00102512
0.00106227
0.00109861
0.00113435
0.00116964
0.00120457
0.00123921
0.00127359
0.00130774
0.00134165
0.00137529
0.00140863
0.0014416
0.00147415
0.00150619
0.00153764
0.0015684
0.00159837
0.00162744
0.00165543
0.00168177
0.00170667
0.00173025
0.00175257
0.00177367
0.0017936
0.00181241
0.0018302
0.00184708
0.0018632
0.00187899
0.00189462
0.0019103
0.00192629
0.00194299
0.00196078
0.00198013
0.00200167
0.002026
0.00205365
0.00208515
0.00212106
0.00216192
0.00220833
0.00226094
0.00232032
0.00238757
0.00246367
0.00254939
0.00264552
0.00275276
0.00287185
0.00300338
0.00314744
0.00330139
0.00346613
0.0036412
0.00383684
0.00407192
0.0044063
0.00493401
0.00581808
0.00714742
0.00859142
0.00781592
0.00281877
4.90766e-05
0.00028083
0.000408045
0.000492445
0.000560942
0.000621763
0.000678012
0.000730213
0.000779041
0.000825085
0.000868784
0.000910587
0.000951134
0.000990442
0.00102885
0.00106666
0.0011041
0.00114137
0.00117863
0.00121602
0.00125363
0.00129151
0.00132972
0.00136828
0.00140718
0.00144643
0.00148599
0.00152583
0.00156589
0.00160613
0.00164648
0.00168688
0.00172725
0.0017675
0.00180782
0.00184811
0.00188855
0.00192931
0.00197045
0.00201206
0.00205417
0.00209689
0.00214034
0.00218466
0.0022302
0.00227725
0.00232606
0.0023769
0.00243025
0.00248631
0.00254567
0.00260921
0.00267737
0.00275051
0.00282882
0.00291267
0.00300216
0.00309761
0.00319926
0.00330723
0.00342346
0.00354798
0.0036805
0.00382129
0.00397029
0.0041281
0.00429385
0.00446839
0.00464855
0.00483792
0.00502924
0.00523319
0.00544784
0.00572436
0.0061116
0.0067647
0.0077495
0.00883279
0.00787426
0.00285551
5.70524e-05
0.000307205
0.000436316
0.000519855
0.000588981
0.000651674
0.000709908
0.000765132
0.000818117
0.000869505
0.000919828
0.000969643
0.00101964
0.00107003
0.00112115
0.0011733
0.00122676
0.00128173
0.00133842
0.00139695
0.00145743
0.00151992
0.00158445
0.00165102
0.00171962
0.0017902
0.00186269
0.00193702
0.00201308
0.00209078
0.00217001
0.00225067
0.00233265
0.00241588
0.00250028
0.00258642
0.002675
0.00276608
0.00285941
0.00295475
0.00305182
0.00315048
0.0032506
0.00335216
0.00345516
0.00355978
0.00366602
0.00377416
0.00388426
0.00399608
0.0041109
0.00423025
0.00435304
0.00447891
0.0046073
0.00473841
0.0048717
0.00500767
0.00514576
0.00528714
0.00542985
0.00557519
0.00572303
0.00587462
0.00602964
0.00618957
0.00635309
0.00652256
0.00669252
0.00687181
0.00704291
0.0072256
0.00739027
0.00759583
0.00782898
0.00822314
0.00874873
0.00919244
0.00786306
0.00284959
7.38065e-05
0.000357201
0.000507847
0.000613248
0.000710204
0.000807282
0.000906333
0.00100803
0.00111258
0.00122043
0.00133216
0.00144829
0.00156927
0.00169522
0.00182614
0.00196187
0.00210222
0.0022469
0.00239556
0.0025478
0.00270319
0.00286126
0.00302153
0.0031835
0.00334667
0.00351059
0.00367476
0.00383877
0.00400221
0.00416472
0.00432592
0.00448565
0.00464338
0.00479952
0.00495267
0.00510574
0.00526029
0.00541467
0.00556758
0.0057183
0.00586623
0.00601126
0.00615313
0.00629211
0.00642805
0.00656146
0.00669214
0.00682086
0.00694698
0.00707159
0.00719349
0.00731235
0.00742809
0.00754225
0.00765458
0.00776666
0.00787797
0.00799036
0.00810268
0.00821691
0.00833158
0.00844853
0.00856632
0.00868694
0.00880905
0.00893414
0.0090613
0.00919154
0.00932244
0.00946119
0.00959033
0.00973169
0.00983525
0.00996648
0.0100517
0.0101253
0.00996795
0.00942044
0.00738427
0.0026341
0.000111835
0.000531421
0.000902631
0.00122324
0.0015274
0.00184558
0.00218384
0.00253557
0.00289394
0.0032551
0.00361748
0.00398015
0.00434188
0.00470119
0.0050565
0.00540623
0.00574883
0.00608293
0.00640731
0.00672096
0.00702303
0.00731291
0.00759006
0.00785425
0.00810524
0.00834312
0.00856786
0.00877981
0.00897911
0.00916631
0.00934165
0.00950582
0.0096591
0.00980215
0.00993577
0.0100586
0.0101687
0.0102678
0.010357
0.0104378
0.0105111
0.0105786
0.0106405
0.0106987
0.0107528
0.0108048
0.0108539
0.010902
0.0109484
0.0109951
0.0110408
0.0110875
0.0111334
0.0111808
0.0112274
0.0112759
0.0113237
0.0113739
0.0114236
0.0114759
0.0115284
0.0115834
0.0116394
0.011697
0.0117572
0.0118168
0.0118821
0.0119449
0.0120205
0.0120587
0.0121078
0.0120994
0.0120744
0.0119826
0.0117935
0.0113584
0.0105012
0.00895784
0.00603694
0.00240135
6.94884e-05
0.000148495
0.000253458
0.000341379
0.000419418
0.000491127
0.000560589
0.000630316
0.000701361
0.000773883
0.000847743
0.0009228
0.000998995
0.00107623
0.00115439
0.0012333
0.00131276
0.00139254
0.00147241
0.00155209
0.00163135
0.00170993
0.0017876
0.00186411
0.00193928
0.00201289
0.00208479
0.00215479
0.00222283
0.0022887
0.00235241
0.00241378
0.00247289
0.00252955
0.00258391
0.00263587
0.0026852
0.00273165
0.0027753
0.00281601
0.00285407
0.00288933
0.00292231
0.00295271
0.00298131
0.00300755
0.00303257
0.00305538
0.0030776
0.0030977
0.00311795
0.00313598
0.00315498
0.00317147
0.00318987
0.00320519
0.00322354
0.00323794
0.0032567
0.00327031
0.00328984
0.00330272
0.0033231
0.00333502
0.00335561
0.0033658
0.00338444
0.00339162
0.00340592
0.0034156
0.00343305
0.00344459
0.00345815
0.00346218
0.00345699
0.00343501
0.00337675
0.00324356
0.00293401
0.00211431
)
;

boundaryField
{
    movingWall
    {
        type            kqRWallFunction;
        value           nonuniform List<scalar> 
80
(
6.94884e-05
0.000148495
0.000253458
0.000341379
0.000419418
0.000491127
0.000560589
0.000630316
0.000701361
0.000773883
0.000847743
0.0009228
0.000998995
0.00107623
0.00115439
0.0012333
0.00131276
0.00139254
0.00147241
0.00155209
0.00163135
0.00170993
0.0017876
0.00186411
0.00193928
0.00201289
0.00208479
0.00215479
0.00222283
0.0022887
0.00235241
0.00241378
0.00247289
0.00252955
0.00258391
0.00263587
0.0026852
0.00273165
0.0027753
0.00281601
0.00285407
0.00288933
0.00292231
0.00295271
0.00298131
0.00300755
0.00303257
0.00305538
0.0030776
0.0030977
0.00311795
0.00313598
0.00315498
0.00317147
0.00318987
0.00320519
0.00322354
0.00323794
0.0032567
0.00327031
0.00328984
0.00330272
0.0033231
0.00333502
0.00335561
0.0033658
0.00338444
0.00339162
0.00340592
0.0034156
0.00343305
0.00344459
0.00345815
0.00346218
0.00345699
0.00343501
0.00337675
0.00324356
0.00293401
0.00211431
)
;
    }
    fixedWalls
    {
        type            kqRWallFunction;
        value           nonuniform List<scalar> 
240
(
2.74486e-07
1.34784e-06
2.93549e-06
4.8025e-06
6.84909e-06
8.99596e-06
1.11982e-05
1.34249e-05
1.56514e-05
1.78586e-05
2.00319e-05
2.216e-05
2.42344e-05
2.62486e-05
2.81976e-05
3.00767e-05
3.1881e-05
3.36069e-05
3.52517e-05
3.68127e-05
3.8287e-05
3.96721e-05
4.09651e-05
4.21635e-05
4.3265e-05
4.42673e-05
4.51686e-05
4.59674e-05
4.66626e-05
4.72537e-05
4.77406e-05
4.81235e-05
4.84033e-05
4.85818e-05
4.86577e-05
4.86338e-05
4.8527e-05
4.83204e-05
4.80536e-05
4.77786e-05
4.74122e-05
4.69574e-05
4.64287e-05
4.5822e-05
4.51533e-05
4.4436e-05
4.36726e-05
4.28714e-05
4.20402e-05
4.11855e-05
4.03135e-05
3.94304e-05
3.85423e-05
3.76553e-05
3.67753e-05
3.59085e-05
3.50607e-05
3.4238e-05
3.34466e-05
3.26932e-05
3.19849e-05
3.13295e-05
3.0736e-05
3.02151e-05
2.97792e-05
2.94477e-05
2.92514e-05
2.92895e-05
2.95314e-05
3.00203e-05
3.08444e-05
3.21984e-05
3.42897e-05
3.7457e-05
4.20695e-05
4.90766e-05
5.70524e-05
7.38065e-05
0.000111835
6.94884e-05
2.85276e-07
1.40207e-06
3.01773e-06
4.75282e-06
6.43057e-06
7.99606e-06
9.45093e-06
1.08131e-05
1.20997e-05
1.33223e-05
1.44895e-05
1.56111e-05
1.67057e-05
1.78114e-05
1.90016e-05
2.04026e-05
2.22276e-05
2.48113e-05
2.86547e-05
3.44925e-05
4.3221e-05
5.57286e-05
7.2323e-05
9.26731e-05
0.000115909
0.000140825
0.000168607
0.00020253
0.000243304
0.000287648
0.000334105
0.000376295
0.000403916
0.000414456
0.000416322
0.00041341
0.000406626
0.000401153
0.000395475
0.000391445
0.000388965
0.000388041
0.000388072
0.000390769
0.000395093
0.000401696
0.000410907
0.000423845
0.000439404
0.000460026
0.00048456
0.00051499
0.000550748
0.000593331
0.000642704
0.000699735
0.000764539
0.000837592
0.000918961
0.00100868
0.00110648
0.001212
0.00132465
0.00144361
0.00156775
0.00169585
0.00182647
0.00195824
0.00208985
0.00221985
0.00234767
0.00247289
0.00259804
0.00272606
0.00281877
0.00285551
0.00284959
0.0026341
0.00240135
0.00211431
2.74486e-07
1.33674e-06
2.7927e-06
4.28341e-06
5.68801e-06
6.96988e-06
8.14047e-06
9.21721e-06
1.02144e-05
1.11429e-05
1.20119e-05
1.28309e-05
1.36106e-05
1.43633e-05
1.51021e-05
1.58407e-05
1.65928e-05
1.73713e-05
1.81876e-05
1.9051e-05
1.99686e-05
2.09448e-05
2.19816e-05
2.30787e-05
2.42341e-05
2.54448e-05
2.67076e-05
2.80194e-05
2.93782e-05
3.07828e-05
3.22333e-05
3.37311e-05
3.52787e-05
3.68794e-05
3.85369e-05
4.02546e-05
4.20351e-05
4.38793e-05
4.57854e-05
4.77477e-05
4.97557e-05
5.17926e-05
5.38337e-05
5.58459e-05
5.77879e-05
5.96178e-05
6.13215e-05
6.30702e-05
6.46351e-05
6.59267e-05
6.68268e-05
6.74073e-05
6.76299e-05
6.73615e-05
6.65486e-05
6.52196e-05
6.33823e-05
6.10613e-05
5.83037e-05
5.51758e-05
5.1757e-05
4.81344e-05
4.4397e-05
4.06303e-05
3.69098e-05
3.32976e-05
2.98403e-05
2.6569e-05
2.34906e-05
2.06109e-05
1.79203e-05
1.54039e-05
1.30672e-05
1.08622e-05
8.75445e-06
6.73445e-06
4.80244e-06
2.98703e-06
1.39307e-06
2.85276e-07
)
;
    }
    frontAndBack
    {
        type            empty;
    }
}


// ************************************************************************* //
