/*--------------------------------*- C++ -*----------------------------------*\
  =========                 |
  \\      /  F ield         | OpenFOAM: The Open Source CFD Toolbox
   \\    /   O peration     | Website:  https://openfoam.org
    \\  /    A nd           | Version:  13
     \\/     M anipulation  |
\*---------------------------------------------------------------------------*/
FoamFile
{
    format      ascii;
    class       volScalarField;
    location    "1.1";
    object      nut;
}
// * * * * * * * * * * * * * * * * * * * * * * * * * * * * * * * * * * * * * //

dimensions      [0 2 -1 0 0 0 0];

internalField   nonuniform List<scalar> 
6400
(
7.42842e-10
3.5912e-09
7.42839e-09
1.13102e-08
1.48842e-08
1.80803e-08
2.09279e-08
2.34719e-08
2.575e-08
2.77919e-08
2.96212e-08
3.1259e-08
3.27252e-08
3.40393e-08
3.52208e-08
3.62894e-08
3.72649e-08
3.81665e-08
3.90133e-08
3.98241e-08
4.06168e-08
4.14091e-08
4.22181e-08
4.30603e-08
4.39517e-08
4.49078e-08
4.59434e-08
4.70729e-08
4.83094e-08
4.96647e-08
5.11491e-08
5.27702e-08
5.45329e-08
5.64382e-08
5.84829e-08
6.06594e-08
6.29548e-08
6.53516e-08
6.78269e-08
7.03531e-08
7.28975e-08
7.54223e-08
7.78829e-08
8.0234e-08
8.24685e-08
8.46625e-08
8.66693e-08
8.84562e-08
8.99938e-08
9.12632e-08
9.21452e-08
9.26398e-08
9.28513e-08
9.27041e-08
9.21187e-08
9.11142e-08
8.9695e-08
8.78702e-08
8.56552e-08
8.30718e-08
8.01473e-08
7.69142e-08
7.34096e-08
6.9673e-08
6.57426e-08
6.16549e-08
5.7443e-08
5.31357e-08
4.8756e-08
4.43213e-08
3.98457e-08
3.53285e-08
3.07725e-08
2.61785e-08
2.15531e-08
1.69298e-08
1.22921e-08
7.75585e-09
3.64959e-09
7.52041e-10
3.61724e-09
2.83107e-07
8.34642e-07
1.33629e-06
1.74654e-06
2.08431e-06
2.36897e-06
2.61375e-06
2.82696e-06
3.01396e-06
3.17845e-06
3.32331e-06
3.45093e-06
3.56348e-06
3.66298e-06
3.75138e-06
3.83058e-06
3.90242e-06
3.96869e-06
4.03115e-06
4.09152e-06
4.15149e-06
4.2127e-06
4.27679e-06
4.34532e-06
4.41982e-06
4.50174e-06
4.59248e-06
4.69328e-06
4.80525e-06
4.9293e-06
5.06606e-06
5.21585e-06
5.37864e-06
5.554e-06
5.74112e-06
5.93882e-06
6.14554e-06
6.3594e-06
6.57822e-06
6.79954e-06
7.02053e-06
7.23755e-06
7.44511e-06
7.63512e-06
7.80111e-06
7.9532e-06
8.0889e-06
8.20618e-06
8.31241e-06
8.38352e-06
8.42531e-06
8.45833e-06
8.46008e-06
8.43274e-06
8.37597e-06
8.28935e-06
8.17269e-06
8.02612e-06
7.8501e-06
7.64544e-06
7.41332e-06
7.15518e-06
6.87272e-06
6.56771e-06
6.24193e-06
5.89707e-06
5.53453e-06
5.15536e-06
4.76013e-06
4.34886e-06
3.92064e-06
3.47414e-06
3.0068e-06
2.514e-06
1.98751e-06
1.43311e-06
8.52553e-07
2.84837e-07
3.65273e-09
7.72788e-09
8.60184e-07
3.07775e-06
5.17439e-06
6.79814e-06
8.06162e-06
9.07643e-06
9.91574e-06
1.06242e-05
1.12303e-05
1.1753e-05
1.22055e-05
1.25982e-05
1.29395e-05
1.32365e-05
1.34964e-05
1.37254e-05
1.393e-05
1.4116e-05
1.42894e-05
1.44561e-05
1.4622e-05
1.47926e-05
1.49736e-05
1.51702e-05
1.53875e-05
1.56298e-05
1.59015e-05
1.6206e-05
1.6546e-05
1.69233e-05
1.73387e-05
1.77917e-05
1.82807e-05
1.88027e-05
1.93538e-05
1.9929e-05
2.05228e-05
2.11285e-05
2.17396e-05
2.23487e-05
2.29481e-05
2.35301e-05
2.40842e-05
2.46011e-05
2.50766e-05
2.55114e-05
2.59005e-05
2.62389e-05
2.65361e-05
2.67702e-05
2.69038e-05
2.70062e-05
2.70357e-05
2.6986e-05
2.68566e-05
2.66462e-05
2.63534e-05
2.5977e-05
2.55169e-05
2.49735e-05
2.43478e-05
2.36417e-05
2.28575e-05
2.19978e-05
2.10656e-05
2.00635e-05
1.89933e-05
1.78562e-05
1.66512e-05
1.53757e-05
1.40237e-05
1.25857e-05
1.10466e-05
9.37971e-06
7.54188e-06
5.47816e-06
3.14531e-06
8.64696e-07
7.67428e-09
1.23137e-08
1.45409e-06
5.43529e-06
9.30177e-06
1.22868e-05
1.45684e-05
1.63673e-05
1.783e-05
1.90466e-05
2.00761e-05
2.09575e-05
2.17172e-05
2.23753e-05
2.29483e-05
2.34513e-05
2.38933e-05
2.42852e-05
2.46377e-05
2.49613e-05
2.52661e-05
2.55622e-05
2.58601e-05
2.61697e-05
2.65004e-05
2.68613e-05
2.72605e-05
2.77047e-05
2.81999e-05
2.87506e-05
2.93592e-05
3.00264e-05
3.07509e-05
3.15288e-05
3.23544e-05
3.32199e-05
3.41162e-05
3.5033e-05
3.59592e-05
3.68835e-05
3.77946e-05
3.86811e-05
3.95317e-05
4.03348e-05
4.10802e-05
4.17641e-05
4.23835e-05
4.29352e-05
4.34145e-05
4.38175e-05
4.41423e-05
4.4386e-05
4.4516e-05
4.45722e-05
4.4534e-05
4.43884e-05
4.41349e-05
4.37714e-05
4.32953e-05
4.27042e-05
4.19961e-05
4.11694e-05
4.02231e-05
3.91568e-05
3.79707e-05
3.66651e-05
3.52407e-05
3.36977e-05
3.20355e-05
3.02519e-05
2.83426e-05
2.62992e-05
2.41083e-05
2.17483e-05
1.91856e-05
1.63678e-05
1.32124e-05
9.59614e-06
5.42176e-06
1.41499e-06
1.17944e-08
1.69946e-08
2.0112e-06
7.5139e-06
1.28991e-05
1.70986e-05
2.03275e-05
2.28725e-05
2.49362e-05
2.6651e-05
2.80999e-05
2.93384e-05
3.04058e-05
3.13312e-05
3.2137e-05
3.28411e-05
3.34631e-05
3.40192e-05
3.45246e-05
3.4994e-05
3.54413e-05
3.58792e-05
3.63234e-05
3.67872e-05
3.72833e-05
3.78237e-05
3.842e-05
3.90822e-05
3.98118e-05
4.06111e-05
4.148e-05
4.24156e-05
4.3412e-05
4.44601e-05
4.55482e-05
4.66631e-05
4.77899e-05
4.89139e-05
5.00201e-05
5.10944e-05
5.21241e-05
5.30973e-05
5.40031e-05
5.48316e-05
5.55794e-05
5.62433e-05
5.6821e-05
5.73108e-05
5.77111e-05
5.80205e-05
5.8238e-05
5.83543e-05
5.83577e-05
5.83106e-05
5.81338e-05
5.78485e-05
5.74528e-05
5.69438e-05
5.63178e-05
5.55703e-05
5.46967e-05
5.36919e-05
5.25508e-05
5.12681e-05
4.98387e-05
4.82574e-05
4.65192e-05
4.46187e-05
4.25497e-05
4.03047e-05
3.78737e-05
3.52422e-05
3.23895e-05
2.92844e-05
2.58795e-05
2.21016e-05
1.78365e-05
1.29203e-05
7.26089e-06
1.88529e-06
1.56288e-08
2.15923e-08
2.52548e-06
9.33149e-06
1.60121e-05
2.12769e-05
2.53594e-05
2.85903e-05
3.12118e-05
3.3386e-05
3.52197e-05
3.67859e-05
3.81359e-05
3.93083e-05
4.03329e-05
4.12353e-05
4.20384e-05
4.2763e-05
4.34286e-05
4.40539e-05
4.46575e-05
4.52583e-05
4.58717e-05
4.65128e-05
4.71961e-05
4.79335e-05
4.8734e-05
4.96025e-05
5.05449e-05
5.15602e-05
5.26434e-05
5.37871e-05
5.49791e-05
5.62039e-05
5.74439e-05
5.86801e-05
5.98935e-05
6.10659e-05
6.21808e-05
6.32241e-05
6.41842e-05
6.50528e-05
6.58251e-05
6.64997e-05
6.70736e-05
6.75472e-05
6.79221e-05
6.82006e-05
6.83852e-05
6.84784e-05
6.84825e-05
6.83878e-05
6.81777e-05
6.79811e-05
6.7638e-05
6.71979e-05
6.66663e-05
6.60403e-05
6.5315e-05
6.44842e-05
6.35399e-05
6.24729e-05
6.12725e-05
5.99268e-05
5.8423e-05
5.67478e-05
5.48873e-05
5.28271e-05
5.05526e-05
4.80477e-05
4.52945e-05
4.2271e-05
3.89484e-05
3.52868e-05
3.12281e-05
2.66847e-05
2.15241e-05
1.55668e-05
8.73958e-06
2.2853e-06
1.91153e-08
2.60308e-08
2.99782e-06
1.09367e-05
1.87376e-05
2.49425e-05
2.9794e-05
3.36532e-05
3.67917e-05
3.93955e-05
4.15913e-05
4.34668e-05
4.5085e-05
4.64931e-05
4.77283e-05
4.88219e-05
4.98014e-05
5.06917e-05
5.15162e-05
5.22973e-05
5.30565e-05
5.38142e-05
5.45889e-05
5.53975e-05
5.62547e-05
5.7172e-05
5.81569e-05
5.92129e-05
6.03398e-05
6.1532e-05
6.27788e-05
6.40628e-05
6.53645e-05
6.6662e-05
6.79326e-05
6.91542e-05
7.03062e-05
7.13711e-05
7.23347e-05
7.31866e-05
7.39204e-05
7.45332e-05
7.50249e-05
7.53982e-05
7.56572e-05
7.5808e-05
7.58573e-05
7.58124e-05
7.56808e-05
7.54693e-05
7.51847e-05
7.48189e-05
7.43484e-05
7.39405e-05
7.34365e-05
7.28312e-05
7.21716e-05
7.14537e-05
7.06722e-05
6.98197e-05
6.88859e-05
6.78574e-05
6.67179e-05
6.54482e-05
6.40264e-05
6.24288e-05
6.06298e-05
5.86031e-05
5.63217e-05
5.37577e-05
5.08822e-05
4.76629e-05
4.40619e-05
4.00301e-05
3.55004e-05
3.0375e-05
2.45116e-05
1.77259e-05
9.96809e-06
2.6331e-06
2.23077e-08
3.02743e-08
3.43056e-06
1.23694e-05
2.11503e-05
2.81949e-05
3.3744e-05
3.81809e-05
4.17997e-05
4.48062e-05
4.73434e-05
4.95121e-05
5.13855e-05
5.3019e-05
5.44567e-05
5.57351e-05
5.68863e-05
5.79391e-05
5.89207e-05
5.98563e-05
6.07698e-05
6.16835e-05
6.26173e-05
6.35885e-05
6.46107e-05
6.56935e-05
6.68408e-05
6.80515e-05
6.93183e-05
7.06282e-05
7.19623e-05
7.32969e-05
7.46061e-05
7.58629e-05
7.70413e-05
7.81179e-05
7.90731e-05
7.9892e-05
8.05649e-05
8.1087e-05
8.14582e-05
8.16826e-05
8.1767e-05
8.17211e-05
8.1556e-05
8.12836e-05
8.09166e-05
8.04675e-05
7.99481e-05
7.93699e-05
7.87433e-05
7.80645e-05
7.73069e-05
7.66429e-05
7.59716e-05
7.51954e-05
7.4408e-05
7.36091e-05
7.27949e-05
7.19585e-05
7.10889e-05
7.01705e-05
6.91828e-05
6.81001e-05
6.68919e-05
6.55228e-05
6.3954e-05
6.21438e-05
6.0049e-05
5.76258e-05
5.48298e-05
5.16147e-05
4.79302e-05
4.37169e-05
3.88978e-05
3.33674e-05
2.69768e-05
1.95377e-05
1.10256e-05
2.943e-06
2.52959e-08
3.43078e-08
3.82656e-06
1.36584e-05
2.33038e-05
3.11069e-05
3.72937e-05
4.22644e-05
4.63312e-05
4.97165e-05
5.25767e-05
5.50243e-05
5.71417e-05
5.89919e-05
6.0625e-05
6.2083e-05
6.34021e-05
6.4615e-05
6.57517e-05
6.68403e-05
6.79066e-05
6.89737e-05
7.00619e-05
7.11873e-05
7.23613e-05
7.35892e-05
7.48699e-05
7.61953e-05
7.75503e-05
7.89132e-05
8.02573e-05
8.15523e-05
8.27666e-05
8.387e-05
8.48356e-05
8.56411e-05
8.62708e-05
8.67151e-05
8.69712e-05
8.70422e-05
8.69364e-05
8.6666e-05
8.62462e-05
8.56941e-05
8.50277e-05
8.42654e-05
8.3425e-05
8.25236e-05
8.15773e-05
8.06005e-05
7.96062e-05
7.8602e-05
7.75476e-05
7.65938e-05
7.57413e-05
7.4807e-05
7.38826e-05
7.2997e-05
7.21488e-05
7.13338e-05
7.05431e-05
6.97623e-05
6.89705e-05
6.81392e-05
6.72319e-05
6.62037e-05
6.50018e-05
6.35676e-05
6.18382e-05
5.97485e-05
5.7233e-05
5.42257e-05
5.06591e-05
4.6459e-05
4.15368e-05
3.57776e-05
2.90263e-05
2.1089e-05
1.19624e-05
3.22894e-06
2.8132e-08
3.81275e-08
4.18925e-06
1.48204e-05
2.524e-05
3.37324e-05
4.05054e-05
4.59717e-05
5.04584e-05
5.4201e-05
5.73682e-05
6.00823e-05
6.24341e-05
6.44935e-05
6.63166e-05
6.795e-05
6.94342e-05
7.08052e-05
7.20958e-05
7.3336e-05
7.45527e-05
7.57692e-05
7.70048e-05
7.8273e-05
7.9581e-05
8.09287e-05
8.23075e-05
8.37013e-05
8.50859e-05
8.64312e-05
8.77025e-05
8.88636e-05
8.98794e-05
9.07185e-05
9.13556e-05
9.17729e-05
9.1961e-05
9.19187e-05
9.16525e-05
9.11755e-05
9.05057e-05
8.9665e-05
8.86775e-05
8.75682e-05
8.63622e-05
8.50835e-05
8.37545e-05
8.2396e-05
8.10263e-05
7.96615e-05
7.83156e-05
7.70014e-05
7.56761e-05
7.44382e-05
7.33752e-05
7.23308e-05
7.12606e-05
7.02717e-05
6.93657e-05
6.85427e-05
6.77991e-05
6.71262e-05
6.65087e-05
6.59221e-05
6.5331e-05
6.46868e-05
6.39277e-05
6.2979e-05
6.17564e-05
6.01688e-05
5.81226e-05
5.55241e-05
5.22803e-05
4.82954e-05
4.34638e-05
3.76573e-05
3.07114e-05
2.24248e-05
1.28049e-05
3.49841e-06
3.08557e-08
4.17354e-08
4.52155e-06
1.58704e-05
2.69893e-05
3.6112e-05
4.34265e-05
4.9355e-05
5.42362e-05
5.83174e-05
6.17773e-05
6.47471e-05
6.73251e-05
6.95878e-05
7.15965e-05
7.34023e-05
7.50496e-05
7.65773e-05
7.80206e-05
7.94106e-05
8.07746e-05
8.2135e-05
8.35085e-05
8.49046e-05
8.63247e-05
8.77612e-05
8.91972e-05
9.06069e-05
9.1957e-05
9.32087e-05
9.43206e-05
9.52522e-05
9.5967e-05
9.64354e-05
9.66368e-05
9.6561e-05
9.62081e-05
9.55879e-05
9.47188e-05
9.36257e-05
9.23384e-05
9.08894e-05
8.93122e-05
8.76401e-05
8.59045e-05
8.41343e-05
8.23552e-05
8.05893e-05
7.88549e-05
7.71669e-05
7.55368e-05
7.39747e-05
7.24556e-05
7.09796e-05
6.97174e-05
6.86055e-05
6.74141e-05
6.63086e-05
6.53107e-05
6.44259e-05
6.3657e-05
6.30045e-05
6.24649e-05
6.20271e-05
6.16677e-05
6.1347e-05
6.1005e-05
6.05601e-05
5.991e-05
5.89364e-05
5.75109e-05
5.55021e-05
5.27797e-05
4.92151e-05
4.46753e-05
3.90115e-05
3.20432e-05
2.35583e-05
1.35621e-05
3.75373e-06
3.34979e-08
4.51372e-08
4.82615e-06
1.68214e-05
2.85755e-05
3.82772e-05
4.60939e-05
5.24547e-05
5.77079e-05
6.21107e-05
6.58507e-05
6.90667e-05
7.18641e-05
7.43251e-05
7.65159e-05
7.84921e-05
8.0301e-05
8.19845e-05
8.35791e-05
8.51166e-05
8.66236e-05
8.81203e-05
8.96193e-05
9.11245e-05
9.263e-05
9.41194e-05
9.55658e-05
9.69337e-05
9.81802e-05
9.92588e-05
0.000100123
0.000100731
0.000101046
0.000101046
0.000100716
0.000100059
9.9087e-05
9.78238e-05
9.63023e-05
9.45615e-05
9.26443e-05
9.05948e-05
8.84566e-05
8.62704e-05
8.40731e-05
8.18967e-05
7.97672e-05
7.7705e-05
7.57244e-05
7.38347e-05
7.20405e-05
7.03428e-05
6.87404e-05
6.7164e-05
6.57306e-05
6.45505e-05
6.33547e-05
6.21317e-05
6.10189e-05
6.00197e-05
5.91404e-05
5.83899e-05
5.77793e-05
5.73169e-05
5.70033e-05
5.68234e-05
5.67382e-05
5.66787e-05
5.65406e-05
5.61867e-05
5.54535e-05
5.41623e-05
5.21312e-05
4.91814e-05
4.51368e-05
3.98137e-05
3.30052e-05
2.44812e-05
1.423e-05
3.99181e-06
3.60883e-08
4.83404e-08
5.10549e-06
1.76841e-05
3.00174e-05
4.02529e-05
4.85369e-05
5.53031e-05
6.0908e-05
6.56171e-05
6.96257e-05
7.30797e-05
7.60906e-05
7.87458e-05
8.11162e-05
8.3261e-05
8.52306e-05
8.70688e-05
8.8813e-05
9.04947e-05
9.21387e-05
9.37615e-05
9.53704e-05
9.69621e-05
9.85217e-05
0.000100023
0.000101428
0.000102691
0.000103762
0.000104587
0.000105116
0.000105309
0.000105135
0.000104579
0.000103641
0.000102336
0.000100693
9.87546e-05
9.65694e-05
9.41927e-05
9.16819e-05
8.90933e-05
8.64795e-05
8.38875e-05
8.13568e-05
7.89184e-05
7.65943e-05
7.43982e-05
7.23354e-05
7.04051e-05
6.8601e-05
6.69138e-05
6.53328e-05
6.38109e-05
6.23017e-05
6.107e-05
5.9958e-05
5.86757e-05
5.74549e-05
5.63213e-05
5.52776e-05
5.43348e-05
5.3513e-05
5.2838e-05
5.23371e-05
5.20303e-05
5.19195e-05
5.19753e-05
5.21231e-05
5.22344e-05
5.21271e-05
5.15775e-05
5.03394e-05
4.81625e-05
4.48033e-05
4.00211e-05
3.35639e-05
2.51709e-05
1.47962e-05
4.21007e-06
3.8606e-08
5.13534e-08
5.36173e-06
1.84674e-05
3.13307e-05
4.20594e-05
5.07792e-05
5.79265e-05
6.38646e-05
6.8866e-05
7.3133e-05
7.68176e-05
8.00367e-05
8.28827e-05
8.54306e-05
8.77427e-05
8.9872e-05
9.18635e-05
9.37548e-05
9.55761e-05
9.7349e-05
9.90851e-05
0.000100785
0.000102436
0.000104014
0.000105481
0.000106789
0.000107883
0.000108703
0.000109194
0.000109305
0.000109001
0.00010826
0.000107079
0.000105475
0.000103483
0.000101152
9.85439e-05
9.57276e-05
9.27759e-05
8.97608e-05
8.67495e-05
8.38012e-05
8.09645e-05
7.82762e-05
7.57598e-05
7.34268e-05
7.12777e-05
6.93038e-05
6.749e-05
6.58171e-05
6.42633e-05
6.28066e-05
6.14269e-05
6.00338e-05
5.87164e-05
5.76757e-05
5.64971e-05
5.51955e-05
5.39537e-05
5.27541e-05
5.15997e-05
5.05085e-05
4.95105e-05
4.86483e-05
4.79716e-05
4.7526e-05
4.73407e-05
4.7406e-05
4.76487e-05
4.79145e-05
4.79647e-05
4.74954e-05
4.6169e-05
4.36442e-05
3.959e-05
3.36803e-05
2.55981e-05
1.52459e-05
4.40572e-06
4.10252e-08
5.41836e-08
5.59671e-06
1.91785e-05
3.25299e-05
4.37127e-05
5.28401e-05
6.03465e-05
6.66008e-05
7.18817e-05
7.63975e-05
8.03059e-05
8.37288e-05
8.67626e-05
8.94861e-05
9.19644e-05
9.42522e-05
9.6395e-05
9.84299e-05
0.000100384
0.000102276
0.000104109
0.000105877
0.000107557
0.000109114
0.000110497
0.00011165
0.000112506
0.000113004
0.000113084
0.000112702
0.000111829
0.000110458
0.000108605
0.000106306
0.000103621
0.000100621
9.73928e-05
9.40255e-05
9.06095e-05
8.72291e-05
8.39584e-05
8.08567e-05
7.79666e-05
7.53129e-05
7.29035e-05
7.07317e-05
6.87795e-05
6.70212e-05
6.54272e-05
6.39668e-05
6.26102e-05
6.13303e-05
6.01035e-05
5.88889e-05
5.76067e-05
5.65427e-05
5.55513e-05
5.42552e-05
5.29644e-05
5.16739e-05
5.03699e-05
4.90625e-05
4.77658e-05
4.65171e-05
4.53748e-05
4.44079e-05
4.36921e-05
4.3293e-05
4.32321e-05
4.34464e-05
4.37534e-05
4.38425e-05
4.33026e-05
4.16739e-05
3.84939e-05
3.33178e-05
2.57331e-05
1.55647e-05
4.57525e-06
4.3314e-08
5.6838e-08
5.81204e-06
1.98235e-05
3.36266e-05
4.52263e-05
5.47357e-05
6.25811e-05
6.91358e-05
7.46843e-05
7.94403e-05
8.35663e-05
8.71886e-05
9.04076e-05
9.33049e-05
9.5948e-05
9.83925e-05
0.000100684
0.000102857
0.000104937
0.000106934
0.000108846
0.000110656
0.000112331
0.000113822
0.000115071
0.000116008
0.000116562
0.000116667
0.000116268
0.000115327
0.00011383
0.000111788
0.00010924
0.000106248
0.000102899
9.92919e-05
9.55361e-05
9.17423e-05
8.80147e-05
8.44441e-05
8.11025e-05
7.80389e-05
7.52788e-05
7.28246e-05
7.06603e-05
6.87563e-05
6.70748e-05
6.55751e-05
6.4218e-05
6.29674e-05
6.17919e-05
6.06689e-05
5.95815e-05
5.85091e-05
5.73655e-05
5.62147e-05
5.5277e-05
5.41938e-05
5.29125e-05
5.1623e-05
5.02673e-05
4.88716e-05
4.74151e-05
4.59065e-05
4.43886e-05
4.29298e-05
4.16061e-05
4.05324e-05
3.98154e-05
3.95173e-05
3.95927e-05
3.98261e-05
3.98108e-05
3.89915e-05
3.67456e-05
3.24542e-05
2.55517e-05
1.57389e-05
4.71496e-06
4.54356e-08
5.93238e-08
6.00925e-06
2.04084e-05
3.4627e-05
4.66129e-05
5.64801e-05
6.46453e-05
7.14858e-05
7.72908e-05
8.22787e-05
8.66164e-05
9.04342e-05
9.38357e-05
9.69049e-05
9.97109e-05
0.00010231
0.000104746
0.000107051
0.000109245
0.000111333
0.000113302
0.000115126
0.000116758
0.00011814
0.0001192
0.000119862
0.000120052
0.000119702
0.000118765
0.000117215
0.000115057
0.000112327
0.000109091
0.000105442
0.000101496
9.73806e-05
9.3229e-05
8.9167e-05
8.53053e-05
8.17301e-05
7.84985e-05
7.56361e-05
7.31393e-05
7.09807e-05
6.91169e-05
6.74962e-05
6.60658e-05
6.47777e-05
6.35923e-05
6.24763e-05
6.14026e-05
6.0365e-05
5.9354e-05
5.83214e-05
5.72844e-05
5.61837e-05
5.514e-05
5.42022e-05
5.31325e-05
5.19692e-05
5.06374e-05
4.92645e-05
4.7838e-05
4.62884e-05
4.45941e-05
4.28588e-05
4.10773e-05
3.93896e-05
3.79217e-05
3.68265e-05
3.62186e-05
3.6072e-05
3.61212e-05
3.5824e-05
3.44278e-05
3.10971e-05
2.50391e-05
1.5758e-05
4.82163e-06
4.73518e-08
6.16479e-08
6.18962e-06
2.0938e-05
3.55377e-05
4.78821e-05
5.80846e-05
6.6552e-05
7.36645e-05
7.97155e-05
8.49275e-05
8.94713e-05
9.34806e-05
9.70618e-05
0.000100301
0.000103267
0.000106017
0.000108593
0.000111022
0.000113319
0.000115479
0.000117482
0.000119287
0.000120838
0.000122064
0.000122885
0.000123217
0.000122985
0.000122127
0.000120605
0.000118414
0.000115582
0.000112173
0.000108286
0.000104049
9.96071e-05
9.51161e-05
9.07259e-05
8.6569e-05
8.27494e-05
7.93342e-05
7.63505e-05
7.37887e-05
7.16091e-05
6.97533e-05
6.81544e-05
6.67463e-05
6.54705e-05
6.42829e-05
6.31538e-05
6.20616e-05
6.09724e-05
5.98594e-05
5.87162e-05
5.76249e-05
5.65748e-05
5.55458e-05
5.45162e-05
5.35006e-05
5.24963e-05
5.1579e-05
5.05526e-05
4.95054e-05
4.82964e-05
4.69839e-05
4.52842e-05
4.35749e-05
4.1601e-05
3.95805e-05
3.75449e-05
3.56743e-05
3.41809e-05
3.323e-05
3.28044e-05
3.25508e-05
3.17249e-05
2.93029e-05
2.41977e-05
1.56164e-05
4.89328e-06
4.90336e-08
6.38161e-08
6.35421e-06
2.1416e-05
3.63647e-05
4.90421e-05
5.9559e-05
6.8312e-05
7.56835e-05
8.19704e-05
8.73989e-05
9.21434e-05
9.63403e-05
0.000100098
0.000103504
0.000106628
0.000109525
0.000112233
0.000114777
0.000117162
0.000119376
0.000121386
0.000123141
0.000124572
0.000125597
0.000126129
0.00012608
0.000125378
0.00012397
0.000121836
0.000118991
0.000115493
0.000111442
0.000106972
0.000102244
9.74352e-05
9.27197e-05
8.82554e-05
8.41673e-05
8.05363e-05
7.73945e-05
7.47278e-05
7.24851e-05
7.05919e-05
6.89653e-05
6.75258e-05
6.62049e-05
6.49473e-05
6.37257e-05
6.2521e-05
6.1316e-05
6.01278e-05
5.90004e-05
5.79441e-05
5.69051e-05
5.58802e-05
5.48788e-05
5.39092e-05
5.29556e-05
5.19682e-05
5.09038e-05
4.98707e-05
4.88861e-05
4.7854e-05
4.68001e-05
4.57575e-05
4.43716e-05
4.24687e-05
4.05015e-05
3.82224e-05
3.58539e-05
3.36013e-05
3.17189e-05
3.04201e-05
2.96671e-05
2.89444e-05
2.71997e-05
2.30572e-05
1.53167e-05
4.93015e-06
5.04743e-08
6.58333e-08
6.50393e-06
2.18456e-05
3.71133e-05
5.00998e-05
6.09114e-05
6.99344e-05
7.75525e-05
8.40657e-05
8.97035e-05
9.46431e-05
9.90233e-05
0.000102954
0.000106524
0.000109802
0.00011284
0.000115674
0.000118321
0.000120779
0.000123025
0.000125015
0.000126686
0.000127959
0.000128741
0.000128939
0.000128468
0.000127259
0.000125274
0.000122514
0.000119023
0.000114895
0.000110264
0.000105303
0.000100205
9.51709e-05
9.03844e-05
8.59961e-05
8.21063e-05
7.87572e-05
7.59345e-05
7.35777e-05
7.15974e-05
6.98936e-05
6.83718e-05
6.69548e-05
6.5584e-05
6.42061e-05
6.28567e-05
6.15439e-05
6.02279e-05
5.89224e-05
5.76769e-05
5.64821e-05
5.53512e-05
5.42879e-05
5.32698e-05
5.23529e-05
5.15155e-05
5.07254e-05
4.99814e-05
4.92235e-05
4.83593e-05
4.73412e-05
4.62307e-05
4.52181e-05
4.40828e-05
4.30245e-05
4.15181e-05
3.92802e-05
3.68076e-05
3.4159e-05
3.1548e-05
2.92955e-05
2.76523e-05
2.64935e-05
2.50073e-05
2.16882e-05
1.48729e-05
4.93632e-06
5.17115e-08
6.77038e-08
6.63958e-06
2.22296e-05
3.7788e-05
5.10611e-05
6.21488e-05
7.14268e-05
7.92797e-05
8.60099e-05
9.18498e-05
9.6979e-05
0.000101538
0.000105639
0.000109368
0.000112795
0.000115969
0.000118919
0.000121656
0.00012417
0.000126426
0.00012837
0.000129926
0.000131004
0.000131504
0.000131332
0.000130404
0.000128663
0.00012609
0.000122711
0.000118605
0.000113901
0.000108774
0.000103432
9.80956e-05
9.29772e-05
8.82566e-05
8.40599e-05
8.04468e-05
7.74096e-05
7.48834e-05
7.27661e-05
7.0941e-05
6.92967e-05
6.77393e-05
6.622e-05
6.46864e-05
6.3023e-05
6.15215e-05
6.01137e-05
5.86032e-05
5.7147e-05
5.58011e-05
5.45508e-05
5.34322e-05
5.24507e-05
5.13948e-05
5.0462e-05
4.96566e-05
4.88897e-05
4.81902e-05
4.75407e-05
4.69324e-05
4.63525e-05
4.56664e-05
4.46318e-05
4.35855e-05
4.24351e-05
4.14088e-05
4.00454e-05
3.78844e-05
3.52965e-05
3.23599e-05
2.93936e-05
2.67866e-05
2.47823e-05
2.30337e-05
2.02189e-05
1.43132e-05
4.92338e-06
5.28588e-08
6.94314e-08
6.76183e-06
2.25704e-05
3.83925e-05
5.19308e-05
6.3277e-05
7.27959e-05
8.08721e-05
8.78103e-05
9.38451e-05
9.91582e-05
0.000103892
0.000108157
0.000112042
0.000115613
0.000118914
0.000121971
0.000124785
0.000127337
0.000129582
0.000131453
0.000132863
0.000133714
0.000133901
0.000133328
0.000131921
0.000129637
0.000126479
0.000122507
0.000117834
0.000112629
0.000107106
0.000101501
9.60542e-05
9.09764e-05
8.64261e-05
8.24895e-05
7.91745e-05
7.642e-05
7.41159e-05
7.21302e-05
7.03371e-05
6.86353e-05
6.68769e-05
6.49649e-05
6.33416e-05
6.1833e-05
6.007e-05
5.82358e-05
5.67068e-05
5.53364e-05
5.40949e-05
5.2921e-05
5.18969e-05
5.11644e-05
5.02619e-05
4.93155e-05
4.85277e-05
4.76933e-05
4.69093e-05
4.6174e-05
4.54704e-05
4.48337e-05
4.42597e-05
4.37121e-05
4.29148e-05
4.17904e-05
4.09433e-05
3.97731e-05
3.8563e-05
3.64879e-05
3.36376e-05
3.03674e-05
2.70386e-05
2.40775e-05
2.16198e-05
1.88468e-05
1.3693e-05
4.90903e-06
5.41472e-08
7.10191e-08
6.87126e-06
2.287e-05
3.89302e-05
5.27133e-05
6.4301e-05
7.40471e-05
8.23357e-05
8.94729e-05
9.56955e-05
0.000101187
0.000106089
0.000110515
0.00011455
0.000118258
0.000121679
0.000124832
0.00012771
0.000130282
0.000132494
0.000134267
0.000135505
0.0001361
0.000135948
0.000134956
0.000133058
0.000130234
0.000126513
0.000121988
0.000116813
0.000111195
0.00010538
9.96288e-05
9.41848e-05
8.92433e-05
8.49259e-05
8.12677e-05
7.82215e-05
7.56775e-05
7.34923e-05
7.15133e-05
6.96329e-05
6.74548e-05
6.55741e-05
6.40151e-05
6.19778e-05
5.99323e-05
5.82275e-05
5.66609e-05
5.53081e-05
5.42003e-05
5.32937e-05
5.24926e-05
5.18183e-05
5.14079e-05
5.07289e-05
4.99802e-05
4.92622e-05
4.84103e-05
4.74331e-05
4.63431e-05
4.52491e-05
4.41943e-05
4.32744e-05
4.25402e-05
4.17994e-05
4.12314e-05
4.03089e-05
3.93975e-05
3.81616e-05
3.6923e-05
3.49112e-05
3.17352e-05
2.80993e-05
2.43921e-05
2.1031e-05
1.78258e-05
1.31054e-05
4.91691e-06
5.598e-08
7.24696e-08
6.9684e-06
2.31304e-05
3.9404e-05
5.34121e-05
6.52251e-05
7.51851e-05
8.36753e-05
9.10029e-05
9.74059e-05
0.000103069
0.000108135
0.000112716
0.000116896
0.000120734
0.000124266
0.000127503
0.00013043
0.000133007
0.000135166
0.000136819
0.000137861
0.00013818
0.000137671
0.000136249
0.000133863
0.000130514
0.000126265
0.000121243
0.000115641
0.000109702
0.0001037
9.79049e-05
9.25523e-05
8.78064e-05
8.37411e-05
8.03362e-05
7.74934e-05
7.50675e-05
7.29006e-05
7.06888e-05
6.82593e-05
6.65767e-05
6.46293e-05
6.22954e-05
6.02734e-05
5.84437e-05
5.69224e-05
5.57135e-05
5.48215e-05
5.42292e-05
5.38413e-05
5.35886e-05
5.3497e-05
5.3381e-05
5.31206e-05
5.28122e-05
5.23376e-05
5.16541e-05
5.07504e-05
4.96108e-05
4.82414e-05
4.662e-05
4.47569e-05
4.28141e-05
4.13436e-05
4.03549e-05
3.95511e-05
3.85853e-05
3.75744e-05
3.64368e-05
3.51454e-05
3.30428e-05
2.95154e-05
2.54813e-05
2.13432e-05
1.74081e-05
1.26786e-05
4.98105e-06
5.90258e-08
7.37853e-08
7.05369e-06
2.33529e-05
3.98162e-05
5.40303e-05
6.60529e-05
7.6214e-05
8.48953e-05
9.24044e-05
9.89806e-05
0.000104809
0.000110033
0.000114763
0.000119081
0.000123042
0.000126676
0.000129987
0.00013295
0.000135514
0.000137602
0.000139116
0.000139945
0.000139974
0.0001391
0.000137248
0.000134386
0.000130543
0.000125811
0.000120357
0.000114409
0.000108241
0.000102144
9.6388e-05
9.11845e-05
8.66567e-05
8.28254e-05
7.96183e-05
7.6899e-05
7.44985e-05
7.19627e-05
6.9414e-05
6.76885e-05
6.54105e-05
6.30195e-05
6.08336e-05
5.89577e-05
5.7445e-05
5.63707e-05
5.57233e-05
5.54376e-05
5.55114e-05
5.56618e-05
5.58188e-05
5.61571e-05
5.63145e-05
5.63281e-05
5.61792e-05
5.57954e-05
5.51651e-05
5.42758e-05
5.31251e-05
5.17077e-05
5.00865e-05
4.82703e-05
4.6225e-05
4.38589e-05
4.1181e-05
3.90618e-05
3.7961e-05
3.68655e-05
3.57334e-05
3.4681e-05
3.32974e-05
3.08418e-05
2.69289e-05
2.23999e-05
1.77249e-05
1.2572e-05
5.1455e-06
6.43508e-08
7.49683e-08
7.12755e-06
2.35392e-05
4.0169e-05
5.45708e-05
6.67875e-05
7.71372e-05
8.59991e-05
9.36811e-05
0.000100423
0.00010641
0.000111786
0.000116659
0.000121108
0.000125184
0.000128911
0.000132284
0.00013527
0.000137807
0.00013981
0.000141171
0.000141775
0.000141505
0.000140266
0.000137996
0.000134683
0.000130383
0.000125225
0.000119409
0.000113196
0.000106883
0.000100767
9.51069e-05
9.00795e-05
8.57601e-05
8.21176e-05
7.90388e-05
7.63585e-05
7.35586e-05
7.07998e-05
6.89675e-05
6.64873e-05
6.39659e-05
6.16566e-05
5.96756e-05
5.81584e-05
5.71656e-05
5.67021e-05
5.66872e-05
5.71635e-05
5.76156e-05
5.79841e-05
5.87265e-05
5.92103e-05
5.95365e-05
5.96285e-05
5.94566e-05
5.90275e-05
5.83338e-05
5.73734e-05
5.6152e-05
5.46802e-05
5.29796e-05
5.11522e-05
4.92192e-05
4.70885e-05
4.45617e-05
4.16728e-05
3.83698e-05
3.63468e-05
3.51336e-05
3.39504e-05
3.29099e-05
3.1327e-05
2.82538e-05
2.3855e-05
1.87045e-05
1.29529e-05
5.46095e-06
7.36027e-08
7.60207e-08
7.19033e-06
2.36904e-05
4.04644e-05
5.50359e-05
6.74318e-05
7.79578e-05
8.699e-05
9.48361e-05
0.000101736
0.000107875
0.000113396
0.000118406
0.000122979
0.000127162
0.000130973
0.000134398
0.000137395
0.000139894
0.000141799
0.000142998
0.00014337
0.000142803
0.000141208
0.000138539
0.000134808
0.0001301
0.000124575
0.000118468
0.000112065
0.000105678
9.96004e-05
9.40669e-05
8.92151e-05
8.50704e-05
8.15567e-05
7.85369e-05
7.55554e-05
7.24423e-05
7.04689e-05
6.79169e-05
6.52235e-05
6.27292e-05
6.06022e-05
5.89984e-05
5.80067e-05
5.76242e-05
5.78686e-05
5.86332e-05
5.92892e-05
5.99112e-05
6.09725e-05
6.17921e-05
6.24386e-05
6.28874e-05
6.3116e-05
6.3104e-05
6.28278e-05
6.22595e-05
6.13647e-05
6.01404e-05
5.85658e-05
5.6622e-05
5.43527e-05
5.18813e-05
4.9479e-05
4.71927e-05
4.47309e-05
4.16038e-05
3.79679e-05
3.48037e-05
3.33061e-05
3.22098e-05
3.10122e-05
2.90541e-05
2.5295e-05
2.00799e-05
1.3903e-05
5.95169e-06
8.90204e-08
7.69444e-08
7.2424e-06
2.38079e-05
4.07043e-05
5.54278e-05
6.79882e-05
7.86783e-05
8.78707e-05
9.58721e-05
0.000102922
0.000109207
0.000114866
0.000120005
0.000124695
0.000128977
0.000132863
0.00013633
0.000139329
0.00014178
0.000143581
0.000144612
0.000144753
0.000143896
0.000141962
0.000138923
0.000134814
0.00012975
0.000123922
0.000117591
0.000111064
0.000104658
9.86546e-05
9.32568e-05
8.85595e-05
8.45399e-05
8.10779e-05
7.79546e-05
7.44808e-05
7.21712e-05
6.96625e-05
6.67892e-05
6.40872e-05
6.17509e-05
5.99701e-05
5.88711e-05
5.84646e-05
5.88315e-05
5.98434e-05
6.07182e-05
6.15235e-05
6.28477e-05
6.40468e-05
6.50332e-05
6.58443e-05
6.64376e-05
6.68012e-05
6.69322e-05
6.68101e-05
6.64239e-05
6.57432e-05
6.46967e-05
6.32378e-05
6.13224e-05
5.90214e-05
5.61943e-05
5.30634e-05
4.99341e-05
4.69083e-05
4.42008e-05
4.1077e-05
3.72609e-05
3.31933e-05
3.12478e-05
3.04006e-05
2.87224e-05
2.63137e-05
2.14689e-05
1.52673e-05
6.618e-06
1.13094e-07
7.77415e-08
7.28408e-06
2.38928e-05
4.08902e-05
5.57486e-05
6.8459e-05
7.93012e-05
8.86437e-05
9.67915e-05
0.000103984
0.000110406
0.000116197
0.000121458
0.000126258
0.000130632
0.000134584
0.000138086
0.000141079
0.000143476
0.000145168
0.000146033
0.00014595
0.000144817
0.000142568
0.000139193
0.000134753
0.000129387
0.000123316
0.000116823
0.000110227
0.000103841
9.79281e-05
9.2657e-05
8.8081e-05
8.41378e-05
8.0665e-05
7.69919e-05
7.4082e-05
7.16878e-05
6.86815e-05
6.57657e-05
6.31679e-05
6.11202e-05
5.97979e-05
5.92525e-05
5.95375e-05
6.07208e-05
6.18791e-05
6.28184e-05
6.42555e-05
6.58698e-05
6.72195e-05
6.84035e-05
6.93912e-05
7.0144e-05
7.06348e-05
7.08402e-05
7.075e-05
7.0367e-05
6.97226e-05
6.88252e-05
6.76381e-05
6.60729e-05
6.39504e-05
6.12263e-05
5.79254e-05
5.44629e-05
5.0693e-05
4.68782e-05
4.33172e-05
4.01955e-05
3.59033e-05
3.11733e-05
2.89967e-05
2.82824e-05
2.61125e-05
2.24826e-05
1.66127e-05
7.36706e-06
1.47106e-07
7.84142e-08
7.3157e-06
2.39462e-05
4.10238e-05
5.60006e-05
6.88463e-05
7.98288e-05
8.93111e-05
9.75966e-05
0.000104924
0.000111476
0.000117391
0.000122767
0.000127669
0.000132128
0.00013614
0.00013967
0.000142652
0.000144992
0.000146575
0.000147279
0.000146984
0.000145597
0.000143063
0.000139393
0.000134669
0.000129057
0.0001228
0.000116198
0.000109574
0.000103233
9.74114e-05
9.2245e-05
8.77518e-05
8.38475e-05
8.00616e-05
7.62721e-05
7.39548e-05
7.09317e-05
6.77992e-05
6.49155e-05
6.25251e-05
6.08593e-05
6.00477e-05
6.00745e-05
6.12277e-05
6.26736e-05
6.38195e-05
6.52377e-05
6.71037e-05
6.88841e-05
7.04275e-05
7.18058e-05
7.29693e-05
7.3883e-05
7.45186e-05
7.48523e-05
7.48642e-05
7.45382e-05
7.38601e-05
7.28415e-05
7.15491e-05
7.00802e-05
6.82852e-05
6.5996e-05
6.29129e-05
5.92775e-05
5.56217e-05
5.13648e-05
4.64698e-05
4.23075e-05
3.86024e-05
3.38484e-05
2.88401e-05
2.65891e-05
2.57531e-05
2.29489e-05
1.75928e-05
8.02555e-06
1.90478e-07
7.89647e-08
7.33757e-06
2.39692e-05
4.11063e-05
5.61871e-05
6.91518e-05
8.02632e-05
8.98754e-05
9.82896e-05
0.000105743
0.000112418
0.000118449
0.000123934
0.000128932
0.000133468
0.000137534
0.000141087
0.000144055
0.000146337
0.000147817
0.00014837
0.000147882
0.000146266
0.000143483
0.00013956
0.000134603
0.000128798
0.000122406
0.000115738
0.000109117
0.000102831
9.70921e-05
9.20013e-05
8.75419e-05
8.35848e-05
7.93959e-05
7.62826e-05
7.35818e-05
7.0226e-05
6.70542e-05
6.42837e-05
6.21752e-05
6.0929e-05
6.05944e-05
6.14186e-05
6.30156e-05
6.45186e-05
6.59164e-05
6.77558e-05
6.98705e-05
7.18257e-05
7.35622e-05
7.51193e-05
7.64481e-05
7.75153e-05
7.8292e-05
7.87524e-05
7.88733e-05
7.86356e-05
7.80264e-05
7.70421e-05
7.56862e-05
7.3973e-05
7.20688e-05
6.99607e-05
6.73828e-05
6.39165e-05
5.98687e-05
5.60095e-05
5.14418e-05
4.57587e-05
4.08878e-05
3.6394e-05
3.10522e-05
2.61381e-05
2.48829e-05
2.25093e-05
1.80298e-05
8.48841e-06
2.40737e-07
7.93956e-08
7.35004e-06
2.39632e-05
4.11398e-05
5.63087e-05
6.93782e-05
8.06066e-05
9.03386e-05
9.88727e-05
0.000106444
0.000113234
0.000119375
0.000124961
0.000130048
0.000134656
0.00013877
0.000142344
0.000145297
0.000147526
0.00014891
0.000149328
0.000148668
0.000146853
0.000143859
0.000139729
0.000134588
0.00012864
0.000122159
0.00011546
0.00010886
0.000102632
9.69592e-05
9.19167e-05
8.74709e-05
8.32643e-05
7.90079e-05
7.63432e-05
7.30562e-05
6.96279e-05
6.64834e-05
6.38869e-05
6.21048e-05
6.12911e-05
6.14572e-05
6.29054e-05
6.47109e-05
6.62983e-05
6.80894e-05
7.02142e-05
7.2453e-05
7.45955e-05
7.65084e-05
7.82251e-05
7.97057e-05
8.09204e-05
8.18414e-05
8.24418e-05
8.26948e-05
8.25744e-05
8.20589e-05
8.11349e-05
7.98011e-05
7.80703e-05
7.59636e-05
7.36037e-05
7.11288e-05
6.81591e-05
6.42412e-05
5.98729e-05
5.57606e-05
5.07724e-05
4.43692e-05
3.86471e-05
3.35756e-05
2.74063e-05
2.3273e-05
2.21531e-05
1.81637e-05
8.92011e-06
2.97338e-07
7.97102e-08
7.35349e-06
2.39292e-05
4.11261e-05
5.63669e-05
6.95274e-05
8.08612e-05
9.07032e-05
9.93483e-05
0.00010703
0.000113927
0.00012017
0.000125851
0.000131021
0.000135695
0.000139855
0.000143447
0.000146387
0.000148569
0.00014987
0.00015017
0.000149365
0.000147385
0.00014422
0.000139929
0.000134651
0.000128606
0.000122074
0.000115372
0.000108807
0.000102631
9.70056e-05
9.19797e-05
8.74884e-05
8.29161e-05
7.90937e-05
7.6261e-05
7.26516e-05
6.91813e-05
6.61048e-05
6.37129e-05
6.22527e-05
6.18089e-05
6.25813e-05
6.43547e-05
6.62748e-05
6.80092e-05
7.01374e-05
7.24935e-05
7.48172e-05
7.70716e-05
7.91515e-05
8.10093e-05
8.26267e-05
8.39829e-05
8.50544e-05
8.58147e-05
8.62328e-05
8.62736e-05
8.59015e-05
8.50873e-05
8.38167e-05
8.20963e-05
7.99566e-05
7.74442e-05
7.46687e-05
7.18094e-05
6.82718e-05
6.37945e-05
5.9428e-05
5.48932e-05
4.93684e-05
4.19364e-05
3.5596e-05
2.98733e-05
2.33083e-05
2.09639e-05
1.78536e-05
9.49255e-06
3.65159e-07
7.99118e-08
7.34828e-06
2.38688e-05
4.10668e-05
5.63631e-05
6.96012e-05
8.10292e-05
9.09716e-05
9.97192e-05
0.000107503
0.0001145
0.000120838
0.000126607
0.000131853
0.00013659
0.000140793
0.000144403
0.000147335
0.000149478
0.000150712
0.000150916
0.000149994
0.000147886
0.000144592
0.000140184
0.000134816
0.000128714
0.000122165
0.000115481
0.000108955
0.000102824
9.72255e-05
9.21869e-05
8.7622e-05
8.2835e-05
7.93872e-05
7.61476e-05
7.23954e-05
6.89059e-05
6.59189e-05
6.3736e-05
6.25779e-05
6.24844e-05
6.37176e-05
6.56717e-05
6.76613e-05
6.96134e-05
7.19566e-05
7.44503e-05
7.6918e-05
7.91946e-05
8.13713e-05
8.33634e-05
8.51008e-05
8.65894e-05
8.78154e-05
8.87556e-05
8.93761e-05
8.96316e-05
8.94691e-05
8.88371e-05
8.76977e-05
8.60399e-05
8.38873e-05
8.12976e-05
7.83488e-05
7.52036e-05
7.19298e-05
6.78087e-05
6.27794e-05
5.83806e-05
5.3439e-05
4.69225e-05
3.84425e-05
3.18743e-05
2.51537e-05
1.94786e-05
1.76395e-05
1.00729e-05
4.47505e-07
8.00027e-08
7.33479e-06
2.37827e-05
4.09628e-05
5.62974e-05
6.95998e-05
8.1112e-05
9.11476e-05
9.99901e-05
0.000107868
0.000114956
0.000121382
0.000127232
0.00013255
0.000137346
0.00014159
0.000145221
0.000148151
0.000150267
0.00015145
0.000151583
0.000150575
0.000148376
0.000144995
0.000140515
0.000135098
0.000128978
0.000122441
0.00011579
0.000109309
0.000103216
9.76352e-05
9.25934e-05
8.78662e-05
8.29346e-05
7.97614e-05
7.6121e-05
7.2304e-05
6.881e-05
6.59152e-05
6.39225e-05
6.30246e-05
6.32245e-05
6.47414e-05
6.68021e-05
6.88763e-05
7.10082e-05
7.34821e-05
7.60611e-05
7.85945e-05
8.09584e-05
8.30886e-05
8.51873e-05
8.70279e-05
8.8635e-05
9.00138e-05
9.11497e-05
9.20084e-05
9.25351e-05
9.26573e-05
9.22953e-05
9.13793e-05
8.98681e-05
8.77657e-05
8.51272e-05
8.20473e-05
7.86302e-05
7.51372e-05
7.13e-05
6.64185e-05
6.13976e-05
5.69524e-05
5.10168e-05
4.30195e-05
3.39597e-05
2.7166e-05
1.99064e-05
1.72996e-05
1.03842e-05
5.34552e-07
7.99837e-08
7.31306e-06
2.36703e-05
4.08141e-05
5.61764e-05
6.95307e-05
8.11096e-05
9.12151e-05
0.000100139
0.000108106
0.000115286
0.000121803
0.000127731
0.000133116
0.000137967
0.000142253
0.000145909
0.000148843
0.000150946
0.000152097
0.000152186
0.000151125
0.000148872
0.000145446
0.000140937
0.000135513
0.000129409
0.000122909
0.000116308
0.000109877
0.000103821
9.82539e-05
9.31736e-05
8.81109e-05
8.33938e-05
8.01727e-05
7.62531e-05
7.239e-05
6.88954e-05
6.60782e-05
6.42362e-05
6.35357e-05
6.39458e-05
6.55982e-05
6.77176e-05
6.9882e-05
7.21271e-05
7.46613e-05
7.72687e-05
7.98126e-05
8.2214e-05
8.43543e-05
8.63922e-05
8.83291e-05
9.00358e-05
9.15591e-05
9.28993e-05
9.40263e-05
9.48775e-05
9.53604e-05
9.53636e-05
9.4777e-05
9.35182e-05
9.15578e-05
8.89368e-05
8.57647e-05
8.21922e-05
7.83582e-05
7.4487e-05
7.00022e-05
6.42948e-05
5.98334e-05
5.46745e-05
4.72175e-05
3.77612e-05
2.86713e-05
2.09214e-05
1.61542e-05
1.07495e-05
6.13428e-07
7.98771e-08
7.28376e-06
2.35423e-05
4.06442e-05
5.60188e-05
6.94152e-05
8.10481e-05
9.12232e-05
0.000100214
0.000108244
0.000115493
0.000122083
0.000128093
0.000133555
0.000138462
0.000142788
0.000146473
0.000149423
0.000151526
0.000152668
0.000152739
0.000151658
0.00014939
0.00014596
0.000141463
0.000136071
0.000130019
0.000123583
0.000117051
0.000110684
0.000104664
9.90493e-05
9.37935e-05
8.86338e-05
8.40778e-05
8.06589e-05
7.6581e-05
7.26658e-05
6.91622e-05
6.63932e-05
6.46469e-05
6.4067e-05
6.45961e-05
6.62658e-05
6.83974e-05
7.06376e-05
7.29317e-05
7.5465e-05
7.80489e-05
8.05601e-05
8.29312e-05
8.50647e-05
8.69915e-05
8.89642e-05
9.07427e-05
9.23951e-05
9.39406e-05
9.53574e-05
9.65787e-05
9.74927e-05
9.79541e-05
9.7807e-05
9.69178e-05
9.52086e-05
9.2688e-05
8.94606e-05
8.57058e-05
8.16239e-05
7.74592e-05
7.30536e-05
6.7559e-05
6.22913e-05
5.76678e-05
5.07946e-05
4.17687e-05
3.12116e-05
2.28502e-05
1.53937e-05
1.09696e-05
6.54578e-07
7.96747e-08
7.24963e-06
2.33989e-05
4.04314e-05
5.57968e-05
6.92153e-05
8.09054e-05
9.11466e-05
0.000100211
0.000108316
0.000115627
0.000122267
0.000128323
0.000133841
0.000138818
0.000143203
0.000146924
0.000149898
0.00015202
0.000153174
0.000153256
0.00015219
0.000149945
0.000146551
0.000142108
0.000136789
0.000130826
0.000124483
0.000118027
0.000111668
0.000105562
9.98502e-05
9.46154e-05
8.94074e-05
8.49179e-05
8.1295e-05
7.71137e-05
7.31419e-05
6.96127e-05
6.68518e-05
6.5136e-05
6.45942e-05
6.51548e-05
6.67478e-05
6.88354e-05
7.10955e-05
7.34092e-05
7.58836e-05
7.83926e-05
8.0821e-05
8.31063e-05
8.51985e-05
8.70156e-05
8.89334e-05
9.07524e-05
9.25129e-05
9.42569e-05
9.59755e-05
9.7601e-05
9.90047e-05
0.000100007
0.000100404
0.000100003
9.86659e-05
9.63538e-05
9.31516e-05
8.92584e-05
8.49397e-05
8.04425e-05
7.5918e-05
7.08463e-05
6.46953e-05
6.01628e-05
5.39085e-05
4.53011e-05
3.46946e-05
2.41402e-05
1.57069e-05
1.10079e-05
6.63508e-07
7.94025e-08
7.21064e-06
2.32299e-05
4.01805e-05
5.55288e-05
6.89614e-05
8.06886e-05
9.09805e-05
0.000100103
0.000108273
0.000115657
0.000122369
0.000128482
0.000134034
0.000139034
0.000143464
0.000147245
0.000150277
0.000152437
0.000153626
0.000153748
0.000152731
0.000150549
0.000147233
0.000142884
0.000137664
0.000131779
0.000125466
0.000119009
0.000112643
0.000106577
0.000100952
9.57264e-05
9.04401e-05
8.59245e-05
8.21224e-05
7.78639e-05
7.38327e-05
7.02575e-05
6.74552e-05
6.56984e-05
6.51124e-05
6.56218e-05
6.70616e-05
6.90461e-05
7.12467e-05
7.35527e-05
7.59265e-05
7.8316e-05
8.06192e-05
8.27783e-05
8.47725e-05
8.64977e-05
8.82912e-05
9.01144e-05
9.19579e-05
9.38876e-05
9.59099e-05
9.796e-05
9.98958e-05
0.000101505
0.000102533
0.000102728
0.00010188
9.98888e-05
9.68002e-05
9.28096e-05
8.82235e-05
8.33711e-05
7.85393e-05
7.36899e-05
6.73931e-05
6.22577e-05
5.66066e-05
4.83877e-05
3.77266e-05
2.61483e-05
1.65533e-05
1.08566e-05
6.49364e-07
7.90314e-08
7.16304e-06
2.30441e-05
3.98981e-05
5.52107e-05
6.86506e-05
8.04052e-05
9.07385e-05
9.99108e-05
0.000108135
0.000115574
0.000122345
0.000128524
0.000134143
0.000139198
0.000143651
0.000147446
0.0001505
0.000152716
0.000153971
0.000154164
0.000153224
0.000151124
0.000147894
0.00014363
0.00013849
0.00013269
0.000126485
0.000120146
0.000113922
0.00010797
0.000102338
9.70229e-05
9.17205e-05
8.71179e-05
8.31694e-05
7.88554e-05
7.47867e-05
7.12146e-05
6.8381e-05
6.65257e-05
6.57585e-05
6.60415e-05
6.72613e-05
6.90714e-05
7.11531e-05
7.33544e-05
7.56121e-05
7.78544e-05
7.99966e-05
8.20131e-05
8.38589e-05
8.54799e-05
8.71393e-05
8.89281e-05
9.08296e-05
9.29287e-05
9.52475e-05
9.77277e-05
0.000100219
0.000102478
0.000104199
0.000105078
0.000104822
0.00010326
0.000100387
9.63779e-05
9.15616e-05
8.6364e-05
8.11538e-05
7.60152e-05
7.01311e-05
6.41451e-05
5.90089e-05
5.10802e-05
4.0821e-05
2.87235e-05
1.75537e-05
1.08063e-05
6.30661e-07
7.85806e-08
7.11025e-06
2.28438e-05
3.95888e-05
5.48552e-05
6.82876e-05
8.00594e-05
9.04251e-05
9.96388e-05
0.000107909
0.000115398
0.00012222
0.000128449
0.00013412
0.000139234
0.000143752
0.00014761
0.000150713
0.000152965
0.000154264
0.000154517
0.000153656
0.000151658
0.000148557
0.000144446
0.000139481
0.000133873
0.000127861
0.000121671
0.000115522
0.000109565
0.000103893
9.8542e-05
9.32515e-05
8.85258e-05
8.44573e-05
8.0114e-05
7.60395e-05
7.23057e-05
6.9263e-05
6.71512e-05
6.62211e-05
6.64276e-05
6.73896e-05
6.89567e-05
7.08523e-05
7.29007e-05
7.50001e-05
7.70684e-05
7.90322e-05
8.08653e-05
8.2562e-05
8.40655e-05
8.5601e-05
8.73313e-05
8.92728e-05
9.15256e-05
9.41261e-05
9.70266e-05
0.000100078
0.000103004
0.000105448
0.000107077
0.000107513
0.000106498
0.000103925
9.99379e-05
9.49252e-05
8.93779e-05
8.37538e-05
7.83061e-05
7.26976e-05
6.59858e-05
6.09905e-05
5.32944e-05
4.37496e-05
3.10004e-05
1.88373e-05
1.09293e-05
6.242e-07
7.80611e-08
7.05379e-06
2.26317e-05
3.92562e-05
5.44641e-05
6.78772e-05
7.96559e-05
9.00449e-05
9.92917e-05
0.000107601
0.000115133
0.000122
0.000128276
0.000133996
0.000139159
0.000143731
0.00014765
0.000150831
0.000153174
0.000154577
0.000154949
0.000154224
0.000152382
0.000149452
0.000145524
0.000140745
0.000135307
0.000129433
0.000123347
0.000117254
0.00011133
0.000105663
0.000100288
9.50304e-05
9.01762e-05
8.59911e-05
8.16157e-05
7.73773e-05
7.34944e-05
7.0222e-05
6.79573e-05
6.67666e-05
6.66471e-05
6.74035e-05
6.87115e-05
7.03986e-05
7.22515e-05
7.41598e-05
7.60349e-05
7.78097e-05
7.94512e-05
8.09892e-05
8.23802e-05
8.38188e-05
8.54836e-05
8.74326e-05
8.9787e-05
9.26105e-05
9.58806e-05
9.94751e-05
0.000103117
0.000106432
0.000108901
0.000110053
0.000109617
0.000107417
0.000103532
9.83268e-05
9.23863e-05
8.63022e-05
8.04595e-05
7.48683e-05
6.80712e-05
6.26222e-05
5.5557e-05
4.60905e-05
3.34174e-05
2.02933e-05
1.1165e-05
6.23405e-07
7.75119e-08
6.99032e-06
2.24081e-05
3.89015e-05
5.40394e-05
6.74234e-05
7.91993e-05
8.96029e-05
9.8875e-05
0.000107217
0.000114784
0.000121691
0.000128009
0.000133775
0.000138988
0.000143616
0.000147599
0.000150856
0.00015329
0.000154803
0.000155308
0.000154743
0.000153085
0.000150355
0.000146634
0.000142057
0.000136811
0.000131108
0.000125163
0.000119173
0.000113302
0.000107651
0.000102262
9.70453e-05
9.2102e-05
8.77646e-05
8.33286e-05
7.90309e-05
7.50919e-05
7.17303e-05
6.92135e-05
6.76706e-05
6.70965e-05
6.7471e-05
6.84763e-05
6.98241e-05
7.14688e-05
7.3167e-05
7.48391e-05
7.64241e-05
7.78927e-05
7.92691e-05
8.05555e-05
8.18902e-05
8.34636e-05
8.54107e-05
8.78762e-05
9.09639e-05
9.46627e-05
9.88004e-05
0.000103073
0.000107066
0.000110267
0.000112199
0.000112373
0.000110639
0.000106984
0.000101708
9.54072e-05
8.88336e-05
8.25517e-05
7.66981e-05
7.01734e-05
6.40096e-05
5.74615e-05
4.81359e-05
3.58025e-05
2.17958e-05
1.1484e-05
6.30994e-07
7.69403e-08
6.91918e-06
2.21732e-05
3.85263e-05
5.35847e-05
6.69305e-05
7.86945e-05
8.91043e-05
9.83939e-05
0.000106761
0.000114358
0.000121299
0.000127655
0.000133464
0.000138726
0.000143412
0.000147465
0.000150806
0.000153343
0.000154982
0.000155638
0.000155251
0.000153793
0.000151285
0.000147799
0.00014346
0.000138437
0.000132931
0.000127146
0.000121276
0.000115478
0.000109858
0.000104468
9.92843e-05
9.43192e-05
8.98064e-05
8.53461e-05
8.10267e-05
7.69944e-05
7.34834e-05
7.06565e-05
6.87403e-05
6.77896e-05
6.7707e-05
6.83627e-05
6.94475e-05
7.06499e-05
7.20904e-05
7.35651e-05
7.49776e-05
7.63008e-05
7.75543e-05
7.8774e-05
8.00386e-05
8.16528e-05
8.37574e-05
8.64654e-05
8.9865e-05
9.3902e-05
9.83802e-05
0.000103045
0.000107509
0.000111314
0.00011403
0.000114973
0.000113736
0.000110329
0.000105004
9.83904e-05
9.13291e-05
8.45485e-05
7.83616e-05
7.2048e-05
6.52978e-05
5.9128e-05
4.97529e-05
3.82201e-05
2.34983e-05
1.18568e-05
6.43124e-07
7.6314e-08
6.84353e-06
2.19311e-05
3.81378e-05
5.31052e-05
6.64035e-05
7.81467e-05
8.85547e-05
9.78544e-05
0.000106239
0.00011386
0.00012083
0.00012722
0.000133069
0.000138379
0.000143124
0.00014725
0.000150682
0.000153333
0.000155112
0.000155937
0.000155747
0.000154513
0.000152252
0.000149025
0.000144946
0.000140172
0.000134887
0.000129287
0.000123556
0.00011785
0.000112281
0.000106909
0.000101748
9.67978e-05
9.21557e-05
8.76979e-05
8.33385e-05
7.92074e-05
7.55278e-05
7.24443e-05
7.0152e-05
6.87477e-05
6.81981e-05
6.83668e-05
6.91398e-05
7.01989e-05
7.13024e-05
7.24641e-05
7.36589e-05
7.48437e-05
7.60169e-05
7.71929e-05
7.84523e-05
8.01854e-05
8.23973e-05
8.52027e-05
8.87411e-05
9.30163e-05
9.79009e-05
0.000103101
0.000108194
0.00011265
0.000115868
0.000117452
0.000116749
0.000113632
0.000108296
0.000101372
9.37956e-05
8.64593e-05
7.98228e-05
7.36719e-05
6.65198e-05
6.05994e-05
5.13427e-05
4.00403e-05
2.48688e-05
1.21968e-05
6.59032e-07
7.56338e-08
6.76444e-06
2.16796e-05
3.77353e-05
5.26043e-05
6.5847e-05
7.75613e-05
8.79596e-05
9.72623e-05
0.000105658
0.000113298
0.00012029
0.00012671
0.000132595
0.000137952
0.000142756
0.000146959
0.000150488
0.000153262
0.000155193
0.000156201
0.000156225
0.000155236
0.000153242
0.000150297
0.000146503
0.000142001
0.000136962
0.00013157
0.000126003
0.000120413
0.000114916
0.000109583
0.000104444
9.95086e-05
9.47981e-05
9.03488e-05
8.60152e-05
8.1749e-05
7.79393e-05
7.46263e-05
7.19822e-05
7.0127e-05
6.90803e-05
6.87549e-05
6.89863e-05
6.97439e-05
7.06945e-05
7.17193e-05
7.27367e-05
7.37565e-05
7.48187e-05
7.59021e-05
7.71081e-05
7.89213e-05
8.12395e-05
8.4195e-05
8.79447e-05
9.24952e-05
9.77211e-05
0.000103344
0.000108942
0.000113972
0.000117818
0.000119852
0.000119672
0.000116851
0.000111528
0.000104315
9.62226e-05
8.83174e-05
8.12376e-05
7.49642e-05
6.77169e-05
6.1814e-05
5.28674e-05
4.16119e-05
2.63596e-05
1.25668e-05
6.8011e-07
7.49098e-08
6.68358e-06
2.14253e-05
3.73234e-05
5.20861e-05
6.52658e-05
7.69436e-05
8.73252e-05
9.6624e-05
0.000105025
0.000112676
0.000119687
0.000126132
0.000132051
0.000137452
0.000142315
0.000146595
0.000150227
0.00015313
0.000155221
0.000156425
0.000156679
0.00015595
0.000154243
0.000151601
0.000148114
0.000143908
0.00013914
0.000133981
0.000128602
0.000123152
0.000117751
0.000112479
0.000107378
0.000102462
9.77305e-05
9.32529e-05
8.90136e-05
8.46508e-05
8.07165e-05
7.72317e-05
7.4287e-05
7.20164e-05
7.048e-05
6.96455e-05
6.94019e-05
6.95982e-05
7.01873e-05
7.09937e-05
7.18819e-05
7.28222e-05
7.38633e-05
7.4939e-05
7.61946e-05
7.8131e-05
8.05774e-05
8.37025e-05
8.76495e-05
9.24304e-05
9.79287e-05
0.00010388
0.000109873
0.000115367
0.000119731
0.000122301
0.000122519
0.000119968
0.000114672
0.000107186
9.85588e-05
9.00324e-05
8.24906e-05
7.59453e-05
6.89771e-05
6.27154e-05
5.41689e-05
4.29154e-05
2.76723e-05
1.29049e-05
7.05035e-07
7.41535e-08
6.60228e-06
2.11717e-05
3.6907e-05
5.1556e-05
6.46643e-05
7.62989e-05
8.66577e-05
9.59461e-05
0.000104346
0.000112004
0.000119027
0.000125492
0.000131441
0.000136884
0.000141805
0.000146164
0.000149899
0.000152936
0.000155196
0.000156604
0.000157099
0.000156646
0.000155241
0.000152921
0.00014976
0.000145873
0.0001414
0.000136501
0.000131337
0.000126054
0.000120775
0.000115586
0.000110541
0.000105662
0.000100948
9.64223e-05
9.22826e-05
8.80146e-05
8.39331e-05
8.02921e-05
7.70985e-05
7.44735e-05
7.24929e-05
7.11675e-05
7.044e-05
7.02072e-05
7.0357e-05
7.0787e-05
7.14462e-05
7.22955e-05
7.33687e-05
7.44796e-05
7.58271e-05
7.79093e-05
8.04948e-05
8.37916e-05
8.79153e-05
9.28803e-05
9.8581e-05
0.00010477
0.000111052
0.000116898
0.000121667
0.000124671
0.000125262
0.000122966
0.000117704
0.00010997
0.000100819
9.16661e-05
8.36013e-05
7.67692e-05
7.00601e-05
6.34476e-05
5.53401e-05
4.40001e-05
2.89878e-05
1.32636e-05
7.35224e-07
7.3375e-08
6.52139e-06
2.09196e-05
3.64895e-05
5.10186e-05
6.40482e-05
7.56327e-05
8.59637e-05
9.52352e-05
0.000103628
0.000111286
0.000118318
0.000124799
0.000130773
0.000136255
0.000141232
0.000145669
0.000149509
0.000152683
0.000155115
0.000156734
0.000157479
0.000157312
0.000156224
0.00015424
0.000151425
0.000147877
0.000143723
0.00013911
0.000134188
0.000129101
0.00012397
0.000118889
0.000113921
0.000109098
0.000104433
9.99287e-05
9.5759e-05
9.17226e-05
8.7547e-05
8.3747e-05
8.0398e-05
7.75116e-05
7.51674e-05
7.34077e-05
7.22222e-05
7.15547e-05
7.13251e-05
7.14508e-05
7.18774e-05
7.25818e-05
7.36132e-05
7.47451e-05
7.61341e-05
7.83405e-05
8.10667e-05
8.45134e-05
8.87773e-05
9.38722e-05
9.97023e-05
0.000106039
0.000112508
0.000118595
0.000123661
0.000126995
0.000127905
0.00012583
0.000120597
0.000112618
0.000102992
9.32179e-05
8.45372e-05
7.7428e-05
7.09205e-05
6.40706e-05
5.63568e-05
4.49501e-05
3.01551e-05
1.36423e-05
7.70145e-07
7.25835e-08
6.44165e-06
2.06713e-05
3.60744e-05
5.04788e-05
6.34235e-05
7.49518e-05
8.52494e-05
9.44983e-05
0.000102879
0.000110532
0.000117566
0.000124058
0.000130054
0.000135571
0.000140602
0.000145115
0.000149059
0.00015237
0.000154977
0.000156811
0.000157812
0.000157938
0.000157176
0.000155542
0.000153088
0.000149899
0.000146088
0.000141786
0.000137134
0.000132271
0.000127316
0.00012237
0.000117502
0.000112755
0.000108149
0.000103683
9.94265e-05
9.55497e-05
9.14752e-05
8.76496e-05
8.4193e-05
8.11176e-05
7.84993e-05
7.63907e-05
7.48108e-05
7.37427e-05
7.31427e-05
7.29564e-05
7.31409e-05
7.36829e-05
7.46419e-05
7.58268e-05
7.72083e-05
7.94873e-05
8.23428e-05
8.58933e-05
9.0244e-05
9.54044e-05
0.000101288
0.000107684
0.000114242
0.000120466
0.000125723
0.000129286
0.00013045
0.000128548
0.000123334
0.000115098
0.000105021
9.46382e-05
8.54231e-05
7.7992e-05
7.15583e-05
6.45781e-05
5.72475e-05
4.5912e-05
3.11704e-05
1.3897e-05
8.1107e-07
7.1788e-08
6.36376e-06
2.04289e-05
3.56651e-05
4.99413e-05
6.2796e-05
7.42628e-05
8.45212e-05
9.37424e-05
0.000102105
0.000109749
0.000116781
0.000123279
0.000129291
0.00013484
0.00013992
0.000144506
0.000148552
0.000151999
0.000154781
0.000156831
0.000158089
0.000158514
0.000158085
0.000156811
0.000154732
0.000151919
0.00014847
0.000144504
0.00014015
0.00013554
0.000130792
0.000126008
0.000121266
0.000116618
0.000112093
0.000107704
0.000103457
9.95836e-05
9.5805e-05
9.19247e-05
8.83771e-05
8.52203e-05
8.24314e-05
8.00753e-05
7.81909e-05
7.67903e-05
7.58623e-05
7.53815e-05
7.53247e-05
7.56887e-05
7.65332e-05
7.77843e-05
7.91087e-05
8.13813e-05
8.43324e-05
8.79223e-05
9.22931e-05
9.74473e-05
0.000103306
0.000109677
0.000116231
0.000122497
0.000127847
0.000131609
0.000132894
0.0001311
0.000125827
0.000117433
0.000106898
9.59032e-05
8.61153e-05
7.83073e-05
7.19504e-05
6.49723e-05
5.79911e-05
4.6845e-05
3.20717e-05
1.41936e-05
8.59997e-07
7.0997e-08
6.28841e-06
2.01943e-05
3.52652e-05
4.94108e-05
6.21712e-05
7.3572e-05
8.3786e-05
9.29747e-05
0.000101315
0.000108944
0.000115969
0.000122469
0.000128494
0.000134069
0.000139195
0.00014385
0.000147994
0.000151574
0.000154527
0.00015679
0.000158307
0.000159031
0.000158939
0.000158031
0.000156336
0.000153913
0.000150845
0.000147238
0.00014321
0.000138882
0.000134371
0.000129778
0.000125188
0.000120662
0.000116239
0.000111943
0.000107796
0.000103781
0.000100185
9.65229e-05
9.29679e-05
8.97568e-05
8.68763e-05
8.43688e-05
8.22771e-05
8.06301e-05
7.94401e-05
7.87068e-05
7.84269e-05
7.86083e-05
7.92997e-05
8.05799e-05
8.18631e-05
8.40115e-05
8.69874e-05
9.05528e-05
9.48725e-05
9.99466e-05
0.000105705
0.000111971
0.000118435
0.000124659
0.000130076
0.000133839
0.000135193
0.000133405
0.000128143
0.000119561
0.0001086
9.70109e-05
8.66462e-05
7.84663e-05
7.21487e-05
6.52819e-05
5.85831e-05
4.7693e-05
3.29242e-05
1.44359e-05
9.16679e-07
7.02191e-08
6.21622e-06
1.99693e-05
3.4878e-05
4.8892e-05
6.15552e-05
7.28859e-05
8.30509e-05
9.22029e-05
0.000100516
0.000108126
0.00011514
0.000121637
0.00012767
0.000133267
0.000138433
0.000143152
0.000147389
0.000151096
0.000154216
0.000156689
0.000158459
0.000159481
0.000159726
0.000159187
0.000157883
0.000155861
0.000153191
0.000149963
0.000146284
0.000142267
0.000138023
0.000133652
0.000129243
0.000124862
0.00012056
0.000116369
0.000112312
0.000108389
0.00010472
0.000101281
9.7786e-05
9.46345e-05
9.17368e-05
8.91555e-05
8.69412e-05
8.51316e-05
8.37528e-05
8.28216e-05
8.23511e-05
8.23597e-05
8.28916e-05
8.40694e-05
8.5396e-05
8.7326e-05
9.02342e-05
9.37102e-05
9.79048e-05
0.000102827
0.000108416
0.00011451
0.000120853
0.000127022
0.0001323
0.00013597
0.000137249
0.000135508
0.000130251
0.000121476
0.000110114
9.79601e-05
8.70422e-05
7.85277e-05
7.20787e-05
6.55383e-05
5.90163e-05
4.84591e-05
3.37568e-05
1.47034e-05
9.8363e-07
6.94623e-08
6.14782e-06
1.97558e-05
3.45067e-05
4.83895e-05
6.09535e-05
7.22112e-05
8.23231e-05
9.14348e-05
9.97174e-05
0.000107304
0.000114303
0.000120792
0.000126828
0.000132442
0.000137643
0.00014242
0.000146743
0.000150571
0.000153851
0.000156527
0.000158544
0.000159858
0.000160436
0.000160265
0.000159356
0.000157742
0.000155481
0.00015265
0.000149344
0.000145664
0.000141716
0.000137597
0.000133397
0.000129188
0.000125028
0.000120958
0.00011701
0.000113213
0.000109496
0.00010615
0.000102896
9.9647e-05
9.68473e-05
9.43113e-05
9.20398e-05
9.01373e-05
8.86349e-05
8.75595e-05
8.6935e-05
8.67881e-05
8.71625e-05
8.81647e-05
8.95282e-05
9.12161e-05
9.39423e-05
9.73012e-05
0.000101292
0.000106
0.000111381
0.000117325
0.00012349
0.000129347
0.000134371
0.000137859
0.000139155
0.000137439
0.000132112
0.000123153
0.000111422
9.87353e-05
8.72755e-05
7.84078e-05
7.18469e-05
6.56947e-05
5.92952e-05
4.91517e-05
3.45686e-05
1.49571e-05
1.06074e-06
6.87352e-08
6.08383e-06
1.95554e-05
3.41545e-05
4.79081e-05
6.03721e-05
7.15546e-05
8.16102e-05
9.06786e-05
9.89269e-05
0.000106487
0.000113466
0.000119944
0.000125978
0.000131604
0.000136833
0.000141661
0.000146064
0.000150004
0.000153435
0.000156304
0.00015856
0.000160157
0.000161061
0.000161254
0.000160738
0.000159535
0.000157692
0.000155272
0.000152358
0.00014904
0.000145415
0.000141578
0.000137616
0.000133607
0.000129611
0.00012568
0.00012185
0.000118152
0.000114602
0.00011114
0.000108058
0.000105019
0.000102059
9.95703e-05
9.7433e-05
9.54912e-05
9.39155e-05
9.27395e-05
9.19929e-05
9.17086e-05
9.1928e-05
9.27307e-05
9.40569e-05
9.56181e-05
9.79774e-05
0.00010116
0.000104951
0.000109471
0.000114639
0.000120235
0.000126001
0.000131519
0.000136276
0.0001397
0.000140913
0.000139115
0.000133702
0.000124576
0.000112515
9.93362e-05
8.7363e-05
7.81801e-05
7.16536e-05
6.57435e-05
5.94276e-05
4.97815e-05
3.53832e-05
1.52332e-05
1.15033e-06
6.80464e-08
6.0249e-06
1.93699e-05
3.38247e-05
4.74524e-05
5.98169e-05
7.09229e-05
8.09199e-05
8.99427e-05
9.81539e-05
0.000105684
0.00011264
0.000119102
0.00012513
0.000130762
0.000136014
0.000140886
0.000145359
0.000149402
0.000152972
0.000156023
0.000158506
0.000160375
0.000161595
0.000162143
0.000162014
0.000161222
0.0001598
0.000157801
0.000155294
0.000152359
0.000149083
0.000145556
0.000141862
0.000138079
0.000134273
0.0001305
0.000126803
0.000123218
0.000119769
0.000116471
0.000113288
0.000110417
0.00010765
0.000104988
0.000102758
0.000100997
9.94415e-05
9.81963e-05
9.73481e-05
9.6943e-05
9.70133e-05
9.7615e-05
9.88284e-05
0.000100279
0.000102303
0.000105263
0.000108871
0.000113053
0.000117827
0.000123047
0.000128407
0.000133626
0.000138199
0.000141391
0.000142428
0.000140511
0.000135003
0.000125729
0.000113384
9.97603e-05
8.72957e-05
7.77772e-05
7.11908e-05
6.5686e-05
5.9394e-05
5.03488e-05
3.61329e-05
1.55709e-05
1.25263e-06
6.74046e-08
5.97171e-06
1.92011e-05
3.35206e-05
4.70272e-05
5.92939e-05
7.03235e-05
8.02602e-05
8.92358e-05
9.74075e-05
0.000104905
0.000111835
0.000118277
0.000124295
0.000129927
0.000135195
0.000140102
0.000144636
0.000148771
0.000152469
0.000155689
0.000158383
0.00016051
0.000162031
0.000162922
0.000163171
0.000162784
0.000161783
0.00016021
0.000158121
0.000155585
0.00015268
0.000149488
0.00014609
0.000142561
0.000138971
0.000135379
0.000131832
0.000128372
0.00012503
0.000121828
0.00011879
0.000115881
0.000113214
0.000110728
0.000108369
0.000106354
0.000104854
0.000103691
0.000102845
0.000102344
0.00010227
0.000102686
0.000103678
0.000105022
0.000106804
0.000109385
0.000112699
0.000116561
0.000120947
0.000125739
0.000130798
0.000135712
0.000139948
0.000142854
0.000143669
0.000141603
0.000135992
0.000126599
0.000114024
0.000100013
8.7096e-05
7.72618e-05
7.06202e-05
6.53894e-05
5.92932e-05
5.08407e-05
3.68552e-05
1.59581e-05
1.36881e-06
6.68196e-08
5.925e-06
1.90509e-05
3.32457e-05
4.66376e-05
5.88097e-05
6.97637e-05
7.96398e-05
8.8567e-05
9.66974e-05
0.00010416
0.00011106
0.00011748
0.000123481
0.000129108
0.000134385
0.000139319
0.000143904
0.000148118
0.000151931
0.000155303
0.000158193
0.000160559
0.000162365
0.000163582
0.000164195
0.000164202
0.000163616
0.000162468
0.000160804
0.000158679
0.000156164
0.00015333
0.000150253
0.000147006
0.000143658
0.000140269
0.000136893
0.000133574
0.000130348
0.000127243
0.000124286
0.000121498
0.000118869
0.000116404
0.000114191
0.000112149
0.00011041
0.000109081
0.000108147
0.000107603
0.000107451
0.000107732
0.000108516
0.000109743
0.000111306
0.000113498
0.000116471
0.000119988
0.000123996
0.000128461
0.000133122
0.000137626
0.000141478
0.000144049
0.000144603
0.000142362
0.00013665
0.00012717
0.000114427
0.000100095
8.67684e-05
7.66404e-05
6.99958e-05
6.50603e-05
5.91336e-05
5.12566e-05
3.75401e-05
1.64176e-05
1.49939e-06
6.63018e-08
5.88559e-06
1.89215e-05
3.30036e-05
4.6289e-05
5.83711e-05
6.92517e-05
7.90677e-05
8.79457e-05
9.60336e-05
0.00010346
0.000110327
0.00011672
0.000122701
0.000128317
0.000133595
0.000138547
0.000143171
0.000147451
0.000151362
0.000154869
0.000157935
0.000160521
0.00016259
0.000164114
0.000165073
0.000165458
0.000165277
0.000164548
0.000163308
0.000161602
0.000159488
0.00015703
0.000154297
0.000151357
0.000148276
0.000145117
0.000141933
0.000138772
0.000135676
0.000132676
0.000129802
0.000127078
0.000124526
0.000122188
0.000119953
0.000117961
0.000116196
0.000114752
0.000113665
0.000112946
0.000112622
0.000112724
0.000113297
0.00011438
0.000115723
0.000117569
0.000120158
0.000123364
0.000127005
0.00013104
0.000135255
0.000139312
0.000142737
0.000144933
0.000145191
0.000142756
0.000136948
0.000127422
0.000114581
0.000100005
8.63143e-05
7.58949e-05
6.92462e-05
6.47396e-05
5.89168e-05
5.15839e-05
3.81948e-05
1.69481e-05
1.64477e-06
6.58628e-08
5.85445e-06
1.88152e-05
3.27987e-05
4.59874e-05
5.79855e-05
6.8796e-05
7.85533e-05
8.7382e-05
9.54264e-05
0.000102814
0.000109646
0.000116008
0.000121963
0.000127561
0.000132831
0.000137791
0.000142441
0.000146773
0.000150764
0.000154387
0.000157608
0.00016039
0.000162699
0.000164506
0.000165787
0.000166531
0.000166737
0.000166417
0.000165594
0.000164307
0.000162602
0.000160533
0.000158162
0.000155551
0.000152763
0.000149856
0.000146888
0.000143907
0.000140956
0.000138073
0.000135289
0.000132632
0.000130125
0.000127789
0.000125727
0.000123759
0.000121971
0.000120392
0.000119179
0.000118337
0.000117853
0.000117759
0.000118095
0.000118917
0.000120048
0.000121575
0.000123781
0.000126601
0.000129828
0.000133402
0.000137137
0.000140709
0.000143671
0.000145454
0.000145386
0.000142743
0.000136853
0.000127327
0.00011447
9.97391e-05
8.57414e-05
7.50276e-05
6.82946e-05
6.39634e-05
5.86334e-05
5.18136e-05
3.8822e-05
1.75667e-05
1.8051e-06
6.55164e-08
5.83271e-06
1.87348e-05
3.26357e-05
4.57394e-05
5.76611e-05
6.84059e-05
7.81067e-05
8.68862e-05
9.48861e-05
0.000102232
0.000109026
0.000115352
0.000121275
0.000126847
0.0001321
0.000137055
0.000141718
0.000146084
0.000150137
0.000153853
0.000157204
0.000160156
0.000162678
0.000164739
0.000166317
0.000167394
0.000167965
0.000168035
0.000167619
0.000166744
0.000165447
0.000163775
0.000161779
0.000159515
0.00015704
0.000154411
0.000151681
0.000148902
0.000146116
0.000143365
0.000140682
0.000138097
0.000135637
0.000133321
0.000131188
0.000129331
0.000127597
0.000126073
0.000124701
0.000123672
0.000122997
0.000122688
0.000122779
0.000123315
0.000124208
0.000125403
0.000127201
0.000129606
0.000132389
0.000135475
0.000138697
0.00014175
0.000144213
0.000145551
0.000145133
0.000142272
0.000136315
0.000126845
0.000114064
9.92854e-05
8.50592e-05
7.40813e-05
6.72765e-05
6.31474e-05
5.82702e-05
5.19328e-05
3.94251e-05
1.82715e-05
1.97993e-06
6.52807e-08
5.82177e-06
1.86839e-05
3.25204e-05
4.55529e-05
5.74073e-05
6.80919e-05
7.77387e-05
8.64687e-05
9.44223e-05
0.000101724
0.000108474
0.000114757
0.000120641
0.000126176
0.0001314
0.000136336
0.000140995
0.000145376
0.000149468
0.000153254
0.000156707
0.0001598
0.000162503
0.000164788
0.00016663
0.00016801
0.000168919
0.000169355
0.000169325
0.00016885
0.000167956
0.000166681
0.000165066
0.000163162
0.000161017
0.000158685
0.000156217
0.00015366
0.000151061
0.00014846
0.000145893
0.000143392
0.000140986
0.000138697
0.000136544
0.000134614
0.000132884
0.00013131
0.000129961
0.000128786
0.000127953
0.000127437
0.000127269
0.000127491
0.000128109
0.000128957
0.000130339
0.000132308
0.000134606
0.000137175
0.000139853
0.000142354
0.000144284
0.000145147
0.000144357
0.000141272
0.00013527
0.000125917
0.000113315
9.86136e-05
8.42551e-05
7.30457e-05
6.61569e-05
6.2218e-05
5.79745e-05
5.19588e-05
4.00063e-05
1.90643e-05
2.16871e-06
6.51877e-08
5.82453e-06
1.86675e-05
3.24603e-05
4.54374e-05
5.7235e-05
6.78652e-05
7.74605e-05
8.61396e-05
9.40434e-05
0.000101294
0.000107993
0.000114225
0.000120056
0.000125542
0.000130721
0.000135621
0.000140256
0.00014463
0.000148737
0.000152563
0.000156089
0.00015929
0.000162139
0.00016461
0.00016668
0.000168328
0.000169541
0.000170312
0.000170643
0.000170547
0.000170041
0.000169155
0.000167921
0.000166382
0.000164579
0.000162561
0.000160373
0.000158061
0.00015567
0.000153239
0.000150806
0.000148404
0.000146063
0.000143809
0.000141663
0.00013965
0.00013789
0.000136249
0.000134798
0.000133541
0.000132501
0.000131781
0.000131369
0.000131299
0.000131606
0.000132131
0.000133109
0.000134604
0.000136376
0.000138399
0.000140501
0.000142416
0.000143783
0.000144144
0.000142963
0.000139652
0.000133629
0.000124458
0.00011215
9.76717e-05
8.33045e-05
7.19178e-05
6.49434e-05
6.1191e-05
5.76386e-05
5.18521e-05
4.05623e-05
1.99389e-05
2.37037e-06
6.52296e-08
5.84429e-06
1.86928e-05
3.24652e-05
4.54046e-05
5.71569e-05
6.77388e-05
7.72834e-05
8.59081e-05
9.37546e-05
0.000100945
0.00010758
0.000113745
0.000119508
0.000124926
0.000130041
0.000134883
0.000139471
0.000143809
0.000147901
0.000151736
0.000155298
0.000158569
0.000161525
0.000164142
0.000166397
0.000168271
0.000169748
0.000170817
0.000171476
0.00017173
0.00017159
0.000171076
0.000170215
0.000169038
0.000167582
0.000165887
0.000163994
0.000161945
0.000159781
0.000157541
0.000155261
0.000152975
0.000150715
0.000148506
0.000146373
0.000144332
0.000142483
0.000140785
0.000139215
0.000137837
0.000136638
0.000135682
0.000135014
0.000134644
0.000134599
0.000134813
0.000135368
0.000136333
0.000137567
0.000139011
0.000140505
0.000141803
0.000142577
0.000142412
0.000140826
0.00013729
0.000131274
0.000122353
0.000110463
9.63764e-05
8.21589e-05
7.06781e-05
6.36248e-05
6.00186e-05
5.69555e-05
5.15768e-05
4.11021e-05
2.0906e-05
2.58362e-06
6.54026e-08
5.87439e-06
1.87659e-05
3.2547e-05
4.54684e-05
5.71873e-05
6.77252e-05
7.72175e-05
8.57818e-05
9.35716e-05
0.000100701
0.000107266
0.000113349
0.000119022
0.000124342
0.000129353
0.00013409
0.000138581
0.000142849
0.000146889
0.000150696
0.000154253
0.000157551
0.000160568
0.000163283
0.000165677
0.000167729
0.000169422
0.000170744
0.000171689
0.000172256
0.00017245
0.000172283
0.000171775
0.00017095
0.000169836
0.000168467
0.000166876
0.000165102
0.000163181
0.00016115
0.000159042
0.000156892
0.000154729
0.000152581
0.000150472
0.00014842
0.000146491
0.000144726
0.000143039
0.000141507
0.000140149
0.000138967
0.000138026
0.00013734
0.000136922
0.000136824
0.000136915
0.000137303
0.000137982
0.000138822
0.000139678
0.000140333
0.000140491
0.000139784
0.000137785
0.000134029
0.000128049
0.000119447
0.000108105
9.46029e-05
8.07361e-05
6.92895e-05
6.22032e-05
5.88036e-05
5.63229e-05
5.11244e-05
4.16152e-05
2.19476e-05
2.80624e-06
6.58355e-08
5.91747e-06
1.88698e-05
3.26976e-05
4.56291e-05
5.73262e-05
6.78191e-05
7.72522e-05
8.57609e-05
9.34778e-05
0.00010052
0.000106988
0.000112969
0.000118526
0.00012372
0.000128603
0.000133215
0.000137581
0.000141715
0.000145628
0.000149329
0.000152829
0.000156103
0.00015913
0.000161889
0.000164365
0.000166539
0.000168394
0.000169916
0.000171096
0.000171928
0.000172414
0.000172558
0.000172374
0.000171877
0.000171089
0.000170037
0.000168748
0.000167253
0.000165585
0.000163774
0.000161854
0.000159855
0.000157806
0.000155734
0.000153663
0.000151612
0.000149624
0.000147786
0.000145986
0.0001443
0.000142749
0.000141349
0.000140131
0.000139115
0.000138342
0.00013784
0.000137444
0.000137273
0.000137366
0.000137574
0.000137772
0.000137765
0.000137296
0.000136041
0.000133632
0.000129672
0.00012376
0.000115547
0.000104882
9.21766e-05
7.89089e-05
6.76808e-05
6.06183e-05
5.73991e-05
5.54801e-05
5.07901e-05
4.20769e-05
2.30548e-05
3.03624e-06
6.66151e-08
5.97814e-06
1.90273e-05
3.29212e-05
4.58731e-05
5.75508e-05
6.79993e-05
7.73775e-05
8.57946e-05
9.33933e-05
0.000100298
0.000106615
0.000112436
0.000117835
0.000122875
0.000127597
0.000132041
0.000136248
0.000140233
0.000144003
0.000147567
0.000150921
0.000154066
0.000157008
0.000159743
0.000162239
0.000164473
0.000166423
0.00016808
0.000169434
0.000170474
0.000171197
0.000171602
0.000171697
0.000171493
0.000171003
0.000170246
0.000169243
0.00016802
0.000166603
0.000165017
0.000163292
0.000161455
0.000159532
0.000157549
0.000155528
0.000153489
0.000151461
0.000149552
0.000147644
0.000145804
0.000144058
0.000142424
0.000140924
0.000139579
0.000138417
0.000137464
0.000136613
0.000135874
0.000135355
0.00013492
0.000134453
0.000133779
0.000132669
0.000130853
0.000128025
0.000123863
0.000118055
0.000110334
0.000100557
8.88725e-05
7.64983e-05
6.57586e-05
5.8852e-05
5.58112e-05
5.43937e-05
5.05845e-05
4.24663e-05
2.42027e-05
3.2708e-06
6.77312e-08
6.0573e-06
1.92627e-05
3.32672e-05
4.62586e-05
5.7924e-05
6.83332e-05
7.76078e-05
8.5881e-05
9.33126e-05
0.000100029
0.000106137
0.00011173
0.000116889
0.000121678
0.000126156
0.000130365
0.000134334
0.000138093
0.000141665
0.000145052
0.000148248
0.000151252
0.000154059
0.000156655
0.000159037
0.000161206
0.000163167
0.000164884
0.000166339
0.000167518
0.000168406
0.000169006
0.000169322
0.000169356
0.000169118
0.000168619
0.000167873
0.000166898
0.000165715
0.000164344
0.000162809
0.000161133
0.000159339
0.000157452
0.00015549
0.000153472
0.000151416
0.00014944
0.00014743
0.00014544
0.0001435
0.000141628
0.000139843
0.000138163
0.000136609
0.000135204
0.000133896
0.000132608
0.000131465
0.000130388
0.000129251
0.000127918
0.000126205
0.000123889
0.000120719
0.000116428
0.000110752
0.000103467
9.44928e-05
8.41829e-05
7.32712e-05
6.33873e-05
5.68759e-05
5.40606e-05
5.29888e-05
5.00539e-05
4.27516e-05
2.53642e-05
3.50754e-06
6.9284e-08
6.1658e-06
1.95854e-05
3.37534e-05
4.68081e-05
5.84631e-05
6.87667e-05
7.7859e-05
8.59193e-05
9.31016e-05
9.95398e-05
0.000105349
0.000110628
0.00011546
0.000119916
0.000124055
0.000127927
0.000131571
0.000135013
0.000138277
0.000141378
0.000144325
0.000147121
0.000149752
0.000152198
0.000154459
0.000156523
0.00015837
0.000159998
0.000161395
0.000162555
0.000163503
0.000164213
0.000164671
0.000164874
0.000164822
0.000164522
0.000163981
0.000163211
0.000162227
0.00016104
0.000159672
0.000158142
0.000156469
0.000154673
0.000152771
0.000150778
0.000148704
0.000146664
0.000144559
0.000142428
0.000140305
0.000138206
0.000136147
0.000134146
0.000132219
0.000130386
0.000128639
0.000126845
0.000125132
0.000123488
0.000121776
0.000119888
0.000117677
0.000114974
0.000111581
0.000107293
0.000101914
9.52771e-05
8.73089e-05
7.81152e-05
6.84739e-05
6.019e-05
5.46528e-05
5.22337e-05
5.1629e-05
4.9612e-05
4.29831e-05
2.65413e-05
3.74389e-06
7.14105e-08
6.31471e-06
2.00256e-05
3.43954e-05
4.75158e-05
5.90877e-05
6.91896e-05
7.80107e-05
8.57394e-05
9.25459e-05
9.85772e-05
0.000103958
0.000108796
0.000113178
0.000117182
0.00012087
0.000124296
0.000127507
0.000130526
0.000133381
0.000136091
0.000138668
0.000141119
0.000143443
0.000145642
0.0001477
0.000149593
0.000151304
0.00015283
0.00015416
0.000155283
0.000156181
0.000156856
0.000157304
0.000157524
0.000157514
0.000157275
0.000156813
0.000156136
0.000155253
0.000154183
0.000152938
0.000151522
0.000149948
0.00014823
0.00014638
0.000144413
0.00014234
0.00014026
0.000138117
0.000135906
0.000133665
0.000131407
0.000129144
0.00012689
0.000124659
0.000122467
0.000120325
0.000118096
0.000115893
0.000113736
0.000111523
0.000109187
0.000106623
0.000103691
0.000100247
9.61414e-05
9.12365e-05
8.54421e-05
7.87323e-05
7.12304e-05
6.33629e-05
5.61091e-05
5.16575e-05
5.02795e-05
5.02334e-05
4.88828e-05
4.3041e-05
2.77259e-05
3.97735e-06
7.43056e-08
6.51431e-06
2.05971e-05
3.52048e-05
4.83194e-05
5.9688e-05
6.94524e-05
7.78294e-05
8.50426e-05
9.12875e-05
9.67297e-05
0.000101507
0.000105735
0.00010951
0.00011291
0.000116002
0.000118861
0.000121503
0.000123971
0.000126294
0.000128491
0.000130579
0.000132566
0.000134455
0.000136247
0.000137936
0.000139517
0.000140977
0.000142295
0.000143447
0.000144428
0.000145224
0.00014583
0.00014624
0.00014645
0.000146458
0.000146261
0.00014586
0.000145258
0.000144458
0.000143465
0.000142288
0.000140939
0.000139429
0.000137768
0.000135967
0.000134036
0.000131984
0.000129834
0.000127631
0.000125318
0.000122943
0.000120517
0.000118054
0.000115571
0.000113083
0.000110606
0.00010814
0.000105614
0.000103116
0.000100653
9.81683e-05
9.56215e-05
9.29543e-05
9.00838e-05
8.68965e-05
8.32788e-05
7.91277e-05
7.43796e-05
6.90547e-05
6.33339e-05
5.7661e-05
5.27914e-05
4.93005e-05
4.8101e-05
4.86629e-05
4.80874e-05
4.29887e-05
2.88778e-05
4.20646e-06
7.82487e-08
6.77931e-06
2.13143e-05
3.61336e-05
4.909e-05
6.0062e-05
6.92293e-05
7.68871e-05
8.33109e-05
8.87318e-05
9.33386e-05
9.7284e-05
0.000100692
0.000103662
0.000106276
0.000108627
0.000110744
0.000112666
0.000114439
0.00011609
0.000117641
0.000119107
0.000120498
0.000121821
0.000123077
0.000124262
0.000125373
0.0001264
0.000127332
0.000128155
0.000128854
0.000129414
0.000129825
0.000130079
0.000130168
0.000130086
0.00012983
0.000129398
0.000128789
0.000128003
0.000127041
0.000125907
0.00012461
0.000123155
0.00012155
0.000119801
0.000117917
0.000115906
0.000113781
0.000111557
0.000109264
0.000106883
0.000104436
0.000101944
9.94235e-05
9.69003e-05
9.43721e-05
9.18338e-05
8.93229e-05
8.68376e-05
8.43946e-05
8.19856e-05
7.9591e-05
7.71774e-05
7.46941e-05
7.20718e-05
6.92392e-05
6.61165e-05
6.26465e-05
5.88419e-05
5.48525e-05
5.10348e-05
4.80144e-05
4.66023e-05
4.68606e-05
4.73046e-05
4.7151e-05
4.27625e-05
2.98942e-05
4.43049e-06
8.36303e-08
7.12788e-06
2.21831e-05
3.70565e-05
4.95679e-05
5.97472e-05
6.78904e-05
7.44124e-05
7.96599e-05
8.39071e-05
8.73665e-05
9.02028e-05
9.25445e-05
9.44886e-05
9.61474e-05
9.75537e-05
9.87563e-05
9.9813e-05
0.000100752
0.000101595
0.000102369
0.000103087
0.000103761
0.000104397
0.000104996
0.000105559
0.000106083
0.00010656
0.000106983
0.00010735
0.000107645
0.00010785
0.000107951
0.000107939
0.000107804
0.000107541
0.000107146
0.000106614
0.000105944
0.000105135
0.000104186
0.000103098
0.000101881
0.000100533
9.90571e-05
9.74585e-05
9.57445e-05
9.39227e-05
9.20031e-05
8.99966e-05
8.7899e-05
8.57195e-05
8.34898e-05
8.12342e-05
7.89742e-05
7.67306e-05
7.45166e-05
7.2343e-05
7.02321e-05
6.81996e-05
6.62522e-05
6.43936e-05
6.26207e-05
6.09209e-05
5.92717e-05
5.76342e-05
5.59465e-05
5.4148e-05
5.21889e-05
5.00542e-05
4.7833e-05
4.57556e-05
4.42677e-05
4.38657e-05
4.4796e-05
4.65462e-05
4.66819e-05
4.23565e-05
3.07062e-05
4.65354e-06
9.10284e-08
7.57796e-06
2.31287e-05
3.76241e-05
4.90899e-05
5.77654e-05
6.42233e-05
6.90251e-05
7.25975e-05
7.52551e-05
7.72244e-05
7.86697e-05
7.97166e-05
8.0462e-05
8.09617e-05
8.12825e-05
8.14758e-05
8.15781e-05
8.16184e-05
8.16186e-05
8.15919e-05
8.15499e-05
8.15004e-05
8.14482e-05
8.13955e-05
8.13426e-05
8.12907e-05
8.12333e-05
8.11647e-05
8.10802e-05
8.09697e-05
8.0819e-05
8.06152e-05
8.03487e-05
8.00132e-05
7.96043e-05
7.91189e-05
7.85546e-05
7.79094e-05
7.71815e-05
7.63694e-05
7.54684e-05
7.44464e-05
7.33254e-05
7.21191e-05
7.08353e-05
6.94812e-05
6.80644e-05
6.65942e-05
6.50821e-05
6.35479e-05
6.20046e-05
6.04607e-05
5.89304e-05
5.74295e-05
5.59732e-05
5.45754e-05
5.32494e-05
5.20112e-05
5.0873e-05
4.98425e-05
4.89244e-05
4.81207e-05
4.74274e-05
4.68405e-05
4.63399e-05
4.58903e-05
4.54356e-05
4.49129e-05
4.42818e-05
4.35738e-05
4.28765e-05
4.24627e-05
4.26427e-05
4.3725e-05
4.51364e-05
4.5592e-05
4.16064e-05
3.0958e-05
4.88088e-06
1.00944e-07
8.12147e-06
2.38239e-05
3.69978e-05
4.62587e-05
5.23576e-05
5.62843e-05
5.87405e-05
6.02024e-05
6.09995e-05
6.13327e-05
6.13296e-05
6.10876e-05
6.06783e-05
6.01418e-05
5.95331e-05
5.88878e-05
5.82306e-05
5.75798e-05
5.69483e-05
5.6344e-05
5.57728e-05
5.52383e-05
5.4742e-05
5.4283e-05
5.38562e-05
5.34531e-05
5.30789e-05
5.27313e-05
5.24063e-05
5.20969e-05
5.17914e-05
5.14799e-05
5.11562e-05
5.08174e-05
5.04618e-05
5.00879e-05
4.96943e-05
4.92792e-05
4.8841e-05
4.8378e-05
4.78882e-05
4.73815e-05
4.68513e-05
4.6297e-05
4.57211e-05
4.5129e-05
4.45271e-05
4.3922e-05
4.33203e-05
4.27332e-05
4.21691e-05
4.16343e-05
4.11355e-05
4.06805e-05
4.02763e-05
3.99297e-05
3.9652e-05
3.94562e-05
3.93459e-05
3.93226e-05
3.93856e-05
3.95358e-05
3.97691e-05
4.00974e-05
4.05027e-05
4.09569e-05
4.14099e-05
4.18326e-05
4.21659e-05
4.24112e-05
4.25415e-05
4.26956e-05
4.29844e-05
4.37694e-05
4.47149e-05
4.51029e-05
4.07412e-05
3.0366e-05
5.04576e-06
1.15418e-07
8.73257e-06
2.34317e-05
3.34186e-05
3.874e-05
4.12935e-05
4.22559e-05
4.22975e-05
4.1818e-05
4.1042e-05
4.01071e-05
3.90995e-05
3.80693e-05
3.70511e-05
3.60682e-05
3.513e-05
3.42473e-05
3.34274e-05
3.26743e-05
3.19899e-05
3.13746e-05
3.08275e-05
3.03472e-05
2.99315e-05
2.95777e-05
2.92836e-05
2.90483e-05
2.88664e-05
2.87344e-05
2.86483e-05
2.86039e-05
2.85963e-05
2.86211e-05
2.86749e-05
2.87551e-05
2.88588e-05
2.89831e-05
2.91248e-05
2.9281e-05
2.94486e-05
2.9625e-05
2.98081e-05
3.00011e-05
3.02013e-05
3.04079e-05
3.06185e-05
3.08368e-05
3.10741e-05
3.13314e-05
3.16074e-05
3.19027e-05
3.22183e-05
3.25558e-05
3.29161e-05
3.33016e-05
3.37141e-05
3.41536e-05
3.46394e-05
3.51849e-05
3.57754e-05
3.6403e-05
3.7063e-05
3.77553e-05
3.84777e-05
3.92215e-05
3.99786e-05
4.07467e-05
4.15001e-05
4.22491e-05
4.29271e-05
4.35288e-05
4.39521e-05
4.4261e-05
4.43798e-05
4.46244e-05
4.46141e-05
4.43643e-05
3.94651e-05
2.91971e-05
5.11132e-06
1.3151e-07
8.87278e-06
2.01981e-05
2.45508e-05
2.53994e-05
2.49287e-05
2.39668e-05
2.28749e-05
2.181e-05
2.08291e-05
1.99534e-05
1.91877e-05
1.85284e-05
1.79708e-05
1.75099e-05
1.71376e-05
1.68478e-05
1.66353e-05
1.64952e-05
1.6423e-05
1.64143e-05
1.64651e-05
1.65717e-05
1.67305e-05
1.69383e-05
1.71922e-05
1.74889e-05
1.78247e-05
1.81967e-05
1.86016e-05
1.90345e-05
1.95086e-05
2.00247e-05
2.05762e-05
2.11561e-05
2.17581e-05
2.23769e-05
2.30079e-05
2.36475e-05
2.42927e-05
2.4941e-05
2.55906e-05
2.62409e-05
2.68911e-05
2.75415e-05
2.81878e-05
2.88356e-05
2.95197e-05
3.0219e-05
3.09232e-05
3.16276e-05
3.23296e-05
3.3029e-05
3.37252e-05
3.44191e-05
3.51099e-05
3.5802e-05
3.64865e-05
3.71603e-05
3.7829e-05
3.84923e-05
3.9158e-05
3.98326e-05
4.05167e-05
4.12149e-05
4.19173e-05
4.26358e-05
4.33386e-05
4.40484e-05
4.46811e-05
4.52541e-05
4.56265e-05
4.5841e-05
4.56947e-05
4.543e-05
4.43978e-05
4.31321e-05
3.77023e-05
2.74813e-05
5.10474e-06
1.65118e-07
8.50073e-06
1.33853e-05
1.30503e-05
1.24058e-05
1.18778e-05
1.14825e-05
1.12297e-05
1.11084e-05
1.10997e-05
1.11872e-05
1.13577e-05
1.16004e-05
1.1907e-05
1.22707e-05
1.26855e-05
1.31459e-05
1.36473e-05
1.41853e-05
1.47561e-05
1.5356e-05
1.59812e-05
1.66284e-05
1.72944e-05
1.7976e-05
1.86702e-05
1.93741e-05
2.00845e-05
2.07993e-05
2.15172e-05
2.22251e-05
2.29729e-05
2.37538e-05
2.45463e-05
2.53379e-05
2.61212e-05
2.68916e-05
2.76464e-05
2.8384e-05
2.91036e-05
2.98049e-05
3.04885e-05
3.11539e-05
3.18029e-05
3.24349e-05
3.30499e-05
3.36514e-05
3.42202e-05
3.47573e-05
3.52731e-05
3.57741e-05
3.62644e-05
3.67472e-05
3.72249e-05
3.76997e-05
3.81734e-05
3.86468e-05
3.91224e-05
3.95967e-05
4.00755e-05
4.05569e-05
4.10451e-05
4.15382e-05
4.20349e-05
4.2538e-05
4.30392e-05
4.35504e-05
4.40393e-05
4.45499e-05
4.49507e-05
4.53199e-05
4.54698e-05
4.54793e-05
4.50752e-05
4.44691e-05
4.24826e-05
3.94865e-05
3.40094e-05
2.3089e-05
4.72858e-06
2.38407e-07
7.9916e-06
9.56862e-06
9.65117e-06
1.00913e-05
1.07853e-05
1.15721e-05
1.24063e-05
1.32631e-05
1.41308e-05
1.50049e-05
1.58828e-05
1.67612e-05
1.76365e-05
1.85048e-05
1.93625e-05
2.02065e-05
2.10342e-05
2.18431e-05
2.26315e-05
2.33977e-05
2.41408e-05
2.48597e-05
2.55539e-05
2.62231e-05
2.68672e-05
2.74864e-05
2.80802e-05
2.86511e-05
2.91949e-05
2.97205e-05
3.02071e-05
3.0653e-05
3.10661e-05
3.14524e-05
3.18171e-05
3.21638e-05
3.24956e-05
3.28145e-05
3.31227e-05
3.34209e-05
3.3711e-05
3.3993e-05
3.42686e-05
3.45377e-05
3.48031e-05
3.50642e-05
3.5322e-05
3.55714e-05
3.58209e-05
3.60656e-05
3.63076e-05
3.6545e-05
3.67807e-05
3.70125e-05
3.7245e-05
3.74741e-05
3.77074e-05
3.79362e-05
3.81742e-05
3.84027e-05
3.86464e-05
3.88875e-05
3.91327e-05
3.93826e-05
3.96327e-05
3.9893e-05
4.01481e-05
4.04245e-05
4.05804e-05
4.07384e-05
4.06991e-05
4.05848e-05
4.01816e-05
3.94015e-05
3.75823e-05
3.43036e-05
2.78219e-05
1.53569e-05
4.33271e-06
1.48404e-07
3.13735e-07
5.35458e-07
7.21189e-07
8.7909e-07
1.02089e-06
1.15569e-06
1.28956e-06
1.42532e-06
1.56366e-06
1.70446e-06
1.84753e-06
1.99277e-06
2.14004e-06
2.28911e-06
2.43966e-06
2.59131e-06
2.74359e-06
2.89604e-06
3.04816e-06
3.19949e-06
3.34948e-06
3.49779e-06
3.6438e-06
3.78734e-06
3.92767e-06
4.06493e-06
4.19818e-06
4.32788e-06
4.45298e-06
4.57402e-06
4.6903e-06
4.80101e-06
4.90569e-06
5.00419e-06
5.09646e-06
5.18271e-06
5.2631e-06
5.33805e-06
5.4077e-06
5.47268e-06
5.53291e-06
5.58925e-06
5.64132e-06
5.69028e-06
5.73536e-06
5.77825e-06
5.81754e-06
5.85548e-06
5.8897e-06
5.92364e-06
5.95357e-06
5.98431e-06
6.0105e-06
6.03881e-06
6.06177e-06
6.08844e-06
6.10865e-06
6.13451e-06
6.15235e-06
6.17812e-06
6.19371e-06
6.21956e-06
6.23299e-06
6.25752e-06
6.2677e-06
6.28691e-06
6.29176e-06
6.30151e-06
6.31112e-06
6.32632e-06
6.33779e-06
6.34607e-06
6.34196e-06
6.32428e-06
6.27365e-06
6.15639e-06
5.90184e-06
5.32723e-06
3.82523e-06
)
;

boundaryField
{
    movingWall
    {
        type            nutkWallFunction;
        Cmu             0.09;
        kappa           0.41;
        E               9.8;
        value           uniform 0;
    }
    fixedWalls
    {
        type            nutkWallFunction;
        Cmu             0.09;
        kappa           0.41;
        E               9.8;
        value           uniform 0;
    }
    frontAndBack
    {
        type            empty;
    }
}


// ************************************************************************* //
