/*--------------------------------*- C++ -*----------------------------------*\
  =========                 |
  \\      /  F ield         | OpenFOAM: The Open Source CFD Toolbox
   \\    /   O peration     | Website:  https://openfoam.org
    \\  /    A nd           | Version:  13
     \\/     M anipulation  |
\*---------------------------------------------------------------------------*/
FoamFile
{
    format      ascii;
    class       volScalarField;
    location    "2.6";
    object      p;
}
// * * * * * * * * * * * * * * * * * * * * * * * * * * * * * * * * * * * * * //

dimensions      [0 2 -2 0 0 0 0];

internalField   nonuniform List<scalar> 
6400
(
-4.753e-09
6.88317e-06
1.9023e-06
-1.88215e-05
-5.61504e-05
-0.000107801
-0.000170346
-0.000240738
-0.000316828
-0.000397554
-0.000482678
-0.000572715
-0.000668541
-0.000771335
-0.00088239
-0.00100303
-0.0011348
-0.00127922
-0.00143757
-0.00161086
-0.00180018
-0.00200644
-0.0022307
-0.00247493
-0.00274233
-0.00303391
-0.00334849
-0.00368353
-0.00403192
-0.00438063
-0.00472182
-0.00505244
-0.00536688
-0.00565961
-0.00592585
-0.00616059
-0.00635855
-0.0065139
-0.00662018
-0.0066706
-0.00665825
-0.00657622
-0.00641809
-0.00617861
-0.0058541
-0.00544292
-0.0049446
-0.00435511
-0.00366956
-0.00289932
-0.00205684
-0.0011473
-0.000185062
0.000814657
0.00183132
0.00284206
0.00382062
0.00473893
0.00556597
0.00627075
0.00682691
0.00721448
0.00742251
0.00745052
0.00730979
0.00702093
0.00662328
0.00615868
0.0056722
0.00520689
0.00479196
0.00445097
0.00420072
0.00402937
0.00392291
0.0038683
0.00385004
0.00385413
0.00387027
0.00388758
-5.97029e-06
6.75539e-07
-5.34502e-06
-2.68556e-05
-6.41197e-05
-0.0001148
-0.000175517
-0.000243399
-0.000316648
-0.00039444
-0.000476636
-0.000563538
-0.000656006
-0.000755066
-0.000862104
-0.000978461
-0.00110541
-0.00124444
-0.00139676
-0.00156298
-0.00174409
-0.0019414
-0.00215557
-0.00238746
-0.00263851
-0.00291135
-0.00320784
-0.00352813
-0.00386998
-0.00422636
-0.00458435
-0.00493306
-0.00526662
-0.0055796
-0.00586681
-0.00612261
-0.00634103
-0.00651593
-0.00664077
-0.00670889
-0.0067137
-0.006649
-0.006509
-0.00628854
-0.00598376
-0.00559231
-0.00511247
-0.00454255
-0.00388656
-0.00315145
-0.00233902
-0.0014605
-0.000528865
0.000440044
0.001427
0.00240968
0.00336224
0.00425641
0.00506417
0.005759
0.00631499
0.00671188
0.00693861
0.00699445
0.00688934
0.00664498
0.0062947
0.00587703
0.00543736
0.00501452
0.00464106
0.0043418
0.00412131
0.00397802
0.00389954
0.00387064
0.00386929
0.00387951
0.00389512
0.00391208
-4.53115e-06
1.35125e-06
-6.71051e-06
-3.06395e-05
-6.94772e-05
-0.000119842
-0.000178392
-0.000242817
-0.000311863
-0.000385142
-0.000462397
-0.000544032
-0.00063078
-0.000723432
-0.000822913
-0.000930487
-0.00104761
-0.0011757
-0.00131638
-0.00147142
-0.00164208
-0.00183007
-0.00203792
-0.00226816
-0.00252322
-0.00280479
-0.00311345
-0.00344768
-0.00380371
-0.00417569
-0.00455486
-0.00493106
-0.00529523
-0.00563917
-0.005956
-0.00623958
-0.00648369
-0.00668208
-0.00682846
-0.00691661
-0.00694039
-0.00689423
-0.00677312
-0.00657248
-0.00628882
-0.00592018
-0.00546606
-0.00492635
-0.00429835
-0.00359177
-0.0028119
-0.0019673
-0.00106951
-0.000133175
0.000823764
0.00178035
0.00271261
0.00359362
0.00439594
0.00509396
0.00566328
0.00608345
0.00634268
0.00643975
0.00638285
0.00619195
0.00589751
0.00553709
0.00514957
0.0047758
0.00444505
0.00417848
0.0039939
0.00388466
0.00383392
0.00382608
0.00384253
0.00386629
0.00389142
0.0039146
9.12396e-06
1.26665e-05
1.51577e-06
-2.5771e-05
-6.70775e-05
-0.000117688
-0.000174122
-0.000234691
-0.000298756
-0.000366072
-0.000436973
-0.000511816
-0.000591207
-0.000675931
-0.000766979
-0.000865668
-0.000973662
-0.00109283
-0.00122536
-0.0013739
-0.00154119
-0.00173051
-0.00194607
-0.0021915
-0.0024693
-0.00277988
-0.00312245
-0.00349391
-0.00388832
-0.00429751
-0.00471225
-0.0051232
-0.00552072
-0.00589603
-0.00624166
-0.00655073
-0.00681713
-0.00703498
-0.00719829
-0.00730142
-0.00733893
-0.00730569
-0.00719735
-0.00701016
-0.00674128
-0.00638903
-0.00595296
-0.00543211
-0.00482797
-0.00414505
-0.00338893
-0.00256773
-0.00169185
-0.00077449
0.000167935
0.00111557
0.00204567
0.0029326
0.00374954
0.00447015
0.00507055
0.00552946
0.00583321
0.00597816
0.00597119
0.00582912
0.00558006
0.00526013
0.00490905
0.00456525
0.00426017
0.00401638
0.00384755
0.00375317
0.00372318
0.00373587
0.00377026
0.00381142
0.00385024
0.00388007
3.88585e-05
3.77615e-05
2.22667e-05
-9.17123e-06
-5.30833e-05
-0.000103925
-0.000158502
-0.000215615
-0.000275013
-0.000336877
-0.000401658
-0.000469906
-0.000542388
-0.000620141
-0.000704547
-0.000797467
-0.00090131
-0.00101901
-0.00115396
-0.00131036
-0.00149257
-0.00170467
-0.00195068
-0.00223263
-0.00255219
-0.00290933
-0.0033006
-0.00371998
-0.00415963
-0.00461009
-0.00506115
-0.00550331
-0.00592775
-0.00632692
-0.00669363
-0.00702094
-0.00730304
-0.00753414
-0.0077087
-0.00782175
-0.00786858
-0.00784445
-0.00774593
-0.00756986
-0.00731369
-0.00697579
-0.00655596
-0.00605383
-0.00547065
-0.00480931
-0.00407452
-0.00327372
-0.00241621
-0.00151345
-0.000580273
0.000364639
0.00130029
0.00220268
0.00304597
0.00380325
0.00445011
0.00496465
0.00533003
0.00553718
0.00559126
0.00550766
0.00531055
0.00503295
0.00471488
0.0043954
0.00410769
0.00387596
0.00371457
0.00362578
0.00360079
0.00362202
0.00366817
0.00372217
0.00377165
0.00380573
8.77129e-05
8.00827e-05
5.80315e-05
2.0715e-05
-2.61472e-05
-7.73155e-05
-0.000130312
-0.000184479
-0.000239991
-0.000297366
-0.000357296
-0.00042065
-0.000488589
-0.000562704
-0.000645156
-0.000738834
-0.000847463
-0.000975539
-0.00112797
-0.00130977
-0.00152619
-0.00178012
-0.00207426
-0.00241053
-0.0027877
-0.00320209
-0.00364672
-0.00411332
-0.0045938
-0.00507968
-0.00556137
-0.00602959
-0.00647598
-0.00689344
-0.00727537
-0.00761569
-0.00790883
-0.00814908
-0.00833158
-0.00845214
-0.00850645
-0.00849019
-0.00840139
-0.00823734
-0.0079959
-0.00767569
-0.00727628
-0.00679741
-0.00623934
-0.00560386
-0.00489481
-0.00411869
-0.00328346
-0.00239889
-0.00147923
-0.000540245
0.000399794
0.00131822
0.00219079
0.00299141
0.00369479
0.0042775
0.00472042
0.00501134
0.00514778
0.00514188
0.00501663
0.00480076
0.00453099
0.00424673
0.0039825
0.00376472
0.00360952
0.00352148
0.00349441
0.00351394
0.00356085
0.00361652
0.00366836
0.0037023
0.000157635
0.000142095
0.00011061
6.59393e-05
1.53535e-05
-3.64329e-05
-8.82546e-05
-0.00014021
-0.000192982
-0.000247503
-0.000304882
-0.000366505
-0.000434219
-0.000510536
-0.000598786
-0.000703268
-0.000829376
-0.000982702
-0.00116915
-0.00139353
-0.00165969
-0.00197118
-0.00232827
-0.00272877
-0.00316715
-0.00363718
-0.00413159
-0.00464185
-0.00515952
-0.00567628
-0.00618349
-0.00667285
-0.00713669
-0.00756831
-0.00796177
-0.00831176
-0.00861291
-0.00885959
-0.00904763
-0.00917353
-0.00923371
-0.00922697
-0.00915031
-0.00900119
-0.00877801
-0.00847959
-0.00810402
-0.00765104
-0.00712194
-0.00651901
-0.0058455
-0.00510508
-0.00430368
-0.00345025
-0.00255467
-0.00162836
-0.0006888
0.000241721
0.00114032
0.00198479
0.00274975
0.0034101
0.00394496
0.00433914
0.00458443
0.00468452
0.00465675
0.0045279
0.00433004
0.0041004
0.00387409
0.00367938
0.0035348
0.00344758
0.00341473
0.00342586
0.00346388
0.00351186
0.00355625
0.00358408
0.000249565
0.000224671
0.000181075
0.000127366
7.23813e-05
1.93786e-05
-3.2001e-05
-8.28983e-05
-0.000134696
-0.000188913
-0.000247286
-0.000311979
-0.000385847
-0.000472658
-0.00057715
-0.000705057
-0.000862829
-0.001057
-0.00129231
-0.00157386
-0.00190437
-0.00228399
-0.00270833
-0.00317202
-0.00366901
-0.00419173
-0.00473203
-0.00528156
-0.00583211
-0.00637557
-0.00690414
-0.00741049
-0.00788778
-0.00832989
-0.00873142
-0.0090874
-0.00939253
-0.00964257
-0.0098348
-0.00996632
-0.0100352
-0.0100401
-0.00997659
-0.00984298
-0.00963789
-0.00936071
-0.00901044
-0.00858725
-0.00809252
-0.00752834
-0.0068971
-0.00620048
-0.00544211
-0.00462827
-0.00376679
-0.00286942
-0.0019515
-0.00102648
-0.000111196
0.00077397
0.00159851
0.00234022
0.00297777
0.00349078
0.00386639
0.00410051
0.00420095
0.00418767
0.00408867
0.00393722
0.0037676
0.00360945
0.00348395
0.00340153
0.00336248
0.00336117
0.00338384
0.00341719
0.00344567
0.00346314
0.000363697
0.00032668
0.000269167
0.000204224
0.000143927
8.89321e-05
3.69009e-05
-1.46409e-05
-6.79889e-05
-0.00012547
-0.000189686
-0.000263841
-0.000352056
-0.000459489
-0.000592086
-0.000756709
-0.000960566
-0.00120917
-0.00150713
-0.00185767
-0.00225932
-0.0027079
-0.00319827
-0.00372327
-0.00427525
-0.00484597
-0.0054272
-0.00601097
-0.00658951
-0.00715527
-0.00770118
-0.00822064
-0.00870757
-0.00915647
-0.00956231
-0.00992043
-0.0102273
-0.0104812
-0.0106795
-0.0108188
-0.0108966
-0.01091
-0.0108576
-0.0107384
-0.0105514
-0.0102962
-0.00997297
-0.00958185
-0.00912339
-0.00859857
-0.00800879
-0.00735674
-0.00664603
-0.00588121
-0.00506838
-0.00421595
-0.00333184
-0.0024234
-0.00150753
-0.000607227
0.000262097
0.00108155
0.00182009
0.00245759
0.00297742
0.00336679
0.00362305
0.00375537
0.00378426
0.00373714
0.00364544
0.00353979
0.00344425
0.00337325
0.00333214
0.00331628
0.0033196
0.00333229
0.00334079
0.00334572
0.000495431
0.000446136
0.000371339
0.00029347
0.000226831
0.000168938
0.000114741
6.02436e-05
2.02438e-06
-6.32795e-05
-0.000139362
-0.000230667
-0.000342691
-0.00048169
-0.000654597
-0.000868847
-0.0011311
-0.00144611
-0.00181599
-0.00223935
-0.00271265
-0.00322972
-0.00378319
-0.00436472
-0.00496615
-0.0055792
-0.00619597
-0.00680884
-0.00741056
-0.00799421
-0.00855337
-0.00908217
-0.00957528
-0.0100279
-0.0104359
-0.0107956
-0.0111044
-0.0113596
-0.0115583
-0.0116989
-0.0117798
-0.0117993
-0.0117565
-0.0116509
-0.0114819
-0.0112493
-0.0109534
-0.0105944
-0.0101731
-0.00969004
-0.00914642
-0.00854398
-0.00788506
-0.00717259
-0.00641035
-0.00560299
-0.0047564
-0.00388127
-0.00298833
-0.00208827
-0.00119098
-0.000321812
0.00050006
0.00125583
0.00191877
0.00247227
0.00290307
0.003207
0.00339257
0.00347823
0.0034887
0.00345354
0.00340045
0.00334821
0.00330713
0.00327958
0.00326345
0.00325241
0.00324107
0.00323327
0.000639975
0.000577234
0.000482747
0.000390356
0.000316363
0.000254175
0.000195767
0.000135375
6.82201e-05
-1.03079e-05
-0.000105172
-0.000222163
-0.000367865
-0.00054934
-0.00077401
-0.00104895
-0.00137956
-0.00176781
-0.00221217
-0.00270925
-0.00325258
-0.00383397
-0.00444511
-0.00507731
-0.00572233
-0.00637206
-0.00701889
-0.00765563
-0.0082755
-0.00887219
-0.00943999
-0.00997373
-0.0104688
-0.0109212
-0.0113274
-0.0116845
-0.0119904
-0.0122427
-0.0124395
-0.0125797
-0.0126623
-0.0126863
-0.0126514
-0.0125573
-0.0124039
-0.0121914
-0.0119201
-0.0115907
-0.0112037
-0.0107601
-0.0102608
-0.00970687
-0.00909999
-0.00844191
-0.00773475
-0.006981
-0.0061842
-0.00535009
-0.00448498
-0.00359672
-0.00269903
-0.00180359
-0.000920915
-7.55782e-05
0.00071319
0.00142209
0.00203025
0.00252136
0.00288805
0.00313478
0.0032755
0.00333322
0.00333731
0.00331302
0.00327689
0.00323941
0.0032043
0.00317029
0.00314097
0.00312162
0.000790681
0.000713059
0.000596932
0.000488562
0.000405902
0.000337629
0.000272481
0.000202711
0.000121979
2.42764e-05
-9.67238e-05
-0.000247981
-0.000436728
-0.000670553
-0.000956571
-0.00130043
-0.00170483
-0.00216858
-0.00268766
-0.00325561
-0.00386414
-0.00450425
-0.00516705
-0.00584383
-0.00652637
-0.00720683
-0.00787794
-0.00853291
-0.0091655
-0.00977006
-0.0103416
-0.0108756
-0.0113684
-0.0118165
-0.0122171
-0.0125681
-0.0128677
-0.0131145
-0.0133071
-0.0134449
-0.0135272
-0.0135537
-0.0135243
-0.0134392
-0.0132988
-0.0131032
-0.0128534
-0.0125499
-0.0121936
-0.0117855
-0.0113263
-0.0108171
-0.0102589
-0.00965265
-0.00899947
-0.00830056
-0.00755762
-0.00677305
-0.00594975
-0.00509191
-0.00420637
-0.00330122
-0.0023892
-0.00148293
-0.000598172
0.000240227
0.00101024
0.00168695
0.0022477
0.00267891
0.00297856
0.00315746
0.00323943
0.00325532
0.0032305
0.00318505
0.00313211
0.00307698
0.00303208
0.00300318
0.000938874
0.000845994
0.000705989
0.000580285
0.000487441
0.000410958
0.000336161
0.000253157
0.000153918
3.09504e-05
-0.000123477
-0.000316867
-0.000556846
-0.000851009
-0.00120502
-0.00162227
-0.00210229
-0.00264086
-0.00323125
-0.00386508
-0.00453299
-0.00522553
-0.00593357
-0.00664847
-0.00736213
-0.00806704
-0.00875629
-0.00942359
-0.0100633
-0.0106705
-0.011241
-0.011771
-0.0122575
-0.0126977
-0.0130897
-0.0134319
-0.0137231
-0.0139623
-0.0141488
-0.0142823
-0.0143625
-0.0143896
-0.0143637
-0.0142853
-0.0141551
-0.0139736
-0.0137418
-0.0134607
-0.013131
-0.0127539
-0.0123303
-0.011861
-0.0113467
-0.010788
-0.0101853
-0.00953888
-0.00884893
-0.00811586
-0.00734026
-0.00652343
-0.0056678
-0.00477695
-0.00385703
-0.00291678
-0.0019708
-0.00103464
-0.00013213
0.000709697
0.00145986
0.00208699
0.00256889
0.00289882
0.00308748
0.00316236
0.00315941
0.00311003
0.00304017
0.00296588
0.00290746
0.00286975
0.00107476
0.000964985
0.000800795
0.000656797
0.000552132
0.000465087
0.000377522
0.00027731
0.000154643
3.34935e-07
-0.000193961
-0.000435862
-0.000733759
-0.00109358
-0.00151922
-0.00201105
-0.00256518
-0.0031748
-0.00383128
-0.00452491
-0.00524568
-0.00598389
-0.00673037
-0.00747659
-0.00821472
-0.00893759
-0.00963878
-0.0103126
-0.0109541
-0.0115593
-0.0121245
-0.0126467
-0.0131237
-0.0135534
-0.0139346
-0.0142662
-0.0145474
-0.0147777
-0.0149569
-0.0150848
-0.0151618
-0.015188
-0.015164
-0.0150904
-0.0149682
-0.0147981
-0.0145812
-0.0143186
-0.0140115
-0.0136609
-0.0132679
-0.0128332
-0.0123576
-0.0118412
-0.0112842
-0.010686
-0.0100462
-0.00936352
-0.00863701
-0.00786559
-0.00704871
-0.00618669
-0.0052812
-0.00433589
-0.00335816
-0.00235979
-0.00136003
-0.000385537
0.000530555
0.00134787
0.0020241
0.00252986
0.002857
0.00301925
0.00305436
0.00300966
0.00292527
0.00283284
0.00276056
0.00271325
0.0011877
0.00106093
0.000872194
0.000709111
0.000590946
0.000490899
0.000387447
0.000266132
0.000115127
-7.56534e-05
-0.000314413
-0.000610429
-0.00097037
-0.00139853
-0.00189641
-0.00246069
-0.00308491
-0.00376021
-0.00447645
-0.00522305
-0.00598964
-0.0067664
-0.00754426
-0.00831489
-0.00907081
-0.0098053
-0.0105125
-0.0111876
-0.0118263
-0.0124253
-0.0129817
-0.0134934
-0.0139586
-0.0143762
-0.0147453
-0.0150653
-0.0153358
-0.0155567
-0.015728
-0.01585
-0.0159229
-0.0159474
-0.0159242
-0.0158539
-0.0157377
-0.0155766
-0.0153718
-0.0151245
-0.014836
-0.0145075
-0.0141401
-0.0137348
-0.0132921
-0.0128124
-0.0122954
-0.0117404
-0.0111462
-0.0105109
-0.00983229
-0.00910765
-0.00833419
-0.00750944
-0.00663183
-0.00570122
-0.00471958
-0.00369278
-0.00263363
-0.00156404
-0.000516338
0.000467143
0.00133339
0.00203037
0.00252358
0.00280602
0.00290549
0.0028791
0.00278588
0.00267502
0.00258524
0.00252697
0.00126705
0.00112399
0.000911177
0.00072858
0.000595319
0.000479924
0.000357675
0.000211562
2.80186e-05
-0.000202481
-0.000490026
-0.000843249
-0.00126687
-0.00176363
-0.00233118
-0.00296373
-0.0036525
-0.00438696
-0.0051559
-0.00594818
-0.00675325
-0.00756132
-0.00836348
-0.00915174
-0.00991905
-0.0106593
-0.0113674
-0.0120392
-0.0126713
-0.013261
-0.0138063
-0.0143056
-0.0147579
-0.0151626
-0.0155191
-0.0158273
-0.0160871
-0.0162987
-0.0164622
-0.0165781
-0.0166469
-0.0166693
-0.016646
-0.016578
-0.0164664
-0.0163124
-0.0161171
-0.0158821
-0.0156087
-0.0152982
-0.0149519
-0.0145708
-0.0141556
-0.0137067
-0.0132239
-0.0127062
-0.0121524
-0.01156
-0.0109261
-0.010247
-0.00951839
-0.00873579
-0.00789491
-0.00699246
-0.00602661
-0.00499828
-0.0039137
-0.0027878
-0.00164746
-0.000533257
0.000500488
0.00138747
0.00206666
0.00250089
0.00269706
0.00271116
0.00261938
0.00249008
0.00237643
0.00230647
0.0013038
0.00114538
0.000909653
0.000707519
0.000557789
0.000424999
0.000281368
0.000107029
-0.00011133
-0.00038425
-0.000723161
-0.00113429
-0.00162148
-0.002184
-0.00281696
-0.00351214
-0.00425884
-0.00504523
-0.00585938
-0.00668985
-0.00752601
-0.00835823
-0.00917787
-0.00997741
-0.0107503
-0.0114913
-0.0121959
-0.0128609
-0.0134835
-0.0140618
-0.0145946
-0.0150807
-0.0155198
-0.0159116
-0.0162558
-0.0165527
-0.0168024
-0.0170052
-0.0171614
-0.0172716
-0.0173364
-0.0173566
-0.0173329
-0.0172664
-0.0171582
-0.0170096
-0.016822
-0.0165967
-0.0163353
-0.0160392
-0.0157098
-0.0153482
-0.0149554
-0.0145318
-0.0140773
-0.0135912
-0.013072
-0.0125173
-0.0119238
-0.0112872
-0.0106024
-0.00986343
-0.00906421
-0.0081988
-0.00726245
-0.00625216
-0.00516864
-0.00402015
-0.00282583
-0.00162006
-0.000454163
0.000603201
0.00147088
0.00208227
0.00241101
0.00249507
0.00241911
0.00227374
0.00213064
0.00204873
0.00129001
0.00111772
0.000860908
0.000639655
0.00047244
0.000320639
0.000153175
-5.11371e-05
-0.000305543
-0.000623409
-0.00101368
-0.0014818
-0.00202973
-0.0026537
-0.00334645
-0.0040976
-0.00489492
-0.00572566
-0.00657741
-0.0074386
-0.00829867
-0.00914823
-0.00997906
-0.0107842
-0.0115578
-0.0122953
-0.0129931
-0.0136487
-0.01426
-0.0148259
-0.0153455
-0.0158185
-0.0162447
-0.0166241
-0.0169569
-0.0172434
-0.0174839
-0.0176787
-0.0178285
-0.0179337
-0.0179949
-0.018013
-0.0179887
-0.0179232
-0.0178176
-0.0176732
-0.0174914
-0.0172737
-0.0170217
-0.0167368
-0.0164206
-0.0160745
-0.0156994
-0.015296
-0.0148645
-0.0144043
-0.0139141
-0.0133916
-0.0128335
-0.0122354
-0.0115915
-0.0108954
-0.0101397
-0.00931635
-0.00841831
-0.0074398
-0.00637705
-0.00523206
-0.00401682
-0.00275714
-0.00149786
-0.000304339
0.000737384
0.00153702
0.00202775
0.00221341
0.00217746
0.00202271
0.0018466
0.00175293
0.0012196
0.00103543
0.000759963
0.000520464
0.000335282
0.000163199
-2.98685e-05
-0.000264621
-0.000556541
-0.000919028
-0.00135916
-0.00188192
-0.00248611
-0.00316597
-0.00391191
-0.00471174
-0.00555207
-0.0064195
-0.00730138
-0.00818611
-0.00906332
-0.00992398
-0.0107604
-0.0115663
-0.0123366
-0.0130675
-0.0137561
-0.0144006
-0.0149997
-0.0155528
-0.0160595
-0.0165199
-0.016934
-0.0173022
-0.0176247
-0.017902
-0.0181345
-0.0183225
-0.0184667
-0.0185676
-0.0186258
-0.0186421
-0.0186173
-0.0185525
-0.0184488
-0.0183076
-0.0181303
-0.0179183
-0.0176734
-0.0173971
-0.0170911
-0.0167567
-0.0163953
-0.0160077
-0.0155943
-0.0151549
-0.0146883
-0.0141927
-0.0136648
-0.0131003
-0.0124936
-0.0118379
-0.0111249
-0.0103458
-0.00949129
-0.00855325
-0.00752522
-0.00640358
-0.00519351
-0.00391268
-0.00259636
-0.00130418
-0.000119443
0.000857426
0.00152984
0.00185328
0.00188316
0.00173015
0.00152559
0.00141902
0.00108871
0.000895113
0.000603862
0.000347396
0.000144175
-4.9094e-05
-0.000267956
-0.000533487
-0.000863333
-0.00126837
-0.00175586
-0.00232891
-0.00298409
-0.00371344
-0.00450541
-0.00534638
-0.0062221
-0.00711878
-0.00802364
-0.0089252
-0.00981342
-0.0106797
-0.011517
-0.0123198
-0.0130837
-0.0138056
-0.0144836
-0.0151162
-0.015703
-0.0162436
-0.0167381
-0.0171868
-0.01759
-0.0179483
-0.0182619
-0.0185313
-0.0187571
-0.0189395
-0.0190791
-0.0191765
-0.0192323
-0.0192471
-0.0192219
-0.0191576
-0.0190554
-0.0189166
-0.0187426
-0.0185349
-0.0182952
-0.0180253
-0.0177268
-0.0174012
-0.0170501
-0.0166744
-0.0162749
-0.0158515
-0.0154037
-0.0149298
-0.014427
-0.0138914
-0.0133175
-0.0126985
-0.0120262
-0.0112908
-0.0104822
-0.00958975
-0.00860508
-0.00752108
-0.00633612
-0.00506053
-0.00371984
-0.0023642
-0.00107389
5.60639e-05
0.00091115
0.00139873
0.0015206
0.00138811
0.00117035
0.00104598
0.000895697
0.000695609
0.000391723
0.000120042
-0.000100856
-0.000315567
-0.000559791
-0.000856256
-0.001222
-0.00166682
-0.00219811
-0.00281637
-0.00351645
-0.00428842
-0.00511907
-0.0059937
-0.00689746
-0.00781632
-0.00873756
-0.00964991
-0.0105437
-0.011411
-0.0122454
-0.013042
-0.0137973
-0.0145089
-0.0151754
-0.0157962
-0.0163709
-0.0168997
-0.0173831
-0.0178214
-0.0182152
-0.0185649
-0.018871
-0.019134
-0.0193543
-0.0195322
-0.0196683
-0.019763
-0.019817
-0.0198308
-0.0198053
-0.0197414
-0.0196403
-0.0195032
-0.0193316
-0.019127
-0.0188911
-0.0186256
-0.0183324
-0.0180131
-0.0176693
-0.0173023
-0.016913
-0.0165018
-0.0160684
-0.0156117
-0.0151293
-0.0146177
-0.0140721
-0.0134858
-0.0128507
-0.0121572
-0.0113942
-0.01055
-0.00961358
-0.00857627
-0.00743112
-0.00618069
-0.00484215
-0.00345467
-0.00209491
-0.000846707
0.000171231
0.000834249
0.00108118
0.000992412
0.000777731
0.000629355
0.000641499
0.000437752
0.000124701
-0.000160129
-0.000397947
-0.000633431
-0.000902461
-0.00122885
-0.00162754
-0.00210887
-0.00267913
-0.00333704
-0.00407561
-0.00488318
-0.00574528
-0.00664637
-0.00757126
-0.00850583
-0.0094375
-0.0103553
-0.0112502
-0.0121147
-0.0129432
-0.0137315
-0.0144768
-0.0151774
-0.0158324
-0.0164415
-0.0170049
-0.0175231
-0.0179966
-0.0184259
-0.0188116
-0.0191542
-0.0194543
-0.0197122
-0.0199282
-0.0201028
-0.0202363
-0.0203291
-0.0203818
-0.020395
-0.0203693
-0.0203058
-0.0202055
-0.0200697
-0.0198997
-0.0196971
-0.0194637
-0.0192012
-0.0189115
-0.0185964
-0.0182576
-0.0178965
-0.0175144
-0.017112
-0.0166893
-0.0162457
-0.0157794
-0.0152875
-0.0147656
-0.0142078
-0.0136062
-0.0129515
-0.0122323
-0.0114364
-0.010551
-0.0095654
-0.00847012
-0.00726034
-0.00594476
-0.00455155
-0.00315414
-0.00182527
-0.000672536
0.000160162
0.000554352
0.000535484
0.000338438
0.000161569
0.000329499
0.000124274
-0.00019428
-0.00048991
-0.000743467
-0.000998603
-0.00129162
-0.00164527
-0.00207367
-0.00258771
-0.00319183
-0.00388344
-0.00465392
-0.00549021
-0.00637683
-0.00729769
-0.00823738
-0.00918186
-0.0101188
-0.0110376
-0.0119298
-0.0127886
-0.013609
-0.0143876
-0.0151222
-0.0158115
-0.0164553
-0.0170536
-0.0176067
-0.0181154
-0.0185803
-0.019002
-0.0193812
-0.0197182
-0.0200135
-0.0202675
-0.0204805
-0.0206527
-0.0207844
-0.0208761
-0.020928
-0.0209409
-0.0209154
-0.0208522
-0.0207525
-0.0206175
-0.0204485
-0.0202472
-0.0200152
-0.0197544
-0.0194667
-0.019154
-0.0188182
-0.0184609
-0.0180835
-0.017687
-0.017272
-0.0168381
-0.0163842
-0.0159079
-0.0154056
-0.014872
-0.0142999
-0.0136803
-0.0130023
-0.0122532
-0.0114194
-0.0104879
-0.00944824
-0.00829122
-0.00701676
-0.00563961
-0.00422139
-0.00285088
-0.00159856
-0.000617481
-6.77387e-05
1.2583e-05
-0.000153997
-0.000366497
-3.55228e-05
-0.000240161
-0.000560617
-0.000864539
-0.00113234
-0.00140584
-0.00172091
-0.00209876
-0.00255356
-0.00309579
-0.00372854
-0.0044479
-0.00524388
-0.00610233
-0.00700703
-0.00794156
-0.00889043
-0.00983976
-0.0107775
-0.0116937
-0.0125803
-0.0134312
-0.0142422
-0.0150102
-0.0157338
-0.0164122
-0.0170454
-0.0176337
-0.0181778
-0.0186783
-0.019136
-0.0195515
-0.0199253
-0.020258
-0.0205498
-0.0208011
-0.021012
-0.0211827
-0.0213135
-0.0214046
-0.0214564
-0.0214693
-0.021444
-0.0213812
-0.021282
-0.0211475
-0.020979
-0.0207783
-0.0205469
-0.0202867
-0.0199998
-0.0196882
-0.0193537
-0.0189982
-0.0186235
-0.0182307
-0.0178206
-0.0173936
-0.0169489
-0.0164848
-0.0159984
-0.015485
-0.0149384
-0.0143501
-0.0137097
-0.0130048
-0.0122214
-0.0113449
-0.0103632
-0.00926563
-0.00804547
-0.00670808
-0.00528307
-0.00389821
-0.00258883
-0.00149209
-0.000790664
-0.00058678
-0.000709538
-0.000965248
-0.000447604
-0.000649406
-0.000968499
-0.00127825
-0.00155851
-0.00184856
-0.00218288
-0.00258196
-0.00305969
-0.00362551
-0.00428159
-0.00502286
-0.00583827
-0.00671281
-0.00762978
-0.00857255
-0.00952571
-0.0104756
-0.0114106
-0.0123213
-0.0132001
-0.0140417
-0.0148422
-0.0155995
-0.0163123
-0.0169803
-0.0176037
-0.0181831
-0.0187193
-0.0192128
-0.0196646
-0.0200752
-0.020445
-0.0207745
-0.021064
-0.0213135
-0.0215233
-0.0216934
-0.0218239
-0.021915
-0.021967
-0.0219803
-0.0219554
-0.021893
-0.0217942
-0.0216599
-0.0214916
-0.0212908
-0.0210593
-0.0207989
-0.0205118
-0.0202
-0.0198655
-0.0195105
-0.0191367
-0.0187456
-0.0183385
-0.017916
-0.0174778
-0.0170229
-0.016549
-0.0160523
-0.0155274
-0.0149666
-0.0143601
-0.0136961
-0.0129606
-0.0121384
-0.0112153
-0.0101798
-0.00902118
-0.00773726
-0.00633861
-0.00494446
-0.00361841
-0.00244309
-0.0016113
-0.00127843
-0.00134362
-0.00164333
-0.000899523
-0.00109632
-0.00141119
-0.00172415
-0.00201465
-0.00231892
-0.00266992
-0.00308734
-0.00358418
-0.0041691
-0.00484339
-0.00560108
-0.00643031
-0.00731546
-0.00823954
-0.00918586
-0.0101392
-0.0110862
-0.0120156
-0.0129185
-0.013788
-0.0146193
-0.0154092
-0.0161557
-0.0168582
-0.0175165
-0.0181311
-0.0187027
-0.0192321
-0.0197199
-0.020167
-0.0205738
-0.0209407
-0.0212681
-0.0215561
-0.0218048
-0.0220143
-0.0221844
-0.0223152
-0.0224069
-0.0224595
-0.0224734
-0.0224491
-0.0223872
-0.0222886
-0.0221544
-0.0219859
-0.0217847
-0.0215525
-0.0212913
-0.0210031
-0.0206902
-0.0203547
-0.0199988
-0.0196245
-0.0192337
-0.0188278
-0.0184078
-0.0179739
-0.0175257
-0.0170616
-0.0165784
-0.0160717
-0.0155346
-0.0149584
-0.0143316
-0.0136409
-0.0128709
-0.0120058
-0.0110333
-0.00994063
-0.00872002
-0.00737809
-0.00597496
-0.00465727
-0.00344403
-0.00251276
-0.00206196
-0.00206349
-0.00239786
-0.00138322
-0.00157305
-0.00188083
-0.00219439
-0.00249285
-0.00280918
-0.00317451
-0.00360712
-0.0041193
-0.00471895
-0.00540665
-0.00617572
-0.00701371
-0.00790465
-0.00883138
-0.00977731
-0.0107274
-0.0116686
-0.0125903
-0.013484
-0.0143432
-0.0151638
-0.0159429
-0.0166791
-0.0173719
-0.0180214
-0.0186282
-0.0191931
-0.0197167
-0.0202
-0.0206434
-0.0210474
-0.0214125
-0.0217387
-0.0220261
-0.0222747
-0.0224845
-0.0226552
-0.0227869
-0.0228795
-0.0229332
-0.022948
-0.0229244
-0.022863
-0.0227647
-0.0226304
-0.0224615
-0.0222595
-0.0220261
-0.0217635
-0.0214736
-0.0211588
-0.0208214
-0.0204636
-0.0200879
-0.019696
-0.0192899
-0.0188708
-0.0184395
-0.0179959
-0.017539
-0.0170667
-0.016575
-0.0160583
-0.0155086
-0.0149154
-0.0142659
-0.013545
-0.0127366
-0.0118264
-0.0108024
-0.00965315
-0.00837577
-0.00698605
-0.00568688
-0.00447402
-0.00347661
-0.00292074
-0.0028594
-0.00321751
-0.00189006
-0.00207119
-0.00236934
-0.00268124
-0.00298571
-0.00331207
-0.00368901
-0.00413358
-0.00465747
-0.0052678
-0.00596451
-0.00674042
-0.00758273
-0.00847529
-0.00940093
-0.0103432
-0.0112874
-0.0122208
-0.0131331
-0.0140165
-0.014865
-0.0156748
-0.0164435
-0.0171699
-0.0178538
-0.0184954
-0.0190953
-0.0196544
-0.0201734
-0.020653
-0.0210937
-0.021496
-0.0218599
-0.0221857
-0.0224733
-0.0227225
-0.0229331
-0.023105
-0.023238
-0.0233319
-0.0233868
-0.0234027
-0.02338
-0.0233192
-0.0232211
-0.0230867
-0.0229172
-0.0227142
-0.0224794
-0.0222148
-0.0219227
-0.0216054
-0.0212653
-0.020905
-0.0205268
-0.0201329
-0.0197254
-0.019306
-0.0188757
-0.018435
-0.0179834
-0.0175196
-0.0170403
-0.0165409
-0.0160143
-0.015451
-0.0148391
-0.0141639
-0.0134093
-0.0125594
-0.011603
-0.0105267
-0.0093214
-0.00798371
-0.00668794
-0.00550207
-0.00447591
-0.00383271
-0.00371341
-0.00407996
-0.0024113
-0.00258228
-0.00286907
-0.0031775
-0.00348588
-0.00381994
-0.00420571
-0.00465927
-0.00519153
-0.00580884
-0.00651062
-0.0072894
-0.00813221
-0.00902288
-0.00994434
-0.0108804
-0.0118165
-0.0127405
-0.0136426
-0.0145152
-0.0153528
-0.016152
-0.0169107
-0.017628
-0.0183038
-0.0189384
-0.0195324
-0.0200868
-0.020602
-0.0210789
-0.0215177
-0.0219189
-0.0222824
-0.0226084
-0.0228967
-0.023147
-0.023359
-0.0235324
-0.023667
-0.0237625
-0.0238189
-0.0238362
-0.0238145
-0.0237544
-0.0236566
-0.023522
-0.0233518
-0.0231476
-0.022911
-0.0226443
-0.0223495
-0.0220293
-0.021686
-0.0213224
-0.020941
-0.0205443
-0.0201346
-0.0197137
-0.0192832
-0.018844
-0.0183962
-0.0179387
-0.0174695
-0.0169846
-0.016478
-0.0159412
-0.0153631
-0.0147299
-0.0140256
-0.0132339
-0.0123426
-0.0113375
-0.0102069
-0.00895018
-0.00765387
-0.00650504
-0.00547967
-0.00477208
-0.00460167
-0.00494291
-0.00293843
-0.0030984
-0.00337249
-0.00367557
-0.00398578
-0.00432521
-0.00471734
-0.00517718
-0.00571478
-0.00633578
-0.00703921
-0.00781744
-0.00865752
-0.00954341
-0.0104582
-0.011386
-0.0123127
-0.0132263
-0.0141175
-0.014979
-0.015806
-0.016595
-0.0173444
-0.0180533
-0.0187218
-0.0193503
-0.0199393
-0.0204897
-0.021002
-0.0214769
-0.0219145
-0.0223153
-0.0226791
-0.0230058
-0.0232952
-0.023547
-0.0237607
-0.023936
-0.0240725
-0.0241698
-0.0242279
-0.0242466
-0.0242262
-0.0241669
-0.0240694
-0.0239345
-0.0237636
-0.0235581
-0.0233197
-0.0230505
-0.0227528
-0.0224292
-0.0220824
-0.021715
-0.0213299
-0.0209297
-0.020517
-0.0200939
-0.0196623
-0.0192234
-0.0187778
-0.0183252
-0.0178641
-0.0173913
-0.0169017
-0.0163881
-0.0158403
-0.0152452
-0.0145876
-0.0138512
-0.0130221
-0.0120877
-0.011035
-0.00985974
-0.00858108
-0.00746871
-0.00646592
-0.00571523
-0.00549365
-0.00578218
-0.00346363
-0.00361202
-0.0038721
-0.00416802
-0.00447823
-0.00482098
-0.00521723
-0.0056809
-0.00622115
-0.00684297
-0.0075451
-0.00831989
-0.00915458
-0.0100334
-0.0109397
-0.0118578
-0.0127739
-0.0136765
-0.0145566
-0.0154073
-0.0162239
-0.0170033
-0.0177441
-0.0184455
-0.0191075
-0.0197307
-0.0203155
-0.0208627
-0.0213728
-0.0218462
-0.0222833
-0.0226841
-0.0230486
-0.0233765
-0.0236674
-0.023921
-0.0241367
-0.0243141
-0.0244526
-0.024552
-0.0246119
-0.0246322
-0.024613
-0.0245546
-0.0244574
-0.0243225
-0.0241508
-0.0239439
-0.0237035
-0.0234318
-0.023131
-0.0228039
-0.0224531
-0.0220816
-0.0216924
-0.0212883
-0.020872
-0.020446
-0.0200124
-0.019573
-0.0191286
-0.0186794
-0.0182246
-0.0177617
-0.0172868
-0.0167934
-0.0162724
-0.0157119
-0.0150973
-0.0144125
-0.0136421
-0.0127758
-0.0118004
-0.010705
-0.00947931
-0.00838454
-0.00741334
-0.00664288
-0.00637004
-0.0066034
-0.00397951
-0.00411584
-0.0043608
-0.00464821
-0.00495679
-0.005301
-0.00569936
-0.00616463
-0.00670516
-0.00732538
-0.00802377
-0.00879266
-0.0096198
-0.0104897
-0.011386
-0.0122934
-0.0131984
-0.0140898
-0.0149588
-0.015799
-0.0166058
-0.0173764
-0.0181093
-0.0188039
-0.0194603
-0.0200789
-0.0206602
-0.0212049
-0.0217134
-0.022186
-0.022623
-0.0230243
-0.0233897
-0.023719
-0.0240117
-0.0242673
-0.0244852
-0.0246648
-0.0248056
-0.0249071
-0.0249689
-0.0249909
-0.024973
-0.0249155
-0.0248188
-0.0246837
-0.0245113
-0.0243031
-0.0240607
-0.0237864
-0.0234824
-0.0231516
-0.0227967
-0.0224209
-0.0220272
-0.0216188
-0.0211985
-0.0207691
-0.020333
-0.0198922
-0.0194481
-0.0190012
-0.0185512
-0.0180966
-0.017634
-0.017158
-0.0166607
-0.0161311
-0.0155556
-0.0149183
-0.0142033
-0.0134006
-0.0124969
-0.01148
-0.0103382
-0.00925038
-0.00831402
-0.00754287
-0.00722693
-0.00741211
-0.00447973
-0.00460337
-0.00483254
-0.00511031
-0.00541574
-0.00575973
-0.00615837
-0.00662327
-0.00716203
-0.00777861
-0.00847137
-0.00923214
-0.0100501
-0.0109097
-0.0117951
-0.0126912
-0.0135848
-0.0144649
-0.0153232
-0.0161533
-0.016951
-0.0177134
-0.0184393
-0.0191279
-0.0197794
-0.0203942
-0.0209727
-0.0215154
-0.0220228
-0.022495
-0.0229323
-0.0233343
-0.0237011
-0.024032
-0.0243266
-0.0245843
-0.0248044
-0.0249863
-0.0251294
-0.025233
-0.0252969
-0.0253206
-0.025304
-0.0252474
-0.0251512
-0.025016
-0.024843
-0.0246334
-0.0243891
-0.0241122
-0.0238051
-0.0234705
-0.0231115
-0.0227311
-0.0223328
-0.0219198
-0.0214952
-0.0210621
-0.0206231
-0.0201804
-0.0197357
-0.0192902
-0.0188439
-0.0183958
-0.0179435
-0.0174825
-0.0170059
-0.0165037
-0.0159634
-0.0153696
-0.0147067
-0.0139631
-0.0131257
-0.0121842
-0.0111357
-0.0100617
-0.00916277
-0.00840692
-0.00806148
-0.00820605
-0.00495772
-0.00506879
-0.00528191
-0.00554916
-0.00585006
-0.00619229
-0.00658959
-0.0070524
-0.00758757
-0.00819872
-0.00888455
-0.00963558
-0.0104427
-0.0112912
-0.012165
-0.0130494
-0.0139315
-0.0148007
-0.0156487
-0.0164694
-0.0172586
-0.0180137
-0.0187332
-0.0194167
-0.0200641
-0.0206757
-0.0212519
-0.0217932
-0.0222999
-0.0227721
-0.0232098
-0.023613
-0.0239811
-0.0243138
-0.0246104
-0.0248702
-0.0250926
-0.0252768
-0.0254221
-0.0255279
-0.0255936
-0.025619
-0.0256039
-0.0255482
-0.0254525
-0.0253173
-0.0251436
-0.0249328
-0.0246867
-0.0244072
-0.0240969
-0.0237586
-0.0233954
-0.0230106
-0.0226076
-0.0221899
-0.0217608
-0.0213237
-0.0208813
-0.0204363
-0.0199906
-0.0195457
-0.019102
-0.0186592
-0.0182155
-0.0177672
-0.0173085
-0.0168306
-0.0163217
-0.0157674
-0.0151526
-0.0144641
-0.0136908
-0.0128234
-0.0118598
-0.0108161
-0.00995462
-0.00922785
-0.00886851
-0.00897836
-0.00541091
-0.00550696
-0.00570451
-0.00596034
-0.00625544
-0.00659455
-0.00698908
-0.00744831
-0.00797835
-0.00858248
-0.00926001
-0.0100006
-0.0107958
-0.0116323
-0.0124941
-0.0133667
-0.0142375
-0.0150961
-0.0159344
-0.0167463
-0.0175279
-0.0182763
-0.0189904
-0.0196694
-0.0203133
-0.0209223
-0.0214968
-0.0220371
-0.0225434
-0.0230159
-0.0234544
-0.0238587
-0.0242283
-0.0245628
-0.0248614
-0.0251234
-0.025348
-0.0255344
-0.0256818
-0.0257897
-0.0258573
-0.0258843
-0.0258704
-0.0258157
-0.0257205
-0.0255852
-0.025411
-0.0251991
-0.0249511
-0.0246692
-0.0243559
-0.024014
-0.0236466
-0.0232573
-0.0228496
-0.0224272
-0.0219936
-0.0215523
-0.0211065
-0.0206588
-0.0202117
-0.0197667
-0.0193249
-0.0188862
-0.0184496
-0.0180121
-0.0175688
-0.0171121
-0.0166312
-0.0161127
-0.0155417
-0.0149042
-0.0141916
-0.0133931
-0.0125029
-0.0115234
-0.0106942
-0.00999577
-0.00963908
-0.00972078
-0.00583254
-0.0059152
-0.00609694
-0.00634031
-0.0066284
-0.00696315
-0.00735362
-0.00780799
-0.00833165
-0.00892747
-0.00959521
-0.0103248
-0.0111075
-0.0119315
-0.012781
-0.0136417
-0.0145015
-0.01535
-0.0161792
-0.0169831
-0.0177577
-0.0185004
-0.0192097
-0.0198849
-0.020526
-0.021133
-0.0217062
-0.0222459
-0.0227522
-0.0232251
-0.0236645
-0.0240701
-0.0244413
-0.0247775
-0.0250781
-0.0253421
-0.0255688
-0.0257573
-0.0259068
-0.0260165
-0.0260858
-0.0261143
-0.0261017
-0.0260478
-0.025953
-0.0258178
-0.025643
-0.02543
-0.0251803
-0.0248961
-0.0245799
-0.0242345
-0.0238631
-0.0234695
-0.0230572
-0.02263
-0.0221919
-0.0217464
-0.021297
-0.0208465
-0.0203976
-0.0199522
-0.0195115
-0.0190761
-0.0186452
-0.0182167
-0.0177867
-0.0173484
-0.0168924
-0.016406
-0.0158747
-0.0152845
-0.014628
-0.0138935
-0.0130732
-0.0121626
-0.0113726
-0.010711
-0.0103655
-0.0104241
-0.00621504
-0.00628803
-0.00645389
-0.00668551
-0.00696597
-0.00729533
-0.00768067
-0.00812909
-0.00864533
-0.00923183
-0.00988844
-0.0106067
-0.0113765
-0.0121876
-0.0130245
-0.0138736
-0.0147226
-0.0155615
-0.0163822
-0.0171789
-0.0179473
-0.018685
-0.0193902
-0.0200623
-0.0207011
-0.0213066
-0.021879
-0.0224184
-0.022925
-0.0233986
-0.023839
-0.0242459
-0.0246186
-0.0249566
-0.0252589
-0.0255249
-0.0257535
-0.0259439
-0.0260953
-0.0262067
-0.0262776
-0.0263074
-0.0262958
-0.0262427
-0.0261483
-0.026013
-0.0258377
-0.0256236
-0.0253723
-0.0250859
-0.0247668
-0.0244181
-0.024043
-0.0236451
-0.0232283
-0.0227966
-0.0223541
-0.0219044
-0.0214514
-0.020998
-0.0205471
-0.020101
-0.019661
-0.019228
-0.0188017
-0.0183808
-0.0179619
-0.0175396
-0.0171053
-0.0166475
-0.0161522
-0.0156054
-0.0149998
-0.0143238
-0.01357
-0.0127342
-0.0119854
-0.0113667
-0.0110392
-0.0110785
-0.00656068
-0.00662388
-0.00677355
-0.00699375
-0.00726601
-0.0075891
-0.00796836
-0.00840988
-0.00891782
-0.00949417
-0.0101386
-0.0108448
-0.0116015
-0.0123994
-0.0132238
-0.0140613
-0.0149
-0.0157297
-0.0165426
-0.0173327
-0.0180958
-0.0188291
-0.019531
-0.0202006
-0.0208377
-0.0214422
-0.0220141
-0.0225536
-0.0230606
-0.023535
-0.0239766
-0.0243847
-0.024759
-0.0250986
-0.0254027
-0.0256704
-0.0259007
-0.0260929
-0.0262458
-0.0263588
-0.026431
-0.0264619
-0.0264512
-0.0263987
-0.0263045
-0.0261691
-0.0259932
-0.025778
-0.0255252
-0.0252367
-0.024915
-0.0245631
-0.0241843
-0.0237824
-0.0233614
-0.0229253
-0.0224784
-0.0220248
-0.0215681
-0.0211119
-0.020659
-0.0202119
-0.0197722
-0.019341
-0.0189186
-0.0185038
-0.0180943
-0.0176855
-0.01727
-0.0168373
-0.0163744
-0.0158675
-0.015308
-0.0146854
-0.0139934
-0.0132357
-0.0125262
-0.0119564
-0.0116529
-0.0116762
-0.00687014
-0.00692228
-0.00705662
-0.00726392
-0.00752724
-0.0078432
-0.00821551
-0.00864927
-0.00914809
-0.00971364
-0.0103452
-0.0110383
-0.0117816
-0.0125664
-0.0133782
-0.0142042
-0.0150328
-0.015854
-0.0166596
-0.0174438
-0.0182021
-0.0189318
-0.019631
-0.0202988
-0.0209347
-0.0215386
-0.0221104
-0.0226503
-0.023158
-0.0236333
-0.024076
-0.0244855
-0.0248612
-0.0252023
-0.025508
-0.0257773
-0.0260092
-0.0262028
-0.0263572
-0.0264714
-0.0265447
-0.0265766
-0.0265665
-0.0265144
-0.0264203
-0.0262846
-0.0261081
-0.0258918
-0.0256374
-0.0253468
-0.0250226
-0.0246677
-0.0242855
-0.0238798
-0.0234547
-0.0230144
-0.0225635
-0.022106
-0.0216459
-0.0211869
-0.020732
-0.0202838
-0.0198442
-0.0194144
-0.0189949
-0.0185852
-0.0181835
-0.017786
-0.0173866
-0.0169759
-0.0165418
-0.0160712
-0.0155539
-0.0149812
-0.0143493
-0.0136648
-0.0129883
-0.0124722
-0.0121996
-0.0122103
-0.00714111
-0.00718227
-0.0073016
-0.00749564
-0.00774905
-0.00805694
-0.00842151
-0.0088467
-0.00933563
-0.00988981
-0.0105083
-0.0111872
-0.0119164
-0.0126881
-0.0134872
-0.0143018
-0.0151206
-0.0159335
-0.0167325
-0.0175113
-0.0182656
-0.0189922
-0.0196893
-0.0203558
-0.020991
-0.0215948
-0.0221669
-0.0227074
-0.0232159
-0.0236924
-0.0241363
-0.0245472
-0.0249243
-0.0252668
-0.025574
-0.0258446
-0.0260779
-0.0262728
-0.0264283
-0.0265435
-0.0266177
-0.0266502
-0.0266406
-0.0265887
-0.0264945
-0.0263584
-0.026181
-0.0259636
-0.0257076
-0.0254151
-0.0250884
-0.0247306
-0.0243451
-0.0239357
-0.0235068
-0.0230626
-0.0226078
-0.0221467
-0.0216834
-0.0212218
-0.0207649
-0.0203157
-0.019876
-0.0194472
-0.0190302
-0.0186246
-0.0182293
-0.0178413
-0.0174555
-0.0170638
-0.0166551
-0.016217
-0.0157379
-0.0152125
-0.0146387
-0.0140181
-0.0133738
-0.012911
-0.0126736
-0.0126753
-0.00737268
-0.00740317
-0.00750771
-0.00768835
-0.00793121
-0.00823022
-0.00858621
-0.00900209
-0.00948042
-0.0100226
-0.0106278
-0.011292
-0.0120065
-0.0127638
-0.0135504
-0.0143538
-0.015163
-0.015968
-0.0167607
-0.0175347
-0.0182854
-0.0190096
-0.0197051
-0.0203708
-0.0210059
-0.0216099
-0.0221826
-0.022724
-0.0232336
-0.0237113
-0.0241566
-0.0245688
-0.0249473
-0.0252912
-0.0255996
-0.0258716
-0.026106
-0.0263019
-0.0264583
-0.0265743
-0.0266491
-0.026682
-0.0266726
-0.0266206
-0.0265261
-0.0263894
-0.0262112
-0.0259925
-0.0257349
-0.0254403
-0.0251112
-0.0247506
-0.0243619
-0.0239492
-0.0235166
-0.0230688
-0.0226103
-0.0221458
-0.0216796
-0.0212155
-0.0207569
-0.0203066
-0.0198668
-0.019439
-0.0190239
-0.0186216
-0.0182314
-0.0178512
-0.0174767
-0.0171013
-0.0167149
-0.0163053
-0.0158611
-0.015379
-0.0148566
-0.0142928
-0.0136935
-0.0132745
-0.0130692
-0.0130668
-0.00756517
-0.00758526
-0.0076752
-0.00784224
-0.008074
-0.00836341
-0.00871003
-0.00911588
-0.00958292
-0.0101124
-0.0107037
-0.0113531
-0.0120524
-0.0127942
-0.0135681
-0.0143602
-0.0151597
-0.015957
-0.0167437
-0.0175133
-0.0182609
-0.0189831
-0.0196776
-0.020343
-0.0209783
-0.0215829
-0.0221567
-0.0226992
-0.0232102
-0.0236893
-0.024136
-0.0245496
-0.0249295
-0.0252747
-0.0255843
-0.0258573
-0.0260928
-0.0262895
-0.0264466
-0.0265631
-0.0266383
-0.0266713
-0.0266619
-0.0266096
-0.0265146
-0.0263771
-0.0261978
-0.0259777
-0.0257184
-0.0254218
-0.0250903
-0.024727
-0.0243352
-0.0239192
-0.0234832
-0.0230319
-0.0225702
-0.0221026
-0.0216336
-0.0211674
-0.0207072
-0.0202561
-0.0198162
-0.019389
-0.0189756
-0.0185761
-0.01819
-0.0178159
-0.0174507
-0.0170889
-0.0167216
-0.0163372
-0.0159246
-0.0154815
-0.0150038
-0.0144903
-0.0139433
-0.0135629
-0.013386
-0.0133821
-0.00771944
-0.00772947
-0.00780499
-0.00795825
-0.00817835
-0.0084574
-0.00879387
-0.00918895
-0.00964402
-0.0101601
-0.0107368
-0.0113707
-0.0120546
-0.0127807
-0.013541
-0.0143213
-0.0151111
-0.0159006
-0.0166814
-0.0174468
-0.0181916
-0.0189122
-0.0196061
-0.0202716
-0.0209075
-0.0215133
-0.0220883
-0.0226323
-0.0231449
-0.0236255
-0.0240738
-0.0244889
-0.0248702
-0.0252167
-0.0255275
-0.0258015
-0.0260378
-0.0262352
-0.0263928
-0.0265097
-0.026585
-0.026618
-0.0266082
-0.0265555
-0.0264597
-0.0263212
-0.0261406
-0.025919
-0.0256578
-0.025359
-0.0250251
-0.024659
-0.0242644
-0.0238452
-0.023406
-0.0229516
-0.0224867
-0.0220163
-0.021545
-0.0210768
-0.0206154
-0.0201636
-0.0197236
-0.0192972
-0.0188852
-0.0184879
-0.0181052
-0.0177359
-0.017378
-0.0170272
-0.0166759
-0.0163135
-0.0159292
-0.0155208
-0.015083
-0.0146151
-0.0141183
-0.0137754
-0.0136251
-0.0136196
-0.00783677
-0.00783707
-0.00789845
-0.00803775
-0.00824562
-0.00851356
-0.00883909
-0.00922263
-0.00966503
-0.010167
-0.0107282
-0.0113458
-0.0120139
-0.0127245
-0.01347
-0.0142378
-0.0150174
-0.0157988
-0.0165737
-0.0173349
-0.0180772
-0.0187965
-0.0194901
-0.020156
-0.020793
-0.0214001
-0.0219768
-0.0225226
-0.023037
-0.0235195
-0.0239694
-0.0243862
-0.0247689
-0.0251168
-0.0254287
-0.0257037
-0.0259408
-0.0261388
-0.0262968
-0.0264138
-0.026489
-0.0265217
-0.0265115
-0.026458
-0.0263613
-0.0262216
-0.0260395
-0.0258162
-0.025553
-0.0252519
-0.0249155
-0.0245468
-0.0241492
-0.0237271
-0.0232848
-0.0228274
-0.0223597
-0.0218868
-0.0214134
-0.0209436
-0.0204812
-0.0200289
-0.0195892
-0.0191635
-0.0187528
-0.0183574
-0.0179772
-0.0176116
-0.0172594
-0.0169173
-0.0165793
-0.0162357
-0.0158764
-0.0154983
-0.015096
-0.0146693
-0.0142196
-0.0139119
-0.0137871
-0.0137794
-0.00791879
-0.00790964
-0.00795724
-0.00808248
-0.00827755
-0.00853364
-0.00884743
-0.00921863
-0.00964761
-0.0101348
-0.0106799
-0.0112805
-0.0119316
-0.0126262
-0.0133562
-0.0141108
-0.0148794
-0.0156523
-0.0164208
-0.0171777
-0.0179174
-0.0186356
-0.0193291
-0.0199958
-0.0206341
-0.021243
-0.0218217
-0.0223696
-0.0228861
-0.0233706
-0.0238225
-0.0242411
-0.0246254
-0.0249747
-0.0252878
-0.0255638
-0.0258016
-0.0260001
-0.0261584
-0.0262755
-0.0263505
-0.0263828
-0.0263719
-0.0263175
-0.0262196
-0.0260785
-0.0258948
-0.0256695
-0.0254042
-0.0251008
-0.0247618
-0.0243904
-0.02399
-0.0235649
-0.0231198
-0.0226596
-0.0221894
-0.0217144
-0.0212392
-0.0207681
-0.0203049
-0.0198524
-0.019413
-0.0189881
-0.0185787
-0.0181849
-0.0178068
-0.017444
-0.0170957
-0.0167602
-0.0164329
-0.0161052
-0.0157677
-0.0154157
-0.0150447
-0.0146549
-0.0142493
-0.0139742
-0.0138731
-0.0138625
-0.00796741
-0.0079491
-0.00798336
-0.0080945
-0.00827623
-0.0085197
-0.00882099
-0.00917902
-0.00959381
-0.0100655
-0.0105937
-0.0111766
-0.0118098
-0.0124872
-0.013201
-0.0139413
-0.0146981
-0.0154616
-0.0162232
-0.0169755
-0.0177124
-0.0184294
-0.019123
-0.0197906
-0.0204306
-0.0210415
-0.0216225
-0.0221728
-0.0226918
-0.0231786
-0.0236328
-0.0240533
-0.0244395
-0.0247903
-0.0251047
-0.0253818
-0.0256203
-0.0258194
-0.0259779
-0.0260949
-0.0261697
-0.0262014
-0.0261897
-0.0261342
-0.026035
-0.0258924
-0.0257069
-0.0254796
-0.025212
-0.0249061
-0.0245646
-0.0241903
-0.0237872
-0.0233593
-0.0229115
-0.0224488
-0.0219764
-0.0214995
-0.0210228
-0.0205508
-0.0200871
-0.0196347
-0.0191958
-0.0187718
-0.0183636
-0.0179713
-0.0175949
-0.0172339
-0.0168884
-0.0165576
-0.0162385
-0.0159238
-0.0156049
-0.0152753
-0.014931
-0.0145733
-0.0142104
-0.0139644
-0.0138852
-0.0138712
-0.00798474
-0.00795772
-0.00797912
-0.0080761
-0.008244
-0.00847413
-0.0087621
-0.00910616
-0.00950596
-0.00996136
-0.010472
-0.0110363
-0.0116506
-0.0123096
-0.013006
-0.0137309
-0.0144747
-0.015228
-0.0159819
-0.0167289
-0.0174626
-0.0181782
-0.0188717
-0.0195404
-0.0201821
-0.0207954
-0.021379
-0.021932
-0.0224537
-0.0229433
-0.0233999
-0.0238228
-0.0242109
-0.0245635
-0.0248794
-0.0251577
-0.0253971
-0.0255967
-0.0257555
-0.0258726
-0.025947
-0.0259781
-0.0259655
-0.0259089
-0.0258082
-0.0256639
-0.0254764
-0.025247
-0.024977
-0.0246687
-0.0243244
-0.0239475
-0.0235416
-0.0231112
-0.0226608
-0.0221958
-0.0217215
-0.021243
-0.0207652
-0.0202926
-0.0198287
-0.0193766
-0.0189385
-0.0185155
-0.0181086
-0.0177177
-0.0173426
-0.016983
-0.0166391
-0.0163113
-0.0159981
-0.0156939
-0.0153903
-0.0150794
-0.014758
-0.0144281
-0.0141051
-0.0138847
-0.0138254
-0.0138079
-0.00797308
-0.00793805
-0.00794711
-0.00802983
-0.00818343
-0.00839954
-0.00867338
-0.00900267
-0.00938666
-0.00982496
-0.0103171
-0.010862
-0.0114564
-0.0120957
-0.0127735
-0.0134817
-0.0142112
-0.0149529
-0.015698
-0.0164388
-0.0171687
-0.0178824
-0.0185756
-0.0192453
-0.0198889
-0.0205046
-0.0210911
-0.0216471
-0.0221719
-0.0226645
-0.0231239
-0.0235494
-0.0239399
-0.0242945
-0.0246122
-0.0248918
-0.0251323
-0.0253326
-0.0254918
-0.0256089
-0.025683
-0.0257135
-0.0257
-0.0256422
-0.02554
-0.0253939
-0.0252044
-0.0249727
-0.0247004
-0.0243895
-0.0240426
-0.023663
-0.0232546
-0.0228216
-0.022369
-0.021902
-0.0214261
-0.0209463
-0.0204678
-0.0199949
-0.0195312
-0.0190797
-0.0186424
-0.0182207
-0.0178151
-0.0174255
-0.0170514
-0.0166926
-0.0163495
-0.0160232
-0.015714
-0.015418
-0.015127
-0.0148317
-0.0145303
-0.014225
-0.0139346
-0.0137362
-0.013696
-0.0136759
-0.00793497
-0.00789276
-0.0078901
-0.00795847
-0.00809732
-0.00829875
-0.00855766
-0.00887135
-0.00923869
-0.00965905
-0.0101319
-0.0106563
-0.0112298
-0.0118483
-0.0125061
-0.013196
-0.0139096
-0.0146382
-0.0153731
-0.0161066
-0.0168317
-0.0175428
-0.0182353
-0.0189057
-0.0195511
-0.0201693
-0.0207588
-0.0213182
-0.0218464
-0.0223423
-0.022805
-0.0232334
-0.0236266
-0.0239836
-0.0243033
-0.0245846
-0.0248264
-0.0250276
-0.0251873
-0.0253045
-0.0253785
-0.0254085
-0.0253941
-0.0253351
-0.0252314
-0.0250835
-0.024892
-0.0246581
-0.0243833
-0.0240699
-0.0237205
-0.0233384
-0.0229275
-0.0224923
-0.0220377
-0.0215691
-0.0210918
-0.0206113
-0.0201324
-0.0196595
-0.0191963
-0.0187456
-0.0183095
-0.017889
-0.0174847
-0.0170964
-0.0167233
-0.0163649
-0.0160218
-0.0156957
-0.0153886
-0.0150986
-0.0148178
-0.0145361
-0.0142524
-0.0139687
-0.0137033
-0.0135212
-0.0135004
-0.0134785
-0.00787311
-0.00782464
-0.00781093
-0.00786492
-0.00798866
-0.00817476
-0.00841794
-0.00871521
-0.00906501
-0.00946656
-0.00991925
-0.0104223
-0.0109738
-0.0115702
-0.0122066
-0.0128766
-0.0135726
-0.0142863
-0.0150094
-0.015734
-0.0164532
-0.0171608
-0.0178519
-0.0185225
-0.0191694
-0.0197901
-0.0203827
-0.0209456
-0.0214775
-0.0219771
-0.0224433
-0.0228751
-0.0232714
-0.0236312
-0.0239532
-0.0242365
-0.0244799
-0.0246823
-0.0248428
-0.0249604
-0.0250344
-0.025064
-0.0250489
-0.0249887
-0.0248836
-0.024734
-0.0245406
-0.0243045
-0.0240275
-0.0237117
-0.0233599
-0.0229754
-0.0225624
-0.0221252
-0.021669
-0.0211991
-0.020721
-0.0202401
-0.0197612
-0.0192887
-0.0188263
-0.0183766
-0.0179417
-0.0175227
-0.0171198
-0.0167326
-0.0163603
-0.0160021
-0.0156583
-0.0153314
-0.0150247
-0.0147382
-0.0144654
-0.014196
-0.0139282
-0.0136629
-0.0134176
-0.0132425
-0.0132426
-0.0132194
-0.00779031
-0.00773659
-0.00771253
-0.00775223
-0.00786053
-0.00803071
-0.00825737
-0.00853736
-0.00886872
-0.00925056
-0.00968222
-0.010163
-0.0106914
-0.0112644
-0.011878
-0.0125265
-0.013203
-0.0139
-0.0146094
-0.0153235
-0.0160351
-0.016738
-0.0174267
-0.0180968
-0.0187448
-0.0193678
-0.0199635
-0.02053
-0.0210658
-0.0215693
-0.0220395
-0.0224751
-0.0228749
-0.0232378
-0.0235626
-0.0238483
-0.0240937
-0.0242977
-0.0244593
-0.0245776
-0.0246518
-0.0246813
-0.0246656
-0.0246045
-0.0244982
-0.0243471
-0.0241519
-0.0239138
-0.0236347
-0.0233168
-0.0229628
-0.0225764
-0.0221615
-0.0217228
-0.0212654
-0.0207948
-0.0203163
-0.0198353
-0.0193568
-0.0188851
-0.0184237
-0.0179753
-0.0175418
-0.0171242
-0.0167226
-0.0163366
-0.015965
-0.0156067
-0.0152619
-0.0149332
-0.0146253
-0.0143404
-0.0140735
-0.0138146
-0.0135611
-0.0133121
-0.0130833
-0.0129046
-0.0129266
-0.0129023
-0.00768943
-0.00763149
-0.00759788
-0.00762345
-0.0077161
-0.00786979
-0.00807916
-0.00834096
-0.00865301
-0.00901424
-0.00942397
-0.00988151
-0.0103857
-0.0109343
-0.0115236
-0.012149
-0.0128043
-0.0134826
-0.0141763
-0.0148779
-0.0155802
-0.0162767
-0.0169618
-0.0176305
-0.0182789
-0.0189037
-0.0195023
-0.0200724
-0.0206121
-0.02112
-0.0215944
-0.0220341
-0.0224379
-0.0228044
-0.0231325
-0.023421
-0.0236688
-0.0238748
-0.0240379
-0.0241573
-0.0242321
-0.0242617
-0.0242458
-0.0241842
-0.0240769
-0.0239245
-0.0237278
-0.0234881
-0.0232072
-0.0228875
-0.0225319
-0.0221439
-0.0217277
-0.021288
-0.0208299
-0.020359
-0.0198806
-0.0194001
-0.0189224
-0.0184518
-0.0179917
-0.0175447
-0.0171126
-0.0166964
-0.0162961
-0.0159111
-0.01554
-0.0151815
-0.0148353
-0.0145041
-0.0141938
-0.0139089
-0.013646
-0.0133953
-0.0131532
-0.0129175
-0.0127013
-0.0125188
-0.0125581
-0.0125307
-0.00757332
-0.00751222
-0.00746987
-0.00748168
-0.00755854
-0.00769524
-0.00788654
-0.00812923
-0.00842108
-0.00876078
-0.00914768
-0.00958109
-0.0100602
-0.0105832
-0.011147
-0.0117477
-0.01238
-0.0130376
-0.0137135
-0.0144006
-0.0150916
-0.01578
-0.0164598
-0.0171259
-0.0177737
-0.0183997
-0.0190007
-0.0195742
-0.020118
-0.0206302
-0.0211092
-0.0215534
-0.0219615
-0.0223321
-0.022664
-0.0229559
-0.0232066
-0.023415
-0.0235801
-0.023701
-0.0237768
-0.0238071
-0.0237914
-0.0237295
-0.0236217
-0.0234685
-0.0232707
-0.0230298
-0.0227477
-0.0224267
-0.0220699
-0.0216809
-0.021264
-0.0208239
-0.0203658
-0.0198952
-0.0194175
-0.018938
-0.0184615
-0.0179923
-0.0175336
-0.0170881
-0.0166575
-0.0162426
-0.0158434
-0.0154592
-0.0150885
-0.0147295
-0.0143816
-0.0140474
-0.0137336
-0.013447
-0.0131861
-0.0129418
-0.0127086
-0.0124815
-0.0122727
-0.0120963
-0.012143
-0.0121083
-0.00744479
-0.00738158
-0.00733127
-0.00732987
-0.00739105
-0.00751027
-0.00768273
-0.00790539
-0.00817612
-0.00849339
-0.00885654
-0.00926498
-0.00971809
-0.0102145
-0.0107517
-0.0113264
-0.011934
-0.012569
-0.0132251
-0.0138954
-0.014573
-0.0152513
-0.0159241
-0.016586
-0.0172321
-0.0178584
-0.0184612
-0.0190377
-0.0195853
-0.0201019
-0.0205856
-0.0210346
-0.0214475
-0.0218226
-0.0221587
-0.0224545
-0.0227086
-0.02292
-0.0230876
-0.0232105
-0.023288
-0.0233194
-0.0233044
-0.0232429
-0.0231351
-0.0229816
-0.0227833
-0.0225418
-0.022259
-0.0219374
-0.0215802
-0.021191
-0.0207741
-0.0203344
-0.019877
-0.0194073
-0.0189309
-0.0184529
-0.017978
-0.0175104
-0.0170534
-0.0166094
-0.0161801
-0.0157663
-0.015368
-0.0149843
-0.0146137
-0.0142541
-0.0139043
-0.0135666
-0.0132484
-0.0129584
-0.0126978
-0.0124584
-0.0122314
-0.0120102
-0.0118069
-0.0116357
-0.011686
-0.0116411
-0.0073066
-0.00724216
-0.00718481
-0.00717096
-0.00721666
-0.00731795
-0.00747085
-0.00767262
-0.00792125
-0.00821521
-0.00855372
-0.00893638
-0.00936263
-0.00983154
-0.0103411
-0.0108886
-0.0114702
-0.0120809
-0.0127152
-0.0133667
-0.0140288
-0.0146949
-0.0153588
-0.0160148
-0.0166576
-0.0172829
-0.0178867
-0.0184655
-0.0190167
-0.0195375
-0.020026
-0.02048
-0.0208978
-0.0212779
-0.0216187
-0.0219188
-0.022177
-0.022392
-0.0225627
-0.0226883
-0.022768
-0.0228012
-0.0227875
-0.0227269
-0.0226198
-0.0224668
-0.0222688
-0.0220274
-0.0217448
-0.0214234
-0.0210666
-0.020678
-0.020262
-0.0198235
-0.0193676
-0.0188997
-0.0184251
-0.0179491
-0.0174762
-0.0170105
-0.0165552
-0.0161127
-0.0156845
-0.0152715
-0.0148736
-0.0144901
-0.0141192
-0.0137587
-0.0134069
-0.0130655
-0.0127421
-0.0124473
-0.0121849
-0.0119488
-0.0117254
-0.0115091
-0.0113103
-0.0111431
-0.0111931
-0.0111346
-0.00716116
-0.00709639
-0.00703338
-0.00700791
-0.0070381
-0.00712111
-0.00725384
-0.00743388
-0.00765946
-0.00792921
-0.00824225
-0.00859835
-0.00899703
-0.0094377
-0.00991885
-0.0104382
-0.0109925
-0.0115776
-0.0121884
-0.0128191
-0.0134636
-0.0141154
-0.0147684
-0.0154166
-0.0160546
-0.0166775
-0.017281
-0.0178615
-0.0184155
-0.0189403
-0.0194333
-0.0198924
-0.0203155
-0.0207008
-0.0210467
-0.0213517
-0.0216144
-0.0218336
-0.0220081
-0.0221371
-0.0222197
-0.0222553
-0.0222438
-0.022185
-0.0220794
-0.0219276
-0.0217307
-0.0214905
-0.0212089
-0.0208888
-0.0205334
-0.0201464
-0.0197323
-0.019296
-0.0188424
-0.018377
-0.017905
-0.0174314
-0.0169608
-0.0164971
-0.0160435
-0.0156022
-0.0151749
-0.0147623
-0.0143644
-0.0139805
-0.0136088
-0.013247
-0.012893
-0.0125477
-0.0122186
-0.0119181
-0.0116528
-0.011416
-0.0111949
-0.0109828
-0.0107874
-0.0106204
-0.0106702
-0.0105956
-0.00701067
-0.00694663
-0.00687948
-0.00684325
-0.00685796
-0.00692249
-0.00703449
-0.00719202
-0.00739362
-0.00763821
-0.007925
-0.00825375
-0.00862427
-0.00903607
-0.00948817
-0.00997863
-0.0105048
-0.0110631
-0.0116491
-0.0122575
-0.0128826
-0.0135182
-0.0141582
-0.0147967
-0.015428
-0.016047
-0.016649
-0.01723
-0.0177861
-0.0183142
-0.0188116
-0.0192755
-0.0197039
-0.0200947
-0.0204461
-0.0207565
-0.0210243
-0.0212483
-0.0214272
-0.0215602
-0.0216465
-0.0216855
-0.0216769
-0.0216208
-0.0215176
-0.0213681
-0.0211734
-0.0209353
-0.020656
-0.0203382
-0.0199853
-0.0196011
-0.01919
-0.0187567
-0.0183064
-0.0178443
-0.0173754
-0.0169047
-0.0164366
-0.015975
-0.0155229
-0.0150827
-0.0146558
-0.014243
-0.0138445
-0.0134595
-0.0130865
-0.012723
-0.0123665
-0.0120171
-0.011682
-0.011375
-0.0111055
-0.010867
-0.0106444
-0.0104331
-0.0102373
-0.0100624
-0.0101211
-0.010029
-0.00685734
-0.00679506
-0.00672504
-0.00667897
-0.00667859
-0.00672464
-0.00681542
-0.00694966
-0.0071264
-0.00734489
-0.00760463
-0.00790535
-0.00824713
-0.00862963
-0.00905221
-0.00951338
-0.0100109
-0.0105417
-0.0111019
-0.0116867
-0.0122908
-0.0129085
-0.0135338
-0.0141608
-0.0147837
-0.0153971
-0.0159962
-0.0165764
-0.0171336
-0.0176644
-0.0181655
-0.0186341
-0.0190677
-0.0194641
-0.0198212
-0.0201373
-0.0204107
-0.02064
-0.0208241
-0.0209619
-0.0210527
-0.0210959
-0.0210913
-0.0210388
-0.0209391
-0.0207929
-0.0206016
-0.0203668
-0.020091
-0.0197768
-0.0194276
-0.0190473
-0.0186403
-0.0182112
-0.0177651
-0.0173069
-0.0168417
-0.0163743
-0.0159089
-0.0154493
-0.0149986
-0.0145589
-0.0141319
-0.0137183
-0.0133184
-0.0129316
-0.0125565
-0.0121906
-0.0118312
-0.0114775
-0.011136
-0.0108216
-0.0105466
-0.0103052
-0.0100792
-0.0098639
-0.00965744
-0.00946201
-0.00954378
-0.00943711
-0.00670322
-0.00664351
-0.00657166
-0.00651685
-0.00650205
-0.00652975
-0.0065989
-0.00670916
-0.00686021
-0.00705173
-0.00728359
-0.0075557
-0.00786821
-0.00822112
-0.00861392
-0.00904558
-0.0095142
-0.0100171
-0.0105509
-0.0111114
-0.0116936
-0.0122921
-0.0129011
-0.013515
-0.0141278
-0.0147341
-0.0153287
-0.0159069
-0.0164642
-0.0169967
-0.0175009
-0.0179737
-0.0184123
-0.0188142
-0.0191771
-0.0194992
-0.0197786
-0.0200139
-0.0202037
-0.0203471
-0.0204432
-0.0204915
-0.0204918
-0.0204441
-0.020349
-0.0202074
-0.0200206
-0.0197905
-0.0195193
-0.01921
-0.0188659
-0.0184908
-0.0180889
-0.017665
-0.0172239
-0.0167703
-0.0163093
-0.0158454
-0.0153828
-0.0149252
-0.0144755
-0.0140359
-0.0136081
-0.0131929
-0.0127907
-0.0124011
-0.012023
-0.0116539
-0.011291
-0.0109327
-0.0105845
-0.010262
-0.00997985
-0.00973391
-0.00950394
-0.00927966
-0.00905354
-0.00885584
-0.0089345
-0.00881884
-0.00654999
-0.00649349
-0.00642069
-0.00635853
-0.00633018
-0.00633962
-0.00638684
-0.00647256
-0.00659716
-0.00676091
-0.0069641
-0.00720702
-0.00748989
-0.00781297
-0.00817599
-0.00857815
-0.00901793
-0.009493
-0.0100003
-0.010536
-0.0110957
-0.0116741
-0.012266
-0.0128654
-0.0134669
-0.0140647
-0.0146535
-0.0152283
-0.0157844
-0.0163177
-0.0168243
-0.0173007
-0.0177439
-0.0181511
-0.0185199
-0.0188481
-0.0191339
-0.0193755
-0.0195717
-0.0197214
-0.0198236
-0.019878
-0.0198842
-0.0198423
-0.019753
-0.0196172
-0.0194363
-0.0192121
-0.018947
-0.0186438
-0.018306
-0.0179372
-0.0175417
-0.0171238
-0.0166884
-0.0162402
-0.0157838
-0.0153236
-0.0148638
-0.0144078
-0.0139587
-0.0135187
-0.0130893
-0.0126717
-0.0122662
-0.0118727
-0.0114903
-0.011117
-0.0107499
-0.0103866
-0.0100315
-0.00970027
-0.00940961
-0.00915716
-0.00892163
-0.00868615
-0.00844163
-0.00825303
-0.00829832
-0.00817357
-0.00639902
-0.00634619
-0.00627336
-0.00620525
-0.00616432
-0.00615567
-0.0061809
-0.0062416
-0.00633907
-0.00647431
-0.00664816
-0.00686131
-0.0071143
-0.00740747
-0.00774082
-0.00811374
-0.008525
-0.00897256
-0.00945365
-0.00996479
-0.0105018
-0.0110599
-0.0116339
-0.0122182
-0.0128073
-0.0133955
-0.0139773
-0.0145477
-0.0151017
-0.0156348
-0.0161429
-0.0166222
-0.0170695
-0.0174818
-0.0178563
-0.0181907
-0.018483
-0.0187315
-0.0189346
-0.0190911
-0.0192003
-0.0192616
-0.0192747
-0.0192397
-0.0191573
-0.0190286
-0.0188548
-0.0186378
-0.01838
-0.0180843
-0.0177539
-0.0173925
-0.0170043
-0.0165934
-0.0161645
-0.015722
-0.0152705
-0.0148142
-0.014357
-0.0139025
-0.0134535
-0.0130123
-0.0125805
-0.0121594
-0.0117495
-0.0113509
-0.0109631
-0.0105843
-0.0102118
-0.0098429
-0.00948072
-0.00914029
-0.00883986
-0.00857934
-0.00833636
-0.00808902
-0.00782621
-0.00762076
-0.00764323
-0.00750226
-0.0062514
-0.00620257
-0.00613073
-0.00605781
-0.00600529
-0.00597905
-0.00598232
-0.00601763
-0.00608741
-0.00619352
-0.00633746
-0.00652041
-0.00674329
-0.00700664
-0.00731059
-0.00765472
-0.00803802
-0.00845871
-0.00891422
-0.00940131
-0.00991607
-0.010454
-0.0110101
-0.011579
-0.0121551
-0.0127331
-0.0133072
-0.0138722
-0.0144231
-0.0149552
-0.0154641
-0.0159458
-0.0163967
-0.0168136
-0.0171937
-0.0175343
-0.0178333
-0.0180887
-0.0182991
-0.0184632
-0.01858
-0.018649
-0.0186699
-0.0186429
-0.0185685
-0.0184479
-0.0182823
-0.0180737
-0.0178245
-0.0175373
-0.0172155
-0.0168626
-0.0164825
-0.0160793
-0.0156574
-0.0152211
-0.0147747
-0.0143223
-0.0138677
-0.0134143
-0.0129649
-0.0125218
-0.0120868
-0.0116612
-0.0112458
-0.0108407
-0.0104459
-0.0100602
-0.00968103
-0.00930558
-0.00893578
-0.00858557
-0.0082741
-0.00800382
-0.00775184
-0.00748884
-0.00720047
-0.00696478
-0.00696394
-0.00680225
-0.00610799
-0.00606345
-0.00599348
-0.00591679
-0.00585371
-0.00581055
-0.00579188
-0.0058016
-0.00584325
-0.00591972
-0.0060333
-0.00618577
-0.00637844
-0.00661214
-0.00688714
-0.00720318
-0.00755934
-0.00795406
-0.00838495
-0.00884891
-0.00934222
-0.00986057
-0.0103992
-0.0109528
-0.0115161
-0.0120834
-0.0126494
-0.0132086
-0.0137558
-0.0142862
-0.0147953
-0.0152787
-0.0157328
-0.0161541
-0.0165394
-0.0168861
-0.0171918
-0.0174545
-0.0176725
-0.0178445
-0.0179695
-0.0180469
-0.0180764
-0.0180583
-0.0179929
-0.0178815
-0.0177252
-0.0175261
-0.0172864
-0.0170088
-0.0166965
-0.0163529
-0.0159817
-0.0155868
-0.0151724
-0.0147427
-0.0143016
-0.0138531
-0.0134009
-0.0129482
-0.0124979
-0.0120523
-0.0116132
-0.0111822
-0.0107599
-0.0103471
-0.00994379
-0.00954931
-0.0091618
-0.00877846
-0.00840014
-0.00803915
-0.00771503
-0.0074322
-0.00716726
-0.00688463
-0.00656539
-0.00628819
-0.0062522
-0.00606435
-0.00596948
-0.00592943
-0.00586212
-0.00578263
-0.00570984
-0.00565046
-0.00561007
-0.0055941
-0.00560731
-0.00565377
-0.0057367
-0.00585854
-0.00602109
-0.00622547
-0.00647216
-0.00676098
-0.0070911
-0.007461
-0.00786844
-0.00831051
-0.00878354
-0.00928335
-0.00980528
-0.0103443
-0.010895
-0.0114521
-0.0120099
-0.012563
-0.0131063
-0.0136347
-0.0141435
-0.0146283
-0.0150852
-0.0155104
-0.0159008
-0.0162535
-0.0165659
-0.016836
-0.0170618
-0.0172421
-0.0173757
-0.0174621
-0.0175009
-0.0174922
-0.0174367
-0.0173353
-0.0171893
-0.0170005
-0.0167713
-0.0165041
-0.0162021
-0.0158685
-0.0155068
-0.0151207
-0.0147143
-0.0142913
-0.0138557
-0.0134112
-0.0129613
-0.0125091
-0.0120575
-0.0116088
-0.0111649
-0.0107274
-0.0102972
-0.0098752
-0.0094617
-0.00905659
-0.00865864
-0.00826548
-0.00787716
-0.00750398
-0.00716542
-0.00686697
-0.00658353
-0.00627313
-0.00591666
-0.00558645
-0.00549519
-0.00527272
-0.00583643
-0.00580104
-0.00573701
-0.00565558
-0.00557373
-0.00549873
-0.00543699
-0.00539533
-0.00537998
-0.00539627
-0.00544844
-0.00553974
-0.00567248
-0.00584811
-0.00606728
-0.00632991
-0.00663524
-0.00698172
-0.00736717
-0.00778873
-0.00824291
-0.00872553
-0.00923199
-0.00975735
-0.0102964
-0.0108436
-0.0113936
-0.0119409
-0.0124803
-0.0130065
-0.0135149
-0.0140008
-0.0144602
-0.0148893
-0.0152846
-0.0156431
-0.0159622
-0.0162396
-0.0164735
-0.0166623
-0.0168049
-0.0169007
-0.0169492
-0.0169507
-0.0169056
-0.0168149
-0.0166799
-0.0165022
-0.0162841
-0.016028
-0.0157369
-0.0154138
-0.0150622
-0.0146854
-0.0142873
-0.0138715
-0.0134416
-0.0130012
-0.0125535
-0.0121017
-0.0116485
-0.0111963
-0.010747
-0.0103021
-0.00986292
-0.00943031
-0.00900495
-0.00858715
-0.00817636
-0.00777081
-0.00737011
-0.00698254
-0.00662682
-0.00630894
-0.00600138
-0.00565385
-0.00525003
-0.00485006
-0.0046743
-0.00440453
-0.00570934
-0.00567872
-0.00561846
-0.00553573
-0.00544535
-0.00535507
-0.00527229
-0.00520512
-0.0051613
-0.0051475
-0.00516909
-0.00523018
-0.00533367
-0.00548135
-0.00567402
-0.00591169
-0.0061936
-0.00651825
-0.0068834
-0.00728612
-0.007723
-0.00818998
-0.00868243
-0.00919543
-0.00972378
-0.0102621
-0.010805
-0.0113469
-0.0118826
-0.0124069
-0.0129148
-0.0134018
-0.0138636
-0.0142963
-0.0146964
-0.0150607
-0.0153864
-0.0156712
-0.0159131
-0.0161106
-0.0162624
-0.0163679
-0.0164267
-0.0164387
-0.0164045
-0.0163249
-0.0162013
-0.0160354
-0.015829
-0.0155846
-0.0153049
-0.014993
-0.0146518
-0.0142848
-0.0138953
-0.013487
-0.0130631
-0.012627
-0.0121818
-0.0117305
-0.0112757
-0.0108197
-0.0103645
-0.00991165
-0.00946244
-0.00901794
-0.00857902
-0.00814633
-0.00771996
-0.00729891
-0.00688238
-0.00647677
-0.00609922
-0.00575579
-0.00541701
-0.00502428
-0.0045595
-0.00406614
-0.00377002
-0.00342957
-0.0055886
-0.00556304
-0.00550684
-0.00542314
-0.00532451
-0.0052191
-0.00511546
-0.00502302
-0.00495098
-0.00490744
-0.00489894
-0.00493049
-0.00500559
-0.00512635
-0.00529379
-0.00550798
-0.00576809
-0.00607259
-0.00641921
-0.00680501
-0.0072264
-0.00767936
-0.00815936
-0.00866144
-0.00918039
-0.00971089
-0.0102475
-0.0107847
-0.0113172
-0.0118398
-0.0123475
-0.0128357
-0.0132999
-0.0137362
-0.014141
-0.0145109
-0.0148432
-0.0151353
-0.0153854
-0.0155916
-0.0157528
-0.0158682
-0.0159373
-0.0159603
-0.0159374
-0.0158694
-0.0157577
-0.0156038
-0.0154095
-0.0151773
-0.0149095
-0.0146091
-0.0142789
-0.013922
-0.0135417
-0.0131413
-0.0127239
-0.0122925
-0.0118502
-0.0113997
-0.0109436
-0.0104839
-0.0100226
-0.00956136
-0.00910137
-0.00864379
-0.00818959
-0.00773967
-0.00729459
-0.00685418
-0.00641753
-0.00598868
-0.00558207
-0.00520339
-0.00482055
-0.00436764
-0.00382527
-0.00321032
-0.0027693
-0.00230559
-0.00547439
-0.00545472
-0.00540264
-0.00531793
-0.00521096
-0.00509036
-0.0049659
-0.00484843
-0.00474865
-0.00467604
-0.00463832
-0.00464138
-0.00468927
-0.00478445
-0.00492815
-0.0051205
-0.00536063
-0.00564686
-0.0059768
-0.00634748
-0.00675531
-0.00719609
-0.00766523
-0.00815782
-0.00866868
-0.00919248
-0.00972377
-0.0102571
-0.010787
-0.0113084
-0.0118161
-0.0123056
-0.0127723
-0.0132122
-0.0136216
-0.0139971
-0.0143359
-0.0146354
-0.0148936
-0.0151086
-0.0152793
-0.0154047
-0.0154845
-0.0155185
-0.0155072
-0.0154512
-0.0153517
-0.0152102
-0.0150285
-0.0148087
-0.0145534
-0.014265
-0.0139463
-0.0136001
-0.0132296
-0.0128377
-0.0124274
-0.0120015
-0.0115627
-0.0111137
-0.0106567
-0.0101937
-0.00972656
-0.00925673
-0.00878544
-0.00831374
-0.00784256
-0.00737286
-0.00690545
-0.00644075
-0.00597809
-0.00551947
-0.00507457
-0.00464644
-0.00419908
-0.00366014
-0.00300812
-0.00221534
-0.00164422
-0.000965547
-0.00536782
-0.00535405
-0.0053065
-0.00522039
-0.00510452
-0.00496836
-0.004823
-0.00468081
-0.004554
-0.00445336
-0.00438772
-0.00436372
-0.00438591
-0.00445714
-0.00457882
-0.0047511
-0.00497307
-0.00524293
-0.00555813
-0.00591551
-0.00631143
-0.00674175
-0.00720171
-0.00768624
-0.00819019
-0.00870837
-0.00923529
-0.00976543
-0.0102934
-0.010814
-0.0113221
-0.0118131
-0.0122825
-0.012726
-0.0131401
-0.0135213
-0.0138666
-0.0141735
-0.0144397
-0.0146637
-0.0148439
-0.0149796
-0.0150702
-0.0151156
-0.0151161
-0.0150723
-0.0149855
-0.0148568
-0.0146881
-0.0144813
-0.0142388
-0.013963
-0.0136564
-0.0133217
-0.0129617
-0.0125791
-0.0121767
-0.0117572
-0.0113229
-0.0108763
-0.0104193
-0.00995376
-0.00948129
-0.00900313
-0.0085203
-0.00803363
-0.00754381
-0.00705153
-0.00655746
-0.00606207
-0.00556469
-0.00506586
-0.00457078
-0.00407518
-0.00353401
-0.0028684
-0.00206161
-0.000993454
-0.000269961
0.000701952
-0.00527066
-0.00526246
-0.00521954
-0.00513112
-0.00500523
-0.00485275
-0.00468632
-0.00451984
-0.00436695
-0.00423967
-0.00414775
-0.00409837
-0.00409661
-0.00414572
-0.00424726
-0.00440134
-0.00460693
-0.00486213
-0.00516426
-0.00551002
-0.00589558
-0.00631677
-0.00676893
-0.00724676
-0.00774493
-0.00825838
-0.00878177
-0.00930948
-0.00983608
-0.0103563
-0.0108653
-0.0113581
-0.0118303
-0.0122777
-0.0126967
-0.0130836
-0.0134356
-0.01375
-0.0140245
-0.0142575
-0.0144476
-0.0145937
-0.0146955
-0.0147526
-0.0147653
-0.0147343
-0.0146605
-0.0145452
-0.0143901
-0.0141969
-0.0139679
-0.0137054
-0.0134116
-0.0130891
-0.0127404
-0.0123682
-0.0119748
-0.0115628
-0.0111342
-0.0106911
-0.0102352
-0.00976824
-0.00929129
-0.00880533
-0.008311
-0.00780865
-0.00729841
-0.00678026
-0.00625416
-0.00571993
-0.00517645
-0.00462169
-0.0040552
-0.0034648
-0.00279275
-0.00194973
-0.000911801
0.000586541
0.00151229
0.00288716
-0.00518493
-0.00518244
-0.00514312
-0.00505145
-0.00491362
-0.00474353
-0.00455575
-0.0043655
-0.00418769
-0.00403529
-0.00391864
-0.00384563
-0.00382187
-0.00385077
-0.00393391
-0.00407139
-0.00426208
-0.00450397
-0.00479431
-0.00512968
-0.00550609
-0.00591924
-0.00636456
-0.00683672
-0.00733016
-0.00783973
-0.00836032
-0.00888628
-0.00941213
-0.00993267
-0.0104429
-0.010938
-0.0114135
-0.0118652
-0.0122893
-0.0126824
-0.0130415
-0.0133638
-0.0136471
-0.0138896
-0.01409
-0.0142471
-0.0143605
-0.0144299
-0.0144555
-0.0144379
-0.0143778
-0.0142766
-0.0141358
-0.013957
-0.0137423
-0.0134939
-0.0132138
-0.0129045
-0.0125682
-0.0122073
-0.011824
-0.0114206
-0.0109989
-0.0105606
-0.0101072
-0.00963981
-0.00915931
-0.00866617
-0.0081604
-0.0076416
-0.00710899
-0.00656144
-0.00599754
-0.00541533
-0.00481183
-0.0041804
-0.00351103
-0.00277803
-0.00191354
-0.000815903
0.000566098
0.00268975
0.00385957
0.00588697
-0.00511379
-0.00511702
-0.00508028
-0.00498283
-0.00483138
-0.00464114
-0.00443148
-0.00421767
-0.0040156
-0.00383908
-0.00369917
-0.00360426
-0.00356012
-0.00357021
-0.00363614
-0.00375797
-0.00393458
-0.00416392
-0.00444318
-0.00476886
-0.00513691
-0.00554284
-0.00598204
-0.00644929
-0.0069389
-0.00744552
-0.00796411
-0.00848913
-0.00901507
-0.00953669
-0.010049
-0.0105472
-0.0110268
-0.0114836
-0.0119138
-0.0123139
-0.0126808
-0.0130119
-0.0133048
-0.0135578
-0.0137694
-0.0139386
-0.0140646
-0.0141473
-0.0141868
-0.0141834
-0.0141381
-0.014052
-0.0139264
-0.0137629
-0.0135635
-0.01333
-0.0130646
-0.0127693
-0.0124463
-0.0120976
-0.0117253
-0.0113313
-0.0109174
-0.0104848
-0.0100348
-0.0095679
-0.00908451
-0.00858454
-0.00806724
-0.00753109
-0.00697392
-0.00639271
-0.00578352
-0.00514083
-0.00445717
-0.00371889
-0.00290277
-0.00196254
-0.000812095
0.000674331
0.00260256
0.00542403
0.00695006
0.0100922
-0.00506351
-0.00507182
-0.00503589
-0.00492871
-0.00475881
-0.00454703
-0.00431269
-0.00407402
-0.00384747
-0.00364725
-0.00348473
-0.00336847
-0.00330428
-0.00329565
-0.00334425
-0.00345031
-0.00361279
-0.00382964
-0.00409798
-0.00441426
-0.00477436
-0.00517373
-0.00560758
-0.00607076
-0.00655751
-0.00706236
-0.00758018
-0.00810552
-0.00863288
-0.00915702
-0.0096729
-0.0101757
-0.010661
-0.0111245
-0.0115624
-0.0119711
-0.0123476
-0.0126891
-0.0129933
-0.0132584
-0.0134829
-0.0136656
-0.0138059
-0.0139034
-0.0139582
-0.0139706
-0.0139413
-0.0138713
-0.013762
-0.0136147
-0.0134313
-0.0132136
-0.0129633
-0.0126825
-0.0123731
-0.012037
-0.0116758
-0.0112914
-0.0108849
-0.0104581
-0.0100116
-0.00954508
-0.00905851
-0.00855105
-0.00802103
-0.00746549
-0.00687999
-0.00625855
-0.00559316
-0.00487198
-0.00407891
-0.00318784
-0.00215846
-0.000917768
0.000645542
0.00269717
0.00536915
0.00899744
0.0111753
0.0159279
-0.00504672
-0.00505747
-0.0050185
-0.00489482
-0.00469892
-0.00445849
-0.00419542
-0.00392848
-0.00367475
-0.0034486
-0.00326144
-0.0031216
-0.00303505
-0.00300564
-0.00303529
-0.0031243
-0.00327177
-0.00347564
-0.00373297
-0.00404014
-0.00439292
-0.00478668
-0.00521654
-0.00567726
-0.00616296
-0.00666807
-0.00718736
-0.00771545
-0.00824679
-0.00877613
-0.00929839
-0.00980874
-0.0103026
-0.0107757
-0.0112243
-0.0116447
-0.0120337
-0.0123885
-0.0127067
-0.0129865
-0.0132263
-0.013425
-0.0135817
-0.013696
-0.0137677
-0.0137972
-0.013785
-0.0137321
-0.0136397
-0.013509
-0.0133417
-0.0131394
-0.0129038
-0.0126369
-0.0123403
-0.0120159
-0.0116651
-0.0112894
-0.0108902
-0.0104675
-0.010022
-0.00955373
-0.00906172
-0.00854387
-0.0079976
-0.00741843
-0.00679816
-0.00612642
-0.00538912
-0.00456432
-0.00362214
-0.00251458
-0.0011753
0.000505693
0.0026667
0.00551337
0.0091594
0.0137952
0.0172169
0.0238194
-0.00508897
-0.0050956
-0.00504349
-0.00488874
-0.00465195
-0.00437033
-0.00406792
-0.00376395
-0.00347516
-0.00321584
-0.00299727
-0.00282815
-0.0027148
-0.00266132
-0.00266975
-0.00274045
-0.00287247
-0.00306369
-0.00331106
-0.0036108
-0.00395854
-0.0043495
-0.00477863
-0.0052406
-0.0057293
-0.0062389
-0.0067641
-0.0072995
-0.00783955
-0.00837889
-0.00891235
-0.009435
-0.00994218
-0.0104296
-0.0108932
-0.0113295
-0.0117352
-0.0121073
-0.0124431
-0.0127407
-0.0129984
-0.0132152
-0.01339
-0.0135223
-0.0136118
-0.0136587
-0.0136636
-0.0136274
-0.013551
-0.0134357
-0.0132831
-0.0130946
-0.0128718
-0.0126164
-0.0123302
-0.0120148
-0.0116716
-0.0113017
-0.010906
-0.0104847
-0.0100382
-0.00956574
-0.0090656
-0.00853453
-0.00796711
-0.00735536
-0.0066897
-0.00595316
-0.00512211
-0.00415951
-0.00301569
-0.00160864
0.00016552
0.00247175
0.00548297
0.00944608
0.0144279
0.0205656
0.0259392
0.0345791
-0.00524436
-0.00522994
-0.00513704
-0.00491958
-0.00461026
-0.00426483
-0.00390462
-0.00354809
-0.0032115
-0.00290871
-0.00265136
-0.00244812
-0.00230531
-0.00222695
-0.00221493
-0.00226942
-0.00238921
-0.00257192
-0.00281422
-0.00311204
-0.00346072
-0.00385521
-0.00429022
-0.00476038
-0.00526003
-0.00578274
-0.00632234
-0.00687303
-0.00742915
-0.00798521
-0.00853591
-0.00907623
-0.00960146
-0.0101071
-0.0105892
-0.0110439
-0.0114679
-0.0118585
-0.012213
-0.0125293
-0.0128055
-0.0130403
-0.0132328
-0.0133821
-0.0134879
-0.0135503
-0.0135699
-0.0135475
-0.0134841
-0.013381
-0.0132397
-0.0130617
-0.0128481
-0.0126004
-0.0123204
-0.0120099
-0.0116702
-0.0113022
-0.0109062
-0.0104825
-0.0100308
-0.00954951
-0.00903597
-0.00848518
-0.00789024
-0.00724002
-0.00651977
-0.00570257
-0.00475277
-0.00361212
-0.00220554
-0.000401557
0.00195206
0.00510464
0.00928073
0.0148169
0.0217439
0.0302539
0.038613
0.0503186
-0.00561752
-0.00553513
-0.00531598
-0.00497713
-0.00458153
-0.00416242
-0.00373362
-0.00331663
-0.002928
-0.00258109
-0.00228671
-0.00205308
-0.00188594
-0.00178875
-0.00176294
-0.00180821
-0.00192286
-0.00210407
-0.00234808
-0.00265042
-0.00300606
-0.00340959
-0.00385527
-0.00433706
-0.00484908
-0.00538556
-0.00594044
-0.00650747
-0.00708064
-0.00765421
-0.00822272
-0.00878098
-0.00932412
-0.00984758
-0.0103472
-0.010819
-0.0112596
-0.0116663
-0.0120364
-0.0123678
-0.0126586
-0.0129076
-0.0131136
-0.0132754
-0.0133928
-0.0134658
-0.0134951
-0.0134813
-0.0134258
-0.0133296
-0.0131945
-0.0130219
-0.012813
-0.0125686
-0.0122905
-0.0119802
-0.0116389
-0.0112679
-0.0108677
-0.0104382
-0.00997844
-0.00948585
-0.0089568
-0.00838421
-0.00775893
-0.0070645
-0.00628047
-0.00537003
-0.00428288
-0.00292992
-0.0012081
0.00108397
0.00415131
0.00837505
0.0140586
0.0217475
0.0315114
0.0438636
0.057312
0.0748387
-0.0065409
-0.0060973
-0.00561266
-0.00509185
-0.00457761
-0.00407202
-0.00358078
-0.00311414
-0.00268556
-0.00230718
-0.00198854
-0.00173674
-0.0015567
-0.00145115
-0.00142088
-0.00146503
-0.00158139
-0.00176667
-0.00201673
-0.00232673
-0.00269136
-0.00310487
-0.00356129
-0.00405429
-0.00457748
-0.00512495
-0.00569092
-0.00626938
-0.00685426
-0.00743968
-0.00802003
-0.00859
-0.00914462
-0.00967924
-0.0101896
-0.0106717
-0.0111222
-0.0115381
-0.0119168
-0.0122561
-0.0125541
-0.0128096
-0.0130216
-0.0131887
-0.0133104
-0.0133871
-0.0134195
-0.0134084
-0.0133549
-0.0132603
-0.0131257
-0.0129524
-0.0127423
-0.0124971
-0.0122183
-0.0119067
-0.0115639
-0.0111905
-0.0107871
-0.0103529
-0.0098865
-0.00938417
-0.00884158
-0.00824924
-0.00759607
-0.0068591
-0.00601105
-0.0049995
-0.00377287
-0.00220308
-0.000159557
0.00265552
0.0064864
0.0119221
0.0193685
0.0297985
0.0434983
0.061883
0.0839891
0.112433
-0.00871127
-0.00675123
-0.00587962
-0.00516612
-0.00453974
-0.00394994
-0.00339783
-0.00288797
-0.00242853
-0.00202814
-0.00169433
-0.00143287
-0.00124754
-0.00114013
-0.00111065
-0.00115763
-0.00127838
-0.00146923
-0.00172573
-0.0020428
-0.00241491
-0.00283617
-0.00330044
-0.00380144
-0.00433272
-0.00488811
-0.00546164
-0.00604734
-0.00663919
-0.0072313
-0.00781806
-0.00839412
-0.0089545
-0.00949455
-0.01001
-0.010497
-0.0109521
-0.0113722
-0.0117547
-0.0120976
-0.0123987
-0.0126564
-0.0128693
-0.0130372
-0.0131604
-0.0132393
-0.0132741
-0.0132655
-0.0132146
-0.0131222
-0.0129898
-0.0128187
-0.0126109
-0.0123677
-0.0120908
-0.011781
-0.0114397
-0.011067
-0.0106636
-0.0102276
-0.00975815
-0.00924953
-0.0086973
-0.00808915
-0.00741349
-0.00664416
-0.00575214
-0.00467504
-0.00333918
-0.00161279
0.000677691
0.00388981
0.00832745
0.0148139
0.0239655
0.0374225
0.0561595
0.0831654
0.118563
0.164054
-0.0133539
-0.00550358
-0.00433859
-0.00400015
-0.00347292
-0.00288356
-0.00235045
-0.00189143
-0.00149393
-0.00115228
-0.00087065
-0.000656083
-0.000513757
-0.000445998
-0.000452901
-0.000533054
-0.000683957
-0.000902211
-0.00118364
-0.00152343
-0.00191628
-0.00235651
-0.00283819
-0.00335524
-0.00390146
-0.00447073
-0.00505707
-0.00565461
-0.00625751
-0.00686
-0.00745654
-0.00804187
-0.00861108
-0.00915959
-0.0096832
-0.0101781
-0.0106408
-0.0110684
-0.0114583
-0.0118083
-0.0121165
-0.0123817
-0.012603
-0.0127797
-0.0129115
-0.0129986
-0.0130411
-0.0130397
-0.0129954
-0.0129094
-0.012783
-0.0126179
-0.0124153
-0.0121771
-0.0119044
-0.0115989
-0.0112609
-0.0108915
-0.0104899
-0.0100557
-0.00958536
-0.00907531
-0.00851627
-0.00789791
-0.00720062
-0.00640415
-0.00547836
-0.00439395
-0.00304711
-0.00127425
0.00117411
0.00447931
0.00927273
0.0162058
0.0266286
0.0425014
0.0670871
0.104044
0.156128
0.220893
)
;

boundaryField
{
    movingWall
    {
        type            zeroGradient;
    }
    fixedWalls
    {
        type            zeroGradient;
    }
    frontAndBack
    {
        type            empty;
    }
}


// ************************************************************************* //
