/*--------------------------------*- C++ -*----------------------------------*\
  =========                 |
  \\      /  F ield         | OpenFOAM: The Open Source CFD Toolbox
   \\    /   O peration     | Website:  https://openfoam.org
    \\  /    A nd           | Version:  13
     \\/     M anipulation  |
\*---------------------------------------------------------------------------*/
FoamFile
{
    format      ascii;
    class       volScalarField;
    location    "9.2";
    object      nut;
}
// * * * * * * * * * * * * * * * * * * * * * * * * * * * * * * * * * * * * * //

dimensions      [0 2 -1 0 0 0 0];

internalField   nonuniform List<scalar> 
6400
(
9.98216e-10
5.12801e-09
1.24751e-08
2.00891e-08
2.58098e-08
2.90047e-08
3.01491e-08
3.02442e-08
3.04194e-08
3.15264e-08
3.42313e-08
3.95379e-08
4.79108e-08
5.95206e-08
7.37388e-08
8.97644e-08
1.06763e-07
1.24399e-07
1.41826e-07
1.58644e-07
1.7558e-07
1.94113e-07
2.16215e-07
2.42995e-07
2.73235e-07
3.03628e-07
3.33872e-07
3.6392e-07
3.94719e-07
4.27082e-07
4.60532e-07
4.93992e-07
5.26909e-07
5.59435e-07
5.9234e-07
6.25843e-07
6.60596e-07
6.96815e-07
7.34922e-07
7.75019e-07
8.17396e-07
8.62377e-07
9.10213e-07
9.61443e-07
1.01657e-06
1.07757e-06
1.1482e-06
1.23648e-06
1.32264e-06
1.41124e-06
1.49735e-06
1.58095e-06
1.65905e-06
1.72964e-06
1.79002e-06
1.83666e-06
1.85973e-06
1.86874e-06
1.86231e-06
1.82465e-06
1.75955e-06
1.66757e-06
1.54958e-06
1.41073e-06
1.25336e-06
1.08585e-06
9.16126e-07
7.50536e-07
5.95119e-07
4.57662e-07
3.45338e-07
2.51133e-07
1.75092e-07
1.17104e-07
7.53682e-08
4.69004e-08
2.8312e-08
1.63131e-08
7.73587e-09
1.65135e-09
4.82246e-09
3.38604e-07
1.21771e-06
2.05062e-06
2.66479e-06
3.0255e-06
3.19097e-06
3.2495e-06
3.28653e-06
3.36466e-06
3.56087e-06
3.94456e-06
4.48338e-06
5.10785e-06
5.75339e-06
6.35655e-06
6.87153e-06
7.24996e-06
7.47924e-06
7.57686e-06
7.62804e-06
7.69736e-06
7.85379e-06
8.12232e-06
8.43807e-06
8.64269e-06
8.84718e-06
9.08322e-06
9.39751e-06
9.82818e-06
1.03767e-05
1.09811e-05
1.16338e-05
1.23079e-05
1.30201e-05
1.37564e-05
1.45252e-05
1.53212e-05
1.6151e-05
1.70089e-05
1.78891e-05
1.87975e-05
1.97347e-05
2.07194e-05
2.17173e-05
2.26931e-05
2.36216e-05
2.44435e-05
2.53212e-05
2.61955e-05
2.70833e-05
2.79586e-05
2.88098e-05
2.96147e-05
3.03514e-05
3.10762e-05
3.15023e-05
3.17967e-05
3.19679e-05
3.19188e-05
3.15299e-05
3.08433e-05
2.98218e-05
2.84678e-05
2.67779e-05
2.48126e-05
2.26612e-05
2.03453e-05
1.78998e-05
1.52262e-05
1.23332e-05
9.55655e-06
7.1121e-06
5.10624e-06
3.54786e-06
2.41867e-06
1.62252e-06
1.05358e-06
4.78516e-07
8.7259e-09
1.05432e-08
8.72518e-07
3.51764e-06
6.10078e-06
8.07623e-06
9.3589e-06
1.00807e-05
1.04462e-05
1.06662e-05
1.09223e-05
1.13482e-05
1.20222e-05
1.29158e-05
1.39261e-05
1.49219e-05
1.57937e-05
1.6491e-05
1.69893e-05
1.72893e-05
1.7408e-05
1.73689e-05
1.7273e-05
1.71979e-05
1.71823e-05
1.72625e-05
1.75299e-05
1.78516e-05
1.81837e-05
1.854e-05
1.89227e-05
1.9426e-05
2.01363e-05
2.11346e-05
2.21556e-05
2.33082e-05
2.45166e-05
2.58035e-05
2.71065e-05
2.84674e-05
2.99186e-05
3.13181e-05
3.27659e-05
3.41695e-05
3.55045e-05
3.67778e-05
3.80285e-05
3.92447e-05
4.04672e-05
4.17008e-05
4.29296e-05
4.41501e-05
4.53477e-05
4.6507e-05
4.7607e-05
4.86204e-05
4.95113e-05
5.03027e-05
5.07999e-05
5.10234e-05
5.11644e-05
5.09674e-05
5.04516e-05
4.95596e-05
4.81977e-05
4.62738e-05
4.38237e-05
4.10337e-05
3.78863e-05
3.43978e-05
3.05996e-05
2.65525e-05
2.23982e-05
1.8333e-05
1.45589e-05
1.12363e-05
8.43025e-06
6.20491e-06
4.28669e-06
1.7925e-06
2.33543e-08
1.83125e-08
1.42751e-06
5.49942e-06
9.38042e-06
1.23793e-05
1.44381e-05
1.57151e-05
1.64377e-05
1.68696e-05
1.72384e-05
1.77436e-05
1.85065e-05
1.9502e-05
2.05872e-05
2.15993e-05
2.24227e-05
2.29988e-05
2.33258e-05
2.34357e-05
2.3389e-05
2.32545e-05
2.31439e-05
2.31236e-05
2.32313e-05
2.32884e-05
2.33023e-05
2.32959e-05
2.37111e-05
2.44634e-05
2.54667e-05
2.67575e-05
2.79852e-05
2.92022e-05
3.04995e-05
3.18272e-05
3.31268e-05
3.44363e-05
3.58139e-05
3.71045e-05
3.83938e-05
3.96262e-05
4.08433e-05
4.20085e-05
4.31357e-05
4.42142e-05
4.52706e-05
4.63261e-05
4.7382e-05
4.84347e-05
4.94776e-05
5.05046e-05
5.15047e-05
5.24651e-05
5.33689e-05
5.41963e-05
5.49236e-05
5.55259e-05
5.59724e-05
5.61969e-05
5.62417e-05
5.60621e-05
5.55106e-05
5.47421e-05
5.392e-05
5.25827e-05
5.06224e-05
4.82163e-05
4.53307e-05
4.20346e-05
3.83739e-05
3.43931e-05
3.01591e-05
2.57832e-05
2.14289e-05
1.72989e-05
1.35543e-05
1.03025e-05
7.24111e-06
3.01415e-06
3.89783e-08
2.93901e-08
2.14227e-06
7.6284e-06
1.26134e-05
1.63299e-05
1.88307e-05
2.036e-05
2.12085e-05
2.16944e-05
2.21406e-05
2.28005e-05
2.37568e-05
2.49033e-05
2.60404e-05
2.69909e-05
2.76564e-05
2.80185e-05
2.81196e-05
2.80181e-05
2.7837e-05
2.75802e-05
2.74029e-05
2.72438e-05
2.66203e-05
2.65772e-05
2.71233e-05
2.80803e-05
2.92274e-05
3.03934e-05
3.1702e-05
3.29841e-05
3.42237e-05
3.54429e-05
3.66296e-05
3.77241e-05
3.87505e-05
3.9783e-05
4.07351e-05
4.15622e-05
4.23404e-05
4.30357e-05
4.36834e-05
4.42962e-05
4.49049e-05
4.55322e-05
4.61696e-05
4.68046e-05
4.74469e-05
4.80977e-05
4.87605e-05
4.94366e-05
5.01262e-05
5.08271e-05
5.15346e-05
5.22418e-05
5.2936e-05
5.35969e-05
5.41949e-05
5.46984e-05
5.50455e-05
5.51721e-05
5.50298e-05
5.44456e-05
5.33389e-05
5.2532e-05
5.13202e-05
4.94804e-05
4.71495e-05
4.43885e-05
4.12471e-05
3.7761e-05
3.39554e-05
2.98674e-05
2.55887e-05
2.13283e-05
1.72517e-05
1.34257e-05
9.46216e-06
3.87129e-06
4.98572e-08
4.52071e-08
3.1036e-06
1.01425e-05
1.61481e-05
2.03697e-05
2.30521e-05
2.45893e-05
2.5397e-05
2.59013e-05
2.64793e-05
2.73398e-05
2.84601e-05
2.96534e-05
3.07005e-05
3.14475e-05
3.18351e-05
3.18831e-05
3.17203e-05
3.12953e-05
3.09773e-05
3.04259e-05
2.95609e-05
2.94297e-05
3.01434e-05
3.11171e-05
3.21353e-05
3.33036e-05
3.44697e-05
3.55885e-05
3.66617e-05
3.75972e-05
3.84652e-05
3.92673e-05
3.99605e-05
4.05147e-05
4.10094e-05
4.14055e-05
4.17983e-05
4.2096e-05
4.23577e-05
4.25917e-05
4.28169e-05
4.30243e-05
4.32221e-05
4.34142e-05
4.36e-05
4.37863e-05
4.39806e-05
4.41919e-05
4.44308e-05
4.47084e-05
4.5037e-05
4.54288e-05
4.58916e-05
4.64233e-05
4.70301e-05
4.77111e-05
4.84417e-05
4.91862e-05
4.98931e-05
5.05688e-05
5.09448e-05
5.10638e-05
5.0816e-05
4.99828e-05
4.94732e-05
4.82392e-05
4.64574e-05
4.41902e-05
4.15232e-05
3.85282e-05
3.52361e-05
3.16276e-05
2.7678e-05
2.35422e-05
1.9351e-05
1.52503e-05
1.07869e-05
4.28815e-06
5.39405e-08
6.71553e-08
4.35485e-06
1.30715e-05
1.99822e-05
2.45135e-05
2.71848e-05
2.85877e-05
2.92955e-05
2.98273e-05
3.0542e-05
3.15416e-05
3.26975e-05
3.37802e-05
3.45891e-05
3.50211e-05
3.50776e-05
3.46017e-05
3.41497e-05
3.36622e-05
3.24743e-05
3.21445e-05
3.26421e-05
3.34945e-05
3.4275e-05
3.51718e-05
3.60676e-05
3.6971e-05
3.77494e-05
3.84238e-05
3.90114e-05
3.9523e-05
3.9955e-05
4.02887e-05
4.05334e-05
4.07044e-05
4.08302e-05
4.0908e-05
4.09619e-05
4.09677e-05
4.09678e-05
4.0963e-05
4.09216e-05
4.0875e-05
4.08057e-05
4.07307e-05
4.06357e-05
4.05326e-05
4.04168e-05
4.0298e-05
4.0183e-05
4.00872e-05
4.00294e-05
4.00412e-05
4.017e-05
4.04089e-05
4.07745e-05
4.13336e-05
4.20797e-05
4.29711e-05
4.39519e-05
4.5011e-05
4.60074e-05
4.68696e-05
4.72639e-05
4.72752e-05
4.67911e-05
4.64522e-05
4.521e-05
4.33329e-05
4.09509e-05
3.82091e-05
3.52227e-05
3.20239e-05
2.85172e-05
2.46009e-05
2.05539e-05
1.6169e-05
1.10843e-05
4.27936e-06
5.242e-08
9.65212e-08
5.9149e-06
1.63426e-05
2.4008e-05
2.86689e-05
3.11988e-05
3.2404e-05
3.3006e-05
3.35625e-05
3.43544e-05
3.53662e-05
3.63963e-05
3.72088e-05
3.76391e-05
3.76309e-05
3.70984e-05
3.66231e-05
3.55527e-05
3.48102e-05
3.47754e-05
3.53127e-05
3.57022e-05
3.63301e-05
3.69444e-05
3.76747e-05
3.82891e-05
3.88327e-05
3.92428e-05
3.95676e-05
3.9807e-05
3.99765e-05
4.00816e-05
4.01321e-05
4.01465e-05
4.01379e-05
4.01174e-05
4.00848e-05
4.00451e-05
3.99954e-05
3.99454e-05
3.98573e-05
3.97983e-05
3.97452e-05
3.95984e-05
3.9491e-05
3.93382e-05
3.91795e-05
3.89938e-05
3.8787e-05
3.85532e-05
3.82917e-05
3.79974e-05
3.76661e-05
3.72894e-05
3.69566e-05
3.67557e-05
3.67352e-05
3.70601e-05
3.77397e-05
3.86168e-05
3.98111e-05
4.1106e-05
4.24706e-05
4.37326e-05
4.44019e-05
4.44944e-05
4.43864e-05
4.41815e-05
4.27661e-05
4.06263e-05
3.79534e-05
3.49664e-05
3.18434e-05
2.86266e-05
2.50784e-05
2.1063e-05
1.6693e-05
1.12642e-05
4.16847e-06
4.87455e-08
1.34197e-07
7.76535e-06
1.98632e-05
2.80691e-05
3.27424e-05
3.50581e-05
3.60451e-05
3.65382e-05
3.70782e-05
3.7844e-05
3.87256e-05
3.94904e-05
3.99314e-05
3.97618e-05
3.92586e-05
3.87501e-05
3.74294e-05
3.69149e-05
3.69577e-05
3.70152e-05
3.72791e-05
3.76971e-05
3.81977e-05
3.86454e-05
3.90726e-05
3.93649e-05
3.95819e-05
3.97036e-05
3.97777e-05
3.98071e-05
3.98154e-05
3.98119e-05
3.98098e-05
3.98169e-05
3.98346e-05
3.98622e-05
3.98963e-05
3.99336e-05
3.99635e-05
3.99875e-05
4.00011e-05
4.00064e-05
3.99855e-05
3.99328e-05
3.98745e-05
3.97758e-05
3.96562e-05
3.95007e-05
3.93113e-05
3.90818e-05
3.88098e-05
3.84878e-05
3.81083e-05
3.76652e-05
3.71503e-05
3.65583e-05
3.58863e-05
3.51501e-05
3.46177e-05
3.47429e-05
3.55413e-05
3.66604e-05
3.81752e-05
3.97807e-05
4.13891e-05
4.2299e-05
4.24579e-05
4.25995e-05
4.24948e-05
4.08111e-05
3.83021e-05
3.52196e-05
3.18677e-05
2.8496e-05
2.50818e-05
2.12595e-05
1.67492e-05
1.10128e-05
3.87763e-06
4.45437e-08
1.80517e-07
9.82396e-06
2.34595e-05
3.20837e-05
3.66757e-05
3.87363e-05
3.94939e-05
3.98526e-05
4.03009e-05
4.09209e-05
4.15431e-05
4.19389e-05
4.16587e-05
4.10885e-05
4.04945e-05
3.93996e-05
3.88245e-05
3.85672e-05
3.8325e-05
3.84649e-05
3.86975e-05
3.8998e-05
3.92785e-05
3.94818e-05
3.96257e-05
3.96789e-05
3.96997e-05
3.96906e-05
3.96908e-05
3.97041e-05
3.97474e-05
3.98204e-05
3.99243e-05
4.0053e-05
4.01987e-05
4.03505e-05
4.05006e-05
4.06726e-05
4.07822e-05
4.0844e-05
4.09772e-05
4.10043e-05
4.10321e-05
4.10151e-05
4.09743e-05
4.08962e-05
4.07904e-05
4.06529e-05
4.04885e-05
4.02914e-05
4.0056e-05
3.97749e-05
3.94359e-05
3.90194e-05
3.85137e-05
3.79005e-05
3.71576e-05
3.62744e-05
3.52911e-05
3.42557e-05
3.3241e-05
3.32936e-05
3.43548e-05
3.58051e-05
3.76958e-05
3.95763e-05
4.07282e-05
4.09762e-05
4.12056e-05
4.11137e-05
3.91042e-05
3.61612e-05
3.26006e-05
2.88084e-05
2.50771e-05
2.1232e-05
1.66983e-05
1.07286e-05
3.59343e-06
4.10055e-08
2.36346e-07
1.1919e-05
2.69929e-05
3.59639e-05
4.04226e-05
4.22052e-05
4.27146e-05
4.28886e-05
4.31518e-05
4.35103e-05
4.37674e-05
4.33938e-05
4.27264e-05
4.20532e-05
4.11134e-05
4.04198e-05
3.97962e-05
3.94828e-05
3.9345e-05
3.94417e-05
3.95472e-05
3.96622e-05
3.97226e-05
3.97297e-05
3.97095e-05
3.96734e-05
3.96671e-05
3.96964e-05
3.97821e-05
3.99182e-05
4.01047e-05
4.03283e-05
4.05786e-05
4.08403e-05
4.11245e-05
4.14144e-05
4.16056e-05
4.1783e-05
4.20263e-05
4.21569e-05
4.2297e-05
4.23692e-05
4.24223e-05
4.24279e-05
4.23991e-05
4.23285e-05
4.22198e-05
4.20708e-05
4.18826e-05
4.16544e-05
4.13869e-05
4.10808e-05
4.07368e-05
4.03549e-05
3.99333e-05
3.94342e-05
3.88162e-05
3.8021e-05
3.70333e-05
3.58445e-05
3.45237e-05
3.32238e-05
3.20488e-05
3.24894e-05
3.39749e-05
3.59614e-05
3.80667e-05
3.94719e-05
3.98064e-05
4.00117e-05
3.98007e-05
3.74128e-05
3.39909e-05
2.99164e-05
2.56278e-05
2.14039e-05
1.66787e-05
1.07009e-05
3.50807e-06
3.95765e-08
3.04172e-07
1.38546e-05
3.03716e-05
3.96512e-05
4.39469e-05
4.54331e-05
4.5662e-05
4.55844e-05
4.5566e-05
4.55618e-05
4.50766e-05
4.4293e-05
4.35624e-05
4.26956e-05
4.18871e-05
4.09351e-05
4.04156e-05
4.01226e-05
3.99851e-05
3.99615e-05
3.99145e-05
3.98668e-05
3.97916e-05
3.97241e-05
3.96921e-05
3.97157e-05
3.98171e-05
3.99906e-05
4.02345e-05
4.05307e-05
4.08662e-05
4.12224e-05
4.16078e-05
4.20053e-05
4.23576e-05
4.26181e-05
4.29058e-05
4.32106e-05
4.34531e-05
4.36467e-05
4.38147e-05
4.39326e-05
4.40159e-05
4.4052e-05
4.40459e-05
4.39931e-05
4.38947e-05
4.37491e-05
4.35563e-05
4.33157e-05
4.30271e-05
4.26898e-05
4.23028e-05
4.18648e-05
4.13752e-05
4.08341e-05
4.02424e-05
3.95965e-05
3.88044e-05
3.77818e-05
3.64799e-05
3.49791e-05
3.33688e-05
3.19029e-05
3.11657e-05
3.25261e-05
3.4437e-05
3.67947e-05
3.83769e-05
3.87633e-05
3.88701e-05
3.83649e-05
3.55345e-05
3.16034e-05
2.69977e-05
2.21443e-05
1.70586e-05
1.09254e-05
3.6412e-06
4.08127e-08
3.79417e-07
1.57706e-05
3.35836e-05
4.31117e-05
4.72189e-05
4.83875e-05
4.82929e-05
4.78899e-05
4.74993e-05
4.68323e-05
4.58962e-05
4.51224e-05
4.42164e-05
4.32699e-05
4.20883e-05
4.12736e-05
4.07936e-05
4.0477e-05
4.02742e-05
4.0124e-05
3.99695e-05
3.98474e-05
3.97597e-05
3.97475e-05
3.98248e-05
3.99986e-05
4.02646e-05
4.06037e-05
4.09995e-05
4.143e-05
4.18796e-05
4.23623e-05
4.28378e-05
4.3265e-05
4.36478e-05
4.40152e-05
4.43599e-05
4.47124e-05
4.50091e-05
4.52586e-05
4.54733e-05
4.56419e-05
4.57675e-05
4.58438e-05
4.58708e-05
4.58453e-05
4.57664e-05
4.56327e-05
4.54436e-05
4.51987e-05
4.4898e-05
4.45408e-05
4.41262e-05
4.36521e-05
4.31155e-05
4.25129e-05
4.18414e-05
4.1102e-05
4.03018e-05
3.94425e-05
3.83799e-05
3.70312e-05
3.53873e-05
3.35718e-05
3.17865e-05
3.03923e-05
3.12387e-05
3.31596e-05
3.56724e-05
3.73435e-05
3.77124e-05
3.76696e-05
3.66345e-05
3.32957e-05
2.8857e-05
2.36456e-05
1.80741e-05
1.16983e-05
4.08413e-06
4.6413e-08
4.59931e-07
1.76295e-05
3.65856e-05
4.63122e-05
5.02124e-05
5.10409e-05
5.05748e-05
4.9774e-05
4.88076e-05
4.76491e-05
4.68228e-05
4.57176e-05
4.4636e-05
4.32698e-05
4.21751e-05
4.14373e-05
4.09469e-05
4.05806e-05
4.0306e-05
4.00824e-05
3.99078e-05
3.98198e-05
3.98287e-05
3.99581e-05
4.02006e-05
4.05443e-05
4.09674e-05
4.1446e-05
4.19605e-05
4.24927e-05
4.30305e-05
4.35753e-05
4.41031e-05
4.45927e-05
4.50448e-05
4.54988e-05
4.59067e-05
4.62781e-05
4.66618e-05
4.69821e-05
4.72537e-05
4.74825e-05
4.76606e-05
4.7785e-05
4.78524e-05
4.78592e-05
4.78033e-05
4.76827e-05
4.74967e-05
4.72454e-05
4.69296e-05
4.65504e-05
4.61089e-05
4.5605e-05
4.50368e-05
4.43995e-05
4.36856e-05
4.28864e-05
4.19965e-05
4.10215e-05
3.99855e-05
3.88216e-05
3.73947e-05
3.56283e-05
3.36521e-05
3.16427e-05
3.00138e-05
3.01627e-05
3.20668e-05
3.4662e-05
3.62944e-05
3.65295e-05
3.63502e-05
3.4436e-05
3.06401e-05
2.55474e-05
1.96698e-05
1.29575e-05
4.93404e-06
6.02469e-08
5.43088e-07
1.93885e-05
3.93376e-05
4.92275e-05
5.29093e-05
5.33809e-05
5.25048e-05
5.11877e-05
4.97464e-05
4.87767e-05
4.7307e-05
4.60829e-05
4.45273e-05
4.3173e-05
4.21508e-05
4.14396e-05
4.09177e-05
4.0512e-05
4.02085e-05
3.99943e-05
3.98911e-05
3.99225e-05
4.00887e-05
4.03873e-05
4.07932e-05
4.12832e-05
4.18306e-05
4.24137e-05
4.3016e-05
4.36246e-05
4.42305e-05
4.48266e-05
4.5401e-05
4.59668e-05
4.65248e-05
4.70368e-05
4.753e-05
4.79669e-05
4.83755e-05
4.88184e-05
4.9154e-05
4.94504e-05
4.96912e-05
4.98706e-05
4.99851e-05
5.00293e-05
4.99998e-05
4.98937e-05
4.97095e-05
4.94472e-05
4.91083e-05
4.86957e-05
4.82135e-05
4.76654e-05
4.70544e-05
4.638e-05
4.56371e-05
4.48139e-05
4.38928e-05
4.28549e-05
4.16912e-05
4.04228e-05
3.90099e-05
3.74656e-05
3.56638e-05
3.35573e-05
3.14207e-05
2.95359e-05
2.92504e-05
3.10962e-05
3.3749e-05
3.51822e-05
3.5172e-05
3.47709e-05
3.18928e-05
2.7297e-05
2.14727e-05
1.45232e-05
5.94307e-06
8.29473e-08
6.26538e-07
2.10089e-05
4.18148e-05
5.18477e-05
5.53005e-05
5.54179e-05
5.4028e-05
5.23506e-05
5.10384e-05
4.91716e-05
4.76968e-05
4.59372e-05
4.43181e-05
4.30012e-05
4.20253e-05
4.1315e-05
4.07741e-05
4.03705e-05
4.01043e-05
3.99784e-05
4.00111e-05
4.02028e-05
4.05367e-05
4.09902e-05
4.15311e-05
4.21339e-05
4.27751e-05
4.34379e-05
4.41105e-05
4.47845e-05
4.54541e-05
4.61145e-05
4.67623e-05
4.73989e-05
4.80279e-05
4.86539e-05
4.92204e-05
4.97485e-05
5.02253e-05
5.07157e-05
5.1174e-05
5.15314e-05
5.18454e-05
5.20863e-05
5.22555e-05
5.23444e-05
5.23483e-05
5.22627e-05
5.20846e-05
5.1813e-05
5.14488e-05
5.09955e-05
5.04588e-05
4.98466e-05
4.91672e-05
4.84282e-05
4.76334e-05
4.67796e-05
4.58531e-05
4.48277e-05
4.36675e-05
4.23386e-05
4.09318e-05
3.92373e-05
3.7321e-05
3.54264e-05
3.32968e-05
3.10554e-05
2.89672e-05
2.84565e-05
3.02275e-05
3.27958e-05
3.40873e-05
3.34981e-05
3.23825e-05
2.85363e-05
2.30791e-05
1.61418e-05
6.99168e-06
1.12449e-07
7.08435e-07
2.24464e-05
4.40184e-05
5.42108e-05
5.73529e-05
5.69337e-05
5.53111e-05
5.35522e-05
5.14081e-05
4.95652e-05
4.75805e-05
4.5679e-05
4.40462e-05
4.27697e-05
4.18217e-05
4.1116e-05
4.05935e-05
4.02472e-05
4.00803e-05
4.00946e-05
4.02891e-05
4.06423e-05
4.11242e-05
4.17034e-05
4.2349e-05
4.30388e-05
4.37549e-05
4.4486e-05
4.52243e-05
4.59649e-05
4.67039e-05
4.74386e-05
4.81668e-05
4.88867e-05
4.95941e-05
5.03148e-05
5.09966e-05
5.15896e-05
5.21463e-05
5.26886e-05
5.32709e-05
5.36956e-05
5.40857e-05
5.43944e-05
5.46254e-05
5.47677e-05
5.48151e-05
5.47612e-05
5.46008e-05
5.43308e-05
5.39502e-05
5.34613e-05
5.28693e-05
5.21833e-05
5.14155e-05
5.05801e-05
4.96909e-05
4.87577e-05
4.77817e-05
4.67492e-05
4.56272e-05
4.43617e-05
4.28878e-05
4.13375e-05
3.94114e-05
3.70592e-05
3.49843e-05
3.28672e-05
3.04997e-05
2.82235e-05
2.78135e-05
2.94876e-05
3.16026e-05
3.24176e-05
3.16765e-05
2.91424e-05
2.4278e-05
1.75992e-05
7.94417e-06
1.46897e-07
7.87197e-07
2.37328e-05
4.59378e-05
5.61423e-05
5.89019e-05
5.83498e-05
5.67147e-05
5.43663e-05
5.17975e-05
4.95411e-05
4.73351e-05
4.53554e-05
4.37359e-05
4.2497e-05
4.15756e-05
4.09008e-05
4.04437e-05
4.0204e-05
4.01767e-05
4.03499e-05
4.07014e-05
4.11958e-05
4.17978e-05
4.24758e-05
4.32045e-05
4.39667e-05
4.47501e-05
4.55477e-05
4.63544e-05
4.71669e-05
4.79823e-05
4.87976e-05
4.96095e-05
5.04143e-05
5.12062e-05
5.20095e-05
5.2791e-05
5.34697e-05
5.41022e-05
5.47088e-05
5.53822e-05
5.5892e-05
5.6354e-05
5.67352e-05
5.7033e-05
5.7237e-05
5.73389e-05
5.73303e-05
5.72039e-05
5.69537e-05
5.65759e-05
5.60697e-05
5.54381e-05
5.46883e-05
5.3833e-05
5.28893e-05
5.18778e-05
5.08202e-05
4.97342e-05
4.86272e-05
4.74878e-05
4.62769e-05
4.49217e-05
4.33185e-05
4.1643e-05
3.93244e-05
3.67063e-05
3.44004e-05
3.22551e-05
2.96871e-05
2.72293e-05
2.7236e-05
2.90417e-05
3.03928e-05
3.04033e-05
2.92276e-05
2.50359e-05
1.87433e-05
8.72054e-06
1.84625e-07
8.59732e-07
2.48275e-05
4.7481e-05
5.7635e-05
6.01557e-05
5.97771e-05
5.75492e-05
5.46615e-05
5.20046e-05
4.93727e-05
4.70116e-05
4.49978e-05
4.3406e-05
4.22061e-05
4.13268e-05
4.07194e-05
4.03692e-05
4.02676e-05
4.03941e-05
4.072e-05
4.12084e-05
4.18187e-05
4.25169e-05
4.32755e-05
4.40754e-05
4.49045e-05
4.57546e-05
4.66212e-05
4.75006e-05
4.83894e-05
4.92841e-05
5.01807e-05
5.10747e-05
5.19608e-05
5.28331e-05
5.37101e-05
5.45772e-05
5.53426e-05
5.6043e-05
5.67174e-05
5.74514e-05
5.80557e-05
5.85842e-05
5.90384e-05
5.94056e-05
5.96772e-05
5.98428e-05
5.98928e-05
5.98173e-05
5.96078e-05
5.92571e-05
5.87606e-05
5.81171e-05
5.73302e-05
5.64092e-05
5.53701e-05
5.42355e-05
5.30333e-05
5.1794e-05
5.05446e-05
4.93003e-05
4.80539e-05
4.67631e-05
4.53397e-05
4.36442e-05
4.16814e-05
3.89727e-05
3.61594e-05
3.36911e-05
3.14315e-05
2.85055e-05
2.60641e-05
2.65285e-05
2.84117e-05
2.94033e-05
2.82532e-05
2.53027e-05
1.95294e-05
9.3129e-06
2.24466e-07
9.23478e-07
2.57044e-05
4.86435e-05
5.87602e-05
6.13989e-05
6.08047e-05
5.82496e-05
5.50432e-05
5.19513e-05
4.9108e-05
4.6646e-05
4.46279e-05
4.30735e-05
4.19226e-05
4.11106e-05
4.06049e-05
4.03884e-05
4.04359e-05
4.07105e-05
4.11709e-05
4.17733e-05
4.24785e-05
4.32565e-05
4.40857e-05
4.49523e-05
4.58477e-05
4.67666e-05
4.77049e-05
4.86588e-05
4.9624e-05
5.05956e-05
5.15686e-05
5.25372e-05
5.34956e-05
5.4438e-05
5.53745e-05
5.63157e-05
5.7161e-05
5.79177e-05
5.86484e-05
5.94308e-05
6.01242e-05
6.07143e-05
6.12378e-05
6.1674e-05
6.20155e-05
6.22509e-05
6.23693e-05
6.23593e-05
6.22097e-05
6.19102e-05
6.14523e-05
6.08301e-05
6.00419e-05
5.90916e-05
5.79904e-05
5.67579e-05
5.54228e-05
5.40213e-05
5.25934e-05
5.11758e-05
4.97915e-05
4.84357e-05
4.70596e-05
4.55532e-05
4.37295e-05
4.13817e-05
3.83938e-05
3.54266e-05
3.28623e-05
3.03668e-05
2.7181e-05
2.51755e-05
2.58832e-05
2.70319e-05
2.71287e-05
2.52463e-05
1.99588e-05
9.69632e-06
2.66062e-07
9.77044e-07
2.63703e-05
4.94778e-05
5.9645e-05
6.23224e-05
6.15363e-05
5.85461e-05
5.515e-05
5.17908e-05
4.87845e-05
4.62629e-05
4.42615e-05
4.2755e-05
4.16694e-05
4.09511e-05
4.0571e-05
4.04986e-05
4.06906e-05
4.10977e-05
4.16719e-05
4.23692e-05
4.31545e-05
4.40032e-05
4.48987e-05
4.58311e-05
4.67941e-05
4.77829e-05
4.87929e-05
4.9819e-05
5.08556e-05
5.18966e-05
5.29358e-05
5.39674e-05
5.49856e-05
5.59854e-05
5.69636e-05
5.79653e-05
5.88841e-05
5.96842e-05
6.04573e-05
6.1275e-05
6.20491e-05
6.26946e-05
6.3281e-05
6.37828e-05
6.41932e-05
6.45005e-05
6.46929e-05
6.4758e-05
6.46829e-05
6.44546e-05
6.40611e-05
6.34919e-05
6.27397e-05
6.18018e-05
6.06825e-05
5.93949e-05
5.79629e-05
5.64221e-05
5.48181e-05
5.32021e-05
5.16218e-05
5.01081e-05
4.86591e-05
4.72209e-05
4.56665e-05
4.36216e-05
4.07145e-05
3.75719e-05
3.4527e-05
3.18456e-05
2.89433e-05
2.54535e-05
2.44496e-05
2.54713e-05
2.61633e-05
2.46368e-05
2.00322e-05
9.87133e-06
3.09219e-07
1.01967e-06
2.68277e-05
5.0039e-05
6.02469e-05
6.30169e-05
6.20767e-05
5.89237e-05
5.515e-05
5.15585e-05
4.843e-05
4.588e-05
4.39113e-05
4.24647e-05
4.14632e-05
4.08592e-05
4.06161e-05
4.06852e-05
4.10084e-05
4.153e-05
4.22005e-05
4.29789e-05
4.38354e-05
4.47501e-05
4.57106e-05
4.6709e-05
4.77396e-05
4.87968e-05
4.98747e-05
5.09666e-05
5.20656e-05
5.31646e-05
5.42571e-05
5.53373e-05
5.63997e-05
5.744e-05
5.84541e-05
5.94938e-05
6.04793e-05
6.13154e-05
6.21145e-05
6.29534e-05
6.37996e-05
6.44934e-05
6.51346e-05
6.56961e-05
6.6171e-05
6.65482e-05
6.68157e-05
6.69604e-05
6.69684e-05
6.6825e-05
6.65154e-05
6.60252e-05
6.5342e-05
6.44564e-05
6.33647e-05
6.20715e-05
6.05921e-05
5.89558e-05
5.72062e-05
5.54e-05
5.36003e-05
5.18647e-05
5.02284e-05
4.8685e-05
4.71702e-05
4.55504e-05
4.31107e-05
3.97643e-05
3.65795e-05
3.33998e-05
3.05658e-05
2.70155e-05
2.38048e-05
2.3542e-05
2.38881e-05
2.36008e-05
1.99159e-05
1.0011e-05
3.56187e-07
1.05123e-06
2.70944e-05
5.03563e-05
6.05927e-05
6.35331e-05
6.23264e-05
5.90437e-05
5.50546e-05
5.12802e-05
4.80646e-05
4.55099e-05
4.35869e-05
4.22135e-05
4.13126e-05
4.08351e-05
4.07292e-05
4.09291e-05
4.1368e-05
4.1988e-05
4.27415e-05
4.3592e-05
4.45146e-05
4.54933e-05
4.65181e-05
4.75817e-05
4.86775e-05
4.97986e-05
5.09372e-05
5.20854e-05
5.32352e-05
5.43793e-05
5.55117e-05
5.66269e-05
5.77207e-05
5.87896e-05
5.98306e-05
6.088e-05
6.19103e-05
6.28003e-05
6.36062e-05
6.44527e-05
6.53615e-05
6.6097e-05
6.67838e-05
6.73972e-05
6.79301e-05
6.8372e-05
6.87111e-05
6.89347e-05
6.90284e-05
6.89766e-05
6.87628e-05
6.83698e-05
6.77807e-05
6.69805e-05
6.59577e-05
6.47073e-05
6.32345e-05
6.15577e-05
5.97129e-05
5.77543e-05
5.57522e-05
5.37836e-05
5.19158e-05
5.01821e-05
4.85544e-05
4.69178e-05
4.50498e-05
4.21049e-05
3.87047e-05
3.53304e-05
3.1934e-05
2.87924e-05
2.47045e-05
2.2764e-05
2.27998e-05
2.28523e-05
1.97948e-05
1.03529e-05
4.15953e-07
1.07225e-06
2.71948e-05
5.04183e-05
6.06502e-05
6.3707e-05
6.26013e-05
5.90708e-05
5.48936e-05
5.09768e-05
4.77026e-05
4.51613e-05
4.32957e-05
4.20077e-05
4.12189e-05
4.08714e-05
4.08956e-05
4.12129e-05
4.17527e-05
4.24583e-05
4.32855e-05
4.42024e-05
4.51881e-05
4.62294e-05
4.73169e-05
4.84428e-05
4.95989e-05
5.07766e-05
5.19665e-05
5.31597e-05
5.4348e-05
5.55247e-05
5.66841e-05
5.78223e-05
5.89363e-05
6.00239e-05
6.10836e-05
6.21269e-05
6.31867e-05
6.41351e-05
6.49359e-05
6.57768e-05
6.67345e-05
6.75077e-05
6.82308e-05
6.88874e-05
6.94698e-05
6.99684e-05
7.03726e-05
7.06698e-05
7.08463e-05
7.08864e-05
7.07727e-05
7.04863e-05
7.00074e-05
6.93163e-05
6.83949e-05
6.72292e-05
6.58132e-05
6.41529e-05
6.22714e-05
6.02134e-05
5.80467e-05
5.58581e-05
5.37413e-05
5.17756e-05
4.99973e-05
4.83714e-05
4.67674e-05
4.42628e-05
4.07739e-05
3.7428e-05
3.38319e-05
3.01563e-05
2.63443e-05
2.24369e-05
2.15181e-05
2.13376e-05
1.95168e-05
1.09824e-05
4.96743e-07
1.08281e-06
2.71247e-05
5.022e-05
6.05822e-05
6.38434e-05
6.2637e-05
5.90051e-05
5.46875e-05
5.0664e-05
4.73547e-05
4.48407e-05
4.30423e-05
4.18492e-05
4.11783e-05
4.09575e-05
4.11009e-05
4.15222e-05
4.21507e-05
4.29322e-05
4.38266e-05
4.4806e-05
4.58526e-05
4.69542e-05
4.81013e-05
4.92845e-05
5.04939e-05
5.17192e-05
5.29499e-05
5.41768e-05
5.53922e-05
5.65898e-05
5.77655e-05
5.89163e-05
6.00406e-05
6.11372e-05
6.22056e-05
6.32452e-05
6.43171e-05
6.53205e-05
6.61214e-05
6.69536e-05
6.7926e-05
6.87403e-05
6.94908e-05
7.01812e-05
7.08036e-05
7.13495e-05
7.18092e-05
7.21716e-05
7.24236e-05
7.25501e-05
7.25341e-05
7.2356e-05
7.19943e-05
7.14261e-05
7.06281e-05
6.95789e-05
6.8262e-05
6.66701e-05
6.48116e-05
6.27162e-05
6.04406e-05
5.80691e-05
5.57065e-05
5.34593e-05
5.14045e-05
4.95528e-05
4.78142e-05
4.59698e-05
4.28574e-05
3.92805e-05
3.57253e-05
3.19362e-05
2.80059e-05
2.33492e-05
2.10427e-05
1.98382e-05
1.90094e-05
1.16738e-05
5.98549e-07
1.08221e-06
2.6953e-05
4.99643e-05
6.03639e-05
6.38462e-05
6.25695e-05
5.88692e-05
5.44531e-05
5.03542e-05
4.70283e-05
4.45523e-05
4.28285e-05
4.17364e-05
4.11838e-05
4.10823e-05
4.13331e-05
4.18465e-05
4.25536e-05
4.34037e-05
4.43604e-05
4.53992e-05
4.65039e-05
4.76626e-05
4.88645e-05
5.00986e-05
5.1353e-05
5.26163e-05
5.38777e-05
5.51281e-05
5.63606e-05
5.75702e-05
5.87539e-05
5.99102e-05
6.10384e-05
6.21382e-05
6.32091e-05
6.42491e-05
6.53125e-05
6.636e-05
6.71829e-05
6.80032e-05
6.89621e-05
6.9817e-05
7.05877e-05
7.13027e-05
7.19551e-05
7.25376e-05
7.3042e-05
7.34584e-05
7.37753e-05
7.39787e-05
7.40526e-05
7.39777e-05
7.37322e-05
7.32913e-05
7.26284e-05
7.17163e-05
7.05295e-05
6.90489e-05
6.72672e-05
6.51967e-05
6.28774e-05
6.03829e-05
5.78204e-05
5.53186e-05
5.30007e-05
5.09452e-05
4.91455e-05
4.74815e-05
4.48795e-05
4.11466e-05
3.77237e-05
3.35483e-05
2.93423e-05
2.48851e-05
2.09325e-05
1.93329e-05
1.85931e-05
1.22933e-05
7.17145e-07
1.07654e-06
2.66834e-05
4.95404e-05
5.99513e-05
6.36314e-05
6.23984e-05
5.86782e-05
5.42034e-05
5.00563e-05
4.67287e-05
4.42984e-05
4.26544e-05
4.16657e-05
4.12274e-05
4.12356e-05
4.15825e-05
4.21778e-05
4.29556e-05
4.38685e-05
4.48834e-05
4.59783e-05
4.71377e-05
4.8349e-05
4.95997e-05
5.08771e-05
5.21681e-05
5.34605e-05
5.47437e-05
5.60092e-05
5.72514e-05
5.84667e-05
5.96534e-05
6.08112e-05
6.19405e-05
6.30418e-05
6.41154e-05
6.51608e-05
6.62047e-05
6.72673e-05
6.81504e-05
6.89426e-05
6.98774e-05
7.07654e-05
7.15502e-05
7.22809e-05
7.29533e-05
7.35614e-05
7.40986e-05
7.45566e-05
7.49255e-05
7.51934e-05
7.53454e-05
7.53636e-05
7.52268e-05
7.49099e-05
7.43844e-05
7.36191e-05
7.2582e-05
7.12436e-05
6.95824e-05
6.75922e-05
6.52924e-05
6.27375e-05
6.00235e-05
5.7283e-05
5.46643e-05
5.22903e-05
5.0206e-05
4.83305e-05
4.64162e-05
4.30548e-05
3.93817e-05
3.55545e-05
3.10792e-05
2.64027e-05
2.11413e-05
1.88288e-05
1.76201e-05
1.29411e-05
8.40906e-07
1.06393e-06
2.63573e-05
4.88544e-05
5.94217e-05
6.32834e-05
6.21394e-05
5.8445e-05
5.39486e-05
4.97773e-05
4.64597e-05
4.40802e-05
4.25184e-05
4.16319e-05
4.13015e-05
4.14092e-05
4.18418e-05
4.25104e-05
4.33521e-05
4.43228e-05
4.53921e-05
4.65394e-05
4.77491e-05
4.90075e-05
5.03004e-05
5.16136e-05
5.29333e-05
5.42471e-05
5.55449e-05
5.68196e-05
5.80667e-05
5.92841e-05
6.04715e-05
6.16296e-05
6.27595e-05
6.38625e-05
6.4939e-05
6.59898e-05
6.7016e-05
6.80872e-05
6.90339e-05
6.9798e-05
7.0702e-05
7.16146e-05
7.24081e-05
7.31465e-05
7.38291e-05
7.44519e-05
7.50096e-05
7.5496e-05
7.59032e-05
7.62211e-05
7.64371e-05
7.6535e-05
7.64948e-05
7.62924e-05
7.58988e-05
7.5281e-05
7.44023e-05
7.32254e-05
7.17165e-05
6.98524e-05
6.76309e-05
6.50834e-05
6.2287e-05
5.9369e-05
5.64957e-05
5.38383e-05
5.15178e-05
4.9545e-05
4.77696e-05
4.48125e-05
4.09346e-05
3.75611e-05
3.25482e-05
2.7701e-05
2.24217e-05
1.86724e-05
1.64605e-05
1.34477e-05
9.4179e-07
1.04423e-06
2.59363e-05
4.81e-05
5.87986e-05
6.28181e-05
6.18062e-05
5.81801e-05
5.36965e-05
4.95221e-05
4.62236e-05
4.38976e-05
4.24178e-05
4.16297e-05
4.1399e-05
4.15962e-05
4.21055e-05
4.28399e-05
4.37396e-05
4.47634e-05
4.58829e-05
4.70782e-05
4.83332e-05
4.96327e-05
5.09612e-05
5.23033e-05
5.36448e-05
5.49739e-05
5.62814e-05
5.75615e-05
5.88113e-05
6.00299e-05
6.12182e-05
6.23776e-05
6.351e-05
6.46163e-05
6.56968e-05
6.67508e-05
6.77762e-05
6.88445e-05
6.98497e-05
7.05945e-05
7.1464e-05
7.23924e-05
7.31898e-05
7.39284e-05
7.46122e-05
7.52389e-05
7.58052e-05
7.63068e-05
7.67381e-05
7.70911e-05
7.73556e-05
7.75176e-05
7.75592e-05
7.74577e-05
7.71852e-05
7.6708e-05
7.59873e-05
7.49803e-05
7.36436e-05
7.19391e-05
6.98438e-05
6.73636e-05
6.4549e-05
6.15079e-05
5.84045e-05
5.54349e-05
5.27724e-05
5.05004e-05
4.85655e-05
4.62897e-05
4.23965e-05
3.91387e-05
3.45171e-05
2.92635e-05
2.38325e-05
1.91571e-05
1.5781e-05
1.36529e-05
9.88672e-07
1.01856e-06
2.54097e-05
4.72327e-05
5.80786e-05
6.22572e-05
6.14113e-05
5.78921e-05
5.3453e-05
4.92943e-05
4.60218e-05
4.37497e-05
4.23494e-05
4.16538e-05
4.15139e-05
4.17913e-05
4.23689e-05
4.31624e-05
4.41147e-05
4.51869e-05
4.63521e-05
4.75906e-05
4.88855e-05
5.022e-05
5.15778e-05
5.29427e-05
5.43008e-05
5.56409e-05
5.69553e-05
5.82394e-05
5.94916e-05
6.07126e-05
6.1904e-05
6.3068e-05
6.42063e-05
6.53199e-05
6.64083e-05
6.74697e-05
6.85002e-05
6.95621e-05
7.06079e-05
7.1354e-05
7.21877e-05
7.3123e-05
7.39195e-05
7.46519e-05
7.53285e-05
7.59492e-05
7.65126e-05
7.70168e-05
7.74582e-05
7.78314e-05
7.81287e-05
7.83385e-05
7.84455e-05
7.84291e-05
7.82631e-05
7.79147e-05
7.73445e-05
7.65067e-05
7.53512e-05
7.3828e-05
7.1896e-05
6.9536e-05
6.67692e-05
6.36767e-05
6.04101e-05
5.71797e-05
5.42061e-05
5.16381e-05
4.94675e-05
4.74868e-05
4.40636e-05
4.05316e-05
3.65719e-05
3.05601e-05
2.49582e-05
1.91351e-05
1.59168e-05
1.36434e-05
9.96973e-07
9.88355e-07
2.48484e-05
4.6278e-05
5.72691e-05
6.16169e-05
6.09658e-05
5.75878e-05
5.32224e-05
4.90962e-05
4.58548e-05
4.36355e-05
4.23099e-05
4.16994e-05
4.16412e-05
4.19899e-05
4.26284e-05
4.34747e-05
4.44742e-05
4.559e-05
4.67962e-05
4.80727e-05
4.94018e-05
5.07658e-05
5.21472e-05
5.35302e-05
5.4901e-05
5.62497e-05
5.75697e-05
5.88581e-05
6.01146e-05
6.13407e-05
6.25389e-05
6.37117e-05
6.48608e-05
6.59868e-05
6.70885e-05
6.81635e-05
6.92073e-05
7.02579e-05
7.13173e-05
7.20989e-05
7.28925e-05
7.38253e-05
7.46165e-05
7.53371e-05
7.59989e-05
7.66045e-05
7.71546e-05
7.76493e-05
7.80877e-05
7.8467e-05
7.87818e-05
7.90234e-05
7.91792e-05
7.92312e-05
7.91553e-05
7.89207e-05
7.84888e-05
7.78127e-05
7.68383e-05
7.55072e-05
7.37631e-05
7.15639e-05
6.89005e-05
6.58205e-05
6.24493e-05
5.8994e-05
5.57099e-05
5.28222e-05
5.04262e-05
4.84183e-05
4.5474e-05
4.15965e-05
3.8291e-05
3.22001e-05
2.62325e-05
1.98458e-05
1.56976e-05
1.3396e-05
9.77204e-07
9.5481e-07
2.4269e-05
4.52556e-05
5.63812e-05
6.091e-05
6.04788e-05
5.7273e-05
5.30078e-05
4.89295e-05
4.57228e-05
4.3553e-05
4.2296e-05
4.17622e-05
4.17765e-05
4.21882e-05
4.28805e-05
4.37737e-05
4.48152e-05
4.59696e-05
4.72116e-05
4.8521e-05
4.9879e-05
5.12671e-05
5.26677e-05
5.4065e-05
5.54462e-05
5.68023e-05
5.81284e-05
5.94227e-05
6.06862e-05
6.19212e-05
6.31307e-05
6.43173e-05
6.54823e-05
6.66258e-05
6.7746e-05
6.88392e-05
6.99006e-05
7.09428e-05
7.20118e-05
7.28347e-05
7.35912e-05
7.45123e-05
7.52937e-05
7.59977e-05
7.66384e-05
7.72209e-05
7.77482e-05
7.82228e-05
7.86462e-05
7.90182e-05
7.93363e-05
7.95947e-05
7.97834e-05
7.98872e-05
7.98848e-05
7.97476e-05
7.94389e-05
7.89124e-05
7.81125e-05
7.69751e-05
7.54327e-05
7.34239e-05
7.09108e-05
6.79051e-05
6.44971e-05
6.08744e-05
5.73063e-05
5.40723e-05
5.13445e-05
4.90844e-05
4.66455e-05
4.26144e-05
3.97428e-05
3.4175e-05
2.74353e-05
2.09703e-05
1.55971e-05
1.3236e-05
9.43057e-07
9.19066e-07
2.36663e-05
4.41775e-05
5.54258e-05
6.01469e-05
5.99579e-05
5.69517e-05
5.28112e-05
4.87945e-05
4.56254e-05
4.35007e-05
4.23046e-05
4.18383e-05
4.19161e-05
4.23828e-05
4.31222e-05
4.40565e-05
4.51347e-05
4.63226e-05
4.75954e-05
4.89324e-05
5.03142e-05
5.1722e-05
5.31381e-05
5.45471e-05
5.59373e-05
5.73011e-05
5.86346e-05
5.99374e-05
6.12113e-05
6.24594e-05
6.36849e-05
6.48902e-05
6.60761e-05
6.72418e-05
6.83842e-05
6.94989e-05
7.05801e-05
7.16232e-05
7.26986e-05
7.3564e-05
7.42909e-05
7.51902e-05
7.5958e-05
7.66413e-05
7.72556e-05
7.78082e-05
7.83047e-05
7.87497e-05
7.91475e-05
7.95006e-05
7.98092e-05
8.00706e-05
8.02774e-05
8.04176e-05
8.04726e-05
8.04165e-05
8.0215e-05
7.98236e-05
7.91868e-05
7.82379e-05
7.69018e-05
7.51016e-05
7.27743e-05
6.98959e-05
6.65159e-05
6.27896e-05
5.89845e-05
5.54274e-05
5.23813e-05
4.98923e-05
4.76888e-05
4.38511e-05
4.08115e-05
3.60677e-05
2.86495e-05
2.20792e-05
1.57533e-05
1.30885e-05
9.02595e-07
8.811e-07
2.30596e-05
4.30571e-05
5.44136e-05
5.93367e-05
5.94091e-05
5.66272e-05
5.26337e-05
4.86913e-05
4.55616e-05
4.34768e-05
4.23327e-05
4.19244e-05
4.20567e-05
4.25707e-05
4.33508e-05
4.43204e-05
4.543e-05
4.66463e-05
4.79447e-05
4.93044e-05
5.07055e-05
5.21291e-05
5.35578e-05
5.49769e-05
5.63757e-05
5.77479e-05
5.90907e-05
6.04048e-05
6.16929e-05
6.29582e-05
6.42041e-05
6.54326e-05
6.66438e-05
6.78355e-05
6.90036e-05
7.01418e-05
7.12429e-05
7.22988e-05
7.33737e-05
7.42817e-05
7.49958e-05
7.58576e-05
7.66099e-05
7.72694e-05
7.78531e-05
7.83706e-05
7.88296e-05
7.92373e-05
7.96005e-05
7.99245e-05
8.02125e-05
8.04646e-05
8.06766e-05
8.08392e-05
8.09368e-05
8.09465e-05
8.08365e-05
8.05647e-05
8.00772e-05
7.93069e-05
7.81743e-05
7.65915e-05
7.44744e-05
7.17661e-05
6.84726e-05
6.47063e-05
6.07133e-05
5.6845e-05
5.34476e-05
5.06943e-05
4.84516e-05
4.50816e-05
4.16376e-05
3.77296e-05
2.99869e-05
2.30347e-05
1.60618e-05
1.30012e-05
8.6055e-07
8.43447e-07
2.2431e-05
4.18977e-05
5.33517e-05
5.84863e-05
5.88372e-05
5.63017e-05
5.24753e-05
4.86197e-05
4.55311e-05
4.34796e-05
4.2378e-05
4.20177e-05
4.21955e-05
4.27493e-05
4.35637e-05
4.45629e-05
4.56986e-05
4.69382e-05
4.82573e-05
4.9635e-05
5.10513e-05
5.24875e-05
5.39264e-05
5.53546e-05
5.67622e-05
5.81439e-05
5.94982e-05
6.08265e-05
6.21319e-05
6.34182e-05
6.46883e-05
6.59436e-05
6.71835e-05
6.84044e-05
6.96007e-05
7.07647e-05
7.18872e-05
7.29589e-05
7.40313e-05
7.49786e-05
7.56904e-05
7.65114e-05
7.72446e-05
7.78778e-05
7.8428e-05
7.89065e-05
7.93231e-05
7.96875e-05
8.00089e-05
8.02956e-05
8.05536e-05
8.0786e-05
8.09919e-05
8.11648e-05
8.12921e-05
8.13537e-05
8.13206e-05
8.11535e-05
8.08008e-05
8.01966e-05
7.92596e-05
7.78951e-05
7.60029e-05
7.34972e-05
7.03416e-05
6.65992e-05
6.24791e-05
5.83368e-05
5.45806e-05
5.14866e-05
4.90358e-05
4.61667e-05
4.23625e-05
3.90324e-05
3.17022e-05
2.40563e-05
1.65469e-05
1.29258e-05
8.18989e-07
8.02309e-07
2.18465e-05
4.07224e-05
5.22505e-05
5.76019e-05
5.82459e-05
5.59762e-05
5.23355e-05
4.85788e-05
4.55326e-05
4.35075e-05
4.24376e-05
4.21149e-05
4.23296e-05
4.29161e-05
4.37585e-05
4.47818e-05
4.59384e-05
4.71963e-05
4.85313e-05
4.99226e-05
5.13504e-05
5.27963e-05
5.42438e-05
5.56802e-05
5.70969e-05
5.84894e-05
5.9857e-05
6.12019e-05
6.25274e-05
6.38374e-05
6.51343e-05
6.64191e-05
6.76898e-05
6.89419e-05
7.01681e-05
7.13591e-05
7.2504e-05
7.3592e-05
7.46602e-05
7.56413e-05
7.63584e-05
7.71416e-05
7.78524e-05
7.84575e-05
7.89725e-05
7.94097e-05
7.97809e-05
8.00979e-05
8.03724e-05
8.06153e-05
8.08359e-05
8.10403e-05
8.12306e-05
8.14036e-05
8.15495e-05
8.16511e-05
8.16821e-05
8.16061e-05
8.13741e-05
8.09223e-05
8.01701e-05
7.90191e-05
7.73579e-05
7.50769e-05
7.21009e-05
6.84407e-05
6.42555e-05
5.9885e-05
5.57855e-05
5.2335e-05
4.95834e-05
4.7029e-05
4.30602e-05
4.01533e-05
3.34296e-05
2.4922e-05
1.71856e-05
1.28514e-05
7.79286e-07
7.70214e-07
2.11676e-05
3.95183e-05
5.11137e-05
5.66877e-05
5.76374e-05
5.56508e-05
5.22138e-05
4.85682e-05
4.55661e-05
4.35593e-05
4.25117e-05
4.22161e-05
4.24577e-05
4.3069e-05
4.39332e-05
4.49752e-05
4.61475e-05
4.74188e-05
4.87652e-05
5.0166e-05
5.16019e-05
5.30549e-05
5.45094e-05
5.59535e-05
5.73795e-05
5.87837e-05
6.01661e-05
6.15291e-05
6.28765e-05
6.42117e-05
6.55369e-05
6.68521e-05
6.81545e-05
6.94382e-05
7.06946e-05
7.19128e-05
7.30804e-05
7.41846e-05
7.52464e-05
7.62523e-05
7.69823e-05
7.77327e-05
7.84192e-05
7.89954e-05
7.94748e-05
7.98702e-05
8.01947e-05
8.04621e-05
8.06866e-05
8.08817e-05
8.10594e-05
8.12293e-05
8.13967e-05
8.15614e-05
8.17168e-05
8.18484e-05
8.19327e-05
8.19358e-05
8.18117e-05
8.14993e-05
8.09196e-05
7.99735e-05
7.85426e-05
7.64997e-05
7.37352e-05
7.02084e-05
6.60203e-05
6.14744e-05
5.70553e-05
5.32532e-05
5.0268e-05
4.77425e-05
4.38372e-05
4.09864e-05
3.5063e-05
2.59284e-05
1.79213e-05
1.27626e-05
7.43911e-07
7.4211e-07
2.04331e-05
3.82835e-05
4.99443e-05
5.57464e-05
5.7013e-05
5.53251e-05
5.2109e-05
4.85857e-05
4.56277e-05
4.36345e-05
4.25937e-05
4.2314e-05
4.25763e-05
4.32061e-05
4.40859e-05
4.5141e-05
4.63242e-05
4.76042e-05
4.89575e-05
5.03641e-05
5.18049e-05
5.32627e-05
5.47227e-05
5.61738e-05
5.76089e-05
5.90252e-05
6.0423e-05
6.18049e-05
6.31746e-05
6.45354e-05
6.58888e-05
6.7234e-05
6.85672e-05
6.98814e-05
7.11666e-05
7.24108e-05
7.36003e-05
7.47212e-05
7.5777e-05
7.67893e-05
7.75429e-05
7.82667e-05
7.89284e-05
7.94759e-05
7.99206e-05
8.02751e-05
8.05533e-05
8.0771e-05
8.09446e-05
8.10899e-05
8.12217e-05
8.13527e-05
8.14916e-05
8.16416e-05
8.17991e-05
8.19527e-05
8.20813e-05
8.21538e-05
8.21266e-05
8.19414e-05
8.15219e-05
8.07701e-05
7.95644e-05
7.77649e-05
7.52343e-05
7.18837e-05
6.77509e-05
6.30856e-05
5.83712e-05
5.41863e-05
5.0903e-05
4.83942e-05
4.46533e-05
4.16371e-05
3.63496e-05
2.71106e-05
1.86532e-05
1.2664e-05
7.13645e-07
7.15432e-07
1.96424e-05
3.70107e-05
4.87407e-05
5.47803e-05
5.63731e-05
5.4998e-05
5.20191e-05
4.86319e-05
4.5726e-05
4.37293e-05
4.26972e-05
4.24217e-05
4.26871e-05
4.33259e-05
4.42155e-05
4.52786e-05
4.64677e-05
4.77517e-05
4.91079e-05
5.05163e-05
5.19589e-05
5.34191e-05
5.48829e-05
5.63399e-05
5.77837e-05
5.92117e-05
6.06245e-05
6.2025e-05
6.34164e-05
6.48016e-05
6.61817e-05
6.75549e-05
6.89165e-05
7.02583e-05
7.15693e-05
7.28364e-05
7.40452e-05
7.51814e-05
7.62352e-05
7.7238e-05
7.80198e-05
7.87236e-05
7.93613e-05
7.98816e-05
8.02939e-05
8.06098e-05
8.08438e-05
8.10134e-05
8.11374e-05
8.12332e-05
8.1318e-05
8.14078e-05
8.1515e-05
8.16457e-05
8.17997e-05
8.19689e-05
8.21348e-05
8.22686e-05
8.23292e-05
8.22609e-05
8.19903e-05
8.14215e-05
8.04325e-05
7.88761e-05
7.65933e-05
7.3453e-05
6.94294e-05
6.47061e-05
5.97411e-05
5.51727e-05
5.15068e-05
4.87618e-05
4.54814e-05
4.21187e-05
3.74252e-05
2.85029e-05
1.91895e-05
1.25522e-05
6.89632e-07
6.89517e-07
1.88482e-05
3.57049e-05
4.74793e-05
5.37832e-05
5.57169e-05
5.46677e-05
5.19434e-05
4.87029e-05
4.58297e-05
4.38602e-05
4.2781e-05
4.25039e-05
4.27857e-05
4.34285e-05
4.43203e-05
4.53855e-05
4.65757e-05
4.78595e-05
4.92145e-05
5.06214e-05
5.20629e-05
5.35232e-05
5.4989e-05
5.64505e-05
5.79016e-05
5.93403e-05
6.07671e-05
6.21846e-05
6.35959e-05
6.50033e-05
6.64071e-05
6.78048e-05
6.91908e-05
7.05559e-05
7.18881e-05
7.31735e-05
7.43969e-05
7.55436e-05
7.66e-05
7.75868e-05
7.83917e-05
7.90833e-05
7.96989e-05
8.01947e-05
8.0578e-05
8.08592e-05
8.10523e-05
8.11768e-05
8.12548e-05
8.13037e-05
8.13424e-05
8.13909e-05
8.14651e-05
8.15737e-05
8.17204e-05
8.19005e-05
8.20981e-05
8.22871e-05
8.24284e-05
8.24685e-05
8.23367e-05
8.194e-05
8.11579e-05
7.98397e-05
7.78111e-05
7.49057e-05
7.10372e-05
6.63149e-05
6.11502e-05
5.62219e-05
5.21758e-05
4.91831e-05
4.62428e-05
4.25406e-05
3.8369e-05
2.99783e-05
1.98604e-05
1.2449e-05
6.72296e-07
6.63941e-07
1.80479e-05
3.44311e-05
4.61874e-05
5.27369e-05
5.50618e-05
5.43341e-05
5.18731e-05
4.87891e-05
4.60569e-05
4.40312e-05
4.29702e-05
4.26415e-05
4.28679e-05
4.35085e-05
4.44011e-05
4.54643e-05
4.6651e-05
4.79303e-05
4.92799e-05
5.06813e-05
5.21178e-05
5.35747e-05
5.50397e-05
5.65034e-05
5.79602e-05
5.94077e-05
6.08466e-05
6.2279e-05
6.37074e-05
6.51335e-05
6.65568e-05
6.79742e-05
6.93788e-05
7.07611e-05
7.21083e-05
7.34059e-05
7.46387e-05
7.57916e-05
7.68503e-05
7.78198e-05
7.86394e-05
7.93266e-05
7.99228e-05
8.03977e-05
8.07572e-05
8.10092e-05
8.11651e-05
8.12482e-05
8.12865e-05
8.12933e-05
8.12886e-05
8.12973e-05
8.13394e-05
8.1425e-05
8.1562e-05
8.17499e-05
8.19751e-05
8.22147e-05
8.24311e-05
8.25729e-05
8.25718e-05
8.23374e-05
8.17518e-05
8.0664e-05
7.88903e-05
7.62362e-05
7.25604e-05
6.78944e-05
6.25826e-05
5.73136e-05
5.28582e-05
4.95534e-05
4.68712e-05
4.29103e-05
3.91018e-05
3.12918e-05
2.06022e-05
1.24017e-05
6.63037e-07
6.38821e-07
1.72689e-05
3.3043e-05
4.48424e-05
5.16479e-05
5.43944e-05
5.39983e-05
5.1823e-05
4.89621e-05
4.61651e-05
4.41471e-05
4.30416e-05
4.27296e-05
4.29815e-05
4.3577e-05
4.44518e-05
4.55062e-05
4.66844e-05
4.79545e-05
4.92948e-05
5.0688e-05
5.21194e-05
5.35733e-05
5.50371e-05
5.65019e-05
5.79621e-05
5.94157e-05
6.08632e-05
6.23063e-05
6.37468e-05
6.51857e-05
6.66218e-05
6.8051e-05
6.94641e-05
7.08551e-05
7.22105e-05
7.35147e-05
7.47522e-05
7.59086e-05
7.69684e-05
7.79236e-05
7.87472e-05
7.94328e-05
8.00019e-05
8.04524e-05
8.07844e-05
8.10121e-05
8.11476e-05
8.12136e-05
8.12229e-05
8.11944e-05
8.11499e-05
8.11216e-05
8.11358e-05
8.11987e-05
8.13249e-05
8.15193e-05
8.17689e-05
8.20559e-05
8.23433e-05
8.25818e-05
8.2705e-05
8.26243e-05
8.22252e-05
8.13585e-05
7.98358e-05
7.74419e-05
7.39882e-05
6.94293e-05
6.40279e-05
5.84553e-05
5.35944e-05
4.99743e-05
4.72558e-05
4.3311e-05
3.977e-05
3.24068e-05
2.13753e-05
1.238e-05
6.59109e-07
6.14164e-07
1.65219e-05
3.166e-05
4.34442e-05
5.05082e-05
5.36993e-05
5.36529e-05
5.17675e-05
4.90367e-05
4.63578e-05
4.43451e-05
4.31669e-05
4.27988e-05
4.30138e-05
4.36341e-05
4.44918e-05
4.55316e-05
4.66991e-05
4.79589e-05
4.92878e-05
5.0668e-05
5.20771e-05
5.35101e-05
5.49566e-05
5.64084e-05
5.78607e-05
5.93128e-05
6.07701e-05
6.22212e-05
6.36696e-05
6.51165e-05
6.65603e-05
6.79968e-05
6.94209e-05
7.08203e-05
7.21797e-05
7.34855e-05
7.47236e-05
7.58789e-05
7.69391e-05
7.78889e-05
7.87125e-05
7.93963e-05
7.99473e-05
8.0392e-05
8.06946e-05
8.08797e-05
8.09793e-05
8.1005e-05
8.09798e-05
8.09335e-05
8.08879e-05
8.0858e-05
8.0853e-05
8.08938e-05
8.10092e-05
8.1211e-05
8.14821e-05
8.18149e-05
8.21703e-05
8.25016e-05
8.27443e-05
8.28104e-05
8.25887e-05
8.1933e-05
8.06543e-05
7.85231e-05
7.53122e-05
7.09039e-05
6.54683e-05
5.9629e-05
5.43548e-05
5.03847e-05
4.75666e-05
4.37661e-05
4.0361e-05
3.32218e-05
2.2203e-05
1.23971e-05
6.5852e-07
5.90482e-07
1.58291e-05
3.02689e-05
4.20322e-05
4.93367e-05
5.29747e-05
5.32903e-05
5.17116e-05
4.9162e-05
4.66089e-05
4.4574e-05
4.33581e-05
4.29143e-05
4.30631e-05
4.36435e-05
4.4484e-05
4.54971e-05
4.66345e-05
4.78665e-05
4.91715e-05
5.05299e-05
5.19329e-05
5.33684e-05
5.48218e-05
5.62852e-05
5.77532e-05
5.92216e-05
6.06785e-05
6.21282e-05
6.35753e-05
6.50212e-05
6.6464e-05
6.78988e-05
6.93171e-05
7.07094e-05
7.20632e-05
7.33644e-05
7.45978e-05
7.57474e-05
7.67968e-05
7.7733e-05
7.85445e-05
7.92126e-05
7.97389e-05
8.01966e-05
8.05032e-05
8.06973e-05
8.07886e-05
8.07854e-05
8.07034e-05
8.05825e-05
8.04866e-05
8.04204e-05
8.04117e-05
8.04764e-05
8.06148e-05
8.08284e-05
8.11166e-05
8.14964e-05
8.19167e-05
8.23382e-05
8.26972e-05
8.29043e-05
8.28521e-05
8.23975e-05
8.13538e-05
7.94826e-05
7.65274e-05
7.23061e-05
6.68917e-05
6.08327e-05
5.51514e-05
5.07878e-05
4.78224e-05
4.42161e-05
4.0841e-05
3.399e-05
2.30261e-05
1.24351e-05
6.64938e-07
5.67551e-07
1.5152e-05
2.88715e-05
4.05182e-05
4.80959e-05
5.21928e-05
5.29125e-05
5.16356e-05
4.93588e-05
4.68686e-05
4.48228e-05
4.35422e-05
4.30348e-05
4.31379e-05
4.36544e-05
4.44688e-05
4.54677e-05
4.65878e-05
4.78072e-05
4.91052e-05
5.04513e-05
5.18374e-05
5.32547e-05
5.46913e-05
5.61389e-05
5.75921e-05
5.9046e-05
6.04958e-05
6.19386e-05
6.33773e-05
6.48166e-05
6.62538e-05
6.76816e-05
6.90913e-05
7.04731e-05
7.18154e-05
7.31039e-05
7.4323e-05
7.54572e-05
7.64919e-05
7.7415e-05
7.82174e-05
7.88775e-05
7.93736e-05
7.98421e-05
8.01491e-05
8.03348e-05
8.04215e-05
8.04292e-05
8.03806e-05
8.02919e-05
8.01541e-05
8.00102e-05
7.99085e-05
7.99276e-05
8.00615e-05
8.03156e-05
8.06704e-05
8.11067e-05
8.1587e-05
8.20968e-05
8.25705e-05
8.29138e-05
8.30244e-05
8.27613e-05
8.19431e-05
8.03244e-05
7.7638e-05
7.36242e-05
6.82824e-05
6.20549e-05
5.59838e-05
5.11924e-05
4.79812e-05
4.46335e-05
4.12493e-05
3.46474e-05
2.38161e-05
1.25174e-05
6.76058e-07
5.45282e-07
1.44951e-05
2.75315e-05
3.90319e-05
4.68322e-05
5.13456e-05
5.25045e-05
5.15724e-05
4.95232e-05
4.71494e-05
4.51026e-05
4.37522e-05
4.31608e-05
4.31927e-05
4.36658e-05
4.44365e-05
4.54078e-05
4.65088e-05
4.7707e-05
4.89788e-05
5.02992e-05
5.16571e-05
5.30451e-05
5.44545e-05
5.58776e-05
5.73113e-05
5.87487e-05
6.0188e-05
6.16278e-05
6.30663e-05
6.44998e-05
6.59254e-05
6.73393e-05
6.87339e-05
7.00992e-05
7.14236e-05
7.26932e-05
7.38935e-05
7.50098e-05
7.60289e-05
7.69394e-05
7.77334e-05
7.83904e-05
7.88555e-05
7.93283e-05
7.96448e-05
7.98276e-05
7.99126e-05
7.99168e-05
7.98609e-05
7.97678e-05
7.9668e-05
7.95848e-05
7.95211e-05
7.94803e-05
7.95239e-05
7.97113e-05
8.00752e-05
8.05755e-05
8.11594e-05
8.17829e-05
8.23713e-05
8.28456e-05
8.31136e-05
8.30325e-05
8.24405e-05
8.10978e-05
7.86789e-05
7.4876e-05
6.96258e-05
6.32834e-05
5.68517e-05
5.16223e-05
4.81188e-05
4.49952e-05
4.15736e-05
3.52478e-05
2.45878e-05
1.26204e-05
6.92366e-07
5.23437e-07
1.38521e-05
2.62539e-05
3.75678e-05
4.54762e-05
5.04443e-05
5.20692e-05
5.14995e-05
4.96958e-05
4.74517e-05
4.54149e-05
4.39931e-05
4.33056e-05
4.32518e-05
4.3659e-05
4.43772e-05
4.53027e-05
4.63683e-05
4.75315e-05
4.87686e-05
5.00629e-05
5.13983e-05
5.27655e-05
5.41569e-05
5.55649e-05
5.69812e-05
5.84024e-05
5.98261e-05
6.125e-05
6.26718e-05
6.4088e-05
6.54951e-05
6.68884e-05
6.82606e-05
6.96024e-05
7.09021e-05
7.21471e-05
7.33235e-05
7.44178e-05
7.54178e-05
7.63132e-05
7.7097e-05
7.77532e-05
7.81919e-05
7.86609e-05
7.89925e-05
7.91781e-05
7.92672e-05
7.92758e-05
7.92231e-05
7.91316e-05
7.90274e-05
7.89386e-05
7.8899e-05
7.89383e-05
7.9057e-05
7.92479e-05
7.95473e-05
7.99893e-05
8.06173e-05
8.13275e-05
8.2043e-05
8.2667e-05
8.30974e-05
8.32117e-05
8.28333e-05
8.17204e-05
7.95643e-05
7.60349e-05
7.08992e-05
6.45032e-05
5.77449e-05
5.20733e-05
4.82628e-05
4.53141e-05
4.18213e-05
3.57747e-05
2.53303e-05
1.26922e-05
7.13751e-07
5.01834e-07
1.32238e-05
2.50382e-05
3.60647e-05
4.41226e-05
4.9402e-05
5.1521e-05
5.13643e-05
4.98577e-05
4.77711e-05
4.57601e-05
4.42699e-05
4.34761e-05
4.33218e-05
4.36493e-05
4.43068e-05
4.51842e-05
4.62094e-05
4.73371e-05
4.85406e-05
4.98022e-05
5.11073e-05
5.24459e-05
5.38101e-05
5.51924e-05
5.65856e-05
5.79853e-05
5.93878e-05
6.07902e-05
6.21897e-05
6.35825e-05
6.49648e-05
6.63313e-05
6.7675e-05
6.8987e-05
7.02564e-05
7.14714e-05
7.26193e-05
7.36877e-05
7.46653e-05
7.55428e-05
7.63148e-05
7.69711e-05
7.73911e-05
7.7849e-05
7.81988e-05
7.83922e-05
7.84917e-05
7.85119e-05
7.84714e-05
7.83915e-05
7.8297e-05
7.82151e-05
7.81758e-05
7.82105e-05
7.83533e-05
7.86354e-05
7.9047e-05
7.9562e-05
8.01816e-05
8.09026e-05
8.16854e-05
8.24408e-05
8.30282e-05
8.33057e-05
8.3058e-05
8.21195e-05
8.02411e-05
7.70225e-05
7.2131e-05
6.57017e-05
5.86546e-05
5.25405e-05
4.84076e-05
4.55894e-05
4.20043e-05
3.62869e-05
2.60454e-05
1.28423e-05
7.41637e-07
4.8014e-07
1.26096e-05
2.38866e-05
3.45854e-05
4.27732e-05
4.83593e-05
5.09726e-05
5.11973e-05
5.00025e-05
4.8101e-05
4.61375e-05
4.4587e-05
4.36804e-05
4.34111e-05
4.3644e-05
4.42283e-05
4.50483e-05
4.60261e-05
4.71125e-05
4.82774e-05
4.95021e-05
5.07723e-05
5.20776e-05
5.34099e-05
5.47618e-05
5.61267e-05
5.74992e-05
5.88751e-05
6.02507e-05
6.16224e-05
6.29863e-05
6.43381e-05
6.56723e-05
6.69822e-05
6.82592e-05
6.94935e-05
7.0674e-05
7.17894e-05
7.28283e-05
7.37806e-05
7.46381e-05
7.53963e-05
7.60529e-05
7.64599e-05
7.69053e-05
7.72735e-05
7.74789e-05
7.75938e-05
7.76322e-05
7.76115e-05
7.7552e-05
7.74774e-05
7.74142e-05
7.73913e-05
7.74396e-05
7.75902e-05
7.78726e-05
7.83123e-05
7.89272e-05
7.96885e-05
8.05391e-05
8.14273e-05
8.22756e-05
8.29668e-05
8.33502e-05
8.32882e-05
8.25418e-05
8.08441e-05
7.79098e-05
7.32607e-05
6.68534e-05
5.95688e-05
5.30181e-05
4.856e-05
4.57478e-05
4.22035e-05
3.68407e-05
2.66684e-05
1.30007e-05
7.74827e-07
4.58369e-07
1.20244e-05
2.28145e-05
3.31395e-05
4.13505e-05
4.72858e-05
5.03615e-05
5.09866e-05
5.01226e-05
4.84342e-05
4.65447e-05
4.49483e-05
4.39269e-05
4.35294e-05
4.36516e-05
4.41489e-05
4.49008e-05
4.58229e-05
4.68614e-05
4.79826e-05
4.91658e-05
5.03964e-05
5.16636e-05
5.29593e-05
5.4276e-05
5.56072e-05
5.69472e-05
5.82912e-05
5.96347e-05
6.09736e-05
6.23036e-05
6.36199e-05
6.49172e-05
6.61887e-05
6.74266e-05
6.86219e-05
6.97645e-05
7.08442e-05
7.18508e-05
7.27753e-05
7.36109e-05
7.43548e-05
7.50101e-05
7.54089e-05
7.58425e-05
7.62286e-05
7.64491e-05
7.65838e-05
7.66457e-05
7.66511e-05
7.66193e-05
7.6573e-05
7.65375e-05
7.65412e-05
7.66147e-05
7.67896e-05
7.70961e-05
7.75593e-05
7.81929e-05
7.8991e-05
7.99282e-05
8.09359e-05
8.19166e-05
8.27621e-05
8.33387e-05
8.34691e-05
8.2934e-05
8.14362e-05
7.86385e-05
7.42391e-05
6.7943e-05
6.04764e-05
5.34944e-05
4.86689e-05
4.58474e-05
4.23737e-05
3.73778e-05
2.72685e-05
1.31496e-05
8.1479e-07
4.36203e-07
1.14581e-05
2.18195e-05
3.17427e-05
3.99117e-05
4.60985e-05
4.96405e-05
5.07093e-05
5.02052e-05
4.87609e-05
4.69767e-05
4.53556e-05
4.42236e-05
4.36875e-05
4.36828e-05
4.40778e-05
4.4749e-05
4.5606e-05
4.65891e-05
4.76606e-05
4.87973e-05
4.99834e-05
5.12078e-05
5.2462e-05
5.37387e-05
5.50311e-05
5.63334e-05
5.76402e-05
5.89467e-05
6.0248e-05
6.15395e-05
6.28163e-05
6.40727e-05
6.53024e-05
6.6498e-05
6.76513e-05
6.87534e-05
6.97951e-05
7.07674e-05
7.16625e-05
7.24747e-05
7.32035e-05
7.38576e-05
7.42502e-05
7.46742e-05
7.50775e-05
7.53156e-05
7.54736e-05
7.55633e-05
7.56001e-05
7.5602e-05
7.55906e-05
7.55902e-05
7.56285e-05
7.57355e-05
7.59432e-05
7.62833e-05
7.67834e-05
7.7461e-05
7.83162e-05
7.93234e-05
8.04249e-05
8.15304e-05
8.25199e-05
8.32465e-05
8.35361e-05
8.31776e-05
8.18983e-05
7.93286e-05
7.51457e-05
6.89753e-05
6.13661e-05
5.39712e-05
4.87487e-05
4.58411e-05
4.25363e-05
3.78575e-05
2.78716e-05
1.33366e-05
8.61459e-07
4.13647e-07
1.09187e-05
2.09283e-05
3.04077e-05
3.84681e-05
4.48417e-05
4.88213e-05
5.03479e-05
5.02337e-05
4.90683e-05
4.74254e-05
4.58081e-05
4.45777e-05
4.38973e-05
4.37503e-05
4.40261e-05
4.46024e-05
4.53831e-05
4.63021e-05
4.73173e-05
4.84018e-05
4.95383e-05
5.07151e-05
5.1923e-05
5.31546e-05
5.44032e-05
5.56628e-05
5.69276e-05
5.81923e-05
5.94517e-05
6.07008e-05
6.19343e-05
6.31467e-05
6.43318e-05
6.54828e-05
6.65922e-05
6.76522e-05
6.86545e-05
6.95914e-05
7.04559e-05
7.12439e-05
7.19577e-05
7.26105e-05
7.29975e-05
7.34153e-05
7.38349e-05
7.40925e-05
7.42764e-05
7.43974e-05
7.44697e-05
7.45103e-05
7.45394e-05
7.45803e-05
7.46596e-05
7.48069e-05
7.50541e-05
7.54337e-05
7.59755e-05
7.67009e-05
7.76146e-05
7.86961e-05
7.98913e-05
8.11104e-05
8.22299e-05
8.3098e-05
8.35374e-05
8.33389e-05
8.2241e-05
7.9898e-05
7.58718e-05
6.99237e-05
6.22168e-05
5.44407e-05
4.88081e-05
4.58101e-05
4.27025e-05
3.82918e-05
2.84635e-05
1.35281e-05
9.15434e-07
3.90293e-07
1.03949e-05
2.01e-05
2.91719e-05
3.70448e-05
4.35332e-05
4.79295e-05
4.98996e-05
5.01943e-05
4.93415e-05
4.78794e-05
4.63016e-05
4.49935e-05
4.41703e-05
4.38683e-05
4.40075e-05
4.44729e-05
4.51642e-05
4.60091e-05
4.69598e-05
4.79858e-05
4.90673e-05
5.01912e-05
5.13479e-05
5.25296e-05
5.37297e-05
5.49417e-05
5.61598e-05
5.73784e-05
5.85918e-05
5.97949e-05
6.09821e-05
6.21479e-05
6.32864e-05
6.43913e-05
6.54557e-05
6.64728e-05
6.74352e-05
6.83363e-05
6.91701e-05
6.99337e-05
7.06345e-05
7.12818e-05
7.16658e-05
7.20818e-05
7.25162e-05
7.27949e-05
7.30065e-05
7.31614e-05
7.32723e-05
7.33554e-05
7.34295e-05
7.35168e-05
7.36427e-05
7.3836e-05
7.41282e-05
7.45523e-05
7.51396e-05
7.59144e-05
7.6886e-05
7.80384e-05
7.93218e-05
8.06473e-05
8.18889e-05
8.28896e-05
8.34673e-05
8.34128e-05
8.24739e-05
8.0321e-05
7.65182e-05
7.0744e-05
6.30058e-05
5.48914e-05
4.88323e-05
4.56836e-05
4.28677e-05
3.86663e-05
2.906e-05
1.37537e-05
9.77298e-07
3.66551e-07
9.91254e-06
1.94988e-05
2.7974e-05
3.56665e-05
4.21959e-05
4.69267e-05
4.93483e-05
5.00712e-05
4.95636e-05
4.8324e-05
4.68276e-05
4.54722e-05
4.45166e-05
4.40521e-05
4.40381e-05
4.4375e-05
4.4962e-05
4.57208e-05
4.65977e-05
4.75576e-05
4.85779e-05
4.96436e-05
5.0744e-05
5.1871e-05
5.30176e-05
5.41775e-05
5.53445e-05
5.65128e-05
5.76766e-05
5.88305e-05
5.99688e-05
6.10861e-05
6.21766e-05
6.32344e-05
6.42534e-05
6.52274e-05
6.61501e-05
6.70158e-05
6.78194e-05
6.85592e-05
6.9248e-05
6.98858e-05
7.02684e-05
7.06895e-05
7.11375e-05
7.14381e-05
7.16789e-05
7.18692e-05
7.20212e-05
7.21496e-05
7.2272e-05
7.24096e-05
7.25865e-05
7.28305e-05
7.31725e-05
7.36454e-05
7.42815e-05
7.51073e-05
7.61355e-05
7.73551e-05
7.87201e-05
8.01437e-05
8.14981e-05
8.26212e-05
8.3325e-05
8.33987e-05
8.25978e-05
8.06129e-05
7.70353e-05
7.14283e-05
6.37143e-05
5.53144e-05
4.88368e-05
4.54588e-05
4.29621e-05
3.90049e-05
2.96562e-05
1.39975e-05
1.0473e-06
3.42413e-07
9.46221e-06
1.90063e-05
2.67287e-05
3.42783e-05
4.08121e-05
4.58226e-05
4.86804e-05
4.98456e-05
4.97148e-05
4.87405e-05
4.73726e-05
4.60096e-05
4.49431e-05
4.43166e-05
4.41361e-05
4.43265e-05
4.47921e-05
4.54508e-05
4.62428e-05
4.7128e-05
4.80799e-05
4.90812e-05
5.01199e-05
5.11873e-05
5.22758e-05
5.3379e-05
5.44906e-05
5.56047e-05
5.67155e-05
5.78173e-05
5.89045e-05
5.99716e-05
6.10131e-05
6.20235e-05
6.29972e-05
6.39286e-05
6.48124e-05
6.56435e-05
6.64179e-05
6.71348e-05
6.78137e-05
6.84378e-05
6.88189e-05
6.92524e-05
6.97137e-05
7.0037e-05
7.03079e-05
7.0535e-05
7.07294e-05
7.09049e-05
7.10781e-05
7.12688e-05
7.15e-05
7.17984e-05
7.21941e-05
7.27194e-05
7.34069e-05
7.42845e-05
7.5368e-05
7.66501e-05
7.80893e-05
7.9601e-05
8.10568e-05
8.229e-05
8.31064e-05
8.32917e-05
8.26062e-05
8.0757e-05
7.73494e-05
7.19122e-05
6.43153e-05
5.56883e-05
4.88301e-05
4.52345e-05
4.30056e-05
3.92928e-05
3.02298e-05
1.42925e-05
1.12611e-06
3.19113e-07
9.0981e-06
1.86238e-05
2.57302e-05
3.29562e-05
3.94289e-05
4.46636e-05
4.79032e-05
4.95064e-05
4.97759e-05
4.91078e-05
4.79182e-05
4.65957e-05
4.54515e-05
4.46744e-05
4.43202e-05
4.43476e-05
4.46738e-05
4.52163e-05
4.59103e-05
4.67101e-05
4.75852e-05
4.85153e-05
4.94865e-05
5.04888e-05
5.15143e-05
5.25564e-05
5.36085e-05
5.46648e-05
5.57193e-05
5.67664e-05
5.78004e-05
5.8816e-05
5.98078e-05
6.07707e-05
6.16994e-05
6.25892e-05
6.34352e-05
6.42331e-05
6.49796e-05
6.56747e-05
6.63467e-05
6.69538e-05
6.73321e-05
6.77843e-05
6.8259e-05
6.86059e-05
6.89076e-05
6.91721e-05
6.94098e-05
6.96335e-05
6.98588e-05
7.01044e-05
7.03922e-05
7.07476e-05
7.11997e-05
7.17799e-05
7.25206e-05
7.34504e-05
7.45871e-05
7.59265e-05
7.7431e-05
7.90192e-05
8.05627e-05
8.18914e-05
8.2805e-05
8.30844e-05
8.24934e-05
8.07573e-05
7.75091e-05
7.225e-05
6.47918e-05
5.5983e-05
4.87913e-05
4.49693e-05
4.29732e-05
3.9534e-05
3.07798e-05
1.4631e-05
1.21374e-06
2.9713e-07
8.81975e-06
1.82339e-05
2.49178e-05
3.17865e-05
3.80431e-05
4.34433e-05
4.70145e-05
4.90412e-05
4.97269e-05
4.94021e-05
4.84414e-05
4.72136e-05
4.60366e-05
4.51335e-05
4.46084e-05
4.44607e-05
4.46297e-05
4.50384e-05
4.56192e-05
4.63212e-05
4.71094e-05
4.796e-05
4.88567e-05
4.97882e-05
5.07457e-05
5.17219e-05
5.27105e-05
5.37053e-05
5.47004e-05
5.56902e-05
5.66692e-05
5.7632e-05
5.85735e-05
5.94888e-05
6.03732e-05
6.12223e-05
6.20318e-05
6.27981e-05
6.35182e-05
6.41929e-05
6.48619e-05
6.54487e-05
6.58228e-05
6.62994e-05
6.67873e-05
6.71583e-05
6.74911e-05
6.77932e-05
6.80744e-05
6.83467e-05
6.86247e-05
6.89261e-05
6.92715e-05
6.96854e-05
7.01954e-05
7.08319e-05
7.16266e-05
7.2608e-05
7.37947e-05
7.51851e-05
7.67449e-05
7.8396e-05
8.00111e-05
8.14179e-05
8.24108e-05
8.27654e-05
8.22463e-05
8.05956e-05
7.74846e-05
7.24593e-05
6.51131e-05
5.61843e-05
4.87078e-05
4.46783e-05
4.28783e-05
3.97253e-05
3.13093e-05
1.50212e-05
1.31065e-06
2.76295e-07
8.60365e-06
1.78772e-05
2.44305e-05
3.06807e-05
3.66905e-05
4.21701e-05
4.60356e-05
4.84487e-05
4.95523e-05
4.95999e-05
4.8916e-05
4.78403e-05
4.6685e-05
4.56947e-05
4.50145e-05
4.46881e-05
4.46853e-05
4.49424e-05
4.53929e-05
4.59827e-05
4.66719e-05
4.74332e-05
4.82474e-05
4.91013e-05
4.99849e-05
5.08904e-05
5.18109e-05
5.27404e-05
5.3673e-05
5.46029e-05
5.55248e-05
5.64336e-05
5.73241e-05
5.81919e-05
5.90325e-05
5.98417e-05
6.06161e-05
6.13523e-05
6.20477e-05
6.27034e-05
6.33732e-05
6.39369e-05
6.43074e-05
6.4812e-05
6.53118e-05
6.57069e-05
6.60706e-05
6.64102e-05
6.67345e-05
6.7055e-05
6.73855e-05
6.77425e-05
6.81457e-05
6.86182e-05
6.91864e-05
6.98794e-05
7.07275e-05
7.17585e-05
7.2991e-05
7.44247e-05
7.6028e-05
7.77262e-05
7.9394e-05
8.08587e-05
8.19106e-05
8.23198e-05
8.18501e-05
8.02558e-05
7.7241e-05
7.23871e-05
6.52334e-05
5.62648e-05
4.85537e-05
4.43449e-05
4.26566e-05
3.98641e-05
3.18181e-05
1.54611e-05
1.41679e-06
2.56069e-07
8.41898e-06
1.75586e-05
2.41754e-05
2.96882e-05
3.53888e-05
4.0871e-05
4.49832e-05
4.77331e-05
4.92408e-05
4.96789e-05
4.93136e-05
4.8447e-05
4.73749e-05
4.6349e-05
4.55455e-05
4.50495e-05
4.48674e-05
4.4957e-05
4.52599e-05
4.57211e-05
4.62975e-05
4.69577e-05
4.76796e-05
4.84477e-05
4.92506e-05
5.00796e-05
5.09273e-05
5.17873e-05
5.26537e-05
5.3521e-05
5.43837e-05
5.52368e-05
5.60755e-05
5.68954e-05
5.76923e-05
5.84625e-05
5.92027e-05
5.991e-05
6.05819e-05
6.1223e-05
6.18923e-05
6.24286e-05
6.28121e-05
6.33332e-05
6.38434e-05
6.4263e-05
6.46576e-05
6.50339e-05
6.54005e-05
6.57682e-05
6.615e-05
6.65616e-05
6.70214e-05
6.75515e-05
6.81768e-05
6.89248e-05
6.98241e-05
7.0901e-05
7.21733e-05
7.36409e-05
7.52741e-05
7.70011e-05
7.87e-05
8.0199e-05
8.12865e-05
8.17282e-05
8.12854e-05
7.97223e-05
7.6776e-05
7.20604e-05
6.51365e-05
5.62017e-05
4.83023e-05
4.39771e-05
4.24606e-05
3.99574e-05
3.23087e-05
1.59538e-05
1.5323e-06
2.36206e-07
8.24977e-06
1.72833e-05
2.39481e-05
2.88772e-05
3.42474e-05
3.95866e-05
4.38678e-05
4.69038e-05
4.87895e-05
4.96227e-05
4.96078e-05
4.90028e-05
4.8077e-05
4.70776e-05
4.61979e-05
4.55575e-05
4.52004e-05
4.51133e-05
4.52528e-05
4.55686e-05
4.60165e-05
4.65621e-05
4.71801e-05
4.78527e-05
4.85667e-05
4.93121e-05
5.0081e-05
5.08666e-05
5.16628e-05
5.24639e-05
5.32647e-05
5.40601e-05
5.48456e-05
5.56168e-05
5.63698e-05
5.71011e-05
5.78076e-05
5.84868e-05
5.91351e-05
5.97803e-05
6.0414e-05
6.09323e-05
6.13524e-05
6.1882e-05
6.23961e-05
6.28391e-05
6.32632e-05
6.36748e-05
6.40821e-05
6.44951e-05
6.49261e-05
6.539e-05
6.59042e-05
6.64894e-05
6.71689e-05
6.79687e-05
6.89151e-05
7.00323e-05
7.13361e-05
7.28259e-05
7.44727e-05
7.62078e-05
7.79129e-05
7.94195e-05
8.05163e-05
8.0966e-05
8.0527e-05
7.89708e-05
7.60696e-05
7.14593e-05
6.47924e-05
5.59715e-05
4.79361e-05
4.35206e-05
4.2288e-05
3.99843e-05
3.27789e-05
1.64984e-05
1.65688e-06
2.16175e-07
8.01425e-06
1.71561e-05
2.37375e-05
2.84768e-05
3.32189e-05
3.83335e-05
4.27092e-05
4.59697e-05
4.81961e-05
4.94169e-05
4.97735e-05
4.94747e-05
4.8757e-05
4.78514e-05
4.69561e-05
4.6214e-05
4.57025e-05
4.54405e-05
4.54069e-05
4.55625e-05
4.5866e-05
4.62818e-05
4.67826e-05
4.7348e-05
4.79631e-05
4.86165e-05
4.92994e-05
5.00044e-05
5.07251e-05
5.14557e-05
5.21909e-05
5.29258e-05
5.36558e-05
5.43767e-05
5.50846e-05
5.57763e-05
5.64488e-05
5.70999e-05
5.77239e-05
5.83743e-05
5.89689e-05
5.94656e-05
5.99276e-05
6.04671e-05
6.09833e-05
6.14475e-05
6.18988e-05
6.23432e-05
6.27884e-05
6.32437e-05
6.37207e-05
6.42334e-05
6.47982e-05
6.54343e-05
6.61636e-05
6.70097e-05
6.79967e-05
6.91456e-05
7.047e-05
7.19673e-05
7.36087e-05
7.53278e-05
7.70111e-05
7.8495e-05
7.95717e-05
8.0003e-05
7.95445e-05
7.7971e-05
7.5071e-05
7.05888e-05
6.41376e-05
5.55493e-05
4.74445e-05
4.29394e-05
4.18056e-05
3.99622e-05
3.32195e-05
1.7095e-05
1.79028e-06
1.97085e-07
7.77761e-06
1.71083e-05
2.35448e-05
2.84274e-05
3.24059e-05
3.71828e-05
4.15673e-05
4.49698e-05
4.74798e-05
4.90621e-05
4.97949e-05
4.98348e-05
4.9379e-05
4.86346e-05
4.77928e-05
4.70072e-05
4.63804e-05
4.59616e-05
4.57562e-05
4.57426e-05
4.5888e-05
4.61593e-05
4.65285e-05
4.69736e-05
4.7478e-05
4.80291e-05
4.8617e-05
4.92335e-05
4.9872e-05
5.05264e-05
5.11911e-05
5.18613e-05
5.25323e-05
5.32e-05
5.38607e-05
5.45108e-05
5.51479e-05
5.5769e-05
5.63703e-05
5.70208e-05
5.75783e-05
5.80561e-05
5.85485e-05
5.90991e-05
5.96163e-05
6.00994e-05
6.0575e-05
6.10488e-05
6.15279e-05
6.20213e-05
6.25397e-05
6.30962e-05
6.37061e-05
6.43872e-05
6.51594e-05
6.60438e-05
6.70617e-05
6.82308e-05
6.95611e-05
7.10476e-05
7.26608e-05
7.43365e-05
7.59664e-05
7.73942e-05
7.84186e-05
7.88031e-05
7.83017e-05
7.66928e-05
7.37163e-05
6.93748e-05
6.31678e-05
5.49087e-05
4.68237e-05
4.22928e-05
4.1401e-05
3.99291e-05
3.36228e-05
1.77425e-05
1.93188e-06
1.79922e-07
7.58166e-06
1.71043e-05
2.34148e-05
2.83841e-05
3.18659e-05
3.61452e-05
4.04807e-05
4.39272e-05
4.66534e-05
4.85596e-05
4.96608e-05
5.00591e-05
4.99092e-05
4.93882e-05
4.86712e-05
4.79114e-05
4.72256e-05
4.66871e-05
4.63276e-05
4.61472e-05
4.61274e-05
4.62423e-05
4.64663e-05
4.67775e-05
4.71584e-05
4.75953e-05
4.80774e-05
4.8596e-05
4.91437e-05
4.97141e-05
5.03017e-05
5.09013e-05
5.15082e-05
5.21182e-05
5.27274e-05
5.33325e-05
5.39313e-05
5.45171e-05
5.51143e-05
5.57206e-05
5.62606e-05
5.67281e-05
5.7237e-05
5.77945e-05
5.83096e-05
5.88075e-05
5.93031e-05
5.98014e-05
6.03093e-05
6.0835e-05
6.13886e-05
6.1982e-05
6.26295e-05
6.3347e-05
6.41522e-05
6.50638e-05
6.60992e-05
6.72725e-05
6.85897e-05
7.00426e-05
7.16005e-05
7.32014e-05
7.47428e-05
7.60778e-05
7.70156e-05
7.73234e-05
7.67555e-05
7.50102e-05
7.2122e-05
6.78395e-05
6.19005e-05
5.39935e-05
4.60417e-05
4.14896e-05
4.08248e-05
3.98406e-05
3.39824e-05
1.8438e-05
2.08092e-06
1.6497e-07
7.43928e-06
1.71286e-05
2.33763e-05
2.83111e-05
3.18402e-05
3.53168e-05
3.94924e-05
4.29569e-05
4.57869e-05
4.79443e-05
4.93798e-05
5.01364e-05
5.0321e-05
5.00749e-05
4.955e-05
4.88895e-05
4.82137e-05
4.76108e-05
4.71341e-05
4.6806e-05
4.66259e-05
4.658e-05
4.66494e-05
4.6815e-05
4.70598e-05
4.73701e-05
4.77345e-05
4.81438e-05
4.85903e-05
4.90673e-05
4.9569e-05
5.00899e-05
5.06253e-05
5.11708e-05
5.17226e-05
5.22768e-05
5.28323e-05
5.33769e-05
5.39599e-05
5.4521e-05
5.50422e-05
5.54948e-05
5.60122e-05
5.65707e-05
5.70803e-05
5.75874e-05
5.80966e-05
5.86128e-05
5.91423e-05
5.96925e-05
6.02727e-05
6.08938e-05
6.15684e-05
6.23105e-05
6.31354e-05
6.40584e-05
6.50932e-05
6.62495e-05
6.7529e-05
6.892e-05
7.03906e-05
7.18809e-05
7.32952e-05
7.44984e-05
7.53141e-05
7.55145e-05
7.47648e-05
7.3046e-05
7.01432e-05
6.59084e-05
6.01991e-05
5.27494e-05
4.50621e-05
4.05816e-05
4.02031e-05
3.96397e-05
3.42961e-05
1.9177e-05
2.23634e-06
1.51889e-07
7.34687e-06
1.71358e-05
2.3369e-05
2.81868e-05
3.19345e-05
3.46642e-05
3.85248e-05
4.20341e-05
4.49102e-05
4.72525e-05
4.89755e-05
5.00722e-05
5.06017e-05
5.06667e-05
5.03907e-05
4.98995e-05
4.93077e-05
4.87089e-05
4.81704e-05
4.7733e-05
4.74146e-05
4.72167e-05
4.71308e-05
4.71443e-05
4.72435e-05
4.74159e-05
4.76509e-05
4.79391e-05
4.82728e-05
4.86451e-05
4.905e-05
4.94821e-05
4.99363e-05
5.04081e-05
5.08936e-05
5.13885e-05
5.18927e-05
5.23896e-05
5.29396e-05
5.34626e-05
5.39603e-05
5.43869e-05
5.48992e-05
5.54473e-05
5.59514e-05
5.64589e-05
5.69729e-05
5.74977e-05
5.80388e-05
5.86029e-05
5.91982e-05
5.98342e-05
6.05215e-05
6.1272e-05
6.2098e-05
6.3011e-05
6.40207e-05
6.51322e-05
6.63426e-05
6.76371e-05
6.89828e-05
7.03225e-05
7.15681e-05
7.25988e-05
7.32586e-05
7.32356e-05
7.24486e-05
7.06892e-05
6.77531e-05
6.35685e-05
5.80922e-05
5.11612e-05
4.38564e-05
3.95255e-05
3.95303e-05
3.94951e-05
3.45793e-05
1.99515e-05
2.39689e-06
1.39977e-07
7.27055e-06
1.70904e-05
2.33612e-05
2.81443e-05
3.20155e-05
3.4663e-05
3.77509e-05
4.12573e-05
4.40869e-05
4.65336e-05
4.84836e-05
4.98856e-05
5.0753e-05
5.11482e-05
5.11631e-05
5.09013e-05
5.04646e-05
4.99438e-05
4.94119e-05
4.89216e-05
4.85064e-05
4.81827e-05
4.79551e-05
4.78203e-05
4.77712e-05
4.77991e-05
4.78953e-05
4.80517e-05
4.8261e-05
4.85167e-05
4.88128e-05
4.91439e-05
4.9505e-05
4.98914e-05
5.02993e-05
5.07239e-05
5.1165e-05
5.16079e-05
5.20949e-05
5.25916e-05
5.30581e-05
5.34464e-05
5.39333e-05
5.446e-05
5.49496e-05
5.54467e-05
5.59539e-05
5.6475e-05
5.70144e-05
5.75778e-05
5.81721e-05
5.88049e-05
5.94849e-05
6.0221e-05
6.10222e-05
6.18962e-05
6.28483e-05
6.3879e-05
6.49814e-05
6.6138e-05
6.73157e-05
6.84609e-05
6.94943e-05
7.03122e-05
7.07319e-05
7.0557e-05
6.96858e-05
6.78522e-05
6.49046e-05
6.0791e-05
5.55537e-05
4.91791e-05
4.2408e-05
3.83527e-05
3.8752e-05
3.91992e-05
3.48275e-05
2.07497e-05
2.56112e-06
1.28703e-07
7.16734e-06
1.69872e-05
2.33177e-05
2.80946e-05
3.19048e-05
3.47886e-05
3.7153e-05
4.04651e-05
4.34067e-05
4.58773e-05
4.79779e-05
4.96292e-05
5.08048e-05
5.15278e-05
5.18561e-05
5.18674e-05
5.16461e-05
5.12733e-05
5.08205e-05
5.03455e-05
4.98915e-05
4.94871e-05
4.91493e-05
4.88858e-05
4.86979e-05
4.85833e-05
4.85375e-05
4.85552e-05
4.8631e-05
4.87591e-05
4.89345e-05
4.9152e-05
4.94069e-05
4.96947e-05
5.00112e-05
5.03523e-05
5.07156e-05
5.10959e-05
5.14864e-05
5.19562e-05
5.23864e-05
5.27316e-05
5.31624e-05
5.36502e-05
5.41146e-05
5.4586e-05
5.507e-05
5.55695e-05
5.60879e-05
5.66295e-05
5.71995e-05
5.78034e-05
5.84472e-05
5.9137e-05
5.98781e-05
6.06742e-05
6.15263e-05
6.24311e-05
6.33784e-05
6.43491e-05
6.5311e-05
6.62157e-05
6.69936e-05
6.75703e-05
6.76921e-05
6.73889e-05
6.63826e-05
6.44883e-05
6.15608e-05
5.75588e-05
5.25862e-05
4.67367e-05
4.07083e-05
3.70689e-05
3.78667e-05
3.86964e-05
3.5021e-05
2.15663e-05
2.7275e-06
1.18123e-07
7.02962e-06
1.68309e-05
2.32196e-05
2.80031e-05
3.18002e-05
3.49051e-05
3.71685e-05
3.97523e-05
4.27882e-05
4.52905e-05
4.75021e-05
4.93561e-05
5.08034e-05
5.18362e-05
5.24816e-05
5.27912e-05
5.2829e-05
5.26625e-05
5.23562e-05
5.19668e-05
5.15414e-05
5.11163e-05
5.07176e-05
5.03628e-05
5.00624e-05
4.98216e-05
4.96421e-05
4.95231e-05
4.94624e-05
4.94566e-05
4.95022e-05
4.95951e-05
4.97314e-05
4.9907e-05
5.0118e-05
5.03604e-05
5.06309e-05
5.09271e-05
5.124e-05
5.15881e-05
5.20067e-05
5.23381e-05
5.26456e-05
5.3065e-05
5.34988e-05
5.39202e-05
5.43559e-05
5.48069e-05
5.52753e-05
5.57638e-05
5.62753e-05
5.68129e-05
5.73799e-05
5.79792e-05
5.86125e-05
5.92801e-05
5.99794e-05
6.0704e-05
6.1442e-05
6.2174e-05
6.28707e-05
6.34897e-05
6.39724e-05
6.42161e-05
6.41495e-05
6.36279e-05
6.24853e-05
6.05516e-05
5.76902e-05
5.38646e-05
4.92229e-05
4.40581e-05
3.86804e-05
3.56952e-05
3.68907e-05
3.8186e-05
3.51278e-05
2.23942e-05
2.89453e-06
1.0888e-07
6.88791e-06
1.66588e-05
2.30803e-05
2.78553e-05
3.16522e-05
3.47657e-05
3.73306e-05
3.95818e-05
4.22725e-05
4.49357e-05
4.7174e-05
4.91631e-05
5.08297e-05
5.21371e-05
5.30843e-05
5.36968e-05
5.40176e-05
5.40982e-05
5.39925e-05
5.37517e-05
5.34219e-05
5.30419e-05
5.26434e-05
5.22507e-05
5.18817e-05
5.1549e-05
5.12607e-05
5.10214e-05
5.08335e-05
5.06972e-05
5.06115e-05
5.05744e-05
5.05833e-05
5.06352e-05
5.07267e-05
5.08544e-05
5.10149e-05
5.12055e-05
5.14208e-05
5.16621e-05
5.19283e-05
5.22841e-05
5.25155e-05
5.27724e-05
5.31334e-05
5.34804e-05
5.3831e-05
5.41936e-05
5.45695e-05
5.49588e-05
5.53625e-05
5.57813e-05
5.62159e-05
5.66661e-05
5.71311e-05
5.76082e-05
5.80926e-05
5.85765e-05
5.90477e-05
5.94885e-05
5.9874e-05
6.01694e-05
6.03288e-05
6.02557e-05
5.99277e-05
5.92029e-05
5.79444e-05
5.60098e-05
5.32797e-05
4.97215e-05
4.54901e-05
4.10126e-05
3.63774e-05
3.41972e-05
3.58182e-05
3.75231e-05
3.51226e-05
2.32169e-05
3.0611e-06
1.02698e-07
6.81893e-06
1.65613e-05
2.29698e-05
2.76874e-05
3.14691e-05
3.46202e-05
3.73143e-05
3.96425e-05
4.20002e-05
4.45867e-05
4.70748e-05
4.91621e-05
5.09955e-05
5.25324e-05
5.37497e-05
5.46504e-05
5.52573e-05
5.56055e-05
5.57362e-05
5.56923e-05
5.55153e-05
5.52428e-05
5.4908e-05
5.45385e-05
5.41572e-05
5.37818e-05
5.34258e-05
5.30991e-05
5.28084e-05
5.25581e-05
5.23502e-05
5.21856e-05
5.20636e-05
5.19828e-05
5.19411e-05
5.19358e-05
5.1964e-05
5.20231e-05
5.2109e-05
5.22199e-05
5.23516e-05
5.25092e-05
5.27161e-05
5.28711e-05
5.30127e-05
5.3244e-05
5.34603e-05
5.3675e-05
5.38977e-05
5.41233e-05
5.43523e-05
5.45834e-05
5.48151e-05
5.50455e-05
5.52718e-05
5.54902e-05
5.56952e-05
5.58791e-05
5.60315e-05
5.61382e-05
5.61797e-05
5.61304e-05
5.59557e-05
5.55922e-05
5.49936e-05
5.40866e-05
5.27467e-05
5.08685e-05
4.83573e-05
4.51876e-05
4.14934e-05
3.79358e-05
3.44125e-05
3.25017e-05
3.46712e-05
3.67839e-05
3.50141e-05
2.40231e-05
3.2262e-06
1.01038e-07
6.92088e-06
1.66903e-05
2.30335e-05
2.76131e-05
3.13296e-05
3.45095e-05
3.72977e-05
3.98062e-05
4.22005e-05
4.45879e-05
4.70678e-05
4.94018e-05
5.14515e-05
5.31741e-05
5.4621e-05
5.57805e-05
5.66583e-05
5.72741e-05
5.76564e-05
5.78381e-05
5.78538e-05
5.7737e-05
5.75193e-05
5.72284e-05
5.6889e-05
5.65215e-05
5.61428e-05
5.57664e-05
5.54027e-05
5.50594e-05
5.47419e-05
5.44537e-05
5.41966e-05
5.39711e-05
5.37768e-05
5.36124e-05
5.3476e-05
5.33652e-05
5.32773e-05
5.32096e-05
5.31594e-05
5.31225e-05
5.31055e-05
5.30954e-05
5.30769e-05
5.30681e-05
5.30568e-05
5.30529e-05
5.30496e-05
5.30285e-05
5.3004e-05
5.29687e-05
5.29213e-05
5.2859e-05
5.27788e-05
5.26773e-05
5.255e-05
5.23914e-05
5.21939e-05
5.19484e-05
5.16414e-05
5.12574e-05
5.07703e-05
5.01734e-05
4.93745e-05
4.83063e-05
4.69503e-05
4.52584e-05
4.31599e-05
4.06324e-05
3.77365e-05
3.49351e-05
3.23565e-05
3.14603e-05
3.34288e-05
3.60365e-05
3.47751e-05
2.47493e-05
3.38962e-06
1.06819e-07
7.21451e-06
1.72678e-05
2.34969e-05
2.78444e-05
3.14241e-05
3.46006e-05
3.74895e-05
4.01629e-05
4.27506e-05
4.52658e-05
4.76217e-05
5.00587e-05
5.22056e-05
5.423e-05
5.59324e-05
5.73105e-05
5.84277e-05
5.92887e-05
5.99104e-05
6.03159e-05
6.05316e-05
6.05856e-05
6.05053e-05
6.03166e-05
6.00434e-05
5.97068e-05
5.93251e-05
5.89139e-05
5.8486e-05
5.80516e-05
5.76188e-05
5.71936e-05
5.67803e-05
5.63813e-05
5.59982e-05
5.56312e-05
5.52799e-05
5.4943e-05
5.46191e-05
5.43056e-05
5.40015e-05
5.37014e-05
5.34094e-05
5.31116e-05
5.28305e-05
5.24964e-05
5.21645e-05
5.19429e-05
5.16013e-05
5.12292e-05
5.08883e-05
5.05176e-05
5.0131e-05
4.97244e-05
4.92966e-05
4.88462e-05
4.83707e-05
4.78681e-05
4.73342e-05
4.67657e-05
4.61551e-05
4.54964e-05
4.47752e-05
4.39777e-05
4.31074e-05
4.21412e-05
4.10094e-05
3.96584e-05
3.79944e-05
3.59829e-05
3.36205e-05
3.13887e-05
2.98298e-05
2.98565e-05
3.27416e-05
3.52369e-05
3.44034e-05
2.53653e-05
3.55332e-06
1.23516e-07
7.84756e-06
1.84003e-05
2.45985e-05
2.8656e-05
3.20621e-05
3.52211e-05
3.82315e-05
4.11604e-05
4.39108e-05
4.6488e-05
4.90972e-05
5.15486e-05
5.38111e-05
5.59544e-05
5.77706e-05
5.94582e-05
6.07925e-05
6.18334e-05
6.26298e-05
6.3197e-05
6.35552e-05
6.37268e-05
6.37355e-05
6.36044e-05
6.33557e-05
6.301e-05
6.25859e-05
6.20999e-05
6.15663e-05
6.09971e-05
6.04025e-05
5.97902e-05
5.91661e-05
5.85347e-05
5.78993e-05
5.72621e-05
5.66244e-05
5.59866e-05
5.53494e-05
5.47109e-05
5.40726e-05
5.34287e-05
5.27879e-05
5.21319e-05
5.14874e-05
5.08095e-05
5.00898e-05
4.94546e-05
4.8789e-05
4.81275e-05
4.74139e-05
4.66567e-05
4.59318e-05
4.51901e-05
4.44399e-05
4.36818e-05
4.2915e-05
4.21416e-05
4.13601e-05
4.05735e-05
3.97776e-05
3.89771e-05
3.81626e-05
3.73386e-05
3.6488e-05
3.56176e-05
3.46855e-05
3.36909e-05
3.25635e-05
3.13304e-05
2.99783e-05
2.87957e-05
2.8242e-05
2.88365e-05
3.1509e-05
3.48194e-05
3.38578e-05
2.57495e-05
3.72017e-06
1.55036e-07
8.88933e-06
1.99751e-05
2.60223e-05
3.00419e-05
3.33686e-05
3.65592e-05
3.96575e-05
4.25126e-05
4.51994e-05
4.832e-05
5.12607e-05
5.39232e-05
5.63995e-05
5.85137e-05
6.03861e-05
6.2007e-05
6.34457e-05
6.46142e-05
6.54332e-05
6.60067e-05
6.63536e-05
6.64945e-05
6.64505e-05
6.62429e-05
6.58925e-05
6.54191e-05
6.4841e-05
6.41749e-05
6.34358e-05
6.26373e-05
6.17903e-05
6.09015e-05
5.99784e-05
5.90276e-05
5.80552e-05
5.7066e-05
5.60649e-05
5.50534e-05
5.4037e-05
5.30135e-05
5.19896e-05
5.09589e-05
4.99421e-05
4.89009e-05
4.78988e-05
4.68248e-05
4.5822e-05
4.48532e-05
4.3844e-05
4.28548e-05
4.18643e-05
4.09366e-05
3.99536e-05
3.89762e-05
3.80477e-05
3.71379e-05
3.62474e-05
3.53831e-05
3.45437e-05
3.37389e-05
3.29644e-05
3.22351e-05
3.15405e-05
3.09025e-05
3.02989e-05
2.9761e-05
2.92459e-05
2.87953e-05
2.83355e-05
2.7936e-05
2.75266e-05
2.73247e-05
2.75084e-05
2.85945e-05
3.11074e-05
3.38276e-05
3.31674e-05
2.55031e-05
3.89919e-06
2.06188e-07
1.04169e-05
2.18771e-05
2.72606e-05
3.06339e-05
3.37923e-05
3.69648e-05
4.01317e-05
4.32879e-05
4.66209e-05
4.9881e-05
5.2943e-05
5.57942e-05
5.83481e-05
6.04751e-05
6.22671e-05
6.36137e-05
6.47141e-05
6.57263e-05
6.64091e-05
6.67479e-05
6.68537e-05
6.67457e-05
6.64442e-05
6.59696e-05
6.53422e-05
6.45811e-05
6.37044e-05
6.27293e-05
6.16708e-05
6.05453e-05
5.93568e-05
5.81017e-05
5.68006e-05
5.54676e-05
5.4116e-05
5.27537e-05
5.13897e-05
5.00255e-05
4.86757e-05
4.73276e-05
4.60045e-05
4.47014e-05
4.34418e-05
4.21488e-05
4.09474e-05
3.97831e-05
3.86212e-05
3.74969e-05
3.64129e-05
3.53753e-05
3.43584e-05
3.34359e-05
3.24994e-05
3.15978e-05
3.07631e-05
2.99743e-05
2.92349e-05
2.85539e-05
2.79274e-05
2.73698e-05
2.68737e-05
2.64612e-05
2.61159e-05
2.58716e-05
2.56966e-05
2.56409e-05
2.5649e-05
2.57909e-05
2.59753e-05
2.62987e-05
2.66385e-05
2.71625e-05
2.78454e-05
2.91024e-05
3.11674e-05
3.34744e-05
3.24384e-05
2.49409e-05
3.99138e-06
2.84225e-07
1.18431e-05
2.27961e-05
2.70538e-05
2.95799e-05
3.23157e-05
3.52985e-05
3.83711e-05
4.14768e-05
4.45289e-05
4.73568e-05
4.9974e-05
5.23633e-05
5.44658e-05
5.62516e-05
5.7695e-05
5.88035e-05
5.94564e-05
5.99597e-05
6.03149e-05
6.02941e-05
6.00386e-05
5.95757e-05
5.89301e-05
5.81245e-05
5.71814e-05
5.612e-05
5.496e-05
5.37207e-05
5.24181e-05
5.10671e-05
4.96839e-05
4.829e-05
4.68838e-05
4.54752e-05
4.4079e-05
4.26975e-05
4.13386e-05
4.00023e-05
3.87079e-05
3.74199e-05
3.62198e-05
3.50768e-05
3.39568e-05
3.28867e-05
3.18671e-05
3.08943e-05
2.99815e-05
2.91011e-05
2.83181e-05
2.7562e-05
2.68342e-05
2.61896e-05
2.56065e-05
2.5081e-05
2.4621e-05
2.42285e-05
2.39042e-05
2.36457e-05
2.34497e-05
2.33325e-05
2.32841e-05
2.33256e-05
2.34358e-05
2.36505e-05
2.3931e-05
2.43329e-05
2.47909e-05
2.53855e-05
2.60125e-05
2.67768e-05
2.75328e-05
2.84007e-05
2.92918e-05
3.03264e-05
3.18126e-05
3.31861e-05
3.1434e-05
2.41211e-05
4.02527e-06
3.79822e-07
1.24012e-05
2.0605e-05
2.24548e-05
2.3912e-05
2.57767e-05
2.79582e-05
3.03214e-05
3.27433e-05
3.50439e-05
3.71532e-05
3.90572e-05
4.07373e-05
4.21698e-05
4.3352e-05
4.42662e-05
4.49222e-05
4.52893e-05
4.54178e-05
4.54262e-05
4.5276e-05
4.49028e-05
4.43834e-05
4.37388e-05
4.29875e-05
4.21506e-05
4.12409e-05
4.02768e-05
3.92778e-05
3.82522e-05
3.72132e-05
3.61685e-05
3.51407e-05
3.41127e-05
3.31178e-05
3.21636e-05
3.12376e-05
3.03438e-05
2.94866e-05
2.86763e-05
2.79064e-05
2.71755e-05
2.65041e-05
2.58606e-05
2.53108e-05
2.47693e-05
2.42699e-05
2.38439e-05
2.34658e-05
2.31429e-05
2.28738e-05
2.26536e-05
2.24861e-05
2.23719e-05
2.23117e-05
2.23046e-05
2.23531e-05
2.24546e-05
2.26153e-05
2.28301e-05
2.31103e-05
2.34392e-05
2.38309e-05
2.42661e-05
2.47767e-05
2.53224e-05
2.5958e-05
2.66134e-05
2.73723e-05
2.81239e-05
2.89758e-05
2.97781e-05
3.06163e-05
3.14143e-05
3.20045e-05
3.28823e-05
3.2731e-05
3.01544e-05
2.24529e-05
3.91528e-06
4.5733e-07
1.14252e-05
1.53233e-05
1.55788e-05
1.63901e-05
1.75841e-05
1.89604e-05
2.04221e-05
2.18939e-05
2.3295e-05
2.4596e-05
2.57787e-05
2.68278e-05
2.7732e-05
2.84954e-05
2.91148e-05
2.95606e-05
2.98783e-05
3.00675e-05
3.01265e-05
3.01255e-05
3.00475e-05
2.98638e-05
2.96166e-05
2.9316e-05
2.89769e-05
2.85987e-05
2.82026e-05
2.78031e-05
2.73881e-05
2.69736e-05
2.65632e-05
2.61701e-05
2.57885e-05
2.54284e-05
2.508e-05
2.47809e-05
2.44829e-05
2.42074e-05
2.39704e-05
2.37635e-05
2.35818e-05
2.34327e-05
2.33078e-05
2.3218e-05
2.31559e-05
2.31241e-05
2.31287e-05
2.31674e-05
2.32385e-05
2.33405e-05
2.34734e-05
2.36345e-05
2.38254e-05
2.40431e-05
2.42901e-05
2.45631e-05
2.48653e-05
2.51939e-05
2.55507e-05
2.59365e-05
2.63471e-05
2.68008e-05
2.72703e-05
2.77942e-05
2.83123e-05
2.89043e-05
2.94613e-05
3.01153e-05
3.06908e-05
3.13737e-05
3.19211e-05
3.25269e-05
3.29731e-05
3.30201e-05
3.32386e-05
3.09508e-05
2.74729e-05
1.90877e-05
3.56924e-06
5.11779e-07
9.8233e-06
1.1739e-05
1.3688e-05
1.56439e-05
1.74845e-05
1.91523e-05
2.06142e-05
2.18585e-05
2.2892e-05
2.37382e-05
2.44245e-05
2.4978e-05
2.54154e-05
2.57718e-05
2.60694e-05
2.62017e-05
2.63488e-05
2.64561e-05
2.6497e-05
2.65043e-05
2.64918e-05
2.64551e-05
2.63992e-05
2.63287e-05
2.6247e-05
2.61595e-05
2.60637e-05
2.59727e-05
2.58734e-05
2.5781e-05
2.56917e-05
2.5625e-05
2.55522e-05
2.54815e-05
2.54235e-05
2.53789e-05
2.5345e-05
2.53207e-05
2.53082e-05
2.53074e-05
2.53192e-05
2.53425e-05
2.53791e-05
2.54267e-05
2.54885e-05
2.55606e-05
2.5643e-05
2.57343e-05
2.5838e-05
2.59516e-05
2.60792e-05
2.62173e-05
2.63713e-05
2.65363e-05
2.67188e-05
2.69133e-05
2.71262e-05
2.73533e-05
2.75972e-05
2.7861e-05
2.81346e-05
2.84427e-05
2.87412e-05
2.91084e-05
2.93959e-05
2.98071e-05
3.00567e-05
3.0513e-05
3.06944e-05
3.11688e-05
3.12451e-05
3.16836e-05
3.13934e-05
3.11427e-05
3.01557e-05
2.7864e-05
2.29281e-05
1.19682e-05
3.06886e-06
3.15046e-07
6.07341e-07
9.26099e-07
1.25072e-06
1.56395e-06
1.85731e-06
2.1305e-06
2.38407e-06
2.61635e-06
2.82601e-06
3.01165e-06
3.17379e-06
3.31228e-06
3.43004e-06
3.52626e-06
3.60692e-06
3.66872e-06
3.71414e-06
3.74888e-06
3.76929e-06
3.78223e-06
3.78181e-06
3.77762e-06
3.76765e-06
3.75121e-06
3.73021e-06
3.70624e-06
3.67919e-06
3.65068e-06
3.62035e-06
3.58962e-06
3.558e-06
3.52681e-06
3.49604e-06
3.46587e-06
3.43644e-06
3.4083e-06
3.38136e-06
3.35609e-06
3.33219e-06
3.3103e-06
3.28992e-06
3.27182e-06
3.25525e-06
3.24124e-06
3.22868e-06
3.219e-06
3.2106e-06
3.20525e-06
3.20099e-06
3.20003e-06
3.20081e-06
3.20343e-06
3.20755e-06
3.21635e-06
3.22363e-06
3.23863e-06
3.24924e-06
3.27077e-06
3.2848e-06
3.31318e-06
3.33055e-06
3.36578e-06
3.3866e-06
3.42882e-06
3.45657e-06
3.51328e-06
3.54745e-06
3.61572e-06
3.65833e-06
3.73244e-06
3.78379e-06
3.85745e-06
3.91623e-06
3.97305e-06
4.00774e-06
3.98758e-06
3.88951e-06
3.57459e-06
2.63555e-06
)
;

boundaryField
{
    movingWall
    {
        type            nutkWallFunction;
        Cmu             0.09;
        kappa           0.41;
        E               9.8;
        value           uniform 0;
    }
    fixedWalls
    {
        type            nutkWallFunction;
        Cmu             0.09;
        kappa           0.41;
        E               9.8;
        value           uniform 0;
    }
    frontAndBack
    {
        type            empty;
    }
}


// ************************************************************************* //
