/*--------------------------------*- C++ -*----------------------------------*\
  =========                 |
  \\      /  F ield         | OpenFOAM: The Open Source CFD Toolbox
   \\    /   O peration     | Website:  https://openfoam.org
    \\  /    A nd           | Version:  13
     \\/     M anipulation  |
\*---------------------------------------------------------------------------*/
FoamFile
{
    format      ascii;
    class       volScalarField;
    location    "1.9";
    object      k;
}
// * * * * * * * * * * * * * * * * * * * * * * * * * * * * * * * * * * * * * //

dimensions      [0 2 -2 0 0 0 0];

internalField   nonuniform List<scalar> 
6400
(
2.04197e-07
1.01299e-06
2.19283e-06
3.47362e-06
4.74872e-06
6.00394e-06
7.2672e-06
8.53352e-06
9.80466e-06
1.10789e-05
1.23577e-05
1.36509e-05
1.49815e-05
1.63854e-05
1.79117e-05
1.962e-05
2.1579e-05
2.38627e-05
2.65444e-05
2.96911e-05
3.33587e-05
3.75845e-05
4.23803e-05
4.77313e-05
5.36001e-05
5.99344e-05
6.66796e-05
7.37932e-05
8.12559e-05
8.90755e-05
9.72837e-05
0.000105925
0.00011504
0.000124651
0.00013475
0.000145323
0.000156447
0.000168129
0.000180375
0.000193188
0.000206532
0.000220356
0.000234576
0.000249074
0.000263684
0.000278199
0.00029241
0.000306236
0.000320036
0.000335633
0.000351389
0.000365524
0.000377532
0.000386428
0.000392304
0.000394909
0.000393945
0.00038738
0.000376274
0.000359821
0.000338071
0.000311349
0.000280299
0.000245981
0.000209773
0.000173241
0.000138041
0.000105937
7.82042e-05
5.5692e-05
3.89248e-05
2.64804e-05
1.76939e-05
1.17483e-05
7.82823e-06
5.2299e-06
3.41855e-06
2.0419e-06
9.42892e-07
1.93444e-07
1.01925e-06
8.58862e-06
1.9015e-05
3.00211e-05
4.0778e-05
5.11564e-05
6.12386e-05
7.11721e-05
8.09999e-05
9.07294e-05
0.000100397
0.00011011
0.000120067
0.000130556
0.000141946
0.000154666
0.000169184
0.000185974
0.000205471
0.000228029
0.000253894
0.000283155
0.000315723
0.000351346
0.000389652
0.000430221
0.000472643
0.000516604
0.000561918
0.000608525
0.000656446
0.000705704
0.00075624
0.00080785
0.000860196
0.000912938
0.000966168
0.0010196
0.00107314
0.0011267
0.00118014
0.00123334
0.00128618
0.00133844
0.00138983
0.00143993
0.00148816
0.00153386
0.0015758
0.00161283
0.00164655
0.00167658
0.00170158
0.00171847
0.00172616
0.00172752
0.00171663
0.00169017
0.00164735
0.00158754
0.00151024
0.0014158
0.00130514
0.00118059
0.00104538
0.000903822
0.000761109
0.000622839
0.000494265
0.000379548
0.000280485
0.000200496
0.000139653
9.56816e-05
6.51507e-05
4.41755e-05
2.92089e-05
1.75901e-05
7.99616e-06
9.74534e-07
2.31409e-06
1.98749e-05
4.28286e-05
6.55281e-05
8.68159e-05
0.000106946
0.000126252
0.000144925
0.000163057
0.000180744
0.000198181
0.0002157
0.000233792
0.000253091
0.000274342
0.000298353
0.000325932
0.000357819
0.000394593
0.0004366
0.000483894
0.000536193
0.000592893
0.000653118
0.000715818
0.000779875
0.000844243
0.000908053
0.000970676
0.00103174
0.00109113
0.0011489
0.00120524
0.00126041
0.00131467
0.00136819
0.00142139
0.00147449
0.00152783
0.00158158
0.00163596
0.00169106
0.00174694
0.00180356
0.00186079
0.00191841
0.00197612
0.00203352
0.00208986
0.0021445
0.00219681
0.00224525
0.00228806
0.00232322
0.00234658
0.00235633
0.00235692
0.00233807
0.00229849
0.00223647
0.00215088
0.00204213
0.00191006
0.00175683
0.00158541
0.00140057
0.00120837
0.00101566
0.000829788
0.000657752
0.000505417
0.000377035
0.000274395
0.000196257
0.000139045
9.76324e-05
6.65425e-05
4.10884e-05
1.88743e-05
2.25193e-06
4.02068e-06
3.4243e-05
7.06264e-05
0.000103906
0.000133857
0.000161638
0.000187952
0.000213143
0.000237422
0.00026104
0.000284396
0.00030808
0.000332874
0.000359723
0.000389661
0.000423732
0.000462881
0.000507848
0.000559062
0.000616557
0.00067991
0.000748277
0.000820439
0.000894913
0.000970108
0.00104449
0.00111677
0.00118601
0.00125167
0.00131368
0.0013723
0.00142803
0.00148154
0.00153352
0.00158465
0.00163554
0.00168656
0.00173824
0.00179092
0.00184486
0.00190024
0.00195715
0.00201563
0.00207566
0.00213713
0.00219986
0.0022636
0.00232812
0.00239245
0.00245561
0.00251639
0.00257348
0.00262535
0.00267012
0.0027056
0.0027268
0.00273438
0.00272686
0.00269677
0.0026418
0.00255941
0.00245175
0.00231673
0.00215605
0.00197142
0.0017673
0.00154958
0.0013254
0.00110302
0.0008912
0.00069822
0.000530816
0.000393106
0.000285701
0.000205572
0.00014688
0.000102474
6.532e-05
3.09064e-05
3.72383e-06
6.12465e-06
5.13226e-05
0.000101232
0.000143874
0.000180984
0.000214874
0.000246713
0.000277076
0.000306347
0.000334963
0.000363542
0.000392934
0.000424193
0.000458517
0.000497136
0.000541181
0.000591538
0.000648716
0.000712745
0.000783131
0.000858866
0.000938509
0.0010203
0.00110235
0.0011828
0.00126008
0.00133303
0.00140105
0.00146403
0.00152238
0.0015768
0.0016282
0.0016775
0.00172555
0.00177314
0.00182087
0.00186919
0.00191847
0.00196898
0.00202091
0.00207437
0.0021294
0.00218597
0.00224406
0.00230357
0.00236423
0.00242569
0.00248741
0.00254886
0.00260954
0.00266871
0.0027255
0.00277878
0.00282712
0.00286871
0.00290143
0.0029204
0.0029267
0.0029177
0.00288734
0.00282994
0.00274086
0.00261908
0.00246853
0.00228835
0.00208206
0.00185444
0.00161189
0.0013632
0.00111859
0.000888754
0.000683468
0.000510047
0.000371896
0.000267603
0.000191298
0.000134344
8.72327e-05
4.24025e-05
5.16513e-06
8.64976e-06
7.06436e-05
0.00013405
0.000185235
0.0002286
0.00026768
0.000304163
0.000338926
0.000372581
0.000405785
0.00043939
0.000474487
0.000512362
0.000554386
0.00060186
0.000655832
0.000716928
0.000785226
0.000860203
0.000940755
0.00102529
0.00111189
0.00119846
0.00128296
0.00136362
0.00143911
0.0015087
0.00157225
0.00163014
0.00168316
0.00173229
0.00177857
0.00182292
0.00186614
0.00190882
0.00195144
0.00199437
0.00203784
0.00208201
0.0021271
0.00217321
0.00222037
0.00226853
0.00231774
0.00236815
0.0024196
0.00247184
0.00252449
0.00257815
0.00263239
0.00268679
0.00274072
0.00279333
0.00284345
0.00288957
0.00292977
0.00296176
0.00298091
0.00298778
0.0029807
0.00295736
0.00290961
0.00283107
0.00271169
0.00255406
0.00236368
0.00214277
0.00189566
0.00163098
0.00136003
0.00109585
0.000851696
0.000639064
0.000465438
0.000332395
0.000235096
0.000163858
0.000106699
5.27102e-05
6.46722e-06
1.15908e-05
9.17969e-05
0.000168555
0.000227691
0.000276724
0.000320407
0.000360983
0.000399678
0.000437384
0.000475007
0.00051364
0.00055459
0.000599314
0.000649254
0.000705637
0.000769255
0.000840301
0.000918288
0.00100207
0.00108998
0.00117995
0.00126975
0.00135722
0.00144042
0.00151789
0.00158872
0.00165265
0.00170997
0.00176141
0.00180793
0.00185055
0.00189018
0.00192762
0.00196347
0.00199812
0.00203189
0.00206512
0.00209791
0.00213009
0.00216237
0.002195
0.00222827
0.00226259
0.00229797
0.0023337
0.00237003
0.00240742
0.00244655
0.00248768
0.00253092
0.00257633
0.00262384
0.00267323
0.00272402
0.00277542
0.00282614
0.00287441
0.00291789
0.00295398
0.00297373
0.00297962
0.00296513
0.00293057
0.0028698
0.00276632
0.00261145
0.00241614
0.00218112
0.00191397
0.00162599
0.00133196
0.0010487
0.000792659
0.000576909
0.000407911
0.000283583
0.000194093
0.000125048
6.20462e-05
7.64029e-06
1.48971e-05
0.000114421
0.000204225
0.000270859
0.000325174
0.000373093
0.000417427
0.000459791
0.000501389
0.000543398
0.000587146
0.000634123
0.000685878
0.00074381
0.000808921
0.000881595
0.000961468
0.00104743
0.00113775
0.00123027
0.00132264
0.00141253
0.00149789
0.00157707
0.001649
0.00171324
0.0017699
0.00181958
0.00186313
0.00190149
0.00193552
0.00196596
0.00199339
0.00201824
0.0020406
0.00206056
0.00207929
0.00209757
0.00211686
0.00213499
0.00215204
0.0021682
0.0021833
0.00219804
0.00221428
0.00223243
0.00225319
0.00227704
0.00230402
0.00233475
0.00236963
0.00240903
0.00245323
0.00250227
0.00255593
0.00261368
0.0026745
0.00273687
0.00279862
0.0028561
0.00290552
0.00293491
0.00294494
0.00292818
0.00288833
0.00280586
0.00266099
0.0024582
0.00220718
0.001917
0.00160264
0.00128369
0.000981863
0.000717149
0.000503154
0.000343145
0.000228993
0.000144393
7.11782e-05
8.77389e-06
1.85161e-05
0.000138114
0.000240563
0.000314338
0.000373682
0.000425621
0.000473534
0.000519444
0.00056489
0.000611327
0.000660302
0.000713439
0.000772291
0.000838093
0.000911488
0.000992335
0.00107965
0.00117172
0.00126629
0.00136089
0.00145303
0.00154045
0.00162135
0.00169443
0.00175903
0.00181506
0.00186291
0.00190326
0.00193697
0.00196486
0.00198747
0.00200537
0.00201877
0.00202904
0.00203756
0.00204555
0.0020502
0.00205191
0.00205144
0.00204835
0.00204467
0.00204129
0.00203953
0.00203904
0.00204098
0.00204563
0.00205355
0.00206524
0.00208083
0.002101
0.00212619
0.002157
0.00219404
0.00223788
0.00228894
0.00234751
0.00241351
0.00248628
0.00256442
0.00264637
0.00272882
0.00280674
0.00287335
0.00291011
0.00292069
0.00289672
0.00283802
0.00270379
0.00249269
0.002222
0.00190414
0.00155955
0.0012144
0.000896255
0.000628009
0.000421521
0.000273572
0.000167508
8.1261e-05
1.00175e-05
2.2394e-05
0.000162505
0.000277111
0.000357733
0.000421946
0.000477796
0.000529216
0.000578648
0.000627969
0.000678909
0.000733205
0.000792554
0.000858422
0.000931763
0.00101275
0.00110066
0.00119387
0.00129012
0.00138678
0.00148117
0.00157081
0.00165365
0.00172815
0.00179339
0.00184903
0.00189523
0.00193249
0.00196145
0.00198292
0.00199787
0.00200555
0.00200858
0.00200947
0.00200742
0.00200053
0.00198827
0.00197182
0.00195341
0.00193512
0.00191765
0.00190126
0.00188704
0.00187561
0.00186726
0.00186313
0.00186178
0.00186373
0.00187053
0.00188111
0.00189606
0.00191544
0.00193952
0.0019689
0.00200424
0.00204645
0.00209662
0.00215594
0.00222529
0.00230428
0.0023938
0.00249225
0.0025967
0.00270163
0.0028005
0.00287541
0.00290799
0.00290869
0.00286661
0.00274167
0.00251804
0.00222165
0.00187021
0.00149196
0.00112139
0.000792063
0.000527632
0.000334174
0.000198013
9.38462e-05
1.15773e-05
2.64676e-05
0.000187252
0.000313465
0.000400678
0.000469656
0.000529374
0.000584304
0.000637296
0.000690559
0.000746078
0.000805742
0.000871254
0.000943901
0.00102426
0.00111196
0.00120565
0.00130314
0.00140169
0.00149841
0.00159055
0.00167574
0.00175216
0.00181857
0.00187436
0.00191945
0.00195414
0.00197915
0.00199397
0.00199953
0.00199994
0.00199605
0.00198624
0.00197005
0.00194718
0.00191955
0.00188945
0.00185921
0.00182953
0.00180215
0.00177787
0.00175713
0.00174063
0.00172856
0.00172127
0.00171829
0.00171791
0.00172203
0.00173029
0.00174182
0.00175692
0.0017755
0.00179773
0.00182352
0.00185303
0.00188664
0.001925
0.00196915
0.00202089
0.00208354
0.00215911
0.00225023
0.00235756
0.00247526
0.0026026
0.00273027
0.00284438
0.00290728
0.00292426
0.0028942
0.00277256
0.00252908
0.00219884
0.00180754
0.00139398
0.00100233
0.000670431
0.000418365
0.000240596
0.000110983
1.37291e-05
3.06726e-05
0.000212042
0.000349267
0.000442836
0.000516503
0.000580089
0.000638574
0.000695196
0.000752478
0.000812632
0.000877647
0.000949164
0.00102821
0.0011149
0.00120828
0.0013064
0.00140653
0.0015056
0.00160053
0.0016886
0.00176761
0.00183597
0.00189275
0.0019376
0.00197068
0.00199142
0.00199979
0.0020004
0.00199382
0.0019814
0.00196031
0.00192992
0.00189369
0.00185504
0.0018147
0.00177495
0.00173792
0.00170472
0.00167656
0.00165391
0.00163686
0.0016254
0.00161999
0.00161843
0.00162038
0.00162691
0.0016369
0.00165013
0.00166612
0.00168475
0.0017058
0.00172917
0.00175478
0.00178264
0.00181274
0.00184533
0.00188082
0.00191998
0.00196405
0.00201478
0.00207538
0.00215146
0.00225308
0.0023774
0.00251947
0.00267118
0.00281601
0.00290981
0.00294196
0.00291899
0.00279127
0.00251766
0.00214382
0.00170722
0.00126055
0.000856798
0.000533998
0.000300906
0.000135296
1.68382e-05
3.49472e-05
0.000236605
0.000384212
0.000483902
0.000562188
0.000629658
0.000691761
0.000752093
0.000813462
0.000878266
0.000948543
0.0010258
0.00111073
0.00120294
0.0013009
0.00140206
0.00150326
0.00160116
0.00169262
0.001775
0.00184627
0.00190512
0.00195086
0.00198337
0.00200034
0.00200529
0.00200088
0.00198889
0.00196733
0.00193458
0.00189339
0.0018476
0.00179892
0.00175037
0.00170399
0.00166191
0.00162586
0.00159659
0.00157452
0.00155926
0.00155169
0.00154916
0.00155014
0.00155653
0.00156623
0.00157931
0.00159501
0.00161306
0.00163309
0.00165491
0.00167837
0.00170339
0.00172991
0.00175791
0.00178721
0.00181782
0.00184972
0.00188316
0.00191857
0.00195672
0.00199922
0.00204911
0.00211142
0.00219261
0.00230686
0.00245565
0.00262481
0.00279703
0.00291686
0.00296073
0.00293806
0.00279012
0.002473
0.00204472
0.00156102
0.00108902
0.000687319
0.00038491
0.000169954
2.13807e-05
3.92336e-05
0.000260711
0.000418035
0.000523596
0.000606425
0.000677795
0.000743577
0.000807689
0.000873186
0.000942605
0.00101798
0.00110061
0.00119081
0.00128766
0.00138903
0.00149187
0.00159265
0.00168785
0.00177432
0.00184954
0.00191169
0.00195972
0.00199282
0.0020082
0.00201122
0.00200293
0.00198601
0.00195599
0.00191411
0.00186459
0.00180997
0.00175344
0.00169791
0.00164636
0.00160098
0.00156335
0.0015343
0.0015137
0.00150217
0.00149765
0.00149727
0.0015025
0.00151178
0.0015246
0.00154001
0.00155767
0.00157717
0.00159829
0.00162086
0.00164482
0.00167012
0.00169675
0.00172458
0.00175344
0.00178322
0.00181389
0.00184512
0.00187688
0.00190927
0.00194269
0.0019777
0.00201483
0.00205622
0.00210709
0.00217479
0.00227012
0.00241311
0.00259568
0.00279008
0.00292877
0.00297891
0.00294593
0.00275882
0.00238057
0.00188954
0.00136303
0.000880924
0.000497519
0.000218204
2.79043e-05
4.3479e-05
0.000284161
0.000450509
0.000561669
0.000648945
0.000724213
0.000793719
0.000861658
0.000931285
0.00100523
0.00108546
0.00117303
0.00126782
0.00136836
0.00147199
0.0015752
0.00167418
0.00176529
0.00184541
0.00191219
0.00196409
0.00199951
0.00201549
0.002018
0.00200758
0.00198627
0.00194995
0.00190122
0.00184447
0.00178247
0.00171894
0.00165748
0.00160137
0.00155317
0.00151439
0.00148557
0.00146689
0.00145813
0.00145555
0.00145763
0.00146546
0.00147708
0.00149166
0.00150852
0.00152717
0.00154731
0.00156877
0.00159149
0.00161546
0.00164074
0.00166742
0.00169556
0.0017252
0.00175643
0.00178923
0.00182285
0.00185654
0.00188971
0.00192172
0.00195249
0.0019821
0.00201228
0.00204507
0.00208228
0.00212522
0.00218221
0.00226549
0.00239329
0.00258462
0.00279729
0.00294466
0.00299234
0.00293511
0.00268133
0.00222356
0.00166805
0.00111262
0.000641165
0.000282628
3.6927e-05
4.76365e-05
0.000306789
0.00048144
0.000597902
0.000689498
0.000768637
0.000841882
0.000913659
0.000987376
0.0010657
0.00115048
0.00124248
0.00134112
0.00144441
0.00154918
0.00165154
0.00174746
0.00183325
0.00190586
0.00196311
0.0020032
0.00202196
0.00202546
0.00201457
0.00199085
0.00195032
0.00189662
0.00183383
0.00176552
0.00169568
0.00162859
0.00156796
0.00151663
0.00147622
0.00144709
0.00142981
0.0014224
0.00142084
0.00142477
0.00143387
0.00144672
0.00146208
0.00147935
0.00149808
0.00151801
0.00153904
0.00156117
0.00158447
0.00160907
0.00163514
0.00166284
0.00169235
0.00172375
0.00175709
0.00179236
0.00182963
0.00186896
0.00190893
0.00194745
0.00198284
0.00201422
0.00204147
0.00206524
0.00208832
0.00211717
0.00215609
0.00220549
0.00227881
0.00239614
0.00259152
0.00282031
0.00296188
0.00299526
0.0028948
0.00253349
0.00198716
0.00137561
0.000815093
0.000364276
4.87702e-05
5.16594e-05
0.000328449
0.000510672
0.000632099
0.000727856
0.000810803
0.000887766
0.000963353
0.00104107
0.00112357
0.00121255
0.00130842
0.00141016
0.00151527
0.00162013
0.00172053
0.00181229
0.0018917
0.00195584
0.00200256
0.00202665
0.00203279
0.00202349
0.00199965
0.00195719
0.00190042
0.00183304
0.00175926
0.00168362
0.00161084
0.00154525
0.00149005
0.00144703
0.00141653
0.00139926
0.0013922
0.00139094
0.00139545
0.00140503
0.00141809
0.00143343
0.00145034
0.00146843
0.00148749
0.00150744
0.00152834
0.0015503
0.0015735
0.00159815
0.00162448
0.00165274
0.00168316
0.00171597
0.00175132
0.00178929
0.00182975
0.00187234
0.001917
0.00196374
0.00200993
0.00205186
0.00208627
0.00211372
0.00213297
0.00214657
0.00216308
0.002193
0.00223896
0.0023042
0.00241884
0.00261669
0.00285642
0.0029756
0.00298274
0.00278816
0.00229811
0.00165874
0.00101511
0.000461824
6.33784e-05
5.55042e-05
0.000349025
0.000538071
0.000664095
0.000763814
0.000850466
0.000931086
0.00101041
0.00109199
0.00117842
0.00127119
0.00137036
0.00147445
0.0015805
0.00168448
0.00178194
0.0018686
0.00194084
0.00199589
0.00202819
0.00203884
0.00203378
0.00201193
0.00197015
0.00191216
0.00184185
0.00176367
0.00168265
0.00160407
0.00153281
0.00147266
0.00142575
0.00139253
0.00137369
0.00136593
0.00136438
0.00136842
0.00137765
0.00139026
0.00140499
0.00142104
0.00143805
0.00145581
0.00147429
0.00149357
0.00151378
0.00153511
0.0015578
0.00158208
0.00160824
0.00163656
0.00166734
0.00170088
0.00173746
0.00177731
0.00182053
0.00186705
0.00191648
0.0019679
0.00202108
0.0020753
0.00212548
0.00216497
0.00219322
0.00220779
0.00221439
0.00222009
0.00223585
0.00227534
0.00233813
0.00245306
0.00266125
0.00289148
0.00298899
0.00292467
0.00257339
0.00194667
0.00123395
0.000571135
8.01132e-05
5.91366e-05
0.000368419
0.000563526
0.000693746
0.000797192
0.000887407
0.000971578
0.00105452
0.00113978
0.00122985
0.00132598
0.00142786
0.00153359
0.00163976
0.00174202
0.0018357
0.00191649
0.00198091
0.00202447
0.00204262
0.00204351
0.00202607
0.00198789
0.00193092
0.0018596
0.00177839
0.00169268
0.00160826
0.00153067
0.00146437
0.00141208
0.00137458
0.00135246
0.00134289
0.00134048
0.00134322
0.00135143
0.00136308
0.00137681
0.00139176
0.00140743
0.00142369
0.00144052
0.00145799
0.00147626
0.00149553
0.00151602
0.00153798
0.00156167
0.00158737
0.00161539
0.00164605
0.00167973
0.00171679
0.0017576
0.00180247
0.00185157
0.00190485
0.00196189
0.0020217
0.00208274
0.0021448
0.00220299
0.00224894
0.00227567
0.0022857
0.00228678
0.00228202
0.00228103
0.00231465
0.00237703
0.00249826
0.00272483
0.00291519
0.00296521
0.00278353
0.00222142
0.00146249
0.000685652
9.85067e-05
6.25281e-05
0.000386554
0.00058695
0.00072094
0.00082784
0.000921433
0.00100901
0.0010954
0.00118413
0.00127752
0.00137656
0.00148059
0.00158727
0.00169283
0.00179265
0.00188189
0.00195619
0.00201194
0.00204199
0.00204997
0.00203956
0.00200813
0.00195507
0.00188509
0.0018027
0.00171343
0.00162351
0.00153915
0.00146561
0.00140644
0.00136296
0.00133558
0.00132295
0.0013191
0.00131987
0.00132647
0.00133681
0.00134928
0.00136294
0.00137723
0.00139194
0.00140706
0.00142268
0.00143896
0.00145611
0.00147435
0.00149392
0.00151506
0.00153804
0.00156314
0.00159065
0.00162093
0.00165436
0.00169136
0.00173239
0.00177792
0.00182837
0.001884
0.00194482
0.00201034
0.00207937
0.00214972
0.00222011
0.00228644
0.00233662
0.00236123
0.00236812
0.00236111
0.00234022
0.00232984
0.00235512
0.00242036
0.00255626
0.00280178
0.00292693
0.00288241
0.00246363
0.00169289
0.000801572
0.000117453
6.56549e-05
0.000403371
0.000608281
0.00074559
0.000855638
0.000952386
0.00104317
0.00113282
0.00122475
0.00132112
0.00142263
0.00152825
0.00163528
0.00173962
0.0018364
0.00192072
0.00198834
0.00203342
0.00205114
0.00205028
0.00202828
0.00198222
0.00191649
0.00183533
0.00174427
0.00164979
0.00155868
0.00147711
0.00140967
0.00135866
0.00132406
0.0013064
0.00129981
0.00129887
0.00130307
0.00131172
0.00132279
0.00133509
0.00134798
0.00136118
0.00137464
0.00138844
0.00140275
0.00141779
0.00143377
0.00145095
0.00146956
0.00148986
0.0015121
0.00153654
0.00156348
0.00159327
0.00162626
0.00166292
0.00170374
0.00174927
0.00180012
0.0018568
0.00191972
0.00198892
0.00206384
0.00214301
0.00222371
0.00230334
0.00237747
0.00242779
0.00244886
0.00245153
0.00243122
0.0023925
0.0023733
0.00239619
0.00246969
0.00263696
0.00284436
0.00290668
0.00266134
0.00192155
0.000921102
0.000137005
6.84977e-05
0.000418827
0.000627481
0.000767638
0.000880499
0.000980143
0.00107392
0.00116658
0.00126144
0.00136043
0.00146396
0.00157068
0.00167753
0.00178012
0.0018734
0.00195239
0.00201271
0.00204626
0.00205545
0.00204496
0.0020094
0.0019512
0.00187431
0.00178397
0.00168666
0.00158957
0.00149971
0.00142284
0.00136247
0.00131953
0.00129426
0.00128329
0.00128027
0.00128171
0.0012882
0.00129765
0.00130857
0.00132011
0.00133187
0.00134375
0.00135582
0.00136822
0.00138118
0.00139493
0.00140971
0.00142579
0.00144342
0.00146285
0.00148433
0.00150813
0.00153451
0.00156381
0.00159637
0.00163262
0.00167306
0.00171829
0.00176898
0.00182586
0.00188962
0.00196077
0.00203939
0.0021248
0.00221513
0.00230685
0.00239632
0.00247665
0.00252337
0.00253901
0.00253216
0.00249305
0.00243498
0.00240841
0.00243758
0.00252821
0.002736
0.00285915
0.00277205
0.00214294
0.00105433
0.000158931
7.10414e-05
0.000432895
0.000644534
0.000787054
0.00090237
0.00100462
0.00110112
0.00119654
0.00129401
0.00139526
0.00150041
0.00160777
0.00171398
0.00181442
0.0019039
0.00197744
0.00202951
0.00205245
0.00205418
0.00203306
0.00198586
0.0019168
0.00183045
0.00173297
0.00163166
0.00153415
0.00144736
0.0013763
0.00132331
0.00128809
0.00127053
0.00126399
0.00126299
0.00126663
0.00127417
0.00128362
0.00129386
0.00130431
0.00131476
0.00132521
0.0013358
0.00134674
0.00135829
0.00137068
0.0013842
0.00139912
0.00141571
0.00143423
0.00145494
0.0014781
0.00150397
0.00153285
0.00156506
0.001601
0.00164113
0.00168602
0.00173638
0.00179303
0.00185684
0.0019287
0.00200924
0.00209855
0.00219571
0.00229818
0.00240125
0.00250063
0.00258207
0.00262112
0.00262958
0.00260516
0.00254017
0.00246486
0.00243613
0.00247922
0.00260967
0.00278353
0.00281143
0.00235569
0.00121497
0.000186164
7.32755e-05
0.000445559
0.000659445
0.000803839
0.000921229
0.00102577
0.00112471
0.00122259
0.00132236
0.00142552
0.00153189
0.0016395
0.00174471
0.00184272
0.00192826
0.00199634
0.00203924
0.00205412
0.00204883
0.00201641
0.00195909
0.00188065
0.00178657
0.00168388
0.00158049
0.00148426
0.00140168
0.0013368
0.00129067
0.00126308
0.00125079
0.00124712
0.00124756
0.00125264
0.00126043
0.00126937
0.00127863
0.00128781
0.00129683
0.00130578
0.00131482
0.00132423
0.00133426
0.00134521
0.00135737
0.00137103
0.00138649
0.00140404
0.00142394
0.00144646
0.00147186
0.00150042
0.00153242
0.00156822
0.00160822
0.00165295
0.00170306
0.0017594
0.00182293
0.00189477
0.00197598
0.00206733
0.00216887
0.0022792
0.00239479
0.00250905
0.00261749
0.00269168
0.00271945
0.00271565
0.00266281
0.00256456
0.00248336
0.00246633
0.0025335
0.00271792
0.00280882
0.00254009
0.00140349
0.000219615
7.5194e-05
0.000456819
0.000672242
0.000818018
0.00093709
0.00104359
0.00114465
0.00124468
0.00134643
0.00145115
0.00155839
0.00166591
0.00176985
0.00186525
0.00194672
0.00200914
0.00204353
0.0020523
0.00203841
0.00199671
0.00193048
0.00184415
0.00174402
0.00163782
0.00153392
0.00144013
0.00136233
0.00130356
0.00126378
0.00124243
0.00123375
0.00123168
0.00123351
0.0012392
0.00124673
0.00125486
0.00126296
0.00127077
0.00127828
0.00128564
0.00129307
0.00130083
0.00130925
0.00131864
0.0013293
0.00134158
0.00135581
0.00137228
0.00139131
0.00141317
0.00143813
0.00146645
0.00149839
0.00153424
0.00157437
0.0016192
0.00166933
0.00172553
0.00178879
0.00186032
0.00194148
0.00203357
0.00213748
0.00225302
0.00237812
0.00250779
0.00263323
0.00274396
0.00280288
0.00281752
0.0027871
0.00269567
0.00255991
0.00249116
0.00250185
0.00261614
0.00274065
0.00265354
0.00160414
0.000256309
7.67951e-05
0.000466686
0.000682972
0.000829645
0.00095
0.0010581
0.00116097
0.00126283
0.00136623
0.00147218
0.00157998
0.00168714
0.00178961
0.0018823
0.00195975
0.00201646
0.0020433
0.00204721
0.00202483
0.00197507
0.00190125
0.0018085
0.00170383
0.00159556
0.0014923
0.00140164
0.00132875
0.00127563
0.00124144
0.00122474
0.00121853
0.0012175
0.00122029
0.00122605
0.001233
0.00124013
0.00124695
0.00125331
0.00125926
0.00126496
0.00127069
0.00127672
0.0012834
0.00129109
0.00130014
0.00131091
0.00132376
0.00133906
0.00135713
0.00137828
0.0014028
0.00143093
0.00146292
0.00149903
0.00153952
0.00158477
0.00163525
0.00169165
0.00175487
0.00182615
0.00190698
0.00199903
0.00210385
0.00222231
0.00235373
0.00249465
0.00263765
0.00277352
0.00287241
0.002911
0.00290544
0.00283101
0.00268893
0.00254288
0.00249683
0.00255503
0.00269194
0.00270007
0.00181349
0.000295455
7.80811e-05
0.000475181
0.000691701
0.000838796
0.000960034
0.00106938
0.00117371
0.00127708
0.00138181
0.00148869
0.00159676
0.00170335
0.00180426
0.0018943
0.00196808
0.00201906
0.00204035
0.0020387
0.00200916
0.00195252
0.00187242
0.00177462
0.00166674
0.00155752
0.00145569
0.00136845
0.0013002
0.00125199
0.00122272
0.00120919
0.00120464
0.00120429
0.00120757
0.00121304
0.00121921
0.00122523
0.00123071
0.00123558
0.00123991
0.0012439
0.00124785
0.00125206
0.00125691
0.00126279
0.00127009
0.00127922
0.00129058
0.00130458
0.00132159
0.00134196
0.00136599
0.00139396
0.00142609
0.0014626
0.0015037
0.00154966
0.00160085
0.00165783
0.00172139
0.00179268
0.00187323
0.00196491
0.00206977
0.00218958
0.00232499
0.0024743
0.0026319
0.00278682
0.00292372
0.00299818
0.00301475
0.00296682
0.00283305
0.00263784
0.00252605
0.00252313
0.00264862
0.00270787
0.00202121
0.00033594
7.90581e-05
0.000482335
0.000698507
0.000845569
0.000967291
0.00107752
0.00118298
0.00128752
0.00139328
0.00150079
0.00160891
0.00171477
0.00181406
0.0019015
0.00197173
0.00201753
0.00203433
0.00202769
0.00199223
0.00192991
0.00184481
0.00174321
0.00163323
0.00152391
0.00142394
0.00134009
0.00127603
0.00123199
0.00120654
0.00119521
0.00119174
0.0011918
0.00119518
0.00120014
0.0012054
0.00121024
0.00121435
0.00121769
0.00122038
0.00122264
0.00122476
0.00122709
0.00123004
0.00123401
0.00123947
0.00124685
0.0012566
0.00126918
0.00128502
0.00130452
0.00132801
0.00135579
0.00138809
0.00142511
0.001467
0.00151394
0.00156618
0.00162413
0.00168844
0.00176013
0.00184066
0.00193197
0.00203642
0.00215647
0.00229394
0.00244882
0.00261749
0.00279075
0.00295544
0.0030724
0.00311516
0.00309627
0.0029805
0.00277584
0.00257451
0.00251604
0.00258318
0.00267473
0.00220625
0.000373933
7.97353e-05
0.000488187
0.000703484
0.000850073
0.000971881
0.00108263
0.00118887
0.00129427
0.00140074
0.00150862
0.00161655
0.00172152
0.00181912
0.00190403
0.00197118
0.00201307
0.00202616
0.00201499
0.00197477
0.00190796
0.00181905
0.00171477
0.0016036
0.00149476
0.00139682
0.0013161
0.00125561
0.00121496
0.00119229
0.00118242
0.00117954
0.00117986
0.00118303
0.00118733
0.00119161
0.00119526
0.00119798
0.0011998
0.00120085
0.00120136
0.00120165
0.00120209
0.00120312
0.00120514
0.00120868
0.00121423
0.00122228
0.00123334
0.0012479
0.00126641
0.00128927
0.00131681
0.00134929
0.00138687
0.00142968
0.00147781
0.00153139
0.00159067
0.00165615
0.00172866
0.00180954
0.00190068
0.00200461
0.00212425
0.00226242
0.00242066
0.00259749
0.00278605
0.00297207
0.00313085
0.00320862
0.00321734
0.0031288
0.00292813
0.00266466
0.00253478
0.00255039
0.00263883
0.00235341
0.000405669
8.01276e-05
0.000492781
0.000706719
0.000852388
0.000973839
0.00108473
0.0011914
0.00129731
0.00140417
0.00151209
0.00161956
0.0017235
0.00181954
0.00190285
0.00196789
0.00200561
0.00201607
0.00200121
0.00195735
0.00188722
0.00179563
0.00168964
0.00157798
0.00146999
0.00137403
0.00129601
0.00123842
0.00120036
0.00117954
0.00117054
0.00116796
0.00116831
0.00117108
0.00117464
0.00117794
0.00118041
0.0011817
0.00118202
0.00118151
0.00118031
0.00117878
0.00117732
0.00117653
0.0011766
0.0011782
0.00118186
0.00118815
0.00119761
0.00121079
0.00122822
0.00125035
0.00127756
0.00131015
0.0013483
0.00139209
0.00144156
0.00149671
0.00155765
0.00162468
0.00169844
0.00178008
0.00187138
0.00197489
0.00209382
0.00223173
0.00239151
0.00257368
0.00277369
0.00297905
0.00317026
0.00329351
0.00332862
0.00327176
0.00308263
0.00279535
0.00257146
0.00253346
0.00261107
0.00245099
0.00042735
8.02189e-05
0.000496133
0.000708244
0.000852495
0.000973429
0.00108416
0.00119085
0.00129685
0.00140375
0.00151155
0.00161869
0.00172204
0.00181715
0.00189872
0.00196102
0.001996
0.00200449
0.00198687
0.00194047
0.00186811
0.00177487
0.001668
0.00155641
0.00144944
0.00135527
0.00127944
0.00122401
0.00118776
0.00116801
0.00115941
0.00115688
0.00115707
0.00115932
0.0011621
0.00116442
0.00116558
0.00116567
0.00116462
0.00116256
0.00115973
0.00115648
0.00115324
0.00115046
0.00114882
0.00114855
0.00115032
0.00115481
0.00116262
0.00117435
0.00119059
0.00121187
0.00123865
0.00127127
0.00130994
0.00135473
0.00140562
0.00146252
0.00152536
0.00159426
0.00166966
0.00175247
0.00184431
0.00194763
0.0020658
0.00220289
0.00236294
0.00254837
0.00275728
0.00298006
0.00319714
0.00336551
0.00343256
0.00340942
0.00324201
0.002944
0.0026338
0.00252816
0.0025769
0.00249951
0.000437986
8.00781e-05
0.000498244
0.000708216
0.000851385
0.000971475
0.00108174
0.00118826
0.0012942
0.00140099
0.0015085
0.00161507
0.00171746
0.00181113
0.0018908
0.00195127
0.00198454
0.00199175
0.00197234
0.00192445
0.00185094
0.00175698
0.00164994
0.00153886
0.00143297
0.00134027
0.00126605
0.00121207
0.0011769
0.00115755
0.00114892
0.0011462
0.00114611
0.00114775
0.00114974
0.00115095
0.00115111
0.00115003
0.00114767
0.00114419
0.00113986
0.00113502
0.00113011
0.0011256
0.00112202
0.0011202
0.00112015
0.00112287
0.00112901
0.00113924
0.00115421
0.00117454
0.00120076
0.0012333
0.0012724
0.00131815
0.00137049
0.00142922
0.00149416
0.0015652
0.00164257
0.00172693
0.00181968
0.00192313
0.00204064
0.00217661
0.00233596
0.00252276
0.0027376
0.00297381
0.0032135
0.00342308
0.00352959
0.00353811
0.00339986
0.00310417
0.00272793
0.00253892
0.00254996
0.00252113
0.000442563
7.97256e-05
0.000499435
0.000707341
0.000848614
0.000967351
0.00107679
0.00118283
0.00128845
0.00139488
0.00150184
0.00160758
0.0017089
0.00180142
0.00187992
0.00193913
0.00197153
0.00197813
0.00195793
0.00190955
0.00183587
0.00174207
0.00163547
0.00152524
0.00142043
0.00132884
0.00125561
0.00120238
0.0011676
0.00114806
0.00113903
0.00113586
0.0011354
0.00113637
0.00113748
0.00113781
0.00113702
0.00113486
0.00113133
0.00112659
0.00112091
0.00111465
0.00110824
0.00110217
0.00109696
0.00109334
0.00109187
0.00109287
0.00109738
0.0011061
0.00111975
0.00113904
0.00116459
0.0011969
0.00123631
0.00128294
0.0013367
0.00139732
0.00146446
0.00153785
0.00161746
0.00170371
0.00179773
0.00190161
0.00201865
0.0021534
0.00231142
0.00249819
0.00271662
0.00296305
0.00322228
0.00346431
0.00361977
0.00365808
0.00355359
0.00326314
0.00285752
0.00256698
0.002527
0.00252779
0.000443952
7.90977e-05
0.000499362
0.000705128
0.000844155
0.000961364
0.00106973
0.00117496
0.00127989
0.00138565
0.0014919
0.00159681
0.00169721
0.00178877
0.00186639
0.00192488
0.00195719
0.00196387
0.0019438
0.00189592
0.00182301
0.00173015
0.00162458
0.00151546
0.00141168
0.00132081
0.00124799
0.00119482
0.00115979
0.00113954
0.00112974
0.00112589
0.00112493
0.00112518
0.00112547
0.00112503
0.00112335
0.00112025
0.00111571
0.0011099
0.00110307
0.0010956
0.0010879
0.00108047
0.00107385
0.00106863
0.00106574
0.0010653
0.00106825
0.0010755
0.00108783
0.00110601
0.00113078
0.00116274
0.00120233
0.00124971
0.00130481
0.00136731
0.00143673
0.0015126
0.00159466
0.00168306
0.00177866
0.00188329
0.00200008
0.00213363
0.00228994
0.00247562
0.00269575
0.00294969
0.00322529
0.00349623
0.00369911
0.0037715
0.00370371
0.00342822
0.00299794
0.0026136
0.00251001
0.00252043
0.000442495
7.83121e-05
0.000498665
0.000701605
0.00083836
0.000953808
0.00106083
0.00116498
0.00126897
0.00137384
0.00147919
0.00158319
0.00168269
0.00177345
0.00185051
0.00190877
0.00194171
0.00194914
0.00193009
0.00188361
0.00181234
0.00172115
0.00161717
0.00150936
0.00140651
0.00131601
0.00124306
0.00118933
0.00115344
0.00113205
0.00112111
0.00111634
0.00111467
0.00111419
0.00111378
0.00111261
0.00111018
0.00110628
0.00110091
0.00109422
0.00108646
0.001078
0.00106925
0.0010607
0.0010529
0.00104642
0.00104209
0.00104048
0.00104202
0.00104789
0.00105893
0.00107598
0.0010999
0.00113141
0.00117103
0.00121904
0.00127538
0.00133969
0.00141139
0.00148983
0.00157449
0.00166526
0.00176269
0.00186834
0.00198511
0.00211755
0.00227192
0.00245572
0.00267595
0.00293513
0.00322502
0.00351991
0.00376757
0.00387784
0.00384773
0.00359409
0.003151
0.00268232
0.00250098
0.0024939
0.000436724
7.74856e-05
0.000496969
0.000697122
0.000831412
0.00094489
0.00105034
0.00115317
0.00125598
0.00135974
0.00146401
0.001567
0.00166562
0.00175574
0.00183252
0.00189098
0.00192518
0.00193402
0.00191681
0.00187258
0.00180378
0.00171503
0.00161334
0.00150764
0.00140596
0.00131548
0.0012415
0.00118614
0.00114868
0.00112572
0.00111326
0.00110731
0.00110472
0.00110351
0.00110241
0.00110058
0.00109752
0.00109299
0.00108698
0.00107962
0.00107116
0.00106195
0.0010524
0.00104299
0.00103426
0.00102679
0.00102125
0.00101859
0.00101895
0.00102358
0.00103341
0.00104937
0.00107241
0.00110338
0.00114293
0.00119144
0.0012489
0.00131494
0.00138889
0.00146992
0.00155727
0.00165056
0.00175003
0.00185692
0.00197387
0.00210532
0.00225762
0.00243893
0.00265786
0.0029198
0.00322036
0.00353716
0.0038242
0.00397867
0.00398476
0.00375871
0.0033081
0.00277106
0.00249819
0.00246414
0.000430854
7.65957e-05
0.000493849
0.000691703
0.000823469
0.000934814
0.00103849
0.00113977
0.00124118
0.00134363
0.00144667
0.00154855
0.00164628
0.00173586
0.00181261
0.00187167
0.00190765
0.00191856
0.00190393
0.00186276
0.00179723
0.00171177
0.00161325
0.00150892
0.00140778
0.00131716
0.00124244
0.00118571
0.00114581
0.0011207
0.00110635
0.00109889
0.00109521
0.00109317
0.0010914
0.001089
0.00108542
0.00108041
0.00107394
0.00106612
0.00105718
0.00104746
0.00103736
0.00102735
0.00101795
0.00100973
0.00100333
0.000999702
0.000999136
0.00100271
0.00101147
0.00102642
0.0010486
0.00107901
0.00111841
0.00116731
0.00122578
0.00129347
0.0013696
0.00145321
0.00154329
0.0016392
0.00174086
0.00184938
0.00196687
0.00209731
0.00224722
0.00242561
0.00264216
0.00290493
0.00321352
0.00354968
0.00386889
0.00407496
0.00411486
0.00392198
0.00346504
0.00288139
0.00250513
0.00242748
0.00042369
7.55345e-05
0.000489618
0.000685436
0.000814678
0.000923776
0.0010255
0.00112504
0.00122485
0.00132579
0.00142744
0.00152811
0.00162493
0.00171406
0.00179097
0.00185097
0.00188914
0.00190274
0.00189136
0.00185397
0.00179249
0.00171103
0.00161507
0.0015128
0.00141263
0.00132172
0.00124567
0.00118704
0.00114516
0.00111726
0.00110058
0.0010913
0.00108629
0.0010833
0.00108082
0.00107788
0.00107388
0.00106853
0.00106177
0.00105367
0.00104447
0.00103447
0.00102407
0.00101371
0.0010039
0.000995192
0.00098822
0.000983816
0.000982546
0.000985282
0.000993139
0.00100721
0.00102863
0.0010585
0.00109774
0.00114696
0.00120636
0.0012756
0.00135384
0.00143999
0.00153278
0.00163146
0.00173571
0.0018459
0.00196396
0.00209367
0.00224125
0.00241593
0.00262924
0.00289111
0.00320509
0.00355748
0.00390647
0.0041621
0.00423947
0.00408341
0.00362871
0.00300053
0.00252467
0.0023911
0.000417057
7.42998e-05
0.000484398
0.000678411
0.000805171
0.000911951
0.00101159
0.00110921
0.00120723
0.00130649
0.00140659
0.00150595
0.00160182
0.00169054
0.00176778
0.00182897
0.00186963
0.0018865
0.00187895
0.00184599
0.00178918
0.00171202
0.00161974
0.00152045
0.00142155
0.00133034
0.00125245
0.00119088
0.00114626
0.00111574
0.00109625
0.00108477
0.00107815
0.00107403
0.00107076
0.00106728
0.00106292
0.00105734
0.00105042
0.00104223
0.00103296
0.0010229
0.00101241
0.00100193
0.000991945
0.000983003
0.000975713
0.000970814
0.000969024
0.000971154
0.000978324
0.000991697
0.0010125
0.00104193
0.00108105
0.0011306
0.00119087
0.00126159
0.00134185
0.00143051
0.00152626
0.00162776
0.00173392
0.00184523
0.00196369
0.00209297
0.00223904
0.00241026
0.00261932
0.00287881
0.0031958
0.00356117
0.00393758
0.00424091
0.00435824
0.00424125
0.00379464
0.00313062
0.0025549
0.00235297
0.000410413
7.29045e-05
0.000478254
0.000670696
0.000795056
0.000899491
0.000996937
0.00109251
0.00118857
0.00128599
0.0013844
0.00148233
0.00157719
0.00166552
0.00174317
0.00180575
0.00184906
0.00186973
0.0018665
0.00183856
0.00178699
0.00171476
0.00162728
0.00153116
0.00143387
0.00134251
0.00126285
0.00119836
0.00114981
0.0011163
0.00109372
0.00107963
0.00107105
0.00106554
0.00106135
0.00105727
0.00105257
0.00104682
0.00103987
0.00103172
0.00102255
0.0010126
0.00100222
0.000991827
0.00098189
0.000972936
0.000965562
0.000960448
0.00095835
0.000960111
0.000966814
0.000979711
0.00100009
0.00102925
0.00106837
0.00111829
0.00117943
0.00125165
0.00133408
0.00142536
0.00152363
0.00162707
0.00173526
0.00184825
0.00196737
0.00209595
0.00223982
0.00240811
0.00261233
0.00286835
0.00318637
0.0035623
0.00396314
0.0043113
0.00447149
0.00439554
0.00396314
0.00326758
0.00259763
0.00231705
0.000404759
7.14052e-05
0.000471382
0.000662403
0.000784451
0.000886534
0.000981724
0.00107513
0.00116911
0.00126453
0.00136111
0.00145749
0.00155127
0.00163918
0.00171729
0.00178141
0.00182748
0.0018522
0.00185366
0.00183147
0.00178575
0.00171937
0.00163696
0.00154466
0.00144946
0.00135827
0.00127695
0.00120939
0.00115702
0.00111912
0.00109368
0.00107634
0.00106535
0.00105813
0.00105279
0.00104799
0.0010429
0.001037
0.00103007
0.00102207
0.00101311
0.00100342
0.000993323
0.000983198
0.000973499
0.000964735
0.000957487
0.000952417
0.000950283
0.0009519
0.000958347
0.000971035
0.000991241
0.00102036
0.00105969
0.00111027
0.00117254
0.00124633
0.00133069
0.00142376
0.00152403
0.00163005
0.00174051
0.00185511
0.00197487
0.00210278
0.00224442
0.00240876
0.00260865
0.00285983
0.003177
0.00356134
0.00398396
0.00437274
0.00457944
0.00454565
0.00413351
0.00340997
0.00265125
0.00228264
0.000399887
6.9788e-05
0.00046378
0.000653612
0.000773461
0.000873212
0.000966108
0.00105726
0.00114904
0.00124234
0.00133696
0.00143168
0.00152428
0.00161171
0.00169027
0.00175597
0.00180491
0.00183378
0.00184033
0.0018242
0.00178511
0.00172508
0.00164843
0.00156063
0.00146815
0.00137762
0.00129493
0.00122435
0.00116793
0.0011255
0.00109569
0.0010756
0.0010616
0.00105221
0.00104538
0.00103966
0.00103405
0.00102795
0.00102104
0.00101323
0.00100457
0.000995257
0.000985565
0.000975856
0.000966557
0.00095816
0.000951234
0.000946433
0.000944519
0.000946224
0.000952686
0.000965564
0.000986026
0.0010155
0.00105534
0.00110662
0.00116982
0.00124466
0.0013304
0.00142567
0.0015285
0.00163694
0.00174947
0.0018655
0.00198579
0.00211302
0.00225244
0.00241286
0.00260749
0.00285304
0.00316755
0.00355746
0.00399992
0.00442528
0.00468316
0.00469122
0.00430479
0.00355577
0.00271842
0.00225254
0.000396654
6.80703e-05
0.00045549
0.000644373
0.000762174
0.00085964
0.000950233
0.00103908
0.00112856
0.00121964
0.00131218
0.00140511
0.00149641
0.00158327
0.00166223
0.0017295
0.00178133
0.00181442
0.00182631
0.00181637
0.0017846
0.00173146
0.00166122
0.00157866
0.00148965
0.00140046
0.00131692
0.00124359
0.0011831
0.00113603
0.00110122
0.00107718
0.00106048
0.00104837
0.00103962
0.00103263
0.00102628
0.00101984
0.00101289
0.00100525
0.000996924
0.000988042
0.000978846
0.000969662
0.000960893
0.000953015
0.000946587
0.00094226
0.000940815
0.000942897
0.000949786
0.000963155
0.000984022
0.00101388
0.00105417
0.00110605
0.00117019
0.00124657
0.00133429
0.00143174
0.00153684
0.00164746
0.00176186
0.00187915
0.00199984
0.00212627
0.00226339
0.00241975
0.00260853
0.00284793
0.00315824
0.00355124
0.00401053
0.00446956
0.00478267
0.00483184
0.0044773
0.003708
0.00279317
0.00222515
0.000395141
6.63016e-05
0.000446698
0.000634781
0.00075067
0.00084592
0.000934223
0.00102074
0.00110786
0.00119662
0.00128698
0.001378
0.00146789
0.00155405
0.00163329
0.00170204
0.0017567
0.00179401
0.00181141
0.00180765
0.00178373
0.00173803
0.00167484
0.00159828
0.00151359
0.00142659
0.00134292
0.00126735
0.001203
0.00115118
0.00111143
0.00108218
0.00106193
0.00104734
0.00103613
0.00102745
0.00102001
0.00101299
0.00100584
0.000998284
0.000990249
0.000981805
0.000973144
0.000964555
0.000956414
0.000949182
0.00094341
0.000939765
0.000939057
0.000941644
0.000949083
0.000963005
0.000984521
0.00101515
0.00105637
0.00110938
0.00117487
0.00125281
0.00134232
0.00144172
0.00154884
0.00166138
0.00177738
0.00189572
0.00201661
0.00214211
0.00227685
0.00242907
0.00261192
0.00284434
0.00314905
0.00354284
0.00401564
0.0045073
0.00487442
0.00496814
0.00464993
0.00386631
0.00287873
0.00220325
0.000394816
6.44926e-05
0.000437458
0.000624878
0.000739023
0.000832145
0.000918192
0.00100237
0.0010871
0.00117347
0.00126155
0.00135055
0.00143889
0.00152422
0.00160359
0.00167366
0.00173102
0.00177247
0.0017954
0.00179802
0.00178174
0.00174438
0.00168875
0.00161893
0.00153947
0.00145562
0.00137277
0.00129571
0.001228
0.00117155
0.00112667
0.00109238
0.00106699
0.00104904
0.00103571
0.00102485
0.00101586
0.0010079
0.00100028
0.000992631
0.000984773
0.000976706
0.000968567
0.0009606
0.000953151
0.000946661
0.000941678
0.000938873
0.000938972
0.000942269
0.000950669
0.000965595
0.000988175
0.00101995
0.00106239
0.00111672
0.00118364
0.00126313
0.00135428
0.00145541
0.00156425
0.00167839
0.00179568
0.0019148
0.00203567
0.00216007
0.00229229
0.00244025
0.00261695
0.00284184
0.0031398
0.00353254
0.00401708
0.00453864
0.00495873
0.00509978
0.00482262
0.00403009
0.00297296
0.00218583
0.00039698
6.26523e-05
0.000427818
0.000614702
0.00072729
0.000818389
0.000902233
0.000984095
0.00106641
0.00115034
0.00123607
0.00132296
0.00140962
0.00149395
0.00157326
0.00164446
0.00170432
0.00174974
0.00177807
0.00178736
0.00177816
0.00174983
0.00170232
0.00163997
0.00156665
0.00148704
0.00140611
0.00132859
0.00125827
0.00119763
0.00114768
0.0011081
0.00107763
0.00105473
0.00103806
0.00102529
0.00101462
0.00100529
0.000996825
0.000988798
0.000980915
0.000973092
0.000965396
0.000958025
0.000951288
0.000945611
0.000941526
0.000939725
0.000940685
0.000945087
0.000954816
0.00097104
0.000995003
0.00102822
0.00107215
0.00112798
0.0011964
0.00127736
0.00136998
0.00147256
0.00158278
0.00169814
0.00181637
0.00193592
0.0020565
0.00217958
0.00230912
0.00245271
0.00262308
0.00283997
0.00313009
0.00351987
0.004014
0.00456311
0.0050349
0.0052266
0.0049948
0.00419972
0.00307775
0.00217674
0.000401825
6.07905e-05
0.000417837
0.000604298
0.000715515
0.000804713
0.000886426
0.000966008
0.00104592
0.00112739
0.00121071
0.00129539
0.00138023
0.0014634
0.00154245
0.00161454
0.00167664
0.00172578
0.00175934
0.00177526
0.00177285
0.0017537
0.00171496
0.00166071
0.00159442
0.00152014
0.00144237
0.00136561
0.00129375
0.00122969
0.00117506
0.0011302
0.00109448
0.00106662
0.00104513
0.00102901
0.0010163
0.0010057
0.000996267
0.000987538
0.000979329
0.00097152
0.000964116
0.000957254
0.000951195
0.000946314
0.000943225
0.000942599
0.000944544
0.000950359
0.000961731
0.000979534
0.00100516
0.00104009
0.0010857
0.00114314
0.00121305
0.00129536
0.00138921
0.00149288
0.00160407
0.00172022
0.00183895
0.00195857
0.00207853
0.00220005
0.00232675
0.00246583
0.00262971
0.0028382
0.00311952
0.00350442
0.00400522
0.00458039
0.00510232
0.00534815
0.00516599
0.00437497
0.00319203
0.0021731
0.000409268
5.89198e-05
0.000407582
0.000593703
0.000703731
0.000791164
0.000870835
0.000948193
0.00102574
0.00110475
0.00118561
0.001268
0.00135092
0.00143275
0.00151131
0.00158402
0.00164805
0.0017006
0.00173908
0.00176139
0.00176613
0.00175486
0.00172604
0.00168045
0.00162199
0.0015541
0.00148078
0.00140615
0.00133408
0.0012677
0.00120912
0.00115934
0.00111833
0.00108535
0.0010592
0.00103849
0.00102233
0.00100939
0.00099851
0.000988973
0.000980331
0.000972384
0.000965099
0.000958599
0.00095316
0.000949224
0.000947345
0.000947876
0.000951084
0.000958645
0.000971769
0.00099141
0.00101893
0.00105574
0.00110315
0.00116221
0.00123351
0.00131696
0.00141168
0.00151602
0.0016277
0.00174414
0.0018629
0.00198214
0.00210115
0.00222083
0.00234451
0.00247896
0.00263623
0.00283602
0.00310774
0.0034861
0.00399105
0.00458887
0.00516013
0.00546402
0.00533554
0.00455652
0.00331709
0.0021735
0.000420119
5.70522e-05
0.00039712
0.000582945
0.000691967
0.000777777
0.000855508
0.000930719
0.00100595
0.00108251
0.00116091
0.00124096
0.00132184
0.00140216
0.00148
0.00155303
0.00161867
0.00167425
0.00171728
0.00174564
0.0017578
0.00175394
0.00173502
0.0016985
0.00164853
0.00158801
0.00152037
0.00144933
0.00137855
0.00131123
0.00124983
0.00119587
0.00114992
0.00111178
0.00108068
0.00105558
0.00103535
0.00101895
0.00100557
0.000994436
0.00098485
0.000976469
0.000969175
0.000963034
0.000958294
0.00095535
0.00095472
0.000956278
0.000961023
0.000970539
0.000985523
0.00100714
0.00103668
0.00107545
0.00112464
0.00118521
0.00125767
0.00134191
0.00143707
0.00154156
0.00165316
0.00176933
0.00188759
0.00200601
0.00212368
0.00224125
0.00236171
0.00249142
0.00264202
0.00283282
0.00309428
0.00346463
0.00397163
0.00459127
0.00520863
0.0055737
0.00550266
0.00474393
0.00345322
0.00218735
0.000435114
5.51978e-05
0.000386517
0.000572052
0.000680239
0.000764575
0.000840481
0.000913634
0.000986617
0.00106077
0.00113672
0.00121439
0.00129314
0.00137179
0.00144869
0.00152175
0.0015886
0.00164679
0.00169393
0.00172792
0.00174717
0.00175087
0.00174048
0.00171419
0.00167316
0.00162083
0.00156004
0.00149402
0.00142612
0.00135947
0.00129669
0.00123969
0.00118955
0.00114662
0.00111061
0.00108084
0.00105644
0.00103647
0.00102009
0.00100654
0.000995292
0.000985946
0.000978272
0.000972231
0.000967958
0.00096586
0.000966244
0.000968914
0.000975348
0.000986697
0.00100363
0.00102727
0.00105881
0.00109944
0.00115025
0.00121207
0.00128532
0.00136988
0.00146494
0.00156898
0.00167988
0.00179517
0.00191238
0.00202949
0.00214543
0.00226061
0.00237765
0.00250249
0.00264624
0.00282798
0.00307865
0.00343954
0.00394609
0.00458522
0.00524695
0.00567701
0.00566596
0.00493685
0.00360019
0.00220811
0.000454134
5.33648e-05
0.000375834
0.000561044
0.000668558
0.00075157
0.000825776
0.000896977
0.000967799
0.00103961
0.00111313
0.0011884
0.00126496
0.00134182
0.00141755
0.00149033
0.00155803
0.00161837
0.00166912
0.00170822
0.00173399
0.00174529
0.00174224
0.00172643
0.00169503
0.00165159
0.00159863
0.00153893
0.00147547
0.00141118
0.0013487
0.00129015
0.001237
0.00119008
0.00114957
0.00111522
0.00108648
0.00106262
0.00104291
0.00102668
0.00101336
0.00100255
0.000993983
0.000987571
0.000983426
0.000981995
0.000983068
0.000986876
0.000994957
0.001008
0.00102677
0.0010523
0.00108566
0.00112791
0.00117999
0.00124262
0.00131615
0.00140044
0.00149475
0.00159766
0.0017072
0.00182097
0.00193655
0.00205187
0.00216569
0.00227819
0.00239165
0.00251155
0.00264807
0.00282093
0.0030604
0.00341051
0.00391403
0.00456884
0.00527309
0.00577403
0.00582401
0.00513478
0.00375901
0.00224159
0.000478323
5.15609e-05
0.000365127
0.000549939
0.000656924
0.000738766
0.000811404
0.000880767
0.000949531
0.00101909
0.00109023
0.00116312
0.00123743
0.00131237
0.00138675
0.00145896
0.00152712
0.00158916
0.00164297
0.0016866
0.00171836
0.00173696
0.0017416
0.00173431
0.00171356
0.00167934
0.00163497
0.0015827
0.00152511
0.00146484
0.00140441
0.00134601
0.00129138
0.00124169
0.00119755
0.00115914
0.00112624
0.00109844
0.00107518
0.00105591
0.00104014
0.00102745
0.00101759
0.00101044
0.00100607
0.001005
0.00100654
0.00101124
0.00102071
0.00103521
0.00105555
0.00108265
0.00111745
0.00116086
0.00121369
0.00127653
0.00134969
0.00143302
0.00152586
0.00162693
0.0017344
0.00184601
0.00195938
0.00207242
0.00218375
0.00229331
0.00240302
0.00251779
0.00264774
0.00281128
0.00303909
0.00337729
0.00387552
0.00454305
0.00528584
0.00586092
0.00597649
0.00533721
0.00392919
0.00228568
0.000507651
4.97928e-05
0.000354451
0.000538749
0.000645332
0.000726156
0.000797367
0.000865017
0.000931835
0.000999237
0.00106808
0.00113862
0.00121066
0.00128361
0.00135646
0.00142784
0.00149608
0.00155934
0.00161568
0.00166323
0.00170034
0.0017257
0.00173853
0.00173824
0.00172747
0.0017033
0.00166798
0.001624
0.00157347
0.0015187
0.00146202
0.00140557
0.00135117
0.00130025
0.00125375
0.00121221
0.00117578
0.00114434
0.00111761
0.0010952
0.00107673
0.00106185
0.00105034
0.00104206
0.00103708
0.00103594
0.00103771
0.00104295
0.00105333
0.00106888
0.00109034
0.0011185
0.00115417
0.0011981
0.00125098
0.00131331
0.00138532
0.00146692
0.00155752
0.001656
0.0017607
0.00186951
0.00198012
0.00209041
0.0021989
0.00230527
0.00241096
0.00252035
0.00264389
0.00279832
0.00301424
0.0033395
0.00383032
0.00450827
0.00528967
0.00593703
0.00612258
0.00554289
0.00411102
0.00234292
0.000543059
4.80665e-05
0.000343859
0.00052749
0.000633772
0.000713727
0.000783655
0.000849725
0.000914723
0.000980092
0.00104672
0.00111498
0.00118477
0.00125567
0.00132685
0.00139715
0.00146514
0.00152916
0.00158747
0.00163831
0.00168009
0.00171146
0.00173147
0.00173892
0.00173596
0.00172251
0.00169664
0.00166155
0.001619
0.00157098
0.00151956
0.00146674
0.00141434
0.00136388
0.00131656
0.00127317
0.00123421
0.00119985
0.00117007
0.0011447
0.00112353
0.00110633
0.00109291
0.00108318
0.00107719
0.00107549
0.00107719
0.00108249
0.00109315
0.00110917
0.00113112
0.00115966
0.00119546
0.00123913
0.00129124
0.00135221
0.00142225
0.0015013
0.00158889
0.00168405
0.00178531
0.0018907
0.00199803
0.00210515
0.00221047
0.00231317
0.00241453
0.0025196
0.00263639
0.00278164
0.00298543
0.00329675
0.00377781
0.00446285
0.00528148
0.0060004
0.00626084
0.0057508
0.00430417
0.00241327
0.000584807
4.6388e-05
0.000333401
0.000516176
0.000622232
0.000701457
0.000770248
0.000834881
0.000898198
0.000961669
0.00102621
0.00109226
0.00115985
0.00122867
0.00129808
0.0013671
0.00143452
0.00149888
0.00155861
0.00161211
0.00165784
0.00169449
0.001721
0.0017366
0.00174094
0.00173576
0.00172034
0.00169432
0.00166033
0.00161998
0.00157504
0.00152732
0.00147854
0.00143024
0.00138372
0.00133999
0.00129977
0.00126351
0.00123144
0.00120363
0.00118003
0.00116057
0.00114516
0.00113375
0.00112641
0.00112363
0.00112493
0.00112976
0.00113994
0.00115575
0.00117744
0.00120554
0.0012406
0.00128313
0.00133358
0.00139231
0.00145954
0.00153524
0.00161906
0.00171022
0.00180741
0.00190884
0.00201242
0.00211597
0.00221741
0.00231646
0.00241449
0.00251451
0.00262465
0.00276081
0.00295231
0.0032488
0.00371772
0.00440587
0.00525724
0.00604946
0.00638978
0.00595956
0.00450858
0.00249925
0.000633648
4.47622e-05
0.000323127
0.000504826
0.000610699
0.000689322
0.000757123
0.000820468
0.000882254
0.000943977
0.00100657
0.00107053
0.00113598
0.00120274
0.0012703
0.00133789
0.00140446
0.00146877
0.00152941
0.00158494
0.00163393
0.00167508
0.00170733
0.00172998
0.00174162
0.00174397
0.00173765
0.00172155
0.00169634
0.00166421
0.00162662
0.00158515
0.00154136
0.00149673
0.00145259
0.00141003
0.00136996
0.00133302
0.00129966
0.00127015
0.00124466
0.00122324
0.00120593
0.00119276
0.00118384
0.00117951
0.00118005
0.00118388
0.00119283
0.00120769
0.0012283
0.00125509
0.00128852
0.00132898
0.00137687
0.00143251
0.00149611
0.00156772
0.00164711
0.00173365
0.00182622
0.0019232
0.00202251
0.00212168
0.00221973
0.00231563
0.00240957
0.00250464
0.00260827
0.00273546
0.00291461
0.00319548
0.00365005
0.00433771
0.0052182
0.00607815
0.00650807
0.00616724
0.00472364
0.00260082
0.00068977
4.31938e-05
0.000313083
0.000493457
0.000599159
0.000677293
0.000744247
0.000806461
0.000866878
0.000927018
0.000987811
0.00104982
0.00111324
0.00117798
0.00124368
0.00130971
0.00137522
0.00143913
0.00150022
0.00155718
0.00160872
0.0016536
0.00169074
0.00171934
0.00173869
0.00174825
0.00174892
0.00174211
0.00172622
0.00170251
0.00167277
0.00163832
0.00160055
0.00156081
0.00152038
0.00148039
0.00144182
0.00140546
0.00137192
0.00134164
0.00131495
0.00129206
0.00127313
0.00125829
0.00124768
0.00124157
0.00124064
0.00124323
0.00125039
0.0012635
0.00128221
0.00130685
0.00133777
0.00137532
0.00141983
0.0014716
0.00153087
0.00159775
0.00167212
0.00175352
0.00184101
0.00193298
0.00202728
0.00212285
0.00221736
0.00230949
0.0023994
0.00248965
0.00258695
0.00270535
0.0028721
0.00313661
0.0035745
0.00425763
0.00516423
0.00608905
0.00661482
0.0063716
0.00494933
0.00272006
0.000753695
4.16868e-05
0.00030331
0.000482093
0.000587597
0.000665339
0.000731589
0.000792833
0.000852054
0.000910788
0.000969963
0.00103018
0.0010917
0.0011545
0.00121836
0.00128277
0.00134704
0.00141026
0.00147137
0.00152924
0.00158266
0.0016305
0.00167171
0.00170544
0.00173109
0.00174753
0.00175586
0.00175575
0.00174906
0.00173408
0.00171232
0.0016853
0.00165419
0.00162021
0.00158452
0.00154824
0.00151235
0.00147773
0.00144508
0.00141497
0.00138787
0.00136411
0.00134398
0.00132768
0.00131543
0.00130748
0.00130438
0.00130564
0.00131064
0.00132117
0.0013373
0.00135906
0.00138674
0.00142065
0.00146108
0.00150834
0.0015627
0.00162433
0.00169325
0.00176911
0.00185101
0.00193739
0.00202751
0.00211884
0.00220941
0.00229777
0.00238372
0.0024693
0.00256049
0.00267029
0.00282467
0.00307215
0.00349096
0.00416474
0.00509264
0.00608691
0.00670783
0.00656917
0.00518477
0.00285757
0.000825528
4.02449e-05
0.00029385
0.000470756
0.000576006
0.000653432
0.000719113
0.000779554
0.000837763
0.000895286
0.00095304
0.00101166
0.00107143
0.00113242
0.00119449
0.00125726
0.00132017
0.00138247
0.00144326
0.00150154
0.00155624
0.0016063
0.00165076
0.00168874
0.00171957
0.0017428
0.00175725
0.00176462
0.00176433
0.00175816
0.00174456
0.00172501
0.00170084
0.0016731
0.00164283
0.00161107
0.00157879
0.00154685
0.00151602
0.00148695
0.0014602
0.00143621
0.00141534
0.00139791
0.00138417
0.00137439
0.00136895
0.00136836
0.00137114
0.00137854
0.00139155
0.00140986
0.00143373
0.00146343
0.00149927
0.00154154
0.00159057
0.00164661
0.00170974
0.00177966
0.00185547
0.00193701
0.00202219
0.00210908
0.00219564
0.00228026
0.00236237
0.00244347
0.00252877
0.00263021
0.0027723
0.00300221
0.0033996
0.00405852
0.00499913
0.00605296
0.00678359
0.00675669
0.00542972
0.00301566
0.000905516
3.88716e-05
0.000284739
0.000459475
0.000564377
0.000641544
0.000706789
0.000766599
0.000823992
0.000880515
0.000937066
0.000994289
0.00105251
0.00111185
0.00117224
0.0012334
0.00129489
0.00135611
0.00141628
0.00147454
0.00152997
0.0015816
0.00162852
0.00166989
0.00170502
0.00173337
0.00175442
0.0017678
0.00177449
0.0017743
0.00176887
0.00175685
0.00173957
0.00171821
0.00169369
0.00166694
0.00163885
0.00161028
0.00158199
0.00155467
0.00152893
0.00150528
0.00148416
0.00146594
0.00145095
0.00143948
0.00143186
0.00142857
0.00142939
0.00143364
0.00144292
0.00145742
0.0014771
0.00150225
0.00153315
0.00157016
0.00161361
0.00166383
0.00172091
0.00178446
0.00185492
0.00193093
0.00201105
0.00209341
0.00217595
0.00225687
0.00233527
0.00241208
0.00249174
0.00258508
0.00271501
0.00292694
0.00330093
0.00394011
0.00488627
0.00599293
0.00683901
0.0069314
0.00568309
0.00319543
0.000993473
3.75703e-05
0.000276014
0.000448283
0.000552712
0.000629653
0.000694589
0.000753949
0.000810737
0.000866488
0.000922078
0.000978147
0.00103504
0.00109292
0.00115177
0.0012114
0.00127147
0.00133149
0.00139083
0.00144874
0.00150442
0.00155701
0.00160567
0.00164962
0.00168816
0.00172074
0.00174699
0.00176614
0.00177868
0.00178497
0.00178504
0.00178042
0.00176999
0.00175485
0.00173608
0.00171449
0.0016909
0.00166609
0.00164081
0.00161575
0.00159152
0.00156869
0.00154774
0.00152908
0.0015131
0.00150012
0.00149048
0.00148454
0.00148268
0.00148432
0.00148969
0.00150015
0.00151545
0.00153586
0.00156169
0.00159332
0.00163112
0.00167539
0.00172609
0.00178405
0.00184861
0.00191904
0.00199404
0.00207182
0.00215034
0.00222762
0.00230243
0.00237516
0.00244944
0.00253494
0.00265287
0.00284649
0.00319521
0.00380962
0.00475316
0.00590466
0.00686375
0.0070909
0.00594329
0.00339757
0.00108924
3.6345e-05
0.000267712
0.000437217
0.000541019
0.000617751
0.000682499
0.000741598
0.00079801
0.000853239
0.000908133
0.000963315
0.00101914
0.00107578
0.00113327
0.0011915
0.00125021
0.001309
0.00136735
0.00142465
0.00148018
0.00153321
0.00158296
0.00162873
0.00166983
0.00170572
0.00173594
0.00176021
0.00177778
0.00178952
0.00179548
0.00179582
0.00179189
0.00178286
0.00176958
0.00175304
0.00173396
0.00171304
0.00169099
0.00166847
0.0016461
0.00162442
0.00160397
0.00158518
0.00156847
0.00155421
0.00154274
0.0015344
0.00152953
0.00152849
0.00153061
0.00153668
0.00154761
0.00156331
0.00158411
0.00161042
0.00164253
0.00168072
0.00172586
0.00177785
0.00183656
0.0019014
0.00197125
0.00204443
0.00211891
0.0021926
0.00226395
0.0023328
0.00240197
0.00247989
0.00258599
0.00276106
0.00308287
0.00366765
0.00460021
0.00578975
0.00686816
0.00723012
0.00620829
0.00362303
0.0011924
3.52e-05
0.000259874
0.000426323
0.000529321
0.000605841
0.000670526
0.000729564
0.000785848
0.000840833
0.000895325
0.000949915
0.00100495
0.00106062
0.00111699
0.00117399
0.00123144
0.00128901
0.0013463
0.00140279
0.00145786
0.00151088
0.00156118
0.00160808
0.00165096
0.00168928
0.00172257
0.0017505
0.00177285
0.00178896
0.00179979
0.00180533
0.00180576
0.00180232
0.00179432
0.00178248
0.00176768
0.00175055
0.00173173
0.00171183
0.00169145
0.00167113
0.0016514
0.00163272
0.00161551
0.00160019
0.00158711
0.00157661
0.00156905
0.00156477
0.0015641
0.00156646
0.00157282
0.00158398
0.00159994
0.001621
0.00164757
0.00168043
0.0017198
0.00176596
0.00181891
0.00187822
0.00194292
0.00201148
0.0020819
0.00215203
0.00222001
0.00228517
0.00234947
0.00242009
0.00251457
0.00267092
0.00296432
0.00351455
0.00442617
0.0056408
0.00682622
0.00734184
0.00647557
0.00387351
0.00130241
3.41412e-05
0.000252547
0.000415657
0.000517657
0.000593954
0.000658702
0.0007179
0.000774332
0.000829378
0.000883794
0.000938124
0.000992692
0.00104769
0.0011032
0.00115918
0.00121552
0.00127196
0.00132817
0.00138371
0.00143809
0.00149075
0.0015411
0.00158854
0.0016325
0.00167245
0.00170794
0.00173861
0.00176419
0.00178456
0.00179915
0.00180884
0.00181371
0.0018139
0.00181063
0.00180319
0.00179225
0.0017786
0.0017628
0.00174543
0.00172702
0.00170811
0.00168921
0.00167078
0.00165328
0.00163709
0.00162262
0.00161023
0.00160028
0.00159311
0.00158907
0.00158857
0.00159105
0.00159761
0.00160891
0.00162512
0.00164677
0.0016743
0.00170817
0.00174871
0.00179604
0.00184988
0.00190944
0.00197333
0.00203965
0.00210619
0.00217086
0.00223248
0.00229216
0.00235578
0.00243889
0.00257647
0.00284022
0.00335134
0.00423288
0.00546203
0.0067438
0.00742251
0.00674128
0.00414931
0.00141835
3.31761e-05
0.000245786
0.000405291
0.00050609
0.000582152
0.000647107
0.000706711
0.0007636
0.000819051
0.000873752
0.000928185
0.000982639
0.00103729
0.00109223
0.00114745
0.00120286
0.00125828
0.00131343
0.00136797
0.00142149
0.0014735
0.0015235
0.00157096
0.00161536
0.00165621
0.00169308
0.00172561
0.00175351
0.0017766
0.00179479
0.00180768
0.00181585
0.00181967
0.00181925
0.00181573
0.00180826
0.00179762
0.0017845
0.00176939
0.0017528
0.00173523
0.00171716
0.00169906
0.00168137
0.00166451
0.00164888
0.00163486
0.00162282
0.00161314
0.00160616
0.00160229
0.00160194
0.00160458
0.00161143
0.00162326
0.00164021
0.00166276
0.00169143
0.0017266
0.00176849
0.00181694
0.00187135
0.00193051
0.00199263
0.00205551
0.00211686
0.00217506
0.00223035
0.00228729
0.00235936
0.00247831
0.00271149
0.00317884
0.0040202
0.00524997
0.00661419
0.00746166
0.00700006
0.00445037
0.00153922
3.23156e-05
0.000239667
0.000395316
0.000494719
0.000570549
0.000635882
0.000696178
0.000753874
0.000810114
0.000865502
0.000920437
0.000975156
0.00102981
0.00108449
0.0011392
0.00119388
0.00124841
0.00130256
0.00135606
0.00140857
0.0014597
0.001509
0.00155603
0.00160031
0.00164141
0.00167892
0.00171249
0.00174182
0.00176671
0.00178703
0.00180276
0.00181365
0.00181988
0.00182209
0.00182083
0.00181644
0.00180831
0.00179742
0.00178424
0.00176921
0.00175281
0.0017355
0.00171773
0.00169994
0.00168256
0.00166598
0.00165061
0.00163683
0.00162501
0.00161554
0.0016088
0.00160522
0.00160527
0.00160828
0.0016158
0.00162847
0.00164646
0.00167026
0.00170033
0.00173696
0.00178012
0.00182936
0.00188368
0.00194145
0.00200053
0.0020585
0.00211334
0.00216448
0.00221513
0.00227664
0.00237744
0.00257981
0.00299908
0.00379072
0.00500532
0.00643949
0.00747391
0.00724672
0.00477604
0.00166378
3.1583e-05
0.000234335
0.000385872
0.0004837
0.000559334
0.000625262
0.000686583
0.000745489
0.000802948
0.000859459
0.00091532
0.000970697
0.0010257
0.00108041
0.00113485
0.00118898
0.00124271
0.00129588
0.00134829
0.00139967
0.0014497
0.001498
0.00154419
0.00158786
0.00162861
0.00166608
0.00169993
0.00172988
0.00175571
0.00177728
0.00179451
0.00180741
0.00181596
0.00182005
0.00182013
0.00181754
0.0018115
0.00180234
0.00179069
0.00177694
0.00176152
0.00174486
0.0017274
0.00170958
0.00169181
0.00167451
0.00165807
0.00164288
0.00162933
0.00161781
0.00160871
0.00160248
0.00159953
0.00160006
0.00160385
0.00161243
0.00162626
0.00164556
0.00167081
0.00170236
0.0017403
0.00178435
0.0018337
0.00188692
0.00194199
0.00199646
0.00204796
0.0020952
0.00214006
0.00219176
0.00227529
0.00244698
0.00281617
0.00354886
0.0047314
0.00621419
0.00744305
0.00747122
0.005124
0.0017907
3.10382e-05
0.000229795
0.000377118
0.000473254
0.000548798
0.000615607
0.000678354
0.00073892
0.00079807
0.000856154
0.000913402
0.000969817
0.00102547
0.00108043
0.00113475
0.00118842
0.00124137
0.00129352
0.00134471
0.00139479
0.00144349
0.00149049
0.00153545
0.00157804
0.0016179
0.00165471
0.00168817
0.001718
0.001744
0.001766
0.00178391
0.00179772
0.00180743
0.00181312
0.00181476
0.00181324
0.00180861
0.00180051
0.00178982
0.00177689
0.00176217
0.00174604
0.00172889
0.00171111
0.00169313
0.00167535
0.00165816
0.00164199
0.00162719
0.00161414
0.00160319
0.00159471
0.00158919
0.00158712
0.00158841
0.00159331
0.00160329
0.00161844
0.00163917
0.00166585
0.00169868
0.00173753
0.0017818
0.00183029
0.00188116
0.00193202
0.00198027
0.00202397
0.00206372
0.00210655
0.00217414
0.00231677
0.00263627
0.00330209
0.00443846
0.00594602
0.00736087
0.00766614
0.00549057
0.00191868
3.07391e-05
0.000225943
0.00036924
0.000463707
0.000539379
0.000607457
0.000672094
0.00073481
0.000796152
0.00085616
0.000914649
0.000971981
0.00102824
0.00108349
0.00113776
0.00119108
0.00124341
0.0012947
0.0013448
0.00139342
0.00144051
0.0014859
0.00152928
0.00157036
0.00160885
0.00164445
0.00167691
0.00170599
0.00173147
0.00175321
0.00177111
0.00178511
0.00179522
0.00180148
0.00180389
0.00180304
0.00179955
0.00179256
0.00178283
0.00177072
0.00175661
0.00174091
0.00172403
0.00170637
0.00168833
0.00167029
0.00165262
0.00163569
0.0016199
0.00160561
0.00159323
0.0015831
0.00157562
0.00157121
0.00157039
0.00157263
0.00157893
0.00159033
0.00160688
0.00162897
0.00165686
0.00169057
0.00172972
0.00177337
0.00181993
0.00186718
0.00191245
0.0019533
0.00198917
0.002025
0.00207885
0.00219488
0.00246721
0.00306367
0.0041415
0.00565425
0.00722075
0.00782631
0.00587159
0.00204648
3.06993e-05
0.000223148
0.000362595
0.000455573
0.000531743
0.000601579
0.000668614
0.000733936
0.000797347
0.000859062
0.000919297
0.000978006
0.00103513
0.00109072
0.00114482
0.0011975
0.00124879
0.0012987
0.00134718
0.00139422
0.00143957
0.00148308
0.00152453
0.00156371
0.00160039
0.00163433
0.0016653
0.00169309
0.00171752
0.00173845
0.00175578
0.00176944
0.00177942
0.00178576
0.00178844
0.00178782
0.00178477
0.00177842
0.00176931
0.00175785
0.00174439
0.00172928
0.00171288
0.00169558
0.00167776
0.00165979
0.00164205
0.00162491
0.00160873
0.00159385
0.00158062
0.0015694
0.00156053
0.00155441
0.00155149
0.00155197
0.00155538
0.00156323
0.00157607
0.00159398
0.00161728
0.00164611
0.00168033
0.00171928
0.00176172
0.00180568
0.00184863
0.00188789
0.001922
0.00195418
0.00199935
0.00209677
0.00232822
0.00285371
0.00386165
0.00535681
0.00703148
0.00795222
0.00625731
0.00217274
3.10179e-05
0.000222344
0.000357873
0.000449686
0.000526878
0.000599049
0.000668776
0.000736277
0.000802102
0.000866204
0.000928238
0.000988006
0.0010456
0.00110111
0.00115466
0.00120635
0.00125627
0.0013045
0.00135105
0.00139591
0.001439
0.00148029
0.00151947
0.00155642
0.00159094
0.00162285
0.00165197
0.00167812
0.00170113
0.00172088
0.00173728
0.00175026
0.00175981
0.00176594
0.00176865
0.00176813
0.00176537
0.00175954
0.00175102
0.00174023
0.00172748
0.0017131
0.00169743
0.00168083
0.00166365
0.00164624
0.00162895
0.00161212
0.00159609
0.0015812
0.00156775
0.00155606
0.00154647
0.00153929
0.00153493
0.00153391
0.00153554
0.00154056
0.00155039
0.00156485
0.00158431
0.00160901
0.00163902
0.00167407
0.00171338
0.00175554
0.00179855
0.00184005
0.00187833
0.00191457
0.00196024
0.00205225
0.00226452
0.00273366
0.00365138
0.00508277
0.00681895
0.00804326
0.00664062
0.00229707
3.18334e-05
0.000223572
0.00035632
0.000447472
0.000526142
0.000600355
0.000672423
0.000742917
0.000811387
0.000877187
0.000940208
0.00100039
0.00105783
0.00111268
0.00116509
0.00121525
0.00126331
0.00130942
0.00135361
0.00139597
0.00143672
0.00147545
0.00151208
0.00154653
0.00157867
0.00160836
0.00163544
0.00165977
0.0016812
0.00169964
0.001715
0.00172722
0.00173628
0.0017422
0.00174496
0.00174465
0.00174231
0.00173717
0.00172947
0.00171963
0.00170793
0.00169468
0.0016802
0.00166482
0.00164885
0.00163261
0.00161643
0.00160061
0.00158549
0.00157136
0.00155851
0.00154723
0.00153783
0.00153059
0.00152585
0.00152422
0.00152519
0.00152897
0.0015371
0.00154975
0.00156713
0.0015897
0.00161775
0.00165136
0.00169024
0.00173354
0.00177983
0.00182712
0.0018736
0.0019199
0.00197479
0.00206776
0.00226545
0.00269993
0.00356326
0.0049106
0.00665259
0.00810782
0.00699819
0.00241915
3.334e-05
0.000227445
0.000357893
0.000449053
0.000529203
0.000606021
0.000681182
0.000754012
0.000823826
0.000890308
0.000953357
0.00101301
0.00106942
0.0011228
0.00117337
0.00122139
0.00126705
0.00131061
0.00135238
0.00139237
0.00143033
0.0014662
0.00150014
0.00153204
0.0015618
0.0015893
0.00161442
0.00163704
0.00165705
0.00167435
0.00168889
0.0017006
0.00170947
0.00171552
0.00171876
0.00171915
0.00171762
0.00171376
0.0017075
0.00169928
0.00168936
0.00167804
0.00166559
0.00165237
0.00163861
0.00162461
0.00161065
0.00159703
0.00158407
0.00157201
0.00156108
0.00155163
0.00154402
0.00153852
0.00153537
0.00153547
0.00153773
0.0015434
0.00155339
0.0015678
0.00158715
0.00161204
0.00164302
0.00168057
0.00172493
0.00177604
0.00183369
0.0018969
0.00196454
0.00203705
0.00212059
0.00223699
0.00243962
0.00283542
0.00358273
0.00485124
0.00657793
0.00817081
0.0073203
0.00254161
3.59026e-05
0.000235453
0.000363638
0.000455559
0.000538134
0.000617607
0.000694213
0.000767609
0.000837309
0.000903073
0.000964889
0.0010229
0.00107733
0.00112847
0.00117651
0.00122191
0.00126522
0.00130647
0.0013456
0.00138262
0.00141767
0.00145097
0.00148249
0.00151218
0.00153994
0.00156571
0.00158939
0.00161089
0.00163012
0.00164699
0.00166147
0.00167351
0.0016831
0.00169026
0.00169502
0.0016975
0.0016978
0.00169651
0.00169325
0.00168811
0.00168155
0.00167387
0.00166528
0.00165578
0.00164581
0.00163574
0.00162587
0.00161654
0.00160812
0.00160088
0.00159518
0.00159126
0.00158969
0.00159047
0.00159356
0.00160035
0.00161081
0.00162527
0.00164449
0.00166907
0.0016997
0.00173716
0.00178236
0.00183628
0.00189979
0.00197367
0.00205785
0.00215281
0.00225848
0.00237513
0.00250598
0.00266589
0.00289085
0.00326168
0.00390772
0.00499097
0.00657515
0.00824081
0.00755126
0.00266746
4.00321e-05
0.000249
0.000376576
0.000469779
0.000553444
0.000632934
0.000708888
0.000781012
0.000848952
0.000912598
0.000972054
0.00102757
0.00107949
0.0011283
0.0011741
0.00121729
0.00125805
0.00129669
0.00133343
0.00136845
0.00140181
0.00143361
0.0014639
0.00149265
0.00151985
0.00154543
0.00156934
0.00159151
0.00161189
0.00163042
0.00164706
0.00166181
0.00167466
0.00168565
0.00169479
0.0017016
0.00170648
0.00170988
0.00171189
0.00171263
0.00171242
0.00171174
0.0017106
0.00170962
0.00170909
0.00170921
0.00171007
0.00171225
0.00171632
0.0017224
0.00173092
0.00174227
0.00175694
0.00177539
0.0017979
0.00182529
0.00185811
0.00189692
0.00194232
0.00199499
0.00205562
0.00212501
0.00220432
0.00229468
0.00239698
0.00251227
0.00264093
0.00278364
0.00293871
0.00310706
0.00328763
0.00349044
0.00373266
0.00407457
0.0046101
0.00551189
0.00687665
0.00839484
0.00767266
0.00275708
4.68107e-05
0.00027065
0.000398561
0.000490554
0.000572474
0.00065011
0.000724116
0.000794252
0.000860121
0.000921757
0.000979383
0.00103332
0.00108392
0.00113147
0.00117673
0.0012198
0.00126082
0.00130005
0.00133774
0.00137407
0.00140917
0.00144314
0.00147606
0.00150794
0.00153879
0.0015686
0.00159735
0.00162499
0.00165152
0.00167691
0.00170117
0.00172431
0.00174636
0.00176739
0.00178745
0.00180692
0.00182578
0.00184417
0.00186233
0.00188059
0.0018993
0.00191896
0.00193981
0.00196233
0.00198693
0.0020139
0.00204348
0.00207615
0.00211237
0.00215243
0.00219681
0.00224598
0.00230017
0.00236032
0.00242691
0.00250032
0.00258092
0.00266897
0.00276461
0.00286824
0.00298
0.00310038
0.00323091
0.00337175
0.00352265
0.00368417
0.0038556
0.00403791
0.00422748
0.00442862
0.00463339
0.00485354
0.00508475
0.00537988
0.00578433
0.00646452
0.00748473
0.00863566
0.00772791
0.00279234
5.51336e-05
0.000298874
0.000427177
0.000518608
0.000601723
0.000681321
0.000757371
0.000829682
0.000898389
0.000963731
0.00102608
0.00108587
0.00114349
0.00119928
0.00125396
0.00130773
0.00136072
0.00141316
0.00146529
0.00151731
0.00156937
0.00162157
0.001674
0.0017267
0.00177971
0.00183303
0.00188668
0.00194064
0.00199494
0.00204957
0.00210457
0.00215998
0.00221587
0.00227234
0.00232944
0.00238753
0.00244682
0.00250736
0.00256938
0.00263385
0.00270121
0.00277175
0.00284556
0.00292282
0.00300362
0.00308814
0.0031764
0.00326866
0.00336487
0.00346539
0.00357009
0.00367921
0.00379233
0.00391203
0.00403737
0.00416795
0.00430312
0.00444283
0.00458647
0.00473443
0.00488613
0.00504247
0.00520168
0.00536518
0.00553257
0.00570526
0.0058821
0.00606569
0.00625062
0.0064465
0.00663514
0.00683856
0.00702366
0.00725378
0.00750869
0.00793995
0.00849806
0.00899936
0.00771468
0.00278102
7.19755e-05
0.000348338
0.000497033
0.000610689
0.000722571
0.000835893
0.000950891
0.00106639
0.00118189
0.00129741
0.00141328
0.00152986
0.00164742
0.00176612
0.00188622
0.00200782
0.00213083
0.00225518
0.00238078
0.00250753
0.00263528
0.00276385
0.00289305
0.00302269
0.00315257
0.00328251
0.00341232
0.00354188
0.00367103
0.00379969
0.00392774
0.00405519
0.00418196
0.00430814
0.00443365
0.0045587
0.00468329
0.00480764
0.00493191
0.00505946
0.00518899
0.00531982
0.00545115
0.00558283
0.00571433
0.00584584
0.00597694
0.00610811
0.00623879
0.00636975
0.00650026
0.00663083
0.00676123
0.00689036
0.00701789
0.00714531
0.00727177
0.00739918
0.00752662
0.00765595
0.00778594
0.00791847
0.00805224
0.00818866
0.00832704
0.00846813
0.00861221
0.00875874
0.00890777
0.00906355
0.00921235
0.00937475
0.00949842
0.00965472
0.00976114
0.00988104
0.00974677
0.00923197
0.0072443
0.0025644
0.000109355
0.000518457
0.000880841
0.00120928
0.00153523
0.00187217
0.00222445
0.0025836
0.00294176
0.00329493
0.00364173
0.00398171
0.00431437
0.00463911
0.00495529
0.0052624
0.00556006
0.00584786
0.00612545
0.00639262
0.00664917
0.00689503
0.00713008
0.00735442
0.00756808
0.00777129
0.0079642
0.0081472
0.00832048
0.00848457
0.0086397
0.00878651
0.00892518
0.00905652
0.00918056
0.00929833
0.00940955
0.00951554
0.00961603
0.00970886
0.00979426
0.0098738
0.00994762
0.0100174
0.0100832
0.0101466
0.0102074
0.0102672
0.0103254
0.0103838
0.0104413
0.0105003
0.0105591
0.0106202
0.010681
0.0107442
0.0108074
0.0108732
0.0109391
0.0110077
0.0110768
0.0111481
0.0112211
0.0112947
0.0113721
0.0114469
0.0115299
0.0116065
0.0117008
0.0117482
0.0118228
0.0118221
0.0118089
0.0117309
0.0115572
0.0111417
0.0103029
0.00879618
0.00588847
0.00232181
6.75396e-05
0.000144293
0.000244518
0.000330716
0.00041113
0.000486618
0.000560069
0.000633391
0.000707203
0.00078139
0.000855655
0.000929769
0.00100361
0.00107709
0.00115013
0.0012226
0.00129444
0.00136555
0.00143579
0.00150506
0.00157325
0.00164024
0.00170594
0.00177024
0.00183305
0.00189429
0.00195388
0.00201176
0.00206787
0.00212217
0.00217464
0.00222526
0.00227402
0.0023209
0.00236598
0.00240918
0.00245069
0.0024903
0.00252846
0.00256472
0.00259926
0.00263169
0.00266252
0.00269122
0.00271864
0.00274401
0.00276856
0.00279114
0.00281352
0.00283393
0.00285485
0.00287371
0.00289394
0.00291182
0.00293207
0.00294938
0.00297025
0.00298729
0.00300925
0.00302618
0.00304953
0.00306635
0.00309111
0.00310758
0.00313301
0.00314833
0.00317216
0.00318515
0.00320486
0.00322192
0.00324343
0.00326458
0.00328
0.00329574
0.00329415
0.00327845
0.00322895
0.00310862
0.00281861
0.00203897
)
;

boundaryField
{
    movingWall
    {
        type            kqRWallFunction;
        value           nonuniform List<scalar> 
80
(
6.75396e-05
0.000144293
0.000244518
0.000330716
0.00041113
0.000486618
0.000560069
0.000633391
0.000707203
0.00078139
0.000855655
0.000929769
0.00100361
0.00107709
0.00115013
0.0012226
0.00129444
0.00136555
0.00143579
0.00150506
0.00157325
0.00164024
0.00170594
0.00177024
0.00183305
0.00189429
0.00195388
0.00201176
0.00206787
0.00212217
0.00217464
0.00222526
0.00227402
0.0023209
0.00236598
0.00240918
0.00245069
0.0024903
0.00252846
0.00256472
0.00259926
0.00263169
0.00266252
0.00269122
0.00271864
0.00274401
0.00276856
0.00279114
0.00281352
0.00283393
0.00285485
0.00287371
0.00289394
0.00291182
0.00293207
0.00294938
0.00297025
0.00298729
0.00300925
0.00302618
0.00304953
0.00306635
0.00309111
0.00310758
0.00313301
0.00314833
0.00317216
0.00318515
0.00320486
0.00322192
0.00324343
0.00326458
0.00328
0.00329574
0.00329415
0.00327845
0.00322895
0.00310862
0.00281861
0.00203897
)
;
    }
    fixedWalls
    {
        type            kqRWallFunction;
        value           nonuniform List<scalar> 
240
(
2.04197e-07
1.01925e-06
2.31409e-06
4.02068e-06
6.12465e-06
8.64976e-06
1.15908e-05
1.48971e-05
1.85161e-05
2.2394e-05
2.64676e-05
3.06726e-05
3.49472e-05
3.92336e-05
4.3479e-05
4.76365e-05
5.16594e-05
5.55042e-05
5.91366e-05
6.25281e-05
6.56549e-05
6.84977e-05
7.10414e-05
7.32755e-05
7.5194e-05
7.67951e-05
7.80811e-05
7.90581e-05
7.97353e-05
8.01276e-05
8.02189e-05
8.00781e-05
7.97256e-05
7.90977e-05
7.83121e-05
7.74856e-05
7.65957e-05
7.55345e-05
7.42998e-05
7.29045e-05
7.14052e-05
6.9788e-05
6.80703e-05
6.63016e-05
6.44926e-05
6.26523e-05
6.07905e-05
5.89198e-05
5.70522e-05
5.51978e-05
5.33648e-05
5.15609e-05
4.97928e-05
4.80665e-05
4.6388e-05
4.47622e-05
4.31938e-05
4.16868e-05
4.02449e-05
3.88716e-05
3.75703e-05
3.6345e-05
3.52e-05
3.41412e-05
3.31761e-05
3.23156e-05
3.1583e-05
3.10382e-05
3.07391e-05
3.06993e-05
3.10179e-05
3.18334e-05
3.334e-05
3.59026e-05
4.00321e-05
4.68107e-05
5.51336e-05
7.19755e-05
0.000109355
6.75396e-05
1.93444e-07
9.74534e-07
2.25193e-06
3.72383e-06
5.16513e-06
6.46722e-06
7.64029e-06
8.77389e-06
1.00175e-05
1.15773e-05
1.37291e-05
1.68382e-05
2.13807e-05
2.79043e-05
3.6927e-05
4.87702e-05
6.33784e-05
8.01132e-05
9.85067e-05
0.000117453
0.000137005
0.000158931
0.000186164
0.000219615
0.000256309
0.000295455
0.00033594
0.000373933
0.000405669
0.00042735
0.000437986
0.000442563
0.000443952
0.000442495
0.000436724
0.000430854
0.00042369
0.000417057
0.000410413
0.000404759
0.000399887
0.000396654
0.000395141
0.000394816
0.00039698
0.000401825
0.000409268
0.000420119
0.000435114
0.000454134
0.000478323
0.000507651
0.000543059
0.000584807
0.000633648
0.00068977
0.000753695
0.000825528
0.000905516
0.000993473
0.00108924
0.0011924
0.00130241
0.00141835
0.00153922
0.00166378
0.0017907
0.00191868
0.00204648
0.00217274
0.00229707
0.00241915
0.00254161
0.00266746
0.00275708
0.00279234
0.00278102
0.0025644
0.00232181
0.00203897
2.04197e-07
1.01299e-06
2.19283e-06
3.47362e-06
4.74872e-06
6.00394e-06
7.2672e-06
8.53352e-06
9.80466e-06
1.10789e-05
1.23577e-05
1.36509e-05
1.49815e-05
1.63854e-05
1.79117e-05
1.962e-05
2.1579e-05
2.38627e-05
2.65444e-05
2.96911e-05
3.33587e-05
3.75845e-05
4.23803e-05
4.77313e-05
5.36001e-05
5.99344e-05
6.66796e-05
7.37932e-05
8.12559e-05
8.90755e-05
9.72837e-05
0.000105925
0.00011504
0.000124651
0.00013475
0.000145323
0.000156447
0.000168129
0.000180375
0.000193188
0.000206532
0.000220356
0.000234576
0.000249074
0.000263684
0.000278199
0.00029241
0.000306236
0.000320036
0.000335633
0.000351389
0.000365524
0.000377532
0.000386428
0.000392304
0.000394909
0.000393945
0.00038738
0.000376274
0.000359821
0.000338071
0.000311349
0.000280299
0.000245981
0.000209773
0.000173241
0.000138041
0.000105937
7.82042e-05
5.5692e-05
3.89248e-05
2.64804e-05
1.76939e-05
1.17483e-05
7.82823e-06
5.2299e-06
3.41855e-06
2.0419e-06
9.42892e-07
1.93444e-07
)
;
    }
    frontAndBack
    {
        type            empty;
    }
}


// ************************************************************************* //
