/*--------------------------------*- C++ -*----------------------------------*\
  =========                 |
  \\      /  F ield         | OpenFOAM: The Open Source CFD Toolbox
   \\    /   O peration     | Website:  https://openfoam.org
    \\  /    A nd           | Version:  13
     \\/     M anipulation  |
\*---------------------------------------------------------------------------*/
FoamFile
{
    format      ascii;
    class       volScalarField;
    location    "6.2";
    object      nut;
}
// * * * * * * * * * * * * * * * * * * * * * * * * * * * * * * * * * * * * * //

dimensions      [0 2 -1 0 0 0 0];

internalField   nonuniform List<scalar> 
6400
(
8.88002e-10
4.5601e-09
1.10574e-08
1.78401e-08
2.2986e-08
2.58903e-08
2.6947e-08
2.70319e-08
2.71522e-08
2.80956e-08
3.04542e-08
3.51804e-08
4.27405e-08
5.33134e-08
6.63992e-08
8.12903e-08
9.725e-08
1.13923e-07
1.30623e-07
1.46843e-07
1.63036e-07
1.80514e-07
2.01091e-07
2.26083e-07
2.54779e-07
2.84313e-07
3.13565e-07
3.42531e-07
3.72025e-07
4.0287e-07
4.34833e-07
4.66642e-07
4.97928e-07
5.28539e-07
5.59403e-07
5.90667e-07
6.23054e-07
6.56774e-07
6.92284e-07
7.29728e-07
7.69372e-07
8.11511e-07
8.56405e-07
9.04672e-07
9.56538e-07
1.0136e-06
1.07872e-06
1.1582e-06
1.24421e-06
1.32967e-06
1.41513e-06
1.49799e-06
1.5767e-06
1.64855e-06
1.71121e-06
1.76149e-06
1.79025e-06
1.80252e-06
1.80416e-06
1.77488e-06
1.71844e-06
1.63496e-06
1.5256e-06
1.39343e-06
1.24269e-06
1.07976e-06
9.1328e-07
7.49929e-07
5.95956e-07
4.57378e-07
3.45567e-07
2.51656e-07
1.7565e-07
1.17361e-07
7.5363e-08
4.6735e-08
2.80625e-08
1.60528e-08
7.56584e-09
1.60864e-09
4.3009e-09
3.05999e-07
1.10146e-06
1.86566e-06
2.43495e-06
2.77134e-06
2.92521e-06
2.97723e-06
3.00993e-06
3.08025e-06
3.26038e-06
3.62049e-06
4.1324e-06
4.73559e-06
5.36901e-06
5.96896e-06
6.49096e-06
6.89026e-06
7.14808e-06
7.27487e-06
7.33911e-06
7.41164e-06
7.55716e-06
7.81185e-06
8.12842e-06
8.3671e-06
8.57226e-06
8.7989e-06
9.09222e-06
9.49047e-06
1.00135e-05
1.05858e-05
1.12112e-05
1.18529e-05
1.25326e-05
1.32347e-05
1.39691e-05
1.47304e-05
1.55245e-05
1.6349e-05
1.71986e-05
1.80767e-05
1.89747e-05
1.99281e-05
2.0904e-05
2.1878e-05
2.28159e-05
2.36743e-05
2.45119e-05
2.53897e-05
2.62668e-05
2.71452e-05
2.80034e-05
2.88238e-05
2.95829e-05
3.03177e-05
3.083e-05
3.11206e-05
3.13724e-05
3.13946e-05
3.11004e-05
3.04914e-05
2.95656e-05
2.82892e-05
2.66753e-05
2.4758e-05
2.26463e-05
2.03635e-05
1.79385e-05
1.53579e-05
1.24838e-05
9.68901e-06
7.2139e-06
5.16485e-06
3.57629e-06
2.42411e-06
1.61396e-06
1.03774e-06
4.67798e-07
8.50975e-09
9.41945e-09
7.96782e-07
3.23839e-06
5.65853e-06
7.52269e-06
8.73649e-06
9.41745e-06
9.75626e-06
9.95943e-06
1.02037e-05
1.06096e-05
1.12647e-05
1.21455e-05
1.31553e-05
1.41688e-05
1.50679e-05
1.58026e-05
1.63474e-05
1.6699e-05
1.68704e-05
1.68814e-05
1.68144e-05
1.67523e-05
1.67379e-05
1.68048e-05
1.70326e-05
1.73551e-05
1.76677e-05
1.80032e-05
1.83584e-05
1.87922e-05
1.94029e-05
2.03422e-05
2.13031e-05
2.23994e-05
2.35534e-05
2.4789e-05
2.60568e-05
2.7369e-05
2.87669e-05
3.01527e-05
3.15622e-05
3.29747e-05
3.43121e-05
3.55941e-05
3.68386e-05
3.80482e-05
3.92618e-05
4.0481e-05
4.17078e-05
4.29256e-05
4.41287e-05
4.52997e-05
4.64209e-05
4.7467e-05
4.84066e-05
4.91908e-05
4.97928e-05
5.00739e-05
5.02877e-05
5.0171e-05
4.9737e-05
4.89713e-05
4.77245e-05
4.59383e-05
4.35769e-05
4.0859e-05
3.77798e-05
3.43501e-05
3.06156e-05
2.66151e-05
2.24828e-05
1.84159e-05
1.4618e-05
1.12685e-05
8.43393e-06
6.17685e-06
4.23952e-06
1.76088e-06
2.27246e-08
1.63734e-08
1.30867e-06
5.10484e-06
8.76931e-06
1.16161e-05
1.35752e-05
1.47913e-05
1.54776e-05
1.58959e-05
1.62551e-05
1.67539e-05
1.75157e-05
1.85211e-05
1.96301e-05
2.06774e-05
2.15495e-05
2.21825e-05
2.25701e-05
2.27386e-05
2.27429e-05
2.26458e-05
2.25514e-05
2.25289e-05
2.26222e-05
2.26759e-05
2.26873e-05
2.26008e-05
2.29211e-05
2.35854e-05
2.44866e-05
2.57403e-05
2.69221e-05
2.81119e-05
2.9356e-05
3.06533e-05
3.1936e-05
3.32145e-05
3.45486e-05
3.58478e-05
3.71135e-05
3.83474e-05
3.95555e-05
4.07268e-05
4.18542e-05
4.29413e-05
4.39878e-05
4.5038e-05
4.60878e-05
4.71363e-05
4.81795e-05
4.92088e-05
5.0216e-05
5.11884e-05
5.21102e-05
5.29618e-05
5.372e-05
5.43576e-05
5.48476e-05
5.51477e-05
5.52476e-05
5.51383e-05
5.47304e-05
5.39435e-05
5.31698e-05
5.19773e-05
5.01238e-05
4.7816e-05
4.50029e-05
4.17742e-05
3.81825e-05
3.42675e-05
3.00899e-05
2.57511e-05
2.14119e-05
1.72738e-05
1.35118e-05
1.02339e-05
7.15448e-06
2.95451e-06
3.77089e-08
2.62823e-08
1.96754e-06
7.11226e-06
1.18419e-05
1.53863e-05
1.77791e-05
1.92478e-05
2.00682e-05
2.05451e-05
2.0989e-05
2.16511e-05
2.26191e-05
2.37918e-05
2.49706e-05
2.59753e-05
2.67035e-05
2.71312e-05
2.72931e-05
2.72398e-05
2.70898e-05
2.68445e-05
2.66772e-05
2.65225e-05
2.59005e-05
2.57643e-05
2.61812e-05
2.70977e-05
2.81916e-05
2.93395e-05
3.06106e-05
3.18602e-05
3.30766e-05
3.42796e-05
3.54466e-05
3.65481e-05
3.75622e-05
3.85731e-05
3.95463e-05
4.03754e-05
4.11572e-05
4.18578e-05
4.25029e-05
4.31145e-05
4.37113e-05
4.4319e-05
4.49501e-05
4.55734e-05
4.62046e-05
4.68437e-05
4.7495e-05
4.81606e-05
4.8841e-05
4.95351e-05
5.02389e-05
5.09454e-05
5.16445e-05
5.23191e-05
5.29431e-05
5.34832e-05
5.38882e-05
5.4062e-05
5.40282e-05
5.36014e-05
5.25675e-05
5.17278e-05
5.06737e-05
4.8908e-05
4.66373e-05
4.3938e-05
4.08652e-05
3.74508e-05
3.37165e-05
2.96925e-05
2.54596e-05
2.12132e-05
1.71334e-05
1.32964e-05
9.32796e-06
3.78198e-06
4.79459e-08
4.04468e-08
2.8575e-06
9.48985e-06
1.5214e-05
1.92591e-05
2.18402e-05
2.33285e-05
2.412e-05
2.46236e-05
2.52074e-05
2.60813e-05
2.7228e-05
2.84636e-05
2.95679e-05
3.03822e-05
3.08413e-05
3.09598e-05
3.08596e-05
3.0458e-05
3.0133e-05
2.96919e-05
2.87484e-05
2.85488e-05
2.91557e-05
3.00783e-05
3.10806e-05
3.22117e-05
3.33409e-05
3.44389e-05
3.54897e-05
3.64057e-05
3.72882e-05
3.81055e-05
3.88093e-05
3.93904e-05
3.99023e-05
4.03178e-05
4.07226e-05
4.10372e-05
4.13056e-05
4.15455e-05
4.17718e-05
4.1974e-05
4.21643e-05
4.23475e-05
4.25244e-05
4.26981e-05
4.28784e-05
4.30737e-05
4.32936e-05
4.35506e-05
4.38565e-05
4.4224e-05
4.46642e-05
4.51817e-05
4.5767e-05
4.64302e-05
4.71549e-05
4.79111e-05
4.86446e-05
4.93265e-05
4.98514e-05
5.00654e-05
5.00255e-05
4.91854e-05
4.87419e-05
4.75779e-05
4.58513e-05
4.36397e-05
4.1036e-05
3.81026e-05
3.4872e-05
3.13322e-05
2.74466e-05
2.33432e-05
1.91704e-05
1.50564e-05
1.05877e-05
4.17089e-06
5.15686e-08
6.01443e-08
4.02334e-06
1.22746e-05
1.889e-05
2.32509e-05
2.58353e-05
2.72051e-05
2.79094e-05
2.84505e-05
2.91819e-05
3.02084e-05
3.14056e-05
3.25451e-05
3.34236e-05
3.39321e-05
3.40586e-05
3.36328e-05
3.31961e-05
3.27895e-05
3.16233e-05
3.12392e-05
3.16039e-05
3.24318e-05
3.31487e-05
3.40218e-05
3.48992e-05
3.57816e-05
3.65629e-05
3.72606e-05
3.78915e-05
3.84428e-05
3.89053e-05
3.92716e-05
3.95448e-05
3.97445e-05
3.98902e-05
3.99855e-05
4.00502e-05
4.00596e-05
4.0059e-05
4.00518e-05
4.00013e-05
3.99463e-05
3.98665e-05
3.97825e-05
3.96788e-05
3.95679e-05
3.94456e-05
3.93239e-05
3.92056e-05
3.91026e-05
3.9032e-05
3.90178e-05
3.90962e-05
3.93217e-05
3.96583e-05
4.01557e-05
4.08494e-05
4.17136e-05
4.26659e-05
4.37144e-05
4.47412e-05
4.57197e-05
4.62568e-05
4.64168e-05
4.58371e-05
4.57497e-05
4.45756e-05
4.27631e-05
4.04584e-05
3.77753e-05
3.48248e-05
3.16542e-05
2.8203e-05
2.43343e-05
2.03039e-05
1.59616e-05
1.08871e-05
4.15819e-06
5.00238e-08
8.65722e-08
5.48653e-06
1.54024e-05
2.27682e-05
2.72705e-05
2.97302e-05
3.09186e-05
3.15303e-05
3.2108e-05
3.29296e-05
3.39822e-05
3.50667e-05
3.59464e-05
3.64516e-05
3.65446e-05
3.60464e-05
3.55857e-05
3.46349e-05
3.3842e-05
3.37051e-05
3.41941e-05
3.45743e-05
3.51694e-05
3.57715e-05
3.65125e-05
3.71445e-05
3.77189e-05
3.81755e-05
3.85525e-05
3.88447e-05
3.90586e-05
3.92018e-05
3.92853e-05
3.9324e-05
3.93324e-05
3.93182e-05
3.92841e-05
3.9235e-05
3.91698e-05
3.90999e-05
3.89833e-05
3.89052e-05
3.88228e-05
3.86501e-05
3.852e-05
3.83506e-05
3.818e-05
3.79918e-05
3.77882e-05
3.75662e-05
3.73264e-05
3.70668e-05
3.67842e-05
3.64751e-05
3.61316e-05
3.58995e-05
3.58364e-05
3.603e-05
3.66528e-05
3.74501e-05
3.85553e-05
3.98607e-05
4.12077e-05
4.25169e-05
4.34353e-05
4.37489e-05
4.34487e-05
4.35114e-05
4.21767e-05
4.01614e-05
3.75869e-05
3.46413e-05
3.15108e-05
2.82829e-05
2.47756e-05
2.07821e-05
1.64368e-05
1.10423e-05
4.04735e-06
4.64594e-08
1.20597e-07
7.23332e-06
1.87858e-05
2.6698e-05
3.12234e-05
3.34853e-05
3.44713e-05
3.49881e-05
3.55627e-05
3.63716e-05
3.73066e-05
3.81353e-05
3.8647e-05
3.86128e-05
3.81345e-05
3.76362e-05
3.63741e-05
3.58374e-05
3.58388e-05
3.58671e-05
3.61041e-05
3.65319e-05
3.70361e-05
3.75184e-05
3.79916e-05
3.83389e-05
3.86189e-05
3.88054e-05
3.8939e-05
3.90191e-05
3.90661e-05
3.90903e-05
3.91037e-05
3.91131e-05
3.91214e-05
3.91288e-05
3.91335e-05
3.91336e-05
3.91231e-05
3.90849e-05
3.90561e-05
3.90346e-05
3.894e-05
3.88557e-05
3.87537e-05
3.86274e-05
3.84835e-05
3.8316e-05
3.81254e-05
3.7906e-05
3.76558e-05
3.73704e-05
3.70429e-05
3.66666e-05
3.62291e-05
3.57272e-05
3.51662e-05
3.45553e-05
3.39241e-05
3.38962e-05
3.44202e-05
3.55229e-05
3.68965e-05
3.85242e-05
4.01401e-05
4.1333e-05
4.17568e-05
4.17165e-05
4.18125e-05
4.03078e-05
3.79795e-05
3.50052e-05
3.16625e-05
2.82287e-05
2.47797e-05
2.09798e-05
1.64809e-05
1.07894e-05
3.76013e-06
4.25467e-08
1.626e-07
9.19612e-06
2.22654e-05
3.05923e-05
3.50483e-05
3.70709e-05
3.78434e-05
3.82405e-05
3.87375e-05
3.94134e-05
4.00989e-05
4.05636e-05
4.04232e-05
3.99083e-05
3.9359e-05
3.82402e-05
3.76783e-05
3.74243e-05
3.71401e-05
3.72832e-05
3.75288e-05
3.78712e-05
3.81989e-05
3.84738e-05
3.86912e-05
3.88219e-05
3.89163e-05
3.89716e-05
3.90221e-05
3.90703e-05
3.91316e-05
3.92069e-05
3.92976e-05
3.93993e-05
3.95062e-05
3.96096e-05
3.97019e-05
3.97892e-05
3.98398e-05
3.98646e-05
3.98984e-05
3.98764e-05
3.98315e-05
3.97652e-05
3.9671e-05
3.95529e-05
3.94122e-05
3.92505e-05
3.90702e-05
3.88735e-05
3.86541e-05
3.84033e-05
3.81113e-05
3.77609e-05
3.73419e-05
3.68309e-05
3.62109e-05
3.5469e-05
3.46158e-05
3.37259e-05
3.28469e-05
3.24685e-05
3.32248e-05
3.46242e-05
3.64064e-05
3.8257e-05
3.97661e-05
4.03296e-05
4.0396e-05
4.04551e-05
3.87171e-05
3.599e-05
3.2527e-05
2.8707e-05
2.48744e-05
2.09787e-05
1.64639e-05
1.05981e-05
3.51539e-06
3.94796e-08
2.13102e-07
1.1222e-05
2.56978e-05
3.43661e-05
3.86982e-05
4.04574e-05
4.09973e-05
4.12249e-05
4.15507e-05
4.19767e-05
4.23052e-05
4.20783e-05
4.14804e-05
4.08622e-05
3.99169e-05
3.92149e-05
3.86404e-05
3.82826e-05
3.81546e-05
3.82904e-05
3.84501e-05
3.86415e-05
3.87847e-05
3.88863e-05
3.89533e-05
3.89985e-05
3.90579e-05
3.91353e-05
3.92486e-05
3.93927e-05
3.95683e-05
3.97643e-05
3.99724e-05
4.018e-05
4.03943e-05
4.05906e-05
4.07143e-05
4.08322e-05
4.09703e-05
4.10266e-05
4.10735e-05
4.10727e-05
4.10466e-05
4.0987e-05
4.08967e-05
4.07768e-05
4.06287e-05
4.04535e-05
4.0252e-05
4.00245e-05
3.97709e-05
3.94915e-05
3.91859e-05
3.88533e-05
3.84911e-05
3.80897e-05
3.75841e-05
3.69321e-05
3.61038e-05
3.50986e-05
3.3956e-05
3.27875e-05
3.17325e-05
3.15603e-05
3.28926e-05
3.46052e-05
3.67311e-05
3.84871e-05
3.91678e-05
3.92286e-05
3.92195e-05
3.7155e-05
3.39505e-05
2.9949e-05
2.56083e-05
2.1273e-05
1.65083e-05
1.05881e-05
3.47832e-06
3.87986e-08
2.7501e-07
1.30846e-05
2.89842e-05
3.79576e-05
4.21353e-05
4.3612e-05
4.38868e-05
4.38778e-05
4.3935e-05
4.40081e-05
4.36751e-05
4.29681e-05
4.22953e-05
4.14119e-05
4.06277e-05
3.97157e-05
3.92202e-05
3.8928e-05
3.88479e-05
3.88995e-05
3.89438e-05
3.90001e-05
3.90287e-05
3.90624e-05
3.91148e-05
3.92063e-05
3.93517e-05
3.95468e-05
3.97898e-05
4.00656e-05
4.03633e-05
4.06672e-05
4.09832e-05
4.12915e-05
4.15499e-05
4.17337e-05
4.19291e-05
4.21341e-05
4.22626e-05
4.2358e-05
4.24198e-05
4.24417e-05
4.24304e-05
4.23826e-05
4.23006e-05
4.2185e-05
4.20371e-05
4.18577e-05
4.16478e-05
4.14078e-05
4.11375e-05
4.08363e-05
4.05021e-05
4.01319e-05
3.97223e-05
3.927e-05
3.87733e-05
3.82287e-05
3.7586e-05
3.67379e-05
3.56361e-05
3.43466e-05
3.29312e-05
3.15843e-05
3.05512e-05
3.14101e-05
3.31381e-05
3.54411e-05
3.73424e-05
3.80611e-05
3.81147e-05
3.78935e-05
3.53952e-05
3.16492e-05
2.70966e-05
2.21819e-05
1.70381e-05
1.08911e-05
3.64924e-06
4.05949e-08
3.4413e-07
1.49345e-05
3.2115e-05
4.13328e-05
4.53294e-05
4.65013e-05
4.64673e-05
4.61472e-05
4.58441e-05
4.53369e-05
4.44879e-05
4.37769e-05
4.28755e-05
4.19814e-05
4.08209e-05
4.00516e-05
3.96096e-05
3.93463e-05
3.92409e-05
3.9198e-05
3.91619e-05
3.91586e-05
3.91792e-05
3.9259e-05
3.94036e-05
3.96207e-05
3.99036e-05
4.02373e-05
4.06072e-05
4.09949e-05
4.13868e-05
4.17827e-05
4.21624e-05
4.25021e-05
4.27833e-05
4.30551e-05
4.32799e-05
4.34883e-05
4.36698e-05
4.37938e-05
4.38815e-05
4.39299e-05
4.39395e-05
4.39097e-05
4.38411e-05
4.37341e-05
4.35896e-05
4.34086e-05
4.31925e-05
4.29422e-05
4.26586e-05
4.23416e-05
4.19898e-05
4.15998e-05
4.11658e-05
4.06805e-05
4.01357e-05
3.95256e-05
3.88514e-05
3.81177e-05
3.72363e-05
3.60941e-05
3.46798e-05
3.3081e-05
3.14805e-05
3.0199e-05
3.02124e-05
3.194e-05
3.43101e-05
3.62773e-05
3.69792e-05
3.6885e-05
3.62925e-05
3.32324e-05
2.89384e-05
2.37805e-05
1.81766e-05
1.17889e-05
4.15024e-06
4.73878e-08
4.18423e-07
1.67345e-05
3.50469e-05
4.44589e-05
4.82547e-05
4.90981e-05
4.87062e-05
4.80008e-05
4.72047e-05
4.61484e-05
4.53915e-05
4.43162e-05
4.33e-05
4.19703e-05
4.09187e-05
4.02453e-05
3.98269e-05
3.95612e-05
3.94151e-05
3.93223e-05
3.92794e-05
3.93098e-05
3.9416e-05
3.96168e-05
3.9902e-05
4.02627e-05
4.06787e-05
4.11303e-05
4.15997e-05
4.20711e-05
4.25334e-05
4.29776e-05
4.33912e-05
4.37687e-05
4.41187e-05
4.44457e-05
4.47237e-05
4.49475e-05
4.51366e-05
4.53449e-05
4.54616e-05
4.55457e-05
4.55847e-05
4.55785e-05
4.55269e-05
4.54294e-05
4.52864e-05
4.50989e-05
4.48686e-05
4.45979e-05
4.42893e-05
4.39452e-05
4.35672e-05
4.31548e-05
4.27045e-05
4.22086e-05
4.16546e-05
4.10264e-05
4.0308e-05
3.94918e-05
3.85894e-05
3.75789e-05
3.6375e-05
3.48412e-05
3.31166e-05
3.13736e-05
2.98502e-05
2.92791e-05
3.09178e-05
3.33125e-05
3.52224e-05
3.57878e-05
3.55079e-05
3.42005e-05
3.05795e-05
2.56391e-05
1.98189e-05
1.31104e-05
5.05569e-06
6.29364e-08
4.95482e-07
1.84442e-05
3.77402e-05
4.73109e-05
5.08943e-05
5.1392e-05
5.0604e-05
4.94598e-05
4.81177e-05
4.7258e-05
4.58374e-05
4.46884e-05
4.31856e-05
4.18853e-05
4.0934e-05
4.03169e-05
3.99061e-05
3.96378e-05
3.94832e-05
3.94111e-05
3.94378e-05
3.95742e-05
3.98169e-05
4.01623e-05
4.05876e-05
4.10733e-05
4.15956e-05
4.21359e-05
4.26786e-05
4.32118e-05
4.37273e-05
4.42188e-05
4.46818e-05
4.51157e-05
4.55212e-05
4.5894e-05
4.62426e-05
4.65609e-05
4.67681e-05
4.69827e-05
4.72043e-05
4.73188e-05
4.73992e-05
4.74225e-05
4.73921e-05
4.73055e-05
4.71625e-05
4.69636e-05
4.67105e-05
4.64061e-05
4.60545e-05
4.56609e-05
4.52307e-05
4.47686e-05
4.42772e-05
4.3755e-05
4.31939e-05
4.25773e-05
4.18799e-05
4.10704e-05
4.01218e-05
3.90311e-05
3.77983e-05
3.636e-05
3.47822e-05
3.29951e-05
3.11536e-05
2.93905e-05
2.84879e-05
3.00132e-05
3.24482e-05
3.41203e-05
3.43902e-05
3.4057e-05
3.16181e-05
2.72498e-05
2.15641e-05
1.46787e-05
6.05865e-06
8.65813e-08
5.72876e-07
2.00282e-05
4.01687e-05
4.98787e-05
5.32423e-05
5.33979e-05
5.21564e-05
5.0544e-05
4.94062e-05
4.76324e-05
4.62286e-05
4.45412e-05
4.29892e-05
4.17522e-05
4.08802e-05
4.02978e-05
3.99026e-05
3.96604e-05
3.95517e-05
3.9566e-05
3.97146e-05
3.99906e-05
4.03783e-05
4.08574e-05
4.13999e-05
4.19839e-05
4.25881e-05
4.31976e-05
4.38011e-05
4.43912e-05
4.49631e-05
4.55136e-05
4.60406e-05
4.65431e-05
4.70188e-05
4.74639e-05
4.78756e-05
4.82738e-05
4.85808e-05
4.88039e-05
4.9097e-05
4.92799e-05
4.94011e-05
4.94624e-05
4.9458e-05
4.93866e-05
4.92462e-05
4.90364e-05
4.87581e-05
4.84137e-05
4.80077e-05
4.75466e-05
4.70386e-05
4.64932e-05
4.592e-05
4.53263e-05
4.47149e-05
4.40797e-05
4.34025e-05
4.26495e-05
4.17723e-05
4.07165e-05
3.94871e-05
3.81058e-05
3.62224e-05
3.44812e-05
3.27387e-05
3.07842e-05
2.87739e-05
2.77131e-05
2.92064e-05
3.16493e-05
3.2941e-05
3.28029e-05
3.19388e-05
2.83254e-05
2.30544e-05
1.62424e-05
7.07048e-06
1.16376e-07
6.49073e-07
2.14395e-05
4.23251e-05
5.21933e-05
5.52748e-05
5.4927e-05
5.33569e-05
5.17684e-05
4.97606e-05
4.80058e-05
4.61132e-05
4.42954e-05
4.27526e-05
4.15879e-05
4.07781e-05
4.02315e-05
3.98798e-05
3.97056e-05
3.96931e-05
3.98349e-05
4.01254e-05
4.0542e-05
4.1059e-05
4.16488e-05
4.22848e-05
4.29472e-05
4.36198e-05
4.42923e-05
4.49579e-05
4.56125e-05
4.62533e-05
4.6878e-05
4.74844e-05
4.80692e-05
4.86285e-05
4.91571e-05
4.96502e-05
5.01346e-05
5.05414e-05
5.08014e-05
5.11459e-05
5.14136e-05
5.15771e-05
5.16819e-05
5.17086e-05
5.16584e-05
5.15271e-05
5.13132e-05
5.10158e-05
5.06362e-05
5.01775e-05
4.96456e-05
4.90493e-05
4.84004e-05
4.77131e-05
4.70028e-05
4.62833e-05
4.55634e-05
4.48415e-05
4.40999e-05
4.32986e-05
4.23725e-05
4.12361e-05
3.99017e-05
3.8281e-05
3.60595e-05
3.40639e-05
3.23379e-05
3.02548e-05
2.80386e-05
2.69933e-05
2.84683e-05
3.07001e-05
3.17247e-05
3.09153e-05
2.87696e-05
2.41262e-05
1.76024e-05
7.96548e-06
1.50459e-07
7.22566e-07
2.26965e-05
4.42193e-05
5.41104e-05
5.68144e-05
5.62597e-05
5.47674e-05
5.25605e-05
5.0124e-05
4.79816e-05
4.58787e-05
4.40017e-05
4.25012e-05
4.14079e-05
4.06562e-05
4.01648e-05
3.98919e-05
3.9823e-05
3.99381e-05
4.02208e-05
4.06487e-05
4.11898e-05
4.18143e-05
4.24945e-05
4.32081e-05
4.39398e-05
4.46788e-05
4.5419e-05
4.61566e-05
4.68889e-05
4.76135e-05
4.8327e-05
4.90253e-05
4.97033e-05
5.0355e-05
5.09739e-05
5.15539e-05
5.21257e-05
5.26162e-05
5.29277e-05
5.33247e-05
5.36698e-05
5.38783e-05
5.4027e-05
5.40887e-05
5.40653e-05
5.39513e-05
5.37437e-05
5.344e-05
5.30392e-05
5.25421e-05
5.19523e-05
5.12766e-05
5.05263e-05
4.97165e-05
4.88669e-05
4.79992e-05
4.71351e-05
4.62909e-05
4.54711e-05
4.46599e-05
4.38127e-05
4.28482e-05
4.16459e-05
4.02112e-05
3.81839e-05
3.57513e-05
3.35304e-05
3.17754e-05
2.94913e-05
2.70308e-05
2.64107e-05
2.79041e-05
2.94863e-05
2.9792e-05
2.87353e-05
2.47627e-05
1.86424e-05
8.67775e-06
1.87261e-07
7.90513e-07
2.3771e-05
4.57445e-05
5.55855e-05
5.80256e-05
5.76751e-05
5.55827e-05
5.28497e-05
5.03346e-05
4.78206e-05
4.55788e-05
4.36927e-05
4.22521e-05
4.12299e-05
4.05456e-05
4.01364e-05
3.99725e-05
4.00314e-05
4.02837e-05
4.07013e-05
4.12507e-05
4.18971e-05
4.26112e-05
4.33691e-05
4.4154e-05
4.49555e-05
4.57672e-05
4.65857e-05
4.74082e-05
4.82317e-05
4.90521e-05
4.9864e-05
5.06609e-05
5.14354e-05
5.218e-05
5.28869e-05
5.35491e-05
5.42005e-05
5.47592e-05
5.51255e-05
5.55706e-05
5.59799e-05
5.62322e-05
5.64216e-05
5.65191e-05
5.6526e-05
5.64365e-05
5.62462e-05
5.59511e-05
5.55477e-05
5.5034e-05
5.44102e-05
5.36796e-05
5.28499e-05
5.1934e-05
5.09511e-05
4.9926e-05
4.88882e-05
4.7868e-05
4.68903e-05
4.59665e-05
4.5084e-05
4.4195e-05
4.32056e-05
4.19665e-05
4.02997e-05
3.78708e-05
3.52742e-05
3.28831e-05
3.10194e-05
2.84267e-05
2.57448e-05
2.57615e-05
2.74588e-05
2.85027e-05
2.75554e-05
2.49205e-05
1.93157e-05
9.20973e-06
2.2546e-07
8.50394e-07
2.46344e-05
4.68966e-05
5.66915e-05
5.92383e-05
5.86903e-05
5.62706e-05
5.32212e-05
5.028e-05
4.75721e-05
4.52506e-05
4.33892e-05
4.20179e-05
4.10718e-05
4.0472e-05
4.01695e-05
4.01325e-05
4.03257e-05
4.07096e-05
4.12474e-05
4.19011e-05
4.26372e-05
4.34301e-05
4.42611e-05
4.51188e-05
4.59969e-05
4.68916e-05
4.78001e-05
4.87187e-05
4.96425e-05
5.05647e-05
5.14772e-05
5.23712e-05
5.32376e-05
5.40674e-05
5.48523e-05
5.55849e-05
5.6302e-05
5.69169e-05
5.73289e-05
5.78121e-05
5.82716e-05
5.85619e-05
5.87858e-05
5.89165e-05
5.89542e-05
5.88934e-05
5.87291e-05
5.84559e-05
5.80683e-05
5.75614e-05
5.69319e-05
5.61784e-05
5.53037e-05
5.43156e-05
5.3229e-05
5.20667e-05
5.08601e-05
4.96468e-05
4.84667e-05
4.73537e-05
4.63251e-05
4.53687e-05
4.44291e-05
4.33974e-05
4.21031e-05
4.01326e-05
3.73651e-05
3.46301e-05
3.21214e-05
3.00184e-05
2.70628e-05
2.46782e-05
2.50749e-05
2.62923e-05
2.65904e-05
2.48015e-05
1.96453e-05
9.51721e-06
2.65548e-07
9.00772e-07
2.52905e-05
4.77212e-05
5.75591e-05
6.01467e-05
5.94075e-05
5.65554e-05
5.33229e-05
5.01257e-05
4.72746e-05
4.49185e-05
4.3104e-05
4.18093e-05
4.09489e-05
4.04514e-05
4.02714e-05
4.03664e-05
4.06885e-05
4.11913e-05
4.18337e-05
4.25779e-05
4.33942e-05
4.42619e-05
4.51677e-05
4.61046e-05
4.70684e-05
4.80561e-05
4.90635e-05
5.00846e-05
5.11113e-05
5.21339e-05
5.3142e-05
5.41246e-05
5.50714e-05
5.5973e-05
5.6821e-05
5.76085e-05
5.83738e-05
5.90363e-05
5.9478e-05
5.99844e-05
6.04812e-05
6.08005e-05
6.10506e-05
6.12088e-05
6.12747e-05
6.12434e-05
6.11098e-05
6.08677e-05
6.05104e-05
6.00308e-05
5.9422e-05
5.86783e-05
5.77966e-05
5.67784e-05
5.56316e-05
5.43729e-05
5.30296e-05
5.16404e-05
5.02528e-05
4.89177e-05
4.76793e-05
4.65598e-05
4.55426e-05
4.45535e-05
4.34432e-05
4.19546e-05
3.95243e-05
3.66406e-05
3.38656e-05
3.11956e-05
2.86794e-05
2.53524e-05
2.38753e-05
2.46333e-05
2.53104e-05
2.40015e-05
1.96372e-05
9.65032e-06
3.06638e-07
9.40924e-07
2.57465e-05
4.8265e-05
5.81548e-05
6.08163e-05
5.99289e-05
5.69188e-05
5.33215e-05
4.99068e-05
4.69556e-05
4.45981e-05
4.28454e-05
4.16344e-05
4.0871e-05
4.04889e-05
4.0437e-05
4.06595e-05
4.10995e-05
4.17076e-05
4.24419e-05
4.32676e-05
4.416e-05
4.51036e-05
4.60896e-05
4.71133e-05
4.81712e-05
4.92587e-05
5.03689e-05
5.14925e-05
5.26183e-05
5.37339e-05
5.48267e-05
5.58846e-05
5.68969e-05
5.78542e-05
5.87488e-05
5.95745e-05
6.03699e-05
6.10703e-05
6.15268e-05
6.2039e-05
6.25613e-05
6.28991e-05
6.31658e-05
6.33437e-05
6.34322e-05
6.34275e-05
6.3325e-05
6.31185e-05
6.28006e-05
6.23628e-05
6.17956e-05
6.10895e-05
6.02362e-05
5.923e-05
5.80708e-05
5.67662e-05
5.53355e-05
5.38113e-05
5.2241e-05
5.06839e-05
4.9204e-05
4.78564e-05
4.66694e-05
4.56254e-05
4.46425e-05
4.35576e-05
4.15566e-05
3.86631e-05
3.58406e-05
3.28766e-05
3.00243e-05
2.69047e-05
2.34945e-05
2.29855e-05
2.32756e-05
2.30552e-05
1.95266e-05
9.81091e-06
3.53054e-07
9.70626e-07
2.60106e-05
4.85749e-05
5.84932e-05
6.13157e-05
6.01702e-05
5.7033e-05
5.32293e-05
4.96485e-05
4.66339e-05
4.42992e-05
4.26185e-05
4.14984e-05
4.08415e-05
4.05811e-05
4.06548e-05
4.09952e-05
4.15412e-05
4.22428e-05
4.306e-05
4.39627e-05
4.49313e-05
4.59547e-05
4.7027e-05
4.81441e-05
4.9301e-05
5.04903e-05
5.17018e-05
5.29226e-05
5.41385e-05
5.53352e-05
5.64987e-05
5.76167e-05
5.86787e-05
5.96759e-05
6.06017e-05
6.14512e-05
6.22558e-05
6.29801e-05
6.34502e-05
6.39459e-05
6.44831e-05
6.4829e-05
6.51022e-05
6.52906e-05
6.53941e-05
6.54101e-05
6.53351e-05
6.51636e-05
6.48883e-05
6.45002e-05
6.39881e-05
6.33399e-05
6.25427e-05
6.15849e-05
6.04579e-05
5.91595e-05
5.76977e-05
5.60948e-05
5.43904e-05
5.26429e-05
5.09254e-05
4.93145e-05
4.78721e-05
4.66211e-05
4.55213e-05
4.44494e-05
4.31821e-05
4.06992e-05
3.76281e-05
3.47293e-05
3.15157e-05
2.85207e-05
2.45854e-05
2.22975e-05
2.22225e-05
2.23597e-05
1.94115e-05
1.02105e-05
4.13914e-07
9.9036e-07
2.61102e-05
4.86346e-05
5.85473e-05
6.1483e-05
6.04347e-05
5.70566e-05
5.30756e-05
4.93707e-05
4.63221e-05
4.40273e-05
4.2426e-05
4.14029e-05
4.08584e-05
4.07195e-05
4.09113e-05
4.13589e-05
4.19999e-05
4.27861e-05
4.36811e-05
4.46595e-05
4.57065e-05
4.68142e-05
4.79776e-05
4.91915e-05
5.04483e-05
5.17369e-05
5.30433e-05
5.43518e-05
5.56458e-05
5.69098e-05
5.81294e-05
5.92927e-05
6.03896e-05
6.14128e-05
6.23568e-05
6.32181e-05
6.40114e-05
6.47434e-05
6.52365e-05
6.56936e-05
6.62348e-05
6.65797e-05
6.68496e-05
6.70389e-05
6.71484e-05
6.71772e-05
6.71229e-05
6.69815e-05
6.67466e-05
6.64094e-05
6.59584e-05
6.53796e-05
6.46574e-05
6.37749e-05
6.27165e-05
6.14704e-05
6.00324e-05
5.84114e-05
5.66345e-05
5.47511e-05
5.28344e-05
5.09749e-05
4.92658e-05
4.77778e-05
4.65303e-05
4.54645e-05
4.4424e-05
4.25274e-05
3.94959e-05
3.65304e-05
3.32117e-05
2.96915e-05
2.6158e-05
2.21843e-05
2.09769e-05
2.07148e-05
1.90525e-05
1.08717e-05
4.95529e-07
1.00015e-06
2.60424e-05
4.84383e-05
5.84789e-05
6.16143e-05
6.04657e-05
5.69905e-05
5.28803e-05
4.90879e-05
4.60285e-05
4.37854e-05
4.22686e-05
4.13467e-05
4.09161e-05
4.0894e-05
4.11945e-05
4.1739e-05
4.24661e-05
4.33309e-05
4.43008e-05
4.53554e-05
4.64836e-05
4.76788e-05
4.89356e-05
5.02464e-05
5.15998e-05
5.2981e-05
5.4373e-05
5.57574e-05
5.71165e-05
5.84341e-05
5.96962e-05
6.08914e-05
6.2011e-05
6.30485e-05
6.39996e-05
6.4862e-05
6.5635e-05
6.63628e-05
6.68814e-05
6.72889e-05
6.78169e-05
6.81555e-05
6.84133e-05
6.85941e-05
6.87002e-05
6.87323e-05
6.86899e-05
6.85706e-05
6.83694e-05
6.80788e-05
6.76876e-05
6.71818e-05
6.65438e-05
6.57535e-05
6.47895e-05
6.36317e-05
6.22645e-05
6.06824e-05
5.88964e-05
5.69406e-05
5.48781e-05
5.27995e-05
5.08142e-05
4.90267e-05
4.75044e-05
4.62419e-05
4.51368e-05
4.39744e-05
4.14002e-05
3.81462e-05
3.5069e-05
3.15215e-05
2.75772e-05
2.32412e-05
2.07327e-05
1.94277e-05
1.86119e-05
1.15305e-05
5.96339e-07
9.9955e-07
2.58755e-05
4.81886e-05
5.82618e-05
6.1613e-05
6.03956e-05
5.68566e-05
5.26596e-05
4.88108e-05
4.57583e-05
4.35745e-05
4.21453e-05
4.13265e-05
4.10077e-05
4.1095e-05
4.14947e-05
4.2127e-05
4.29335e-05
4.38726e-05
4.49162e-05
4.6048e-05
4.7259e-05
4.8543e-05
4.98925e-05
5.12965e-05
5.274e-05
5.42048e-05
5.56712e-05
5.71194e-05
5.8531e-05
5.98899e-05
6.1183e-05
6.23997e-05
6.35323e-05
6.45751e-05
6.55247e-05
6.63789e-05
6.71365e-05
6.78426e-05
6.83908e-05
6.87553e-05
6.92388e-05
6.9571e-05
6.98092e-05
6.9973e-05
7.00663e-05
7.00919e-05
7.00513e-05
6.99439e-05
6.97668e-05
6.95141e-05
6.91762e-05
6.87397e-05
6.81867e-05
6.74954e-05
6.66406e-05
6.55956e-05
6.4335e-05
6.28399e-05
6.11042e-05
5.91435e-05
5.70037e-05
5.47665e-05
5.25471e-05
5.04772e-05
4.86723e-05
4.71888e-05
4.59871e-05
4.49174e-05
4.3e-05
3.97699e-05
3.68531e-05
3.29951e-05
2.89992e-05
2.46973e-05
2.06235e-05
1.89535e-05
1.82171e-05
1.21636e-05
7.12292e-07
9.94139e-07
2.56121e-05
4.77709e-05
5.78537e-05
6.14004e-05
6.02246e-05
5.66698e-05
5.24253e-05
4.85469e-05
4.55146e-05
4.33948e-05
4.20544e-05
4.13378e-05
4.11259e-05
4.13143e-05
4.18042e-05
4.2517e-05
4.33975e-05
4.44078e-05
4.55243e-05
4.67335e-05
4.80275e-05
4.93989e-05
5.08374e-05
5.23284e-05
5.38534e-05
5.53915e-05
5.69211e-05
5.84216e-05
5.98748e-05
6.12652e-05
6.25804e-05
6.38111e-05
6.49504e-05
6.59936e-05
6.69379e-05
6.7782e-05
6.8526e-05
6.91983e-05
6.97623e-05
7.01053e-05
7.05264e-05
7.08465e-05
7.10597e-05
7.1199e-05
7.1271e-05
7.12806e-05
7.12312e-05
7.11244e-05
7.09598e-05
7.07336e-05
7.04384e-05
7.00622e-05
6.95881e-05
6.89942e-05
6.82532e-05
6.7334e-05
6.62038e-05
6.48317e-05
6.31956e-05
6.12909e-05
5.91413e-05
5.68099e-05
5.44035e-05
5.20649e-05
4.9945e-05
4.8156e-05
4.67168e-05
4.55151e-05
4.43012e-05
4.15231e-05
3.8265e-05
3.49778e-05
3.05543e-05
2.60292e-05
2.09562e-05
1.84726e-05
1.71468e-05
1.27937e-05
8.28869e-07
9.82176e-07
2.52942e-05
4.7099e-05
5.73267e-05
6.10595e-05
5.99684e-05
5.64423e-05
5.21867e-05
4.83016e-05
4.52992e-05
4.32453e-05
4.1993e-05
4.13758e-05
4.12643e-05
4.15453e-05
4.21175e-05
4.29044e-05
4.38544e-05
4.49336e-05
4.61217e-05
4.74073e-05
4.87823e-05
5.02373e-05
5.17588e-05
5.33288e-05
5.49257e-05
5.65266e-05
5.8109e-05
5.9652e-05
6.11381e-05
6.25526e-05
6.38842e-05
6.51245e-05
6.62674e-05
6.73091e-05
6.82474e-05
6.90818e-05
6.98137e-05
7.04465e-05
7.10094e-05
7.13544e-05
7.17033e-05
7.20051e-05
7.21891e-05
7.22979e-05
7.23412e-05
7.2326e-05
7.22576e-05
7.21402e-05
7.19758e-05
7.17631e-05
7.14973e-05
7.11689e-05
7.07628e-05
7.0258e-05
6.96271e-05
6.88367e-05
6.78486e-05
6.6623e-05
6.51238e-05
6.33269e-05
6.12324e-05
5.88788e-05
5.63545e-05
5.38004e-05
5.13921e-05
4.92957e-05
4.7606e-05
4.62903e-05
4.51658e-05
4.29302e-05
3.95724e-05
3.6783e-05
3.19912e-05
2.73583e-05
2.22937e-05
1.84844e-05
1.60954e-05
1.32492e-05
9.19003e-07
9.63633e-07
2.48855e-05
4.63582e-05
5.6712e-05
6.06021e-05
5.96398e-05
5.6184e-05
5.19506e-05
4.80784e-05
4.51127e-05
4.3125e-05
4.19584e-05
4.14357e-05
4.14174e-05
4.17829e-05
4.24302e-05
4.32857e-05
4.43012e-05
4.54465e-05
4.6704e-05
4.80634e-05
4.95156e-05
5.10485e-05
5.26455e-05
5.42854e-05
5.59445e-05
5.75986e-05
5.92246e-05
6.08024e-05
6.23149e-05
6.37487e-05
6.50934e-05
6.63415e-05
6.74874e-05
6.85278e-05
6.94607e-05
7.02854e-05
7.1002e-05
7.16115e-05
7.21623e-05
7.25128e-05
7.27903e-05
7.30687e-05
7.32206e-05
7.32944e-05
7.3303e-05
7.32552e-05
7.31588e-05
7.30202e-05
7.28438e-05
7.26314e-05
7.2381e-05
7.20858e-05
7.17334e-05
7.1305e-05
7.07743e-05
7.01073e-05
6.92632e-05
6.81957e-05
6.68575e-05
6.52075e-05
6.32225e-05
6.09126e-05
5.83393e-05
5.56267e-05
5.29566e-05
5.05326e-05
4.85138e-05
4.6937e-05
4.56677e-05
4.41145e-05
4.08235e-05
3.81957e-05
3.39654e-05
2.87506e-05
2.35774e-05
1.88599e-05
1.55537e-05
1.34271e-05
9.59017e-07
9.39493e-07
2.43722e-05
4.55068e-05
5.6004e-05
6.00506e-05
5.92509e-05
5.5903e-05
5.17221e-05
4.78797e-05
4.49555e-05
4.30322e-05
4.19473e-05
4.15134e-05
4.15806e-05
4.20229e-05
4.27388e-05
4.36577e-05
4.47346e-05
4.59427e-05
4.72664e-05
4.86954e-05
5.02192e-05
5.18228e-05
5.34868e-05
5.51875e-05
5.68997e-05
5.85983e-05
6.02607e-05
6.18672e-05
6.3402e-05
6.48525e-05
6.62093e-05
6.74652e-05
6.86156e-05
6.96568e-05
7.05869e-05
7.14048e-05
7.21105e-05
7.27046e-05
7.32286e-05
7.35888e-05
7.38051e-05
7.4056e-05
7.41739e-05
7.42096e-05
7.41788e-05
7.40924e-05
7.39602e-05
7.37908e-05
7.35915e-05
7.33667e-05
7.31176e-05
7.28406e-05
7.25265e-05
7.21592e-05
7.17146e-05
7.116e-05
7.04537e-05
6.95458e-05
6.8381e-05
6.69043e-05
6.50714e-05
6.28644e-05
6.03128e-05
5.75136e-05
5.46399e-05
5.19199e-05
4.95754e-05
4.77305e-05
4.63305e-05
4.51137e-05
4.22801e-05
3.93504e-05
3.58744e-05
2.9934e-05
2.45543e-05
1.88814e-05
1.56878e-05
1.3415e-05
9.65438e-07
9.11113e-07
2.38242e-05
4.45697e-05
5.52091e-05
5.94211e-05
5.88123e-05
5.56057e-05
5.15047e-05
4.7707e-05
4.48273e-05
4.29654e-05
4.1957e-05
4.1605e-05
4.175e-05
4.22618e-05
4.30401e-05
4.40172e-05
4.51513e-05
4.64181e-05
4.78034e-05
4.92966e-05
5.0885e-05
5.25514e-05
5.42736e-05
5.60263e-05
5.77831e-05
5.95191e-05
6.12121e-05
6.28433e-05
6.43978e-05
6.58641e-05
6.72333e-05
6.84989e-05
6.96562e-05
7.07017e-05
7.1633e-05
7.2449e-05
7.31495e-05
7.3736e-05
7.42255e-05
7.45744e-05
7.47651e-05
7.49808e-05
7.50633e-05
7.50592e-05
7.4986e-05
7.48564e-05
7.46822e-05
7.44743e-05
7.42425e-05
7.39941e-05
7.37334e-05
7.34603e-05
7.31688e-05
7.28462e-05
7.24717e-05
7.20147e-05
7.14345e-05
7.06799e-05
6.96907e-05
6.84016e-05
6.67505e-05
6.46934e-05
6.22259e-05
5.94097e-05
5.63935e-05
5.34095e-05
5.07248e-05
4.85439e-05
4.69027e-05
4.56233e-05
4.34068e-05
4.02144e-05
3.74706e-05
3.1645e-05
2.58376e-05
1.96471e-05
1.54341e-05
1.31703e-05
9.46326e-07
8.79694e-07
2.32596e-05
4.3567e-05
5.43379e-05
5.87264e-05
5.83329e-05
5.52971e-05
5.1301e-05
4.75609e-05
4.47276e-05
4.29228e-05
4.19847e-05
4.17071e-05
4.19221e-05
4.24965e-05
4.33312e-05
4.43613e-05
4.55477e-05
4.68683e-05
4.83097e-05
4.98603e-05
5.15057e-05
5.32264e-05
5.49982e-05
5.67946e-05
5.85888e-05
6.03562e-05
6.20753e-05
6.37283e-05
6.53014e-05
6.67836e-05
6.81668e-05
6.94445e-05
7.06121e-05
7.16656e-05
7.26023e-05
7.34203e-05
7.41189e-05
7.46989e-05
7.51628e-05
7.54958e-05
7.56693e-05
7.58498e-05
7.58972e-05
7.58529e-05
7.57357e-05
7.55601e-05
7.53395e-05
7.50871e-05
7.48152e-05
7.45339e-05
7.42505e-05
7.39682e-05
7.36849e-05
7.33913e-05
7.30703e-05
7.26944e-05
7.22253e-05
7.16124e-05
7.07932e-05
6.96956e-05
6.8244e-05
6.63716e-05
6.40415e-05
6.12759e-05
5.81879e-05
5.49967e-05
5.19981e-05
4.94717e-05
4.75437e-05
4.60753e-05
4.43756e-05
4.10612e-05
3.87258e-05
3.34806e-05
2.69188e-05
2.07003e-05
1.53911e-05
1.30418e-05
9.15612e-07
8.46211e-07
2.26737e-05
4.25109e-05
5.34012e-05
5.7977e-05
5.782e-05
5.49812e-05
5.11123e-05
4.74415e-05
4.46555e-05
4.2903e-05
4.20277e-05
4.18167e-05
4.2094e-05
4.27241e-05
4.36091e-05
4.46867e-05
4.59202e-05
4.72889e-05
4.87798e-05
5.03805e-05
5.20747e-05
5.38411e-05
5.56542e-05
5.74867e-05
5.9312e-05
6.11058e-05
6.28476e-05
6.45207e-05
6.61118e-05
6.76108e-05
6.90097e-05
7.03023e-05
7.14833e-05
7.25484e-05
7.34941e-05
7.43176e-05
7.5017e-05
7.55917e-05
7.60423e-05
7.63595e-05
7.65189e-05
7.66638e-05
7.66778e-05
7.65943e-05
7.6433e-05
7.621e-05
7.59406e-05
7.56399e-05
7.53223e-05
7.50009e-05
7.46857e-05
7.43835e-05
7.40956e-05
7.38167e-05
7.35334e-05
7.32221e-05
7.28476e-05
7.23615e-05
7.17013e-05
7.07912e-05
6.95463e-05
6.78813e-05
6.573e-05
6.30744e-05
5.99839e-05
5.6647e-05
5.33674e-05
5.04886e-05
4.82504e-05
4.66375e-05
4.52954e-05
4.21512e-05
3.96502e-05
3.52977e-05
2.801e-05
2.1737e-05
1.55158e-05
1.28943e-05
8.77495e-07
8.10906e-07
2.20821e-05
4.14135e-05
5.24091e-05
5.71814e-05
5.72795e-05
5.46609e-05
5.09391e-05
4.73484e-05
4.46101e-05
4.29039e-05
4.20835e-05
4.19308e-05
4.22628e-05
4.29417e-05
4.38711e-05
4.49905e-05
4.62651e-05
4.76755e-05
4.92088e-05
5.08516e-05
5.25863e-05
5.43901e-05
5.62366e-05
5.80984e-05
5.9949e-05
6.17651e-05
6.3527e-05
6.52186e-05
6.68277e-05
6.83443e-05
6.97607e-05
7.10703e-05
7.22675e-05
7.33473e-05
7.43051e-05
7.51371e-05
7.58403e-05
7.64127e-05
7.6854e-05
7.71593e-05
7.73176e-05
7.74167e-05
7.74018e-05
7.72813e-05
7.70773e-05
7.68073e-05
7.64884e-05
7.61374e-05
7.57709e-05
7.54044e-05
7.50508e-05
7.47201e-05
7.44172e-05
7.41407e-05
7.38811e-05
7.36189e-05
7.33227e-05
7.29473e-05
7.24319e-05
7.16999e-05
7.06602e-05
6.92144e-05
6.72712e-05
6.47749e-05
6.1747e-05
5.83327e-05
5.4821e-05
5.15947e-05
4.89869e-05
4.71025e-05
4.57239e-05
4.31786e-05
4.03622e-05
3.68143e-05
2.93505e-05
2.26417e-05
1.58291e-05
1.28173e-05
8.38517e-07
7.75594e-07
2.14763e-05
4.02809e-05
5.13693e-05
5.63468e-05
5.67161e-05
5.43381e-05
5.07812e-05
4.72814e-05
4.45912e-05
4.29246e-05
4.21503e-05
4.20472e-05
4.24259e-05
4.31469e-05
4.41143e-05
4.52695e-05
4.6579e-05
4.80242e-05
4.95923e-05
5.12691e-05
5.30358e-05
5.48689e-05
5.67415e-05
5.86262e-05
6.04972e-05
6.23318e-05
6.41111e-05
6.58201e-05
6.74468e-05
6.89816e-05
7.04166e-05
7.1745e-05
7.29605e-05
7.40571e-05
7.50294e-05
7.58725e-05
7.65822e-05
7.7156e-05
7.7593e-05
7.78904e-05
7.80437e-05
7.8106e-05
7.80629e-05
7.7908e-05
7.76636e-05
7.73484e-05
7.69809e-05
7.65797e-05
7.61631e-05
7.57488e-05
7.53526e-05
7.49874e-05
7.46615e-05
7.43774e-05
7.41297e-05
7.3903e-05
7.367e-05
7.33894e-05
7.30034e-05
7.24364e-05
7.15948e-05
7.0371e-05
6.86543e-05
6.63553e-05
6.34477e-05
6.00243e-05
5.63415e-05
5.28019e-05
4.98231e-05
4.76217e-05
4.60633e-05
4.4043e-05
4.09608e-05
3.80169e-05
3.09762e-05
2.35697e-05
1.62776e-05
1.2728e-05
7.98215e-07
7.38208e-07
2.08974e-05
3.91309e-05
5.02911e-05
5.54789e-05
5.6133e-05
5.40134e-05
5.06384e-05
4.7239e-05
4.45961e-05
4.29617e-05
4.22246e-05
4.21626e-05
4.25807e-05
4.33369e-05
4.43362e-05
4.55208e-05
4.68586e-05
4.83316e-05
4.99267e-05
5.16292e-05
5.34197e-05
5.52742e-05
5.71659e-05
5.90675e-05
6.09541e-05
6.28036e-05
6.4598e-05
6.63228e-05
6.79664e-05
6.95192e-05
7.09733e-05
7.23211e-05
7.35558e-05
7.46706e-05
7.56588e-05
7.65147e-05
7.72334e-05
7.78116e-05
7.82482e-05
7.85414e-05
7.86808e-05
7.87213e-05
7.86512e-05
7.84648e-05
7.81834e-05
7.78262e-05
7.74128e-05
7.6963e-05
7.64971e-05
7.60345e-05
7.55937e-05
7.51903e-05
7.4836e-05
7.45369e-05
7.42916e-05
7.40891e-05
7.39063e-05
7.37059e-05
7.3434e-05
7.30173e-05
7.23626e-05
7.13568e-05
6.98752e-05
6.78002e-05
6.50607e-05
6.16918e-05
5.79007e-05
5.40857e-05
5.07347e-05
4.81864e-05
4.63717e-05
4.46836e-05
4.15297e-05
3.90394e-05
3.26884e-05
2.44197e-05
1.68937e-05
1.26468e-05
7.60171e-07
7.08918e-07
2.02337e-05
3.79544e-05
4.91785e-05
5.45821e-05
5.55325e-05
5.36871e-05
5.05104e-05
4.72219e-05
4.46275e-05
4.30183e-05
4.23082e-05
4.22768e-05
4.27253e-05
4.35095e-05
4.45342e-05
4.5742e-05
4.71013e-05
4.85946e-05
5.02088e-05
5.19288e-05
5.37351e-05
5.56036e-05
5.75075e-05
5.94204e-05
6.13178e-05
6.31786e-05
6.49854e-05
6.67239e-05
6.8383e-05
6.99529e-05
7.14253e-05
7.27923e-05
7.40461e-05
7.51791e-05
7.61837e-05
7.70533e-05
7.77822e-05
7.83664e-05
7.88043e-05
7.9097e-05
7.92247e-05
7.92479e-05
7.91542e-05
7.89404e-05
7.86263e-05
7.82314e-05
7.77759e-05
7.7281e-05
7.67682e-05
7.6259e-05
7.57736e-05
7.53305e-05
7.49447e-05
7.46256e-05
7.43759e-05
7.41885e-05
7.4045e-05
7.39122e-05
7.37402e-05
7.34595e-05
7.29782e-05
7.21818e-05
7.09362e-05
6.9102e-05
6.6568e-05
6.33113e-05
5.94781e-05
5.54385e-05
5.17302e-05
4.88306e-05
4.68403e-05
4.52662e-05
4.21784e-05
3.97694e-05
3.4229e-05
2.53016e-05
1.75888e-05
1.25423e-05
7.25259e-07
6.83108e-07
1.95188e-05
3.67474e-05
4.80344e-05
5.36588e-05
5.49158e-05
5.33587e-05
5.03951e-05
4.72252e-05
4.46752e-05
4.30827e-05
4.23906e-05
4.23838e-05
4.28567e-05
4.36624e-05
4.4706e-05
4.59305e-05
4.73045e-05
4.88108e-05
5.04363e-05
5.21659e-05
5.39801e-05
5.58551e-05
5.77648e-05
5.96833e-05
6.15868e-05
6.3455e-05
6.52708e-05
6.70205e-05
6.86928e-05
7.02779e-05
7.1767e-05
7.31516e-05
7.44233e-05
7.55735e-05
7.65939e-05
7.74771e-05
7.82166e-05
7.88079e-05
7.92491e-05
7.95411e-05
7.9663e-05
7.96723e-05
7.95592e-05
7.93225e-05
7.89808e-05
7.85534e-05
7.8061e-05
7.75258e-05
7.69703e-05
7.64175e-05
7.58896e-05
7.54075e-05
7.49891e-05
7.46472e-05
7.43884e-05
7.42097e-05
7.40969e-05
7.40212e-05
7.3937e-05
7.37785e-05
7.3457e-05
7.28585e-05
7.18439e-05
7.02582e-05
6.79566e-05
6.48612e-05
6.10493e-05
5.68403e-05
5.2789e-05
4.94853e-05
4.72055e-05
4.56532e-05
4.28066e-05
4.03854e-05
3.54368e-05
2.64869e-05
1.82701e-05
1.24309e-05
6.95487e-07
6.58538e-07
1.8754e-05
3.55063e-05
4.68559e-05
5.27112e-05
5.4283e-05
5.30275e-05
5.02924e-05
4.72543e-05
4.47606e-05
4.31799e-05
4.24924e-05
4.24905e-05
4.29748e-05
4.37943e-05
4.48502e-05
4.60848e-05
4.74668e-05
4.89787e-05
5.06077e-05
5.23391e-05
5.41536e-05
5.6028e-05
5.79369e-05
5.98552e-05
6.17599e-05
6.36311e-05
6.54522e-05
6.72096e-05
6.8892e-05
7.04894e-05
7.19924e-05
7.33921e-05
7.46792e-05
7.58446e-05
7.68792e-05
7.77749e-05
7.85246e-05
7.91234e-05
7.95688e-05
7.98613e-05
7.99826e-05
7.99816e-05
7.98536e-05
7.95993e-05
7.92356e-05
7.87817e-05
7.82585e-05
7.76887e-05
7.70961e-05
7.65045e-05
7.59378e-05
7.5419e-05
7.49689e-05
7.46035e-05
7.43329e-05
7.41585e-05
7.40701e-05
7.40433e-05
7.40367e-05
7.39885e-05
7.38136e-05
7.34004e-05
7.26081e-05
7.12714e-05
6.92196e-05
6.63252e-05
6.25945e-05
5.82803e-05
5.39279e-05
5.02184e-05
4.75884e-05
4.589e-05
4.34577e-05
4.07968e-05
3.64273e-05
2.78093e-05
1.876e-05
1.2305e-05
6.71283e-07
6.34603e-07
1.79871e-05
3.42386e-05
4.56232e-05
5.17324e-05
5.36349e-05
5.26911e-05
5.01982e-05
4.72961e-05
4.48282e-05
4.32478e-05
4.25613e-05
4.2581e-05
4.30766e-05
4.39027e-05
4.49641e-05
4.62026e-05
4.75858e-05
4.90964e-05
5.07216e-05
5.24473e-05
5.42547e-05
5.61216e-05
5.80233e-05
5.99357e-05
6.18363e-05
6.37057e-05
6.55277e-05
6.72888e-05
6.89773e-05
7.0583e-05
7.20963e-05
7.35074e-05
7.48065e-05
7.5984e-05
7.70302e-05
7.79364e-05
7.86952e-05
7.93011e-05
7.97513e-05
8.00456e-05
8.0171e-05
8.01638e-05
8.00261e-05
7.97597e-05
7.93803e-05
7.89065e-05
7.83592e-05
7.77615e-05
7.71383e-05
7.6514e-05
7.59136e-05
7.53621e-05
7.48829e-05
7.4495e-05
7.42119e-05
7.40392e-05
7.39709e-05
7.39868e-05
7.40497e-05
7.41017e-05
7.40617e-05
7.3821e-05
7.32399e-05
7.21477e-05
7.03543e-05
6.76903e-05
6.4093e-05
5.97357e-05
5.51273e-05
5.10161e-05
4.80022e-05
4.60918e-05
4.40999e-05
4.11297e-05
3.73179e-05
2.92665e-05
1.94049e-05
1.21885e-05
6.53674e-07
6.11025e-07
1.72191e-05
3.29956e-05
4.43611e-05
5.07071e-05
5.29866e-05
5.23514e-05
5.0111e-05
4.73622e-05
4.50149e-05
4.34349e-05
4.27184e-05
4.26723e-05
4.316e-05
4.39881e-05
4.50494e-05
4.62851e-05
4.76631e-05
4.91657e-05
5.07798e-05
5.24918e-05
5.42845e-05
5.61365e-05
5.80244e-05
5.99247e-05
6.18156e-05
6.36781e-05
6.5496e-05
6.72558e-05
6.89457e-05
7.0555e-05
7.20736e-05
7.34914e-05
7.47983e-05
7.59839e-05
7.70383e-05
7.79526e-05
7.87188e-05
7.93313e-05
7.97865e-05
8.00841e-05
8.02176e-05
8.02084e-05
8.00666e-05
7.97945e-05
7.94061e-05
7.89195e-05
7.83549e-05
7.77364e-05
7.70902e-05
7.64406e-05
7.58128e-05
7.52336e-05
7.47295e-05
7.43215e-05
7.40266e-05
7.38548e-05
7.38039e-05
7.38583e-05
7.39846e-05
7.41289e-05
7.42136e-05
7.41335e-05
7.37516e-05
7.28954e-05
7.13622e-05
6.89489e-05
6.55288e-05
6.11896e-05
5.63786e-05
5.18824e-05
4.84575e-05
4.62684e-05
4.45643e-05
4.14184e-05
3.79805e-05
3.05528e-05
2.01044e-05
1.21236e-05
6.43594e-07
5.87828e-07
1.64712e-05
3.16455e-05
4.30473e-05
4.96405e-05
5.23249e-05
5.20061e-05
5.00306e-05
4.74591e-05
4.5093e-05
4.35054e-05
4.27735e-05
4.27807e-05
4.32343e-05
4.4045e-05
4.50981e-05
4.63258e-05
4.7692e-05
4.91788e-05
5.07749e-05
5.24683e-05
5.42414e-05
5.60733e-05
5.79415e-05
5.98236e-05
6.16988e-05
6.35484e-05
6.53564e-05
6.7109e-05
6.87942e-05
7.0401e-05
7.1919e-05
7.33378e-05
7.4647e-05
7.58361e-05
7.68951e-05
7.78147e-05
7.8587e-05
7.92056e-05
7.96669e-05
7.99693e-05
8.0113e-05
8.01068e-05
7.9967e-05
7.96967e-05
7.9306e-05
7.88141e-05
7.82393e-05
7.76064e-05
7.69459e-05
7.62796e-05
7.56317e-05
7.50306e-05
7.45072e-05
7.40832e-05
7.37783e-05
7.36079e-05
7.35733e-05
7.36632e-05
7.38486e-05
7.40788e-05
7.42799e-05
7.43501e-05
7.41554e-05
7.35245e-05
7.22478e-05
7.00966e-05
6.68887e-05
6.26239e-05
5.76675e-05
5.28131e-05
4.89682e-05
4.65036e-05
4.48096e-05
4.17519e-05
3.86324e-05
3.16179e-05
2.0828e-05
1.20859e-05
6.39152e-07
5.65185e-07
1.57627e-05
3.03077e-05
4.16861e-05
4.85268e-05
5.16367e-05
5.16523e-05
4.99542e-05
4.75416e-05
4.52265e-05
4.36305e-05
4.28613e-05
4.28178e-05
4.32945e-05
4.40916e-05
4.51284e-05
4.63387e-05
4.76895e-05
4.91601e-05
5.07351e-05
5.23967e-05
5.41343e-05
5.59327e-05
5.77709e-05
5.96268e-05
6.14792e-05
6.3309e-05
6.51e-05
6.6838e-05
6.85111e-05
7.01081e-05
7.16187e-05
7.30326e-05
7.43392e-05
7.55282e-05
7.65894e-05
7.75134e-05
7.82919e-05
7.89179e-05
7.93873e-05
7.96984e-05
7.98515e-05
7.98515e-05
7.97066e-05
7.94415e-05
7.90499e-05
7.85611e-05
7.79912e-05
7.73647e-05
7.67007e-05
7.6028e-05
7.53679e-05
7.47502e-05
7.42151e-05
7.37805e-05
7.3468e-05
7.33011e-05
7.32826e-05
7.34063e-05
7.36479e-05
7.39593e-05
7.42702e-05
7.44816e-05
7.44629e-05
7.40456e-05
7.30176e-05
7.11325e-05
6.81623e-05
6.40223e-05
5.8979e-05
5.37982e-05
4.95142e-05
4.67365e-05
4.50385e-05
4.21264e-05
3.91804e-05
3.24244e-05
2.16287e-05
1.20881e-05
6.38226e-07
5.43403e-07
1.50986e-05
2.89619e-05
4.03089e-05
4.7381e-05
5.09175e-05
5.1278e-05
4.98649e-05
4.76177e-05
4.54352e-05
4.38148e-05
4.30005e-05
4.28772e-05
4.33088e-05
4.40878e-05
4.50986e-05
4.62927e-05
4.76121e-05
4.9038e-05
5.0564e-05
5.21895e-05
5.3895e-05
5.56597e-05
5.74635e-05
5.92859e-05
6.11071e-05
6.29093e-05
6.46767e-05
6.63958e-05
6.80543e-05
6.96409e-05
7.11447e-05
7.25547e-05
7.38601e-05
7.50498e-05
7.61134e-05
7.70415e-05
7.78263e-05
7.84632e-05
7.89455e-05
7.927e-05
7.94364e-05
7.9447e-05
7.9303e-05
7.90457e-05
7.86425e-05
7.81422e-05
7.75709e-05
7.69459e-05
7.62882e-05
7.56274e-05
7.49841e-05
7.43858e-05
7.38532e-05
7.34151e-05
7.30966e-05
7.29374e-05
7.29357e-05
7.30922e-05
7.33884e-05
7.37773e-05
7.41928e-05
7.4538e-05
7.46852e-05
7.44694e-05
7.36798e-05
7.20585e-05
6.93428e-05
6.53704e-05
6.02997e-05
5.4835e-05
5.01034e-05
4.69484e-05
4.51715e-05
4.24868e-05
3.96364e-05
3.31532e-05
2.24295e-05
1.21116e-05
6.43643e-07
5.22332e-07
1.44516e-05
2.76257e-05
3.88472e-05
4.61728e-05
5.01493e-05
5.0892e-05
4.97812e-05
4.77495e-05
4.56293e-05
4.39974e-05
4.3125e-05
4.29658e-05
4.33286e-05
4.4076e-05
4.50687e-05
4.62182e-05
4.75116e-05
4.89234e-05
5.04349e-05
5.20341e-05
5.37054e-05
5.54319e-05
5.71959e-05
5.89795e-05
6.0765e-05
6.25358e-05
6.42767e-05
6.59737e-05
6.7614e-05
6.91857e-05
7.0677e-05
7.20764e-05
7.33724e-05
7.4554e-05
7.56106e-05
7.65327e-05
7.7312e-05
7.79407e-05
7.84149e-05
7.87325e-05
7.88946e-05
7.8906e-05
7.87767e-05
7.85548e-05
7.81815e-05
7.77065e-05
7.71425e-05
7.65097e-05
7.58306e-05
7.51372e-05
7.44747e-05
7.38731e-05
7.33528e-05
7.29418e-05
7.26594e-05
7.25208e-05
7.25367e-05
7.27251e-05
7.30757e-05
7.35389e-05
7.40552e-05
7.45282e-05
7.48323e-05
7.48062e-05
7.42433e-05
7.28783e-05
7.04254e-05
6.66551e-05
6.16138e-05
5.59161e-05
5.07452e-05
4.71689e-05
4.52079e-05
4.2805e-05
4.0024e-05
3.37957e-05
2.32053e-05
1.21807e-05
6.54375e-07
5.0179e-07
1.38199e-05
2.63438e-05
3.74071e-05
4.4936e-05
4.93175e-05
5.04659e-05
4.96443e-05
4.7858e-05
4.58387e-05
4.4201e-05
4.32641e-05
4.30341e-05
4.33526e-05
4.405e-05
4.50098e-05
4.61429e-05
4.741e-05
4.87867e-05
5.02547e-05
5.18052e-05
5.34291e-05
5.51126e-05
5.68383e-05
5.85874e-05
6.03411e-05
6.20817e-05
6.3793e-05
6.54607e-05
6.70717e-05
6.86141e-05
7.00768e-05
7.14489e-05
7.27199e-05
7.38795e-05
7.49181e-05
7.58266e-05
7.65967e-05
7.72213e-05
7.76963e-05
7.80195e-05
7.81909e-05
7.82134e-05
7.80955e-05
7.78984e-05
7.75552e-05
7.71131e-05
7.65895e-05
7.60039e-05
7.5376e-05
7.47151e-05
7.40504e-05
7.34122e-05
7.28384e-05
7.23838e-05
7.20976e-05
7.19871e-05
7.20588e-05
7.23087e-05
7.27165e-05
7.325e-05
7.38644e-05
7.44602e-05
7.49133e-05
7.50654e-05
7.47176e-05
7.35969e-05
7.14077e-05
6.78651e-05
6.29051e-05
5.70292e-05
5.14383e-05
4.74149e-05
4.52032e-05
4.31017e-05
4.03362e-05
3.43712e-05
2.39661e-05
1.22744e-05
6.7007e-07
4.81614e-07
1.32034e-05
2.51238e-05
3.59952e-05
4.36239e-05
4.84346e-05
5.00336e-05
4.95631e-05
4.79764e-05
4.60643e-05
4.44275e-05
4.34221e-05
4.31089e-05
4.33572e-05
4.39999e-05
4.4908e-05
4.60072e-05
4.72303e-05
4.85552e-05
4.99732e-05
5.14721e-05
5.30414e-05
5.4669e-05
5.63416e-05
5.80401e-05
5.97461e-05
6.1442e-05
6.31117e-05
6.47408e-05
6.63161e-05
6.7826e-05
6.92592e-05
7.06052e-05
7.18537e-05
7.2995e-05
7.40201e-05
7.49202e-05
7.56869e-05
7.63137e-05
7.67964e-05
7.7133e-05
7.73235e-05
7.73694e-05
7.72725e-05
7.71015e-05
7.67882e-05
7.6373e-05
7.58762e-05
7.53167e-05
7.47163e-05
7.41022e-05
7.3498e-05
7.29291e-05
7.2409e-05
7.19606e-05
7.1624e-05
7.14475e-05
7.15017e-05
7.17818e-05
7.22667e-05
7.29074e-05
7.36269e-05
7.43412e-05
7.49369e-05
7.52549e-05
7.51175e-05
7.42643e-05
7.23395e-05
6.89976e-05
6.4158e-05
5.81609e-05
5.21787e-05
4.7696e-05
4.52139e-05
4.33353e-05
4.05765e-05
3.4881e-05
2.4706e-05
1.23408e-05
6.91055e-07
4.61556e-07
1.26008e-05
2.39625e-05
3.45504e-05
4.23043e-05
4.74247e-05
4.9475e-05
4.941e-05
4.80877e-05
4.63045e-05
4.46789e-05
4.36041e-05
4.31963e-05
4.33604e-05
4.39368e-05
4.47915e-05
4.58354e-05
4.70147e-05
4.82975e-05
4.96674e-05
5.1113e-05
5.26256e-05
5.41945e-05
5.5805e-05
5.74422e-05
5.90899e-05
6.07316e-05
6.23518e-05
6.39363e-05
6.54718e-05
6.69464e-05
6.83486e-05
6.96675e-05
7.08929e-05
7.20149e-05
7.30236e-05
7.39107e-05
7.46692e-05
7.52935e-05
7.57796e-05
7.61255e-05
7.63308e-05
7.63957e-05
7.63195e-05
7.61747e-05
7.58964e-05
7.5514e-05
7.50511e-05
7.45255e-05
7.39579e-05
7.33715e-05
7.27914e-05
7.22461e-05
7.17712e-05
7.13995e-05
7.11564e-05
7.10419e-05
7.10831e-05
7.13207e-05
7.17866e-05
7.24721e-05
7.32852e-05
7.41283e-05
7.48768e-05
7.53819e-05
7.54428e-05
7.48149e-05
7.31491e-05
7.00693e-05
6.5355e-05
5.92953e-05
5.29555e-05
4.80013e-05
4.52276e-05
4.35362e-05
4.0751e-05
3.53873e-05
2.5416e-05
1.24789e-05
7.18475e-07
4.4152e-07
1.20219e-05
2.28698e-05
3.31328e-05
4.09966e-05
4.64e-05
4.89217e-05
4.92013e-05
4.8176e-05
4.65523e-05
4.49554e-05
4.38151e-05
4.33034e-05
4.3369e-05
4.3866e-05
4.46572e-05
4.56466e-05
4.67747e-05
4.80062e-05
4.93219e-05
5.07099e-05
5.21615e-05
5.36671e-05
5.52143e-05
5.67893e-05
5.83769e-05
5.99615e-05
6.15281e-05
6.30626e-05
6.45517e-05
6.59835e-05
6.73465e-05
6.86302e-05
6.98244e-05
7.09196e-05
7.19068e-05
7.2778e-05
7.35265e-05
7.4147e-05
7.46359e-05
7.49912e-05
7.52124e-05
7.52989e-05
7.52468e-05
7.51286e-05
7.48895e-05
7.4545e-05
7.41224e-05
7.36381e-05
7.31115e-05
7.25645e-05
7.20215e-05
7.15099e-05
7.10605e-05
7.07062e-05
7.04827e-05
7.04346e-05
7.05843e-05
7.09343e-05
7.14559e-05
7.21557e-05
7.30062e-05
7.39367e-05
7.48115e-05
7.54533e-05
7.56297e-05
7.51469e-05
7.37459e-05
7.1e-05
6.64888e-05
6.04176e-05
5.37618e-05
4.83315e-05
4.52561e-05
4.36473e-05
4.09088e-05
3.59412e-05
2.60432e-05
1.26343e-05
7.51496e-07
4.21339e-07
1.1463e-05
2.1851e-05
3.17479e-05
3.96266e-05
4.53538e-05
4.83188e-05
4.89668e-05
4.82416e-05
4.68019e-05
4.52559e-05
4.40594e-05
4.34384e-05
4.33916e-05
4.37949e-05
4.45111e-05
4.54375e-05
4.65083e-05
4.76835e-05
4.89411e-05
5.02678e-05
5.16546e-05
5.3093e-05
5.45721e-05
5.60795e-05
5.76015e-05
5.91234e-05
6.06306e-05
6.21095e-05
6.35469e-05
6.49309e-05
6.62502e-05
6.74943e-05
6.86536e-05
6.97188e-05
7.06816e-05
7.15344e-05
7.2271e-05
7.28865e-05
7.33775e-05
7.37423e-05
7.39804e-05
7.40907e-05
7.4066e-05
7.39751e-05
7.37785e-05
7.34765e-05
7.30997e-05
7.2663e-05
7.21848e-05
7.16859e-05
7.11896e-05
7.07225e-05
7.03138e-05
6.99959e-05
6.9804e-05
6.97743e-05
6.99398e-05
7.03292e-05
7.09584e-05
7.1795e-05
7.27784e-05
7.38067e-05
7.47595e-05
7.54922e-05
7.58328e-05
7.55259e-05
7.42867e-05
7.18101e-05
6.7565e-05
6.15086e-05
5.4584e-05
4.86737e-05
4.52508e-05
4.36548e-05
4.10542e-05
3.64837e-05
2.66428e-05
1.27781e-05
7.91201e-07
4.00796e-07
1.09238e-05
2.09133e-05
3.04209e-05
3.82455e-05
4.42095e-05
4.76068e-05
4.86695e-05
4.82726e-05
4.70453e-05
4.55772e-05
4.43403e-05
4.36095e-05
4.3438e-05
4.37325e-05
4.43609e-05
4.52147e-05
4.6221e-05
4.73349e-05
4.85303e-05
4.97922e-05
5.11111e-05
5.24786e-05
5.38855e-05
5.53209e-05
5.67722e-05
5.82261e-05
5.96687e-05
6.10868e-05
6.24675e-05
6.37991e-05
6.50705e-05
6.62714e-05
6.73924e-05
6.84249e-05
6.93608e-05
7.01933e-05
7.09164e-05
7.15258e-05
7.20183e-05
7.23925e-05
7.26483e-05
7.27842e-05
7.27903e-05
7.27268e-05
7.25751e-05
7.23203e-05
7.19936e-05
7.16098e-05
7.11861e-05
7.07423e-05
7.03006e-05
6.98863e-05
6.95279e-05
6.92571e-05
6.91085e-05
6.91185e-05
6.93216e-05
6.97463e-05
7.04053e-05
7.12857e-05
7.23402e-05
7.34826e-05
7.45869e-05
7.54919e-05
7.60036e-05
7.58862e-05
7.48295e-05
7.24835e-05
6.85037e-05
6.25422e-05
5.54109e-05
4.90327e-05
4.52318e-05
4.36307e-05
4.11926e-05
3.69696e-05
2.72532e-05
1.29653e-05
8.37894e-07
3.79822e-07
1.04074e-05
2.00612e-05
2.91424e-05
3.68579e-05
4.2996e-05
4.68073e-05
4.82963e-05
4.82551e-05
4.72721e-05
4.59137e-05
4.46591e-05
4.38246e-05
4.35195e-05
4.36899e-05
4.42161e-05
4.4986e-05
4.59198e-05
4.69664e-05
4.80956e-05
4.92895e-05
5.05373e-05
5.18311e-05
5.31624e-05
5.45218e-05
5.58982e-05
5.72794e-05
5.86527e-05
6.00053e-05
6.13248e-05
6.25999e-05
6.38196e-05
6.4974e-05
6.6054e-05
6.70513e-05
6.79584e-05
6.87689e-05
6.94774e-05
7.00798e-05
7.05733e-05
7.09568e-05
7.12305e-05
7.13936e-05
7.14335e-05
7.13978e-05
7.12934e-05
7.10884e-05
7.08158e-05
7.04895e-05
7.01255e-05
6.97425e-05
6.93616e-05
6.9007e-05
6.87063e-05
6.84903e-05
6.83932e-05
6.84512e-05
6.87006e-05
6.9172e-05
6.98827e-05
7.08258e-05
7.19588e-05
7.31968e-05
7.44121e-05
7.544e-05
7.60856e-05
7.61197e-05
7.52566e-05
7.311e-05
6.93418e-05
6.35077e-05
5.62267e-05
4.93988e-05
4.51846e-05
4.35877e-05
4.13351e-05
3.74119e-05
2.78515e-05
1.31563e-05
8.91847e-07
3.58162e-07
9.90884e-06
1.92988e-05
2.79847e-05
3.5502e-05
4.17364e-05
4.59286e-05
4.78382e-05
4.81746e-05
4.74688e-05
4.62564e-05
4.50141e-05
4.40899e-05
4.36476e-05
4.368e-05
4.40884e-05
4.47616e-05
4.56133e-05
4.6586e-05
4.7644e-05
4.87664e-05
4.99406e-05
5.11581e-05
5.24111e-05
5.36914e-05
5.49893e-05
5.6294e-05
5.75937e-05
5.88766e-05
6.0131e-05
6.13458e-05
6.25106e-05
6.36156e-05
6.46521e-05
6.56123e-05
6.64891e-05
6.72764e-05
6.79694e-05
6.85641e-05
6.90583e-05
6.94509e-05
6.97429e-05
6.99343e-05
7.00103e-05
7.00024e-05
6.99472e-05
6.97948e-05
6.95796e-05
6.93143e-05
6.90142e-05
6.86967e-05
6.83818e-05
6.80927e-05
6.78558e-05
6.7701e-05
6.76616e-05
6.77739e-05
6.80746e-05
6.85965e-05
6.93603e-05
7.0364e-05
7.15697e-05
7.28955e-05
7.4213e-05
7.53548e-05
7.61224e-05
7.62887e-05
7.55811e-05
7.36445e-05
7.00155e-05
6.43834e-05
5.70123e-05
4.97682e-05
4.51013e-05
4.33322e-05
4.14759e-05
3.77949e-05
2.84588e-05
1.33848e-05
9.53928e-07
3.36136e-07
9.44708e-06
1.87219e-05
2.68278e-05
3.4186e-05
4.04554e-05
4.49703e-05
4.72904e-05
4.80188e-05
4.76209e-05
4.65932e-05
4.53997e-05
4.4409e-05
4.38334e-05
4.3717e-05
4.39919e-05
4.45539e-05
4.53124e-05
4.62028e-05
4.71841e-05
4.82312e-05
4.93291e-05
5.0468e-05
5.16406e-05
5.28394e-05
5.4056e-05
5.52809e-05
5.65036e-05
5.77134e-05
5.88992e-05
6.00506e-05
6.11575e-05
6.22107e-05
6.32017e-05
6.41232e-05
6.49683e-05
6.57316e-05
6.64083e-05
6.6995e-05
6.74896e-05
6.78913e-05
6.82017e-05
6.84228e-05
6.85346e-05
6.8555e-05
6.85515e-05
6.84541e-05
6.82987e-05
6.80974e-05
6.78643e-05
6.76159e-05
6.73713e-05
6.71524e-05
6.69844e-05
6.68961e-05
6.692e-05
6.70917e-05
6.7448e-05
6.8023e-05
6.88402e-05
6.99016e-05
7.11741e-05
7.25791e-05
7.39886e-05
7.52321e-05
7.61072e-05
7.63866e-05
7.58071e-05
7.40326e-05
7.06048e-05
6.5181e-05
5.77435e-05
5.01343e-05
4.50338e-05
4.31141e-05
4.1558e-05
3.81449e-05
2.90661e-05
1.36316e-05
1.02416e-06
3.13802e-07
9.01648e-06
1.82731e-05
2.56359e-05
3.28568e-05
3.91305e-05
4.39095e-05
4.66367e-05
4.77715e-05
4.77113e-05
4.69086e-05
4.58062e-05
4.47814e-05
4.40858e-05
4.3816e-05
4.39428e-05
4.4378e-05
4.50301e-05
4.58287e-05
4.67264e-05
4.76934e-05
4.87118e-05
4.97701e-05
5.08605e-05
5.1976e-05
5.31092e-05
5.42519e-05
5.53951e-05
5.65288e-05
5.76433e-05
5.87285e-05
5.97752e-05
6.07745e-05
6.17184e-05
6.25997e-05
6.34123e-05
6.41507e-05
6.48108e-05
6.53893e-05
6.58841e-05
6.62949e-05
6.6624e-05
6.68782e-05
6.70159e-05
6.70713e-05
6.71238e-05
6.70822e-05
6.69879e-05
6.68522e-05
6.66884e-05
6.65119e-05
6.63407e-05
6.61956e-05
6.61006e-05
6.60833e-05
6.6175e-05
6.64104e-05
6.68259e-05
6.74561e-05
6.83264e-05
6.94423e-05
7.0775e-05
7.22494e-05
7.3739e-05
7.50707e-05
7.6038e-05
7.64118e-05
7.59372e-05
7.4303e-05
7.10939e-05
6.58362e-05
5.83872e-05
5.04659e-05
4.4939e-05
4.27992e-05
4.15934e-05
3.84436e-05
2.96552e-05
1.39307e-05
1.10338e-06
2.92287e-07
8.66947e-06
1.7895e-05
2.47099e-05
3.16053e-05
3.78028e-05
4.2789e-05
4.58787e-05
4.74197e-05
4.7722e-05
4.7184e-05
4.6219e-05
4.52011e-05
4.441e-05
4.39907e-05
4.39591e-05
4.42518e-05
4.47828e-05
4.54778e-05
4.62834e-05
4.71646e-05
4.80996e-05
4.90748e-05
5.00813e-05
5.11121e-05
5.21605e-05
5.32195e-05
5.42812e-05
5.53369e-05
5.63778e-05
5.73948e-05
5.83793e-05
5.93229e-05
6.02183e-05
6.10585e-05
6.18376e-05
6.25508e-05
6.31939e-05
6.37639e-05
6.42589e-05
6.46787e-05
6.50267e-05
6.532e-05
6.54664e-05
6.55674e-05
6.56809e-05
6.56946e-05
6.56616e-05
6.55924e-05
6.54992e-05
6.53964e-05
6.53008e-05
6.52321e-05
6.52131e-05
6.527e-05
6.54329e-05
6.57353e-05
6.62126e-05
6.68994e-05
6.7822e-05
6.89882e-05
7.03733e-05
7.1906e-05
7.34616e-05
7.48659e-05
7.59084e-05
7.63568e-05
7.59606e-05
7.44261e-05
7.13575e-05
6.62574e-05
5.89244e-05
5.07565e-05
4.48424e-05
4.24886e-05
4.1556e-05
3.86955e-05
3.02191e-05
1.42752e-05
1.19148e-06
2.71958e-07
8.39883e-06
1.75073e-05
2.39357e-05
3.04862e-05
3.64858e-05
4.16263e-05
4.50232e-05
4.69554e-05
4.76357e-05
4.73987e-05
4.66189e-05
4.56563e-05
4.48056e-05
4.4252e-05
4.40586e-05
4.41953e-05
4.45899e-05
4.5168e-05
4.58711e-05
4.6659e-05
4.75056e-05
4.83945e-05
4.93151e-05
5.02599e-05
5.12225e-05
5.21968e-05
5.31757e-05
5.4152e-05
5.51179e-05
5.60652e-05
5.6986e-05
5.78727e-05
5.87184e-05
5.95165e-05
6.02617e-05
6.0949e-05
6.15749e-05
6.21363e-05
6.26314e-05
6.30601e-05
6.34269e-05
6.37622e-05
6.39109e-05
6.40598e-05
6.42361e-05
6.43047e-05
6.43332e-05
6.43309e-05
6.43089e-05
6.42807e-05
6.4262e-05
6.42713e-05
6.433e-05
6.44632e-05
6.46994e-05
6.50707e-05
6.56114e-05
6.63549e-05
6.73278e-05
6.85394e-05
6.99679e-05
7.15458e-05
7.31515e-05
7.46104e-05
7.5709e-05
7.62117e-05
7.5871e-05
7.4412e-05
7.14719e-05
6.653e-05
5.93455e-05
5.09801e-05
4.47054e-05
4.21394e-05
4.14499e-05
3.88965e-05
3.07637e-05
1.46725e-05
1.28903e-06
2.52679e-07
8.18437e-06
1.71571e-05
2.35013e-05
2.94494e-05
3.51984e-05
4.04222e-05
4.40766e-05
4.63726e-05
4.74367e-05
4.7531e-05
4.69832e-05
4.61289e-05
4.5265e-05
4.46055e-05
4.42574e-05
4.42302e-05
4.44739e-05
4.49204e-05
4.55089e-05
4.61942e-05
4.69458e-05
4.77439e-05
4.85758e-05
4.9433e-05
5.03089e-05
5.11977e-05
5.20933e-05
5.29895e-05
5.38794e-05
5.4756e-05
5.56122e-05
5.6441e-05
5.72362e-05
5.79916e-05
5.87021e-05
5.93633e-05
5.99715e-05
6.0524e-05
6.10191e-05
6.14563e-05
6.18431e-05
6.2217e-05
6.23682e-05
6.25733e-05
6.2801e-05
6.29255e-05
6.30157e-05
6.30801e-05
6.31294e-05
6.31758e-05
6.32341e-05
6.33216e-05
6.34586e-05
6.36686e-05
6.39788e-05
6.44196e-05
6.50235e-05
6.58226e-05
6.68426e-05
6.80931e-05
6.95545e-05
7.11628e-05
7.27999e-05
7.42929e-05
7.54263e-05
7.59611e-05
7.5651e-05
7.42377e-05
7.14021e-05
6.66817e-05
5.96156e-05
5.11139e-05
4.45185e-05
4.17661e-05
4.12191e-05
3.90446e-05
3.12866e-05
1.51211e-05
1.39585e-06
2.34005e-07
7.99887e-06
1.68365e-05
2.3241e-05
2.84979e-05
3.396e-05
3.91918e-05
4.30721e-05
4.56786e-05
4.71147e-05
4.75601e-05
4.72862e-05
4.65949e-05
4.57724e-05
4.50487e-05
4.45668e-05
4.4377e-05
4.44594e-05
4.47602e-05
4.52205e-05
4.57922e-05
4.64404e-05
4.71417e-05
4.78809e-05
4.8648e-05
4.94356e-05
5.02381e-05
5.10499e-05
5.18655e-05
5.26791e-05
5.34844e-05
5.42753e-05
5.50457e-05
5.57897e-05
5.65018e-05
5.71771e-05
5.78116e-05
5.84018e-05
5.89449e-05
5.94393e-05
5.98845e-05
6.03005e-05
6.06786e-05
6.08624e-05
6.11268e-05
6.1392e-05
6.15714e-05
6.17222e-05
6.18524e-05
6.19717e-05
6.20916e-05
6.22258e-05
6.23906e-05
6.26048e-05
6.28908e-05
6.3274e-05
6.3783e-05
6.44483e-05
6.52999e-05
6.63618e-05
6.76429e-05
6.91247e-05
7.07464e-05
7.2394e-05
7.38976e-05
7.50419e-05
7.55855e-05
7.52812e-05
7.38828e-05
7.1107e-05
6.65386e-05
5.96814e-05
5.11321e-05
4.4246e-05
4.13691e-05
4.10466e-05
3.91457e-05
3.17908e-05
1.56237e-05
1.51216e-06
2.15654e-07
7.81946e-06
1.65718e-05
2.30132e-05
2.77247e-05
3.28625e-05
3.79704e-05
4.20176e-05
4.48847e-05
4.66678e-05
4.7471e-05
4.75041e-05
4.7027e-05
4.63049e-05
4.55701e-05
4.499e-05
4.46522e-05
4.45713e-05
4.47152e-05
4.5034e-05
4.54796e-05
4.60141e-05
4.66108e-05
4.72517e-05
4.79248e-05
4.86218e-05
4.93365e-05
5.00636e-05
5.07981e-05
5.15349e-05
5.22687e-05
5.2994e-05
5.37054e-05
5.43977e-05
5.50658e-05
5.57054e-05
5.63125e-05
5.68839e-05
5.74169e-05
5.79097e-05
5.83619e-05
5.88142e-05
5.91716e-05
5.94018e-05
5.97289e-05
6.00254e-05
6.02567e-05
6.04655e-05
6.06589e-05
6.08458e-05
6.10367e-05
6.12444e-05
6.14838e-05
6.17728e-05
6.21321e-05
6.25855e-05
6.31594e-05
6.38821e-05
6.47808e-05
6.5877e-05
6.7178e-05
6.86655e-05
7.02812e-05
7.19155e-05
7.34035e-05
7.45324e-05
7.50597e-05
7.4737e-05
7.33272e-05
7.0582e-05
6.61315e-05
5.95272e-05
5.10187e-05
4.38792e-05
4.0875e-05
4.08111e-05
3.91748e-05
3.22739e-05
1.61793e-05
1.63759e-06
1.97311e-07
7.58575e-06
1.64427e-05
2.28027e-05
2.73744e-05
3.1886e-05
3.67783e-05
4.09231e-05
4.39973e-05
4.60938e-05
4.725e-05
4.76131e-05
4.73958e-05
4.68333e-05
4.61481e-05
4.55198e-05
4.50644e-05
4.48307e-05
4.48142e-05
4.49808e-05
4.52879e-05
4.56974e-05
4.618e-05
4.67151e-05
4.72887e-05
4.7891e-05
4.85153e-05
4.9156e-05
4.98083e-05
5.04676e-05
5.11292e-05
5.17883e-05
5.24401e-05
5.308e-05
5.37035e-05
5.43064e-05
5.48851e-05
5.54364e-05
5.5958e-05
5.64473e-05
5.69092e-05
5.73884e-05
5.77228e-05
5.80111e-05
5.83836e-05
5.87111e-05
5.89921e-05
5.92559e-05
5.95092e-05
5.976e-05
6.0018e-05
6.0295e-05
6.06049e-05
6.09643e-05
6.13922e-05
6.19107e-05
6.25439e-05
6.33173e-05
6.42549e-05
6.53751e-05
6.66825e-05
6.81579e-05
6.97453e-05
7.13398e-05
7.27831e-05
7.38677e-05
7.43521e-05
7.39867e-05
7.2541e-05
6.98021e-05
6.54609e-05
5.91129e-05
5.07368e-05
4.34111e-05
4.02868e-05
4.03681e-05
3.91482e-05
3.27323e-05
1.67878e-05
1.77192e-06
1.79916e-07
7.35574e-06
1.63854e-05
2.26063e-05
2.73152e-05
3.11077e-05
3.56827e-05
3.98444e-05
4.30519e-05
4.54106e-05
4.68974e-05
4.75985e-05
4.76751e-05
4.7326e-05
4.67539e-05
4.61378e-05
4.56111e-05
4.52511e-05
4.50827e-05
4.50934e-05
4.52526e-05
4.55261e-05
4.58842e-05
4.63046e-05
4.67713e-05
4.72734e-05
4.78029e-05
4.83539e-05
4.89217e-05
4.95017e-05
5.00897e-05
5.06813e-05
5.12724e-05
5.18587e-05
5.24361e-05
5.30009e-05
5.35495e-05
5.40791e-05
5.45872e-05
5.50695e-05
5.55563e-05
5.60168e-05
5.63477e-05
5.67045e-05
5.71107e-05
5.74634e-05
5.77892e-05
5.81031e-05
5.84111e-05
5.87205e-05
5.904e-05
5.93805e-05
5.97548e-05
6.0178e-05
6.06677e-05
6.12437e-05
6.19277e-05
6.27419e-05
6.37069e-05
6.4837e-05
6.61336e-05
6.75759e-05
6.91094e-05
7.06347e-05
7.20016e-05
7.30107e-05
7.34244e-05
7.29922e-05
7.14872e-05
6.8669e-05
6.44416e-05
5.83479e-05
5.02307e-05
4.28467e-05
3.9619e-05
3.99501e-05
3.91123e-05
3.31486e-05
1.74471e-05
1.91448e-06
1.64279e-07
7.16435e-06
1.63673e-05
2.24701e-05
2.72604e-05
3.05804e-05
3.46854e-05
3.88128e-05
4.20659e-05
4.46273e-05
4.6413e-05
4.74484e-05
4.78421e-05
4.77518e-05
4.73536e-05
4.68156e-05
4.62767e-05
4.5834e-05
4.55382e-05
4.54014e-05
4.54102e-05
4.55398e-05
4.57638e-05
4.60601e-05
4.64116e-05
4.6806e-05
4.72347e-05
4.76912e-05
4.81704e-05
4.86677e-05
4.91793e-05
4.9701e-05
5.0229e-05
5.07594e-05
5.12884e-05
5.18125e-05
5.23283e-05
5.28332e-05
5.33244e-05
5.37976e-05
5.43043e-05
5.47416e-05
5.50717e-05
5.54808e-05
5.59162e-05
5.62924e-05
5.66572e-05
5.70149e-05
5.73709e-05
5.77316e-05
5.81051e-05
5.85011e-05
5.89314e-05
5.94095e-05
5.99512e-05
6.0574e-05
6.12968e-05
6.21384e-05
6.3115e-05
6.42365e-05
6.55007e-05
6.68848e-05
6.83355e-05
6.97592e-05
7.10156e-05
7.19166e-05
7.2231e-05
7.17087e-05
7.00755e-05
6.72445e-05
6.30972e-05
5.72399e-05
4.9475e-05
4.21405e-05
3.88184e-05
3.9376e-05
3.90271e-05
3.35215e-05
1.81547e-05
2.06453e-06
1.50633e-07
7.0228e-06
1.63743e-05
2.24178e-05
2.71757e-05
3.05655e-05
3.38878e-05
3.78803e-05
4.115e-05
4.38093e-05
4.58283e-05
4.71697e-05
4.78848e-05
4.80852e-05
4.79136e-05
4.75184e-05
4.7034e-05
4.65662e-05
4.61851e-05
4.59253e-05
4.57934e-05
4.57788e-05
4.58631e-05
4.60272e-05
4.6255e-05
4.65339e-05
4.68545e-05
4.72098e-05
4.75945e-05
4.80041e-05
4.84345e-05
4.8882e-05
4.93427e-05
4.98132e-05
5.02898e-05
5.07691e-05
5.12478e-05
5.17238e-05
5.21912e-05
5.26657e-05
5.31478e-05
5.35781e-05
5.39223e-05
5.436e-05
5.481e-05
5.52105e-05
5.56055e-05
5.59981e-05
5.63929e-05
5.67955e-05
5.72131e-05
5.76542e-05
5.81293e-05
5.86503e-05
5.92308e-05
5.9886e-05
6.06313e-05
6.14817e-05
6.24489e-05
6.35384e-05
6.47436e-05
6.60398e-05
6.73751e-05
6.8662e-05
6.97722e-05
7.05318e-05
7.07184e-05
7.00277e-05
6.83045e-05
6.55044e-05
6.13911e-05
5.57997e-05
4.84336e-05
4.12616e-05
3.7916e-05
3.87373e-05
3.88512e-05
3.38444e-05
1.89052e-05
2.22097e-06
1.38699e-07
6.93046e-06
1.63613e-05
2.23936e-05
2.70442e-05
3.06433e-05
3.32442e-05
3.69502e-05
4.02765e-05
4.29827e-05
4.51755e-05
4.67826e-05
4.78064e-05
4.83126e-05
4.84068e-05
4.82118e-05
4.78484e-05
4.74219e-05
4.70123e-05
4.66713e-05
4.64245e-05
4.6278e-05
4.62251e-05
4.62541e-05
4.63522e-05
4.65082e-05
4.67131e-05
4.69598e-05
4.72428e-05
4.75577e-05
4.79004e-05
4.82671e-05
4.86544e-05
4.90588e-05
4.94767e-05
4.99049e-05
5.03399e-05
5.07804e-05
5.12164e-05
5.16829e-05
5.21362e-05
5.25455e-05
5.29135e-05
5.33577e-05
5.3808e-05
5.42251e-05
5.46408e-05
5.50579e-05
5.54802e-05
5.59128e-05
5.63616e-05
5.68341e-05
5.73392e-05
5.78869e-05
5.84887e-05
5.91566e-05
5.99027e-05
6.07376e-05
6.16686e-05
6.26962e-05
6.38103e-05
6.49841e-05
6.61675e-05
6.72801e-05
6.82078e-05
6.87941e-05
6.87758e-05
6.79298e-05
6.62184e-05
6.33553e-05
5.92671e-05
5.38937e-05
4.70381e-05
4.01776e-05
3.68808e-05
3.80336e-05
3.87282e-05
3.41343e-05
1.96905e-05
2.38257e-06
1.27847e-07
6.85234e-06
1.6302e-05
2.23693e-05
2.69883e-05
3.07125e-05
3.32315e-05
3.62086e-05
3.95364e-05
4.22051e-05
4.44991e-05
4.63183e-05
4.76227e-05
4.84333e-05
4.8817e-05
4.8867e-05
4.86849e-05
4.83668e-05
4.79942e-05
4.76285e-05
4.73099e-05
4.70598e-05
4.68856e-05
4.67856e-05
4.6754e-05
4.67833e-05
4.68665e-05
4.69975e-05
4.71712e-05
4.73833e-05
4.76301e-05
4.79078e-05
4.82132e-05
4.85428e-05
4.88932e-05
4.92613e-05
4.96435e-05
5.00387e-05
5.04356e-05
5.08697e-05
5.13014e-05
5.16898e-05
5.20491e-05
5.24863e-05
5.29316e-05
5.33516e-05
5.37742e-05
5.42014e-05
5.46363e-05
5.50828e-05
5.55459e-05
5.60315e-05
5.65468e-05
5.70997e-05
5.7699e-05
5.83536e-05
5.90717e-05
5.98597e-05
6.07202e-05
6.16495e-05
6.26341e-05
6.36462e-05
6.46384e-05
6.55379e-05
6.62483e-05
6.66114e-05
6.63393e-05
6.54627e-05
6.36502e-05
6.07493e-05
5.67086e-05
5.1565e-05
4.52799e-05
3.88753e-05
3.5748e-05
3.72594e-05
3.8379e-05
3.4387e-05
2.04978e-05
2.54787e-06
1.17623e-07
6.75153e-06
1.61916e-05
2.2313e-05
2.69259e-05
3.05925e-05
3.33375e-05
3.56094e-05
3.87842e-05
4.15577e-05
4.38804e-05
4.58438e-05
4.73802e-05
4.84724e-05
4.91491e-05
4.94714e-05
4.9517e-05
4.93673e-05
4.90978e-05
4.87719e-05
4.8438e-05
4.81292e-05
4.78655e-05
4.76567e-05
4.75058e-05
4.74118e-05
4.7372e-05
4.73828e-05
4.74406e-05
4.75422e-05
4.76841e-05
4.78633e-05
4.80765e-05
4.83207e-05
4.85925e-05
4.88889e-05
4.92063e-05
4.9543e-05
4.9892e-05
5.02607e-05
5.06776e-05
5.1049e-05
5.13559e-05
5.1768e-05
5.22015e-05
5.26068e-05
5.3018e-05
5.34363e-05
5.38636e-05
5.43026e-05
5.47569e-05
5.52309e-05
5.57295e-05
5.62584e-05
5.68235e-05
5.74302e-05
5.80829e-05
5.87839e-05
5.95318e-05
6.03192e-05
6.11305e-05
6.19379e-05
6.26978e-05
6.33462e-05
6.38135e-05
6.38395e-05
6.34797e-05
6.24454e-05
6.05496e-05
5.76453e-05
5.36926e-05
4.87973e-05
4.30338e-05
3.73291e-05
3.45145e-05
3.63873e-05
3.79183e-05
3.45919e-05
2.13244e-05
2.71537e-06
1.08071e-07
6.62186e-06
1.6035e-05
2.22084e-05
2.68262e-05
3.04792e-05
3.34448e-05
3.5601e-05
3.81055e-05
4.09754e-05
4.33225e-05
4.53964e-05
4.71253e-05
4.84697e-05
4.94283e-05
5.00327e-05
5.03359e-05
5.04011e-05
5.02928e-05
5.00704e-05
4.9784e-05
4.94732e-05
4.91672e-05
4.88854e-05
4.86403e-05
4.84386e-05
4.82836e-05
4.81762e-05
4.81159e-05
4.81014e-05
4.81309e-05
4.82021e-05
4.83124e-05
4.84592e-05
4.86396e-05
4.88505e-05
4.90886e-05
4.93512e-05
4.96353e-05
4.99334e-05
5.02764e-05
5.06386e-05
5.09112e-05
5.12421e-05
5.16355e-05
5.20088e-05
5.23849e-05
5.27686e-05
5.31606e-05
5.35625e-05
5.39762e-05
5.44042e-05
5.48494e-05
5.53148e-05
5.58032e-05
5.6317e-05
5.68569e-05
5.74218e-05
5.8007e-05
5.86029e-05
5.9193e-05
5.97512e-05
6.02391e-05
6.06022e-05
6.07445e-05
6.05825e-05
5.99987e-05
5.88161e-05
5.68646e-05
5.4007e-05
5.021e-05
4.56295e-05
4.05358e-05
3.5481e-05
3.32106e-05
3.54126e-05
3.73821e-05
3.4699e-05
2.2161e-05
2.88352e-06
9.97351e-08
6.49094e-06
1.5866e-05
2.20673e-05
2.66755e-05
3.03275e-05
3.33049e-05
3.57483e-05
3.79008e-05
4.04891e-05
4.29867e-05
4.50886e-05
4.69479e-05
4.84986e-05
4.97109e-05
5.05887e-05
5.11602e-05
5.14691e-05
5.15657e-05
5.1501e-05
5.13221e-05
5.10699e-05
5.0778e-05
5.04726e-05
5.01736e-05
4.9895e-05
4.96467e-05
4.9435e-05
4.92637e-05
4.9135e-05
4.90493e-05
4.90063e-05
4.90046e-05
4.90425e-05
4.91177e-05
4.92274e-05
4.93687e-05
4.95386e-05
4.97344e-05
4.99511e-05
5.01891e-05
5.0464e-05
5.07628e-05
5.09566e-05
5.1248e-05
5.15766e-05
5.18825e-05
5.21937e-05
5.25103e-05
5.28327e-05
5.31609e-05
5.34955e-05
5.38371e-05
5.41864e-05
5.45434e-05
5.49077e-05
5.52774e-05
5.5649e-05
5.60158e-05
5.63677e-05
5.6689e-05
5.69571e-05
5.71401e-05
5.71952e-05
5.70185e-05
5.66149e-05
5.58271e-05
5.45215e-05
5.25573e-05
4.98163e-05
4.6271e-05
4.20893e-05
3.77046e-05
3.33306e-05
3.1829e-05
3.43662e-05
3.67319e-05
3.4705e-05
2.29917e-05
3.0513e-06
9.40277e-08
6.42538e-06
1.57657e-05
2.1952e-05
2.65055e-05
3.01434e-05
3.31597e-05
3.57333e-05
3.79371e-05
4.01938e-05
4.2668e-05
4.49953e-05
4.69497e-05
4.86602e-05
5.0088e-05
5.12146e-05
5.20467e-05
5.26087e-05
5.29357e-05
5.30678e-05
5.30455e-05
5.29071e-05
5.26867e-05
5.24135e-05
5.21116e-05
5.18006e-05
5.14956e-05
5.12081e-05
5.09464e-05
5.07163e-05
5.05217e-05
5.03646e-05
5.02456e-05
5.01645e-05
5.01199e-05
5.01099e-05
5.01322e-05
5.0184e-05
5.02622e-05
5.0364e-05
5.04843e-05
5.06288e-05
5.07794e-05
5.09918e-05
5.10966e-05
5.12513e-05
5.14783e-05
5.16601e-05
5.18444e-05
5.20293e-05
5.22107e-05
5.23887e-05
5.25619e-05
5.27291e-05
5.28886e-05
5.30379e-05
5.3174e-05
5.32922e-05
5.3386e-05
5.3446e-05
5.34597e-05
5.34088e-05
5.32698e-05
5.30098e-05
5.25614e-05
5.19006e-05
5.09311e-05
4.95413e-05
4.76273e-05
4.50969e-05
4.19319e-05
3.82863e-05
3.48619e-05
3.15978e-05
3.02581e-05
3.32447e-05
3.59923e-05
3.45944e-05
2.38057e-05
3.21768e-06
9.23438e-08
6.51811e-06
1.58735e-05
2.19937e-05
2.64173e-05
2.99959e-05
3.3043e-05
3.57052e-05
3.80857e-05
4.036e-05
4.26611e-05
4.49759e-05
4.72009e-05
4.90987e-05
5.07006e-05
5.2041e-05
5.31104e-05
5.39166e-05
5.44802e-05
5.48294e-05
5.49964e-05
5.50137e-05
5.49127e-05
5.47224e-05
5.44682e-05
5.41719e-05
5.38521e-05
5.35238e-05
5.31989e-05
5.28865e-05
5.25936e-05
5.23249e-05
5.20834e-05
5.18705e-05
5.16867e-05
5.15312e-05
5.14027e-05
5.12991e-05
5.12179e-05
5.11566e-05
5.11108e-05
5.10812e-05
5.10574e-05
5.10538e-05
5.10447e-05
5.10205e-05
5.10099e-05
5.09937e-05
5.09789e-05
5.09546e-05
5.09102e-05
5.08563e-05
5.07862e-05
5.06987e-05
5.05912e-05
5.04611e-05
5.03056e-05
5.01205e-05
4.99013e-05
4.96408e-05
4.93308e-05
4.89587e-05
4.85101e-05
4.79588e-05
4.73067e-05
4.64341e-05
4.53168e-05
4.39217e-05
4.2203e-05
4.00926e-05
3.7579e-05
3.47366e-05
3.20253e-05
2.96754e-05
2.93149e-05
3.20554e-05
3.52456e-05
3.43658e-05
2.45382e-05
3.38249e-06
9.72126e-08
6.77443e-06
1.63957e-05
2.24005e-05
2.66038e-05
3.00563e-05
3.31049e-05
3.5865e-05
3.84065e-05
4.08648e-05
4.32471e-05
4.54937e-05
4.77938e-05
4.98207e-05
5.17255e-05
5.32773e-05
5.45538e-05
5.55801e-05
5.63656e-05
5.69276e-05
5.72889e-05
5.74754e-05
5.75138e-05
5.743e-05
5.72484e-05
5.69912e-05
5.66777e-05
5.63249e-05
5.5947e-05
5.55557e-05
5.51602e-05
5.47678e-05
5.43836e-05
5.40112e-05
5.36528e-05
5.33094e-05
5.2981e-05
5.26667e-05
5.23651e-05
5.20745e-05
5.17919e-05
5.15165e-05
5.12418e-05
5.09738e-05
5.06935e-05
5.04331e-05
5.00958e-05
4.97928e-05
4.95668e-05
4.92169e-05
4.88503e-05
4.8501e-05
4.81196e-05
4.7718e-05
4.72927e-05
4.68427e-05
4.63669e-05
4.5863e-05
4.53292e-05
4.47616e-05
4.41575e-05
4.35092e-05
4.28119e-05
4.20511e-05
4.12147e-05
4.03082e-05
3.93031e-05
3.81345e-05
3.67568e-05
3.50801e-05
3.30826e-05
3.0769e-05
2.87498e-05
2.73996e-05
2.78691e-05
3.14055e-05
3.44695e-05
3.40037e-05
2.51601e-05
3.54774e-06
1.11746e-07
7.35598e-06
1.74557e-05
2.34068e-05
2.73291e-05
3.06161e-05
3.36514e-05
3.6531e-05
3.93195e-05
4.19414e-05
4.43916e-05
4.68798e-05
4.91702e-05
5.13232e-05
5.33214e-05
5.50518e-05
5.66158e-05
5.78096e-05
5.87663e-05
5.94887e-05
5.9994e-05
6.03028e-05
6.04374e-05
6.04206e-05
6.02745e-05
6.00205e-05
5.9678e-05
5.92644e-05
5.87953e-05
5.82839e-05
5.77412e-05
5.71758e-05
5.65948e-05
5.60037e-05
5.54067e-05
5.48065e-05
5.42051e-05
5.36032e-05
5.30015e-05
5.23995e-05
5.17962e-05
5.11915e-05
5.05818e-05
4.99724e-05
4.93461e-05
4.87347e-05
4.80673e-05
4.73949e-05
4.67822e-05
4.61219e-05
4.54673e-05
4.47686e-05
4.40271e-05
4.331e-05
4.25751e-05
4.18291e-05
4.10731e-05
4.03059e-05
3.95295e-05
3.87421e-05
3.79475e-05
3.71413e-05
3.63289e-05
3.55005e-05
3.46624e-05
3.37975e-05
3.29154e-05
3.19745e-05
3.09818e-05
2.98709e-05
2.86836e-05
2.74204e-05
2.63998e-05
2.61002e-05
2.70894e-05
3.02864e-05
3.40689e-05
3.348e-05
2.55519e-05
3.71629e-06
1.3957e-07
8.32711e-06
1.89207e-05
2.47656e-05
2.86274e-05
3.18319e-05
3.48972e-05
3.78652e-05
4.05976e-05
4.31466e-05
4.61121e-05
4.89149e-05
5.14293e-05
5.37899e-05
5.57476e-05
5.75293e-05
5.90168e-05
6.03887e-05
6.14386e-05
6.21728e-05
6.26751e-05
6.29627e-05
6.30554e-05
6.29734e-05
6.27376e-05
6.2368e-05
6.18837e-05
6.13021e-05
6.06398e-05
5.99102e-05
5.91226e-05
5.82872e-05
5.7413e-05
5.65079e-05
5.55789e-05
5.46314e-05
5.36707e-05
5.26989e-05
5.17211e-05
5.07379e-05
4.97512e-05
4.87635e-05
4.7777e-05
4.67918e-05
4.57982e-05
4.48237e-05
4.38025e-05
4.28429e-05
4.18907e-05
4.09161e-05
3.99611e-05
3.90016e-05
3.81067e-05
3.71592e-05
3.62143e-05
3.53165e-05
3.44362e-05
3.35725e-05
3.27319e-05
3.19138e-05
3.11287e-05
3.03713e-05
2.96582e-05
2.89776e-05
2.83541e-05
2.77646e-05
2.72447e-05
2.67513e-05
2.63335e-05
2.59208e-05
2.55949e-05
2.52959e-05
2.52592e-05
2.56888e-05
2.70861e-05
3.00098e-05
3.31436e-05
3.28165e-05
2.53269e-05
3.89712e-06
1.85254e-07
9.7855e-06
2.07621e-05
2.59112e-05
2.91818e-05
3.22265e-05
3.52718e-05
3.83011e-05
4.13082e-05
4.44785e-05
4.75868e-05
5.0508e-05
5.32149e-05
5.56656e-05
5.76795e-05
5.93356e-05
6.05735e-05
6.16183e-05
6.2547e-05
6.31097e-05
6.33775e-05
6.34194e-05
6.32554e-05
6.29061e-05
6.23918e-05
6.17322e-05
6.09466e-05
6.00522e-05
5.90684e-05
5.79975e-05
5.68384e-05
5.56173e-05
5.435e-05
5.30494e-05
5.17289e-05
5.03956e-05
4.90599e-05
4.77218e-05
4.63997e-05
4.50831e-05
4.37858e-05
4.25158e-05
4.12758e-05
4.00405e-05
3.88346e-05
3.76962e-05
3.65704e-05
3.54716e-05
3.44086e-05
3.33862e-05
3.24e-05
3.14457e-05
3.05659e-05
2.9682e-05
2.8844e-05
2.80694e-05
2.73366e-05
2.66472e-05
2.60138e-05
2.54343e-05
2.49223e-05
2.44692e-05
2.40989e-05
2.37941e-05
2.35908e-05
2.34572e-05
2.34461e-05
2.3503e-05
2.37017e-05
2.39551e-05
2.43649e-05
2.48185e-05
2.54902e-05
2.63697e-05
2.78749e-05
3.02373e-05
3.2871e-05
3.21254e-05
2.47817e-05
3.99157e-06
2.5673e-07
1.11814e-05
2.17059e-05
2.57609e-05
2.81734e-05
3.08085e-05
3.36594e-05
3.65844e-05
3.95305e-05
4.24194e-05
4.5096e-05
4.75698e-05
4.98183e-05
5.17822e-05
5.34386e-05
5.47519e-05
5.57408e-05
5.62705e-05
5.67264e-05
5.69655e-05
5.68567e-05
5.65237e-05
5.59925e-05
5.52879e-05
5.44315e-05
5.34458e-05
5.23514e-05
5.1168e-05
4.99115e-05
4.86052e-05
4.72653e-05
4.59036e-05
4.45223e-05
4.31355e-05
4.17606e-05
4.03971e-05
3.90572e-05
3.77366e-05
3.64781e-05
3.52266e-05
3.40458e-05
3.29348e-05
3.18378e-05
3.07961e-05
2.97992e-05
2.88512e-05
2.79539e-05
2.71114e-05
2.63127e-05
2.56007e-05
2.49003e-05
2.42495e-05
2.36777e-05
2.31594e-05
2.26974e-05
2.22962e-05
2.19629e-05
2.16939e-05
2.14987e-05
2.13662e-05
2.13072e-05
2.13147e-05
2.14116e-05
2.15768e-05
2.18458e-05
2.21817e-05
2.26389e-05
2.31562e-05
2.38114e-05
2.45085e-05
2.53476e-05
2.61972e-05
2.71711e-05
2.82013e-05
2.93971e-05
3.1087e-05
3.26946e-05
3.11722e-05
2.3968e-05
4.02641e-06
3.46456e-07
1.17484e-05
1.95832e-05
2.13148e-05
2.26817e-05
2.44381e-05
2.64938e-05
2.87144e-05
3.09845e-05
3.31389e-05
3.51e-05
3.68607e-05
3.84034e-05
3.97012e-05
4.07564e-05
4.15566e-05
4.21067e-05
4.23691e-05
4.24156e-05
4.23669e-05
4.21392e-05
4.17074e-05
4.11399e-05
4.04588e-05
3.9679e-05
3.88233e-05
3.79093e-05
3.69512e-05
3.59613e-05
3.49554e-05
3.39451e-05
3.29487e-05
3.19499e-05
3.09824e-05
3.00607e-05
2.91583e-05
2.82899e-05
2.74611e-05
2.66713e-05
2.59246e-05
2.52175e-05
2.45737e-05
2.39545e-05
2.34309e-05
2.29184e-05
2.24437e-05
2.2038e-05
2.16838e-05
2.13764e-05
2.1124e-05
2.09211e-05
2.07666e-05
2.06633e-05
2.06119e-05
2.06118e-05
2.0664e-05
2.07683e-05
2.09262e-05
2.11379e-05
2.14039e-05
2.17295e-05
2.21105e-05
2.25559e-05
2.30425e-05
2.36018e-05
2.41963e-05
2.48768e-05
2.55803e-05
2.63821e-05
2.71843e-05
2.80808e-05
2.89417e-05
2.9836e-05
3.07122e-05
3.13861e-05
3.23831e-05
3.23694e-05
2.99571e-05
2.23501e-05
3.91975e-06
4.21014e-07
1.08094e-05
1.44475e-05
1.46351e-05
1.53823e-05
1.64956e-05
1.77824e-05
1.9147e-05
2.05175e-05
2.18179e-05
2.30162e-05
2.40981e-05
2.50506e-05
2.58645e-05
2.65347e-05
2.70818e-05
2.7474e-05
2.77271e-05
2.78544e-05
2.78931e-05
2.78608e-05
2.77587e-05
2.75631e-05
2.73148e-05
2.70136e-05
2.6686e-05
2.63377e-05
2.59689e-05
2.55913e-05
2.52095e-05
2.48394e-05
2.44784e-05
2.41324e-05
2.37957e-05
2.3498e-05
2.3214e-05
2.29432e-05
2.2707e-05
2.24989e-05
2.23196e-05
2.21645e-05
2.20416e-05
2.19421e-05
2.18764e-05
2.18387e-05
2.18289e-05
2.1845e-05
2.18982e-05
2.19855e-05
2.2105e-05
2.22549e-05
2.24345e-05
2.26416e-05
2.28768e-05
2.31381e-05
2.34266e-05
2.37402e-05
2.40805e-05
2.44463e-05
2.48376e-05
2.5257e-05
2.56976e-05
2.61749e-05
2.66696e-05
2.72189e-05
2.7763e-05
2.8377e-05
2.89601e-05
2.96317e-05
3.02348e-05
3.0931e-05
3.15081e-05
3.21317e-05
3.26092e-05
3.26847e-05
3.29565e-05
3.07246e-05
2.73066e-05
1.90052e-05
3.57117e-06
4.78525e-07
9.34605e-06
1.11107e-05
1.2993e-05
1.48861e-05
1.66732e-05
1.82954e-05
1.9719e-05
2.09309e-05
2.19364e-05
2.27575e-05
2.34213e-05
2.39534e-05
2.43782e-05
2.46962e-05
2.49906e-05
2.51561e-05
2.52617e-05
2.53606e-05
2.54085e-05
2.54202e-05
2.54145e-05
2.53873e-05
2.5345e-05
2.52893e-05
2.52265e-05
2.51569e-05
2.50885e-05
2.50135e-05
2.49359e-05
2.48916e-05
2.48324e-05
2.47743e-05
2.47298e-05
2.46952e-05
2.46713e-05
2.46562e-05
2.46518e-05
2.46582e-05
2.46762e-05
2.47055e-05
2.47462e-05
2.47988e-05
2.48623e-05
2.49381e-05
2.50245e-05
2.51243e-05
2.52319e-05
2.53475e-05
2.54731e-05
2.56077e-05
2.57539e-05
2.59101e-05
2.60796e-05
2.62598e-05
2.6455e-05
2.66623e-05
2.68852e-05
2.71226e-05
2.73742e-05
2.76464e-05
2.79253e-05
2.824e-05
2.85396e-05
2.89148e-05
2.92166e-05
2.96287e-05
2.98946e-05
3.03455e-05
3.05449e-05
3.10008e-05
3.11039e-05
3.15252e-05
3.12312e-05
3.09786e-05
2.99926e-05
2.77147e-05
2.28387e-05
1.19322e-05
3.07147e-06
2.94548e-07
5.70657e-07
8.71211e-07
1.17963e-06
1.47789e-06
1.75847e-06
2.02063e-06
2.26461e-06
2.48869e-06
2.69142e-06
2.87119e-06
3.02848e-06
3.16298e-06
3.27752e-06
3.37153e-06
3.44892e-06
3.51116e-06
3.55633e-06
3.59082e-06
3.61214e-06
3.62629e-06
3.62836e-06
3.62564e-06
3.61851e-06
3.60511e-06
3.58756e-06
3.56726e-06
3.54418e-06
3.51998e-06
3.49389e-06
3.46764e-06
3.44131e-06
3.41492e-06
3.389e-06
3.36385e-06
3.3397e-06
3.3168e-06
3.29518e-06
3.27519e-06
3.25665e-06
3.24008e-06
3.22501e-06
3.21221e-06
3.20084e-06
3.19207e-06
3.18451e-06
3.17996e-06
3.17628e-06
3.17609e-06
3.17706e-06
3.17981e-06
3.18411e-06
3.19198e-06
3.19983e-06
3.21234e-06
3.22363e-06
3.24126e-06
3.25586e-06
3.2792e-06
3.2969e-06
3.32655e-06
3.34707e-06
3.38323e-06
3.40633e-06
3.44837e-06
3.4756e-06
3.53123e-06
3.56495e-06
3.63243e-06
3.67409e-06
3.74773e-06
3.79701e-06
3.87085e-06
3.92631e-06
3.98252e-06
4.01304e-06
3.99176e-06
3.89242e-06
3.57682e-06
2.63776e-06
)
;

boundaryField
{
    movingWall
    {
        type            nutkWallFunction;
        Cmu             0.09;
        kappa           0.41;
        E               9.8;
        value           uniform 0;
    }
    fixedWalls
    {
        type            nutkWallFunction;
        Cmu             0.09;
        kappa           0.41;
        E               9.8;
        value           uniform 0;
    }
    frontAndBack
    {
        type            empty;
    }
}


// ************************************************************************* //
