/*--------------------------------*- C++ -*----------------------------------*\
  =========                 |
  \\      /  F ield         | OpenFOAM: The Open Source CFD Toolbox
   \\    /   O peration     | Website:  https://openfoam.org
    \\  /    A nd           | Version:  13
     \\/     M anipulation  |
\*---------------------------------------------------------------------------*/
FoamFile
{
    format      ascii;
    class       volScalarField;
    location    "9.1";
    object      k;
}
// * * * * * * * * * * * * * * * * * * * * * * * * * * * * * * * * * * * * * //

dimensions      [0 2 -2 0 0 0 0];

internalField   nonuniform List<scalar> 
6400
(
5.66675e-07
2.91107e-06
7.08135e-06
1.14038e-05
1.46528e-05
1.64693e-05
1.7123e-05
1.71821e-05
1.72866e-05
1.79229e-05
1.94696e-05
2.24922e-05
2.72563e-05
3.38576e-05
4.1942e-05
5.10581e-05
6.07355e-05
7.07878e-05
8.07301e-05
9.03333e-05
0.000100004
0.00011058
0.000123179
0.000138428
0.000155639
0.000172933
0.000190134
0.000207213
0.000224712
0.000243095
0.000262093
0.000281092
0.00029978
0.000318241
0.000336918
0.000355935
0.000375667
0.000396237
0.000417886
0.000440673
0.000464764
0.000490344
0.000517552
0.000546707
0.000578086
0.000612812
0.000653007
0.000703216
0.000752392
0.000802909
0.000852063
0.000899785
0.000944406
0.000984754
0.00101931
0.00104609
0.00105938
0.00106459
0.00106118
0.00103989
0.00100297
0.000950709
0.000883634
0.000804628
0.000715013
0.000619568
0.000522827
0.000428425
0.000339795
0.00026136
0.000197274
0.000143505
0.000100083
6.69457e-05
4.30845e-05
2.68064e-05
1.61757e-05
9.31439e-06
4.41432e-06
9.41949e-07
2.73792e-06
2.30021e-05
5.58335e-05
8.72025e-05
0.000110322
0.000124058
0.000130582
0.000133234
0.00013566
0.000140999
0.00015279
0.000175051
0.0002089
0.000253638
0.00030712
0.000366613
0.000429675
0.000493837
0.000557263
0.000619339
0.000682298
0.000750645
0.000829966
0.0009226
0.0010243
0.0011259
0.00122476
0.00131881
0.00140905
0.0014965
0.00157935
0.00165671
0.0017271
0.00179156
0.00185239
0.0019105
0.00196786
0.00202532
0.00208421
0.00214505
0.00220855
0.0022754
0.00234562
0.00241938
0.00249602
0.00257551
0.00265582
0.00273413
0.00281874
0.00290505
0.0029938
0.00308132
0.00316607
0.00324424
0.00331246
0.00336665
0.00339437
0.00340271
0.00338934
0.00334182
0.00325645
0.00313292
0.00296967
0.00277046
0.00253989
0.00228688
0.00202252
0.00175496
0.00149189
0.00123698
0.000994902
0.000775091
0.000583758
0.000424006
0.000296001
0.000197934
0.000126708
7.65817e-05
3.72431e-05
4.97991e-06
5.98719e-06
4.98695e-05
0.000115888
0.000171036
0.000208459
0.000230487
0.000242632
0.000250986
0.000261668
0.0002807
0.000313974
0.000366308
0.000439371
0.000531263
0.000637857
0.000754871
0.000878964
0.00100738
0.00113749
0.00126714
0.00139471
0.00151949
0.00163927
0.00174867
0.00184277
0.00191771
0.00197089
0.0020081
0.00203696
0.00206464
0.0020951
0.00212753
0.00216242
0.00219742
0.00223604
0.00227745
0.00232337
0.00237372
0.00242954
0.00249078
0.00255722
0.00262956
0.00270712
0.00279015
0.00287851
0.00297208
0.00307021
0.00317412
0.00328354
0.00339669
0.00351267
0.0036291
0.00374374
0.00385318
0.00395359
0.00404013
0.00410759
0.00414301
0.00415294
0.00413193
0.00406575
0.0039541
0.00379278
0.00358415
0.00333058
0.00304036
0.00272959
0.00240713
0.00208333
0.00176843
0.00147118
0.00119817
0.000954206
0.000741748
0.000561474
0.000412683
0.000292128
0.000192264
9.79505e-05
1.33362e-05
1.04017e-05
8.37971e-05
0.000181924
0.000255404
0.000303385
0.000333081
0.000353148
0.000372229
0.000398814
0.000441201
0.000506765
0.000600013
0.000720639
0.000863776
0.00102244
0.00118994
0.00136042
0.00152816
0.00168702
0.0018311
0.00195476
0.00205618
0.00213269
0.00217709
0.00219579
0.00220002
0.0021949
0.00219206
0.00219148
0.00219694
0.00220788
0.00222225
0.00224176
0.00226614
0.00229587
0.00233067
0.00237117
0.00241725
0.00246886
0.00252637
0.00258971
0.00265919
0.0027346
0.00281597
0.00290282
0.00299574
0.00309541
0.00320158
0.0033138
0.00343113
0.00355258
0.00367642
0.00380052
0.00392192
0.00403703
0.00414125
0.00422943
0.004293
0.00432239
0.00432651
0.00428657
0.0042014
0.00407382
0.00389603
0.00366529
0.00338332
0.00306709
0.00272743
0.00237975
0.00203812
0.00171435
0.00141696
0.00115084
0.000917906
0.000718151
0.000549894
0.000408812
0.000285257
0.000155706
2.22567e-05
1.66965e-05
0.000129162
0.000260161
0.000351192
0.000409889
0.000448692
0.000479725
0.000514531
0.00056416
0.000638708
0.000745434
0.000886188
0.00105626
0.00124618
0.001445
0.00164236
0.00182876
0.00199523
0.00213253
0.00223655
0.00229607
0.00231871
0.00232013
0.00228912
0.00225842
0.00223087
0.00220843
0.00219342
0.00218635
0.00218422
0.00218593
0.00219296
0.0022046
0.00222049
0.0022405
0.00226462
0.00229276
0.00232458
0.00236013
0.00239964
0.00244316
0.00249116
0.00254445
0.00260379
0.00267015
0.00274341
0.00282343
0.00291063
0.00300522
0.00310723
0.00321645
0.00333229
0.00345371
0.00357915
0.0037064
0.00383185
0.00395083
0.00405763
0.0041456
0.00419835
0.00421655
0.00419155
0.00410958
0.00397178
0.00378742
0.00354485
0.00324625
0.00290959
0.00255233
0.00219288
0.0018482
0.00153125
0.00124942
0.00100493
0.000796785
0.000621818
0.000474227
0.000341832
0.000195093
2.8463e-05
2.56837e-05
0.000189309
0.000355154
0.000464542
0.000535399
0.000585627
0.000631232
0.000686925
0.000765968
0.000878688
0.00102969
0.00121562
0.00142578
0.00164539
0.00185909
0.00205275
0.00221411
0.00233586
0.00240051
0.00242159
0.00240759
0.00236187
0.00231652
0.002272
0.00223107
0.00219532
0.00216614
0.00214313
0.00212472
0.00210978
0.00209767
0.00208976
0.0020854
0.00208366
0.00208347
0.00208672
0.00209233
0.00210078
0.00211221
0.00212706
0.0021456
0.0021685
0.0021957
0.00222768
0.00226502
0.00230817
0.002358
0.00241542
0.00248143
0.00255712
0.00264341
0.0027411
0.00285067
0.00297187
0.00310356
0.00324428
0.00339087
0.00353879
0.00368169
0.00381033
0.00391524
0.00396741
0.00398021
0.00393071
0.00381576
0.00363829
0.00338211
0.00306539
0.00270655
0.00232907
0.00195735
0.00161218
0.00130695
0.00104648
0.000829164
0.000649638
0.000499694
0.000364782
0.000212772
3.07875e-05
3.81525e-05
0.000266166
0.000469236
0.000598308
0.000683037
0.000747178
0.000810852
0.000891647
0.00100371
0.00115521
0.00134545
0.00156429
0.00179472
0.00201718
0.00221324
0.00236775
0.00246082
0.00249543
0.00249206
0.00244186
0.00238745
0.00232386
0.00226244
0.00220117
0.00214675
0.00209958
0.00205839
0.00202116
0.00198723
0.00195704
0.00193077
0.0019074
0.00188621
0.00186711
0.00185015
0.00183577
0.00182371
0.00181438
0.00180806
0.00180509
0.00180425
0.00180658
0.00181282
0.00182273
0.00183704
0.00185598
0.0018805
0.00191127
0.00194948
0.00199671
0.0020548
0.00212574
0.00221185
0.00231521
0.00243669
0.00257721
0.00273731
0.00291334
0.00309979
0.00328957
0.00347422
0.00363745
0.00375243
0.00379986
0.00379615
0.00370322
0.00353025
0.00325768
0.00291104
0.00251747
0.00210981
0.00172033
0.00137371
0.00108207
0.000845236
0.000655633
0.000500564
0.000363436
0.000211738
2.99178e-05
5.48318e-05
0.000360753
0.000603031
0.000753132
0.00085334
0.000933469
0.00101756
0.00112511
0.00126912
0.00145312
0.00166948
0.00190104
0.00212546
0.00232022
0.00246673
0.00253878
0.00255722
0.00252515
0.00246867
0.00239194
0.00230746
0.00221915
0.00214055
0.00206959
0.00200886
0.00195284
0.00190152
0.00185356
0.00180909
0.00176802
0.00173014
0.00169514
0.00166302
0.00163394
0.00160804
0.00158543
0.00156588
0.00154943
0.00153609
0.00152583
0.00151873
0.00151535
0.00151433
0.00151636
0.00152271
0.00153252
0.00154679
0.00156575
0.00159008
0.00162023
0.00165723
0.00170222
0.001757
0.00182425
0.00190866
0.00201553
0.00214921
0.00231433
0.0025096
0.00272701
0.00296188
0.00319969
0.00342464
0.00361035
0.00370262
0.00372472
0.00366144
0.00348771
0.00318483
0.00279352
0.00235221
0.00190571
0.00149538
0.00114865
0.000873613
0.000661651
0.000495639
0.000354757
0.000204967
2.78189e-05
7.62265e-05
0.000472837
0.000755871
0.000928075
0.00104487
0.00114191
0.00124653
0.00137865
0.00154806
0.00175201
0.00197567
0.00219614
0.00238828
0.00252453
0.00258471
0.00259276
0.00254767
0.00247809
0.00238021
0.0022684
0.00216425
0.00207213
0.00198967
0.00191496
0.00184721
0.00178355
0.00172441
0.00166924
0.00161843
0.00157197
0.00152993
0.00149234
0.00145927
0.00143066
0.0014063
0.00138601
0.00136958
0.00135678
0.00134729
0.00134126
0.00133849
0.00133773
0.00133958
0.00134473
0.00135266
0.0013634
0.00137719
0.00139411
0.00141444
0.00143843
0.00146662
0.00149957
0.00153805
0.00158314
0.00163643
0.00170029
0.00177876
0.00187904
0.00201488
0.00220119
0.00243527
0.0027018
0.00298921
0.00327291
0.00352442
0.00366643
0.00371072
0.0036727
0.00349123
0.00314532
0.00269698
0.00219899
0.00171046
0.00128171
0.000939473
0.000683931
0.000495139
0.000341298
0.000191181
2.54217e-05
0.000102527
0.000600641
0.000925716
0.00112081
0.00125435
0.00136741
0.00148969
0.00164002
0.0018235
0.00203062
0.00224044
0.00242682
0.00255631
0.00260979
0.00261299
0.00256548
0.00247834
0.00235634
0.0022278
0.00211103
0.00200579
0.00191194
0.00182647
0.00174791
0.00167533
0.00160789
0.00154626
0.00149044
0.00144086
0.00139747
0.00136026
0.00132898
0.0013033
0.00128277
0.00126688
0.00125509
0.00124683
0.00124226
0.00124034
0.00124002
0.00124252
0.00124689
0.0012534
0.0012619
0.00127232
0.00128471
0.0012992
0.00131593
0.0013351
0.00135696
0.00138166
0.00140951
0.00144085
0.00147612
0.0015158
0.00156069
0.00161245
0.00167397
0.00175073
0.00185205
0.00199501
0.00221245
0.00249931
0.00282375
0.00316646
0.00348197
0.00367426
0.00373905
0.00371524
0.00351448
0.00311339
0.00259848
0.0020403
0.00151352
0.00107451
0.000743932
0.000509619
0.000335282
0.000178288
2.34066e-05
0.000134228
0.000740316
0.00110943
0.00132769
0.00147681
0.0016028
0.00173685
0.00189552
0.00207863
0.00227065
0.00244675
0.00257104
0.0026213
0.00262245
0.00257458
0.00247298
0.00233383
0.00219381
0.00206285
0.00194646
0.00184162
0.00174687
0.00165999
0.00158043
0.00150805
0.00144307
0.00138605
0.00133698
0.00129585
0.00126217
0.00123538
0.00121471
0.00119935
0.00118848
0.00118144
0.001178
0.00117678
0.00117693
0.00117988
0.00118404
0.00119008
0.00119749
0.00120649
0.00121699
0.00122909
0.00124288
0.00125848
0.00127601
0.00129559
0.00131733
0.00134132
0.0013677
0.0013966
0.00142822
0.00146291
0.00150084
0.00154212
0.00158752
0.0016388
0.0016998
0.00177905
0.00189185
0.00206376
0.00234196
0.00269967
0.00309189
0.00347068
0.00371052
0.00379193
0.00376864
0.0035318
0.00306289
0.00247485
0.00185973
0.00130614
0.00086963
0.000557791
0.00034402
0.000173979
2.25944e-05
0.000172737
0.000887445
0.00130327
0.00154389
0.00170591
0.00183972
0.0019772
0.00213216
0.00229949
0.00245941
0.00257756
0.0026263
0.00262728
0.00258006
0.00247011
0.00231998
0.00216754
0.00202483
0.00189632
0.00178203
0.00167871
0.00158526
0.00150071
0.00142532
0.00135937
0.00130311
0.00125649
0.00121891
0.00118958
0.0011674
0.00115128
0.00114008
0.00113285
0.00112925
0.00112784
0.00112768
0.00112955
0.00113268
0.0011373
0.00114297
0.00114999
0.00115825
0.00116794
0.00117913
0.00119199
0.00120665
0.00122327
0.001242
0.00126296
0.00128624
0.00131191
0.00133996
0.0013703
0.00140278
0.00143723
0.00147352
0.00151171
0.00155228
0.00159505
0.00164065
0.00169207
0.00175638
0.00184802
0.0019927
0.0022345
0.00261167
0.00304413
0.00348602
0.00376307
0.00385376
0.00381367
0.00351822
0.00296784
0.00230502
0.00164553
0.00108323
0.000663434
0.000378849
0.00018054
2.32958e-05
0.00021546
0.00104212
0.00150307
0.00176389
0.00193476
0.00206969
0.00220084
0.0023394
0.0024766
0.00258483
0.00263164
0.0026332
0.00258674
0.00247443
0.00231753
0.00215318
0.00199831
0.00185857
0.00173432
0.00162359
0.00152422
0.00143594
0.00135863
0.00129268
0.001238
0.0011941
0.00116002
0.0011344
0.00111583
0.00110286
0.00109421
0.00108888
0.00108627
0.00108527
0.00108511
0.00108625
0.0010886
0.00109185
0.00109617
0.00110154
0.00110816
0.00111613
0.00112564
0.00113683
0.00114989
0.001165
0.00118233
0.00120206
0.00122435
0.00124934
0.00127712
0.00130771
0.00134105
0.00137691
0.00141494
0.00145458
0.00149522
0.00153631
0.00157772
0.00162011
0.00166299
0.00170842
0.00176278
0.00183902
0.0019622
0.00217712
0.0025544
0.00302721
0.00352459
0.00382202
0.0039095
0.00383172
0.00344723
0.00280253
0.00207476
0.00139103
0.000843725
0.000459546
0.000205124
2.64715e-05
0.000261177
0.0012006
0.0017038
0.00198176
0.00215651
0.00228506
0.00239982
0.00251016
0.00260228
0.00264421
0.0026457
0.00259872
0.00248828
0.00232791
0.00215355
0.00198589
0.00183442
0.00170019
0.00158165
0.0014769
0.00138503
0.00130615
0.0012402
0.0011869
0.00114524
0.00111379
0.0010908
0.0010745
0.00106325
0.00105567
0.00105067
0.00104748
0.00104555
0.00104459
0.00104425
0.00104455
0.0010459
0.00104809
0.00105138
0.00105583
0.00106166
0.00106902
0.00107809
0.00108904
0.00110205
0.00111729
0.00113496
0.00115525
0.00117836
0.00120448
0.00123378
0.0012664
0.00130238
0.00134164
0.0013839
0.00142862
0.00147496
0.00152178
0.00156786
0.00161228
0.00165518
0.00169704
0.00173851
0.00178566
0.00185139
0.00196166
0.00216473
0.00253287
0.00304295
0.00358598
0.00387647
0.00394505
0.00380388
0.00328777
0.00255246
0.00177503
0.00109838
0.000596789
0.000259659
3.4323e-05
0.000308397
0.0013587
0.00190029
0.00219172
0.00236496
0.0024797
0.00256885
0.00263957
0.00267199
0.00267053
0.00262034
0.00251382
0.00235273
0.00217044
0.0019901
0.00182555
0.00168045
0.00155343
0.00144267
0.00134696
0.00126596
0.00119949
0.00114676
0.00110641
0.00107651
0.00105499
0.00103977
0.00102906
0.00102142
0.0010158
0.00101148
0.001008
0.00100514
0.00100283
0.00100119
0.00100045
0.00100031
0.00100123
0.00100347
0.00100707
0.0010122
0.00101902
0.00102769
0.00103837
0.0010512
0.00106637
0.00108406
0.00110447
0.00112781
0.00115432
0.00118426
0.00121785
0.00125531
0.00129674
0.00134212
0.00139116
0.00144321
0.00149715
0.00155134
0.00160376
0.00165245
0.00169657
0.00173626
0.00177481
0.00181811
0.00187684
0.00198054
0.00217806
0.00255026
0.0030986
0.00365897
0.00391977
0.00395046
0.0036971
0.00303003
0.00220302
0.00141133
0.000783194
0.000343782
4.7196e-05
0.000355774
0.00151236
0.00208784
0.00238876
0.00255497
0.0026493
0.0027029
0.00272387
0.00271341
0.00265659
0.00255369
0.00239365
0.0022055
0.00201305
0.00183411
0.00167623
0.00153936
0.00142137
0.00132077
0.00123672
0.00116864
0.00111544
0.00107528
0.00104589
0.0010248
0.00100974
0.00099876
0.000990405
0.000983636
0.0009778
0.000972543
0.000967727
0.00096336
0.00095955
0.000956459
0.000954381
0.000953453
0.000953298
0.000954687
0.000957714
0.000962353
0.000968797
0.00097717
0.000987597
0.00100022
0.0010152
0.0010327
0.00105291
0.00107605
0.00110239
0.00113219
0.00116578
0.00120349
0.00124561
0.00129237
0.00134385
0.00139981
0.00145955
0.00152175
0.00158428
0.00164428
0.00169854
0.00174595
0.00178391
0.00181513
0.00185514
0.0019115
0.00201333
0.00221339
0.00260339
0.00319468
0.00373858
0.00395618
0.00390323
0.00345776
0.00264333
0.00176223
0.00100738
0.000449827
6.39167e-05
0.000402266
0.00165728
0.00226269
0.00256963
0.00272186
0.00278558
0.00280068
0.00277794
0.00271242
0.00261135
0.00245259
0.00226037
0.00205676
0.00186245
0.00168938
0.00154027
0.00141322
0.00130608
0.00121755
0.00114653
0.00109156
0.00105047
0.00102056
0.000999084
0.000983495
0.000971743
0.000962304
0.000954159
0.000946708
0.000939659
0.000932941
0.000926615
0.000920824
0.000915743
0.000911561
0.000908452
0.000906849
0.000906299
0.00090695
0.000909647
0.000913976
0.000920156
0.000928299
0.000938507
0.000950907
0.000965632
0.000982836
0.0010027
0.00102542
0.00105126
0.00108049
0.00111347
0.00115058
0.00119223
0.00123886
0.00129081
0.0013483
0.00141119
0.00147881
0.00154963
0.00162108
0.00168937
0.00174989
0.00180137
0.00183851
0.00186038
0.0018959
0.00195336
0.00205763
0.00226978
0.00269427
0.0033275
0.00380884
0.00395303
0.00376165
0.00306811
0.00213679
0.00125998
0.000571464
8.34367e-05
0.000446976
0.0017922
0.00242135
0.00272686
0.00285893
0.00289384
0.00287211
0.00280069
0.00268951
0.00253218
0.0023368
0.00212327
0.00191309
0.00172241
0.00155787
0.00141901
0.00130316
0.00120824
0.00113265
0.00107447
0.00103122
0.000999846
0.000977248
0.000960642
0.000947796
0.000937109
0.000927543
0.000918521
0.000909791
0.000901323
0.000893212
0.000885622
0.000878736
0.000872739
0.000867802
0.000864076
0.000862017
0.000861239
0.000861409
0.000863849
0.000867948
0.000873906
0.000881829
0.000891809
0.00090396
0.000918402
0.000935274
0.000954737
0.000976978
0.00100223
0.00103075
0.00106288
0.00109901
0.0011396
0.00118516
0.00123626
0.0012934
0.00135695
0.0014269
0.00150262
0.00158245
0.0016633
0.00174037
0.00180739
0.00186304
0.00189516
0.00191072
0.00194111
0.00200107
0.00211324
0.00235002
0.00283262
0.00350579
0.00384892
0.00388404
0.00345017
0.00252513
0.00153677
0.000704635
0.000104816
0.000488166
0.00191353
0.00255877
0.00285794
0.00296772
0.00297841
0.00291374
0.00279433
0.0026371
0.00243708
0.00221462
0.00198875
0.0017784
0.00159483
0.00144046
0.00131294
0.00120926
0.00112708
0.00106406
0.0010173
0.000983459
0.00095906
0.000941012
0.000926862
0.000914867
0.000903929
0.000893455
0.000883208
0.000873176
0.000863474
0.000854275
0.000845767
0.000838131
0.000831528
0.0008261
0.000821972
0.000819531
0.000818541
0.000818475
0.000820584
0.000824453
0.000830162
0.000837826
0.000847538
0.000859402
0.000873532
0.000890057
0.000909124
0.000930901
0.00095559
0.000983434
0.00101473
0.00104984
0.00108922
0.00113339
0.00118299
0.00123869
0.00130119
0.00137102
0.00144834
0.00153255
0.00162181
0.00171247
0.00179865
0.00187222
0.00192823
0.00195244
0.00196349
0.00198992
0.00205453
0.00218194
0.00246585
0.00303192
0.00365413
0.00388808
0.00370504
0.00290699
0.00183437
0.000846967
0.000127402
0.000524375
0.00201831
0.00267281
0.00296273
0.00305336
0.00303672
0.00293
0.0027698
0.0025649
0.00233314
0.0020921
0.00186085
0.00165474
0.00148044
0.00133728
0.00122178
0.00113057
0.00106071
0.00100891
0.000971453
0.000944499
0.000924577
0.00090893
0.000895604
0.000883377
0.000871598
0.00086001
0.000848602
0.000837494
0.00082686
0.000816889
0.000807754
0.00079961
0.000792589
0.000786804
0.000782357
0.000779537
0.000778294
0.000778064
0.000779746
0.000783325
0.000788719
0.000796059
0.000805441
0.000816967
0.000830751
0.000846913
0.000865592
0.000886941
0.00091114
0.000938404
0.000968992
0.00100323
0.00104151
0.00108434
0.00113233
0.00118622
0.00124686
0.00131509
0.00139167
0.00147688
0.00157015
0.00166934
0.00177003
0.00186482
0.00194317
0.00199454
0.00201068
0.002017
0.00204216
0.00211394
0.00226848
0.00262945
0.0032811
0.00373049
0.00379984
0.00326186
0.00214749
0.000993975
0.000150985
0.000554803
0.00210538
0.00276316
0.00304213
0.00311687
0.00306995
0.00292386
0.00272178
0.00248191
0.00222589
0.00197337
0.00174194
0.00154298
0.00137924
0.00124784
0.00114453
0.00106539
0.00100665
0.000964181
0.000933737
0.000911403
0.000894013
0.000879311
0.000865871
0.000852927
0.000840169
0.000827561
0.000815216
0.000803306
0.000792013
0.000781504
0.000771925
0.000763402
0.000756039
0.00074993
0.00074516
0.000741906
0.000740361
0.000739936
0.000741108
0.00074431
0.000749315
0.000756258
0.000765246
0.00077638
0.000789774
0.000805549
0.000823837
0.000844783
0.000868551
0.00089533
0.000925349
0.000958886
0.000996288
0.001038
0.00108458
0.00113674
0.00119534
0.00126139
0.00133596
0.00141999
0.00151394
0.00161717
0.00172714
0.00183841
0.00194177
0.00202162
0.00205978
0.00206849
0.00207041
0.00209726
0.00218177
0.0023844
0.00287089
0.00352774
0.00378819
0.00353053
0.0024655
0.00114275
0.000175467
0.000579015
0.00217476
0.00283085
0.00309795
0.00315791
0.00308113
0.00290311
0.00266191
0.00239307
0.00211942
0.00186106
0.00163319
0.00144321
0.00129069
0.00117118
0.00107968
0.00101161
0.000962344
0.000927176
0.000901674
0.000882165
0.000865963
0.000851343
0.000837351
0.000823574
0.000809928
0.000796502
0.000783459
0.000770973
0.000759205
0.000748295
0.000738359
0.000729495
0.000721793
0.000715335
0.0007102
0.000706474
0.000704535
0.000703873
0.000704473
0.000707211
0.000711763
0.000718247
0.000726781
0.000737469
0.00075043
0.000765784
0.000783664
0.000804209
0.000827574
0.000853932
0.000883487
0.000916479
0.00095321
0.000994059
0.00103952
0.00109022
0.00114698
0.00121082
0.00128295
0.00136466
0.00145712
0.00156088
0.00167507
0.0017964
0.00191798
0.00202857
0.0021014
0.00212398
0.00212552
0.00212078
0.00215623
0.00226436
0.00255574
0.00317776
0.00362068
0.00365028
0.00278508
0.00130464
0.00020211
0.000596946
0.00222715
0.00287731
0.00313207
0.00317844
0.0030749
0.00286443
0.00259373
0.00230217
0.00201657
0.00175673
0.00153496
0.00135502
0.00121393
0.00110599
0.00102549
0.000967092
0.00092552
0.000895763
0.000873525
0.00085556
0.000839711
0.000824742
0.000810072
0.000795529
0.000781165
0.000767122
0.000753567
0.000740655
0.000728517
0.000717265
0.000706991
0.000697781
0.00068971
0.000682857
0.000677295
0.0006731
0.000670648
0.000669705
0.000669745
0.000671933
0.000675986
0.000681964
0.000689998
0.000700197
0.000712682
0.000727577
0.000745017
0.000765142
0.000788102
0.000814062
0.000843209
0.000875759
0.000911972
0.000952175
0.000996788
0.00104636
0.00110163
0.00116353
0.00123329
0.00131235
0.00140229
0.0015045
0.00161952
0.00174597
0.00187908
0.00200901
0.00211971
0.0021782
0.00218872
0.00217583
0.0021657
0.00221891
0.00238126
0.00283696
0.00346625
0.00367286
0.00310028
0.00150463
0.00023601
0.000608884
0.00226356
0.00290356
0.00314476
0.00317806
0.0030554
0.00281607
0.00252088
0.00221211
0.00191923
0.00166114
0.00144711
0.00127769
0.00114784
0.00105081
0.000980177
0.00092991
0.000894327
0.000868401
0.000848178
0.000830917
0.000814965
0.000799486
0.000784169
0.000768995
0.000754079
0.000739575
0.000725631
0.000712373
0.000699909
0.000688327
0.000677708
0.000668126
0.000659657
0.000652378
0.000646369
0.000641711
0.000638639
0.000637244
0.000636955
0.000638481
0.000642002
0.000647448
0.000654953
0.000664628
0.0006766
0.000690998
0.000707959
0.000727628
0.000750155
0.000775705
0.000804455
0.000836606
0.000872392
0.000912096
0.000956081
0.00100482
0.00105893
0.00111928
0.00118698
0.00126349
0.00135055
0.0014501
0.00156373
0.00169194
0.00183268
0.00197952
0.00211988
0.00221679
0.00225
0.00224906
0.00221943
0.00221145
0.00229719
0.0025668
0.0031958
0.0035673
0.00335483
0.00175912
0.000281872
0.000614876
0.00228431
0.00291073
0.00314155
0.00316687
0.00302102
0.00276048
0.00244613
0.00212498
0.00182854
0.00157451
0.00136917
0.00121032
0.0010912
0.00100417
0.000942096
0.000898452
0.000867375
0.000844051
0.000824976
0.000807915
0.000791648
0.000775646
0.000759778
0.000744107
0.00072877
0.000713906
0.00069964
0.000686074
0.000673293
0.000661374
0.000650392
0.000640418
0.000631531
0.00062381
0.00061734
0.000612212
0.000608528
0.000606653
0.000606063
0.00060693
0.0006099
0.000614806
0.000621764
0.000630894
0.000642323
0.000656186
0.000672626
0.000691792
0.000713842
0.000738942
0.00076727
0.000799019
0.000834408
0.000873693
0.000917189
0.000965299
0.00101856
0.00107772
0.00114376
0.00121806
0.00130235
0.00139878
0.00150959
0.00163646
0.00177928
0.00193418
0.00209111
0.00223191
0.00230729
0.00232032
0.00228979
0.00225376
0.00227042
0.00242159
0.00290769
0.0034239
0.00347705
0.00206425
0.000339727
0.000614533
0.0022922
0.00290587
0.00312711
0.00314089
0.00297765
0.00270034
0.00237165
0.00204223
0.00174513
0.00149669
0.00130048
0.0011519
0.00104278
0.000964675
0.000909852
0.000871458
0.000843679
0.000822052
0.000803558
0.000786422
0.000769774
0.000753301
0.000736985
0.000720926
0.000705254
0.000690091
0.000675535
0.00066167
0.00064857
0.000636307
0.000624952
0.000614581
0.000605274
0.000597115
0.00059019
0.000584588
0.000580399
0.000578002
0.000577111
0.000577387
0.0005798
0.000584168
0.000590577
0.000599149
0.000610013
0.00062331
0.000639187
0.000657801
0.000679318
0.000703911
0.000731765
0.000763074
0.000798051
0.000836937
0.000880014
0.000927636
0.000980265
0.00103853
0.00110331
0.00117581
0.0012577
0.00135116
0.00145879
0.00158323
0.0017262
0.00188666
0.00205823
0.00222646
0.00234699
0.00238763
0.00237914
0.00230771
0.00227536
0.0023467
0.00266247
0.00328562
0.00350854
0.00240927
0.000407158
0.00061131
0.00229021
0.00288983
0.00309735
0.00310229
0.00292718
0.00263775
0.00229908
0.00196482
0.00166923
0.00142733
0.00124027
0.00110143
0.00100145
0.000931127
0.000882306
0.000847989
0.000822567
0.000802001
0.000783738
0.000766396
0.000749372
0.0007325
0.000715823
0.000699451
0.000683499
0.000668067
0.000653235
0.000639076
0.000625657
0.00061305
0.000601329
0.000590574
0.000580869
0.0005723
0.000564956
0.000558925
0.000554297
0.000551356
0.000550107
0.000549981
0.000551825
0.000555666
0.000561534
0.000569545
0.000579831
0.000592535
0.000607811
0.000625824
0.00064675
0.000670772
0.000698084
0.000728891
0.000763407
0.000801868
0.000844541
0.000891742
0.000943874
0.00100148
0.0010653
0.0011364
0.0012163
0.00130706
0.00141137
0.00153236
0.00167291
0.00183413
0.0020126
0.00219667
0.00236286
0.00244769
0.00246067
0.00240392
0.00232625
0.00232122
0.00249453
0.0030611
0.00343113
0.00275627
0.000477581
0.000604149
0.00228146
0.00285983
0.00305715
0.00305494
0.00287169
0.00257437
0.00222959
0.00189333
0.0016008
0.00136592
0.00118775
0.00105795
0.000966139
0.0009025
0.000858566
0.000827365
0.000803594
0.000783656
0.000765421
0.000747824
0.000730458
0.000713253
0.000696281
0.000679646
0.000663446
0.000647762
0.000632663
0.000618216
0.000604487
0.000591551
0.000579487
0.000568379
0.000558313
0.00054938
0.000541667
0.000535263
0.000530258
0.000526811
0.000525172
0.000524776
0.000526074
0.000529409
0.00053475
0.000542207
0.000551908
0.000564001
0.000578645
0.000596013
0.000616291
0.000639676
0.000666374
0.000696602
0.000730587
0.000768569
0.000810809
0.000857603
0.000909311
0.0009664
0.00102951
0.00109957
0.0011779
0.00126641
0.00136773
0.00148524
0.00162268
0.00178307
0.00196634
0.00216569
0.00236303
0.00249637
0.0025344
0.00250556
0.00238378
0.00232779
0.00241153
0.00284677
0.00329331
0.00303353
0.000535056
0.000592973
0.002263
0.00282092
0.00300939
0.00300079
0.00281289
0.00251152
0.002164
0.00182802
0.00153964
0.00131189
0.00114213
0.00102058
0.000935953
0.000877957
0.000837949
0.000809098
0.000786463
0.000766869
0.00074855
0.000730692
0.000713027
0.000695543
0.000678321
0.000661456
0.000645028
0.000629105
0.000613751
0.00059903
0.000585013
0.000571777
0.000559407
0.000547989
0.000537613
0.000528368
0.000520342
0.000513621
0.00050829
0.00050444
0.000502427
0.000501794
0.000502609
0.000505467
0.000510304
0.000517217
0.000526335
0.000537806
0.000551795
0.000568481
0.000588063
0.000610748
0.00063676
0.000666332
0.000699706
0.000737135
0.000778885
0.000825244
0.000876548
0.000933209
0.000995781
0.00106505
0.00114218
0.00122886
0.00132756
0.00144163
0.00157522
0.00173249
0.00191564
0.00212134
0.00233608
0.00252065
0.00260013
0.00260195
0.00249167
0.00237465
0.00237232
0.00267192
0.00316514
0.00316586
0.000561797
0.000578399
0.0022377
0.00277508
0.0029555
0.00294182
0.00275225
0.00245019
0.00210283
0.00176898
0.00148544
0.00126467
0.00110269
0.000988512
0.000910117
0.000856827
0.00081994
0.000792845
0.000770975
0.000751542
0.000733083
0.000714977
0.000697051
0.000679328
0.00066189
0.000644816
0.000628176
0.000612031
0.00059644
0.000581471
0.000567198
0.000553702
0.000541073
0.000529399
0.00051877
0.000509274
0.000500996
0.000494015
0.00048841
0.000484259
0.000481895
0.000481046
0.000481453
0.000483869
0.000488226
0.000494614
0.000503157
0.000514004
0.000527322
0.000543301
0.000562145
0.000584078
0.000609339
0.000638179
0.000670861
0.000707655
0.000748841
0.000794713
0.000845594
0.000901862
0.000964002
0.00103269
0.00110892
0.00119418
0.00129073
0.00140178
0.00153168
0.00168545
0.00186736
0.00207747
0.00230616
0.00252774
0.00265987
0.00268678
0.00260689
0.00242599
0.00236213
0.00251488
0.00305887
0.00320331
0.000566556
0.000561252
0.00220772
0.00272403
0.00289697
0.00287965
0.00269095
0.00239112
0.0020464
0.00171613
0.00143781
0.00122367
0.00106873
0.000961053
0.000887987
0.000838577
0.00080415
0.000778355
0.000756989
0.000737602
0.000718978
0.000700642
0.000682489
0.000664558
0.000646926
0.000629664
0.000612831
0.000596483
0.000580683
0.000565499
0.000551011
0.000537304
0.000524469
0.000512597
0.000501776
0.000492092
0.000483624
0.000476446
0.000470628
0.000466237
0.000463555
0.000462506
0.000462588
0.000464599
0.000468505
0.000474388
0.00048237
0.000492598
0.000505242
0.000520495
0.000538574
0.000559713
0.000584169
0.000612211
0.000644124
0.000680202
0.000720744
0.00076606
0.000816473
0.000872344
0.000934108
0.00100235
0.00107792
0.00116211
0.00125691
0.00136533
0.00149163
0.00164128
0.00182
0.00203094
0.00226959
0.00251692
0.00270407
0.00276374
0.00272264
0.00252726
0.00238958
0.0024386
0.00289116
0.00317573
0.000555362
0.000542204
0.00217486
0.0026694
0.00283524
0.00281562
0.00262995
0.00233483
0.00199483
0.00166929
0.00139635
0.00118834
0.00103966
0.000937607
0.000869033
0.000822788
0.000790283
0.000765442
0.000744396
0.000724985
0.00070619
0.000687645
0.00066929
0.000651176
0.000633372
0.00061594
0.000598936
0.000582413
0.000566437
0.000551078
0.000536422
0.000522555
0.000509571
0.000497559
0.000486607
0.000476794
0.000468196
0.000460879
0.000454907
0.00045034
0.000447372
0.000446089
0.000445966
0.0004476
0.000451085
0.000456489
0.000463929
0.000473549
0.000485522
0.000500046
0.000517342
0.00053766
0.000561268
0.000588458
0.000619537
0.000654822
0.000694642
0.000739326
0.000789211
0.000844656
0.000906065
0.000973951
0.00104904
0.00113245
0.00122591
0.00133216
0.00145528
0.00160089
0.00177565
0.00198502
0.00222816
0.00249042
0.00272658
0.00283141
0.00282572
0.00264665
0.00243355
0.00240733
0.00274167
0.0031024
0.000535914
0.000521906
0.00213984
0.00261241
0.00277156
0.00275083
0.00257
0.00228168
0.00194813
0.0016282
0.00136066
0.0011582
0.00101494
0.000917665
0.000852822
0.000809127
0.00077811
0.000753962
0.000733109
0.000713631
0.000694668
0.000675934
0.000657402
0.000639125
0.000621169
0.00060359
0.00058644
0.000569775
0.00055366
0.000538171
0.000523395
0.000509422
0.000496343
0.000484248
0.000473219
0.000463333
0.000454657
0.000447252
0.000441175
0.000436478
0.000433273
0.000431767
0.000431482
0.000432782
0.000435878
0.00044083
0.000447751
0.000456782
0.000468097
0.000481895
0.000498406
0.000517886
0.00054062
0.000566918
0.000597108
0.000631538
0.000670561
0.000714538
0.00076383
0.000818802
0.000879847
0.000947429
0.00102217
0.00110503
0.00119749
0.001302
0.00142235
0.00156411
0.00173455
0.00194112
0.00218692
0.00246221
0.00273367
0.00289547
0.00292193
0.0027781
0.00249707
0.00239831
0.0026237
0.00300918
0.000512928
0.000500348
0.00210459
0.00255445
0.00270707
0.00268619
0.00251167
0.00223185
0.00190622
0.00159257
0.00133032
0.00113278
0.00099411
0.000900803
0.000838998
0.000797329
0.000767452
0.000743799
0.000723051
0.000703484
0.00068436
0.000665457
0.000646768
0.00062835
0.000610264
0.000592562
0.000575297
0.000558523
0.00054231
0.000526737
0.00051189
0.00049786
0.000484738
0.00047261
0.000461555
0.000451642
0.000442933
0.000435481
0.000429337
0.000424546
0.000421162
0.000419452
0.000419018
0.000420027
0.000422767
0.000427297
0.000433725
0.000442192
0.000452868
0.000465955
0.000481687
0.000500329
0.000522176
0.000547556
0.000576819
0.000610341
0.000648506
0.000691708
0.000740338
0.000794783
0.000855437
0.000922737
0.000997229
0.00107971
0.00117148
0.00127464
0.00139267
0.00153091
0.00169686
0.00189932
0.00214477
0.00242953
0.00272807
0.00294519
0.00300702
0.00290493
0.00259458
0.00240784
0.0025272
0.00290529
0.000489005
0.000478962
0.00206847
0.00249621
0.00264264
0.00262244
0.00245538
0.00218548
0.0018689
0.00156211
0.00130499
0.0011117
0.00097679
0.000886672
0.000827277
0.000787182
0.00075816
0.000734854
0.00071415
0.000694485
0.000675214
0.000656162
0.000637336
0.000618797
0.000600604
0.000582807
0.000565457
0.000548613
0.000532344
0.000516729
0.000501857
0.000487818
0.000474699
0.000462583
0.000451542
0.000441641
0.000432935
0.00042547
0.000419287
0.000414426
0.000410926
0.000409022
0.000408447
0.000409203
0.000411619
0.000415757
0.000421722
0.000429652
0.000439716
0.000452116
0.000467087
0.0004849
0.000505862
0.000530313
0.000558626
0.000591202
0.000628459
0.000670826
0.00071873
0.000772591
0.000832819
0.000899837
0.000974137
0.0010564
0.00114771
0.00124989
0.00136606
0.00150121
0.00166284
0.00186062
0.00210361
0.00239287
0.00270975
0.00298266
0.00308442
0.00302412
0.00271742
0.00244221
0.00245728
0.00279925
0.000465414
0.000455618
0.00203498
0.00243905
0.00257918
0.0025602
0.00240147
0.00214257
0.00183596
0.00153649
0.00128431
0.00109459
0.000962637
0.000874976
0.000817422
0.000778513
0.000750115
0.000727041
0.000706344
0.000686579
0.000667177
0.000647995
0.000629054
0.000610417
0.000592141
0.000574277
0.000556876
0.000539997
0.000523711
0.000508097
0.000493242
0.000479234
0.000466157
0.000454089
0.000443098
0.000433241
0.000424567
0.000417114
0.000410918
0.000406009
0.000402421
0.000400344
0.000399633
0.000400168
0.000402291
0.000406067
0.0004116
0.000419025
0.000428508
0.00044025
0.000454487
0.000471494
0.000491583
0.00051511
0.000542465
0.000574073
0.000610385
0.000651868
0.000698991
0.000752212
0.00081197
0.000878694
0.00095284
0.00103499
0.00112605
0.00122758
0.00134229
0.00147481
0.00163241
0.00182529
0.00206465
0.00235589
0.00268513
0.00300187
0.00315493
0.00313967
0.00285356
0.00248191
0.00241106
0.00268997
0.000442848
0.0004374
0.00199905
0.00238317
0.00251726
0.00249993
0.00235015
0.00210305
0.00180719
0.00151544
0.00126802
0.00108122
0.000951428
0.000865508
0.000809257
0.000771182
0.000743215
0.000720285
0.000699569
0.000679712
0.000660196
0.000640906
0.000621872
0.000603159
0.000584826
0.000566924
0.000549504
0.000532626
0.000516359
0.000500783
0.000485982
0.00047204
0.000459038
0.000447048
0.000436133
0.000426344
0.000417722
0.000410302
0.00040411
0.000399172
0.000395515
0.000393282
0.000392437
0.000392779
0.000394638
0.000398082
0.000403215
0.000410168
0.000419105
0.000430225
0.000443763
0.000459994
0.000479237
0.000501855
0.000528256
0.000558888
0.000594233
0.000634797
0.000681092
0.000733623
0.000792868
0.000859275
0.000933287
0.00101541
0.0011064
0.00120754
0.00132119
0.00145152
0.00160546
0.00179339
0.00202818
0.00231965
0.00266092
0.00300819
0.00322104
0.00324471
0.002994
0.00255483
0.00238738
0.00258506
0.000422769
0.000421441
0.00196146
0.00232877
0.00245742
0.00244201
0.00230156
0.00206684
0.00178236
0.00149865
0.00125572
0.00107124
0.000942859
0.00085804
0.000802622
0.000765076
0.000737372
0.000714517
0.000693768
0.00067383
0.000654222
0.000634845
0.000615741
0.000596976
0.000578612
0.0005607
0.000543292
0.000526447
0.000510233
0.000494727
0.000480011
0.000466164
0.000453262
0.000441373
0.000430553
0.000420848
0.000412294
0.000404919
0.000398744
0.000393791
0.00039008
0.000387707
0.000386727
0.000386898
0.000388518
0.000391659
0.000396423
0.000402939
0.000411369
0.000421907
0.000434785
0.000450279
0.00046871
0.000490448
0.000515913
0.000545575
0.000579944
0.000619565
0.000664997
0.000716794
0.000775483
0.000841548
0.000915433
0.000997596
0.00108865
0.00118966
0.0013026
0.00143119
0.00158189
0.00176497
0.00199437
0.0022835
0.00263272
0.00300823
0.00327822
0.00334207
0.00312901
0.00265044
0.00237815
0.00248527
0.000405576
0.000406289
0.00192312
0.00227613
0.00239996
0.00238675
0.00225581
0.00203383
0.00176123
0.00148591
0.00124746
0.00106468
0.000937022
0.000852556
0.000797429
0.000760107
0.000732513
0.000709674
0.000688885
0.000668881
0.000649204
0.000629766
0.000610615
0.000591823
0.000573453
0.000555558
0.00053819
0.000521407
0.000505274
0.000489866
0.000475259
0.00046153
0.000448748
0.000436976
0.000426265
0.000416656
0.000408178
0.000400855
0.000394706
0.000389745
0.000385991
0.000383497
0.000382375
0.000382396
0.000383799
0.000386662
0.000391089
0.000397204
0.000405166
0.000415165
0.000427427
0.000442228
0.000459889
0.000480784
0.000505343
0.000534053
0.000567451
0.000606119
0.000650663
0.000701691
0.000759787
0.000825481
0.000899237
0.000981483
0.00107273
0.00117381
0.00128637
0.00141363
0.00156155
0.00174009
0.00196382
0.00224898
0.00260202
0.00299746
0.00332479
0.00343213
0.00326091
0.00277002
0.00237786
0.00239433
0.00039195
0.000391569
0.00188455
0.0022258
0.00234476
0.00233427
0.00221294
0.00200387
0.00174357
0.00147683
0.0012423
0.00106101
0.000933198
0.000848731
0.000793582
0.000756207
0.000728577
0.000705701
0.000684866
0.000664815
0.000645094
0.000625621
0.000606448
0.000587653
0.000569301
0.000551449
0.000534146
0.000517449
0.000501423
0.000486135
0.000471658
0.000458064
0.000445417
0.000433774
0.000423181
0.000413673
0.000405276
0.000398009
0.000391886
0.000386922
0.000383132
0.000380542
0.000379266
0.000379154
0.000380358
0.000382969
0.000387087
0.000392837
0.000400371
0.000409876
0.00042157
0.000435727
0.000452667
0.000472763
0.000496455
0.000524241
0.000556685
0.000594402
0.000638044
0.000688278
0.000745749
0.000811044
0.000884663
0.000967026
0.00105856
0.0011599
0.00127236
0.00139869
0.00154426
0.0017186
0.00193656
0.00221671
0.0025713
0.00298319
0.00336193
0.00351607
0.00339278
0.00290305
0.00240354
0.00231394
0.000382109
0.000377042
0.00184593
0.00217816
0.0022922
0.00228424
0.00217335
0.00197693
0.00172912
0.00147127
0.0012421
0.00106142
0.000932972
0.000846982
0.000790999
0.000753318
0.000725512
0.000702545
0.000681663
0.000661585
0.000641846
0.000622364
0.000603195
0.000584421
0.000566111
0.000548323
0.000531108
0.00051452
0.000498619
0.00048347
0.00046914
0.000455695
0.000443195
0.000431692
0.000421223
0.000411819
0.000403502
0.000396289
0.000390191
0.000385221
0.000381394
0.00037873
0.000377309
0.000377066
0.000378086
0.000380466
0.000384306
0.000389723
0.000396872
0.000405929
0.000417102
0.000430666
0.000446938
0.000466286
0.000489157
0.000516059
0.000547576
0.000584355
0.000627095
0.00067652
0.00073334
0.000798211
0.000871682
0.000954184
0.00104608
0.00114784
0.00126046
0.00138622
0.00152988
0.00170041
0.0019126
0.00218679
0.00254045
0.00296474
0.00338848
0.00359383
0.00351951
0.00303669
0.00244411
0.00224978
0.000376877
0.000362774
0.00180752
0.00213285
0.00224253
0.00223698
0.00213678
0.00195291
0.00171775
0.00146946
0.00124384
0.00106362
0.000934176
0.000847273
0.000790015
0.000751421
0.000723284
0.000700163
0.000679222
0.000659134
0.000639407
0.000619948
0.000600811
0.000582082
0.000563836
0.000546133
0.000529025
0.000512566
0.000496812
0.000481822
0.000467657
0.000454377
0.000442035
0.000430688
0.000420346
0.000411041
0.000402795
0.000395624
0.000389541
0.000384558
0.000380691
0.00037796
0.000376411
0.00037605
0.000376928
0.000379117
0.000382712
0.000387825
0.000394603
0.000403228
0.000413922
0.000426948
0.000442611
0.000461262
0.000483368
0.000509431
0.000540058
0.000575924
0.00061777
0.000666381
0.000722534
0.00078696
0.000860271
0.000942926
0.00103525
0.00113756
0.00125058
0.00137609
0.00151825
0.00168537
0.00189195
0.00215959
0.00251059
0.00294524
0.00340302
0.00366745
0.00364278
0.00317377
0.00250374
0.00219737
0.000374668
0.00034877
0.00176932
0.00208996
0.00219585
0.00219262
0.00210304
0.00193165
0.00170924
0.00147034
0.00124842
0.00106863
0.000937378
0.000848709
0.000790341
0.000750754
0.000721861
0.000698511
0.000677523
0.000657447
0.000637752
0.000618328
0.000599239
0.000580575
0.000562414
0.000544822
0.000527856
0.000511595
0.000496037
0.00048124
0.00046726
0.00045415
0.000441957
0.000430714
0.000420443
0.000411195
0.000402993
0.000395853
0.000389784
0.000384797
0.000380904
0.000378122
0.000376479
0.000376003
0.000376734
0.00037875
0.000382159
0.000387055
0.00039355
0.000401813
0.00041206
0.00042455
0.000439604
0.000457607
0.000479014
0.000504287
0.00053407
0.000569056
0.000610029
0.00065783
0.000713308
0.000777274
0.000850414
0.00093323
0.00102603
0.00112902
0.00124263
0.00136819
0.00150924
0.00167336
0.00187452
0.00213509
0.00248144
0.00292292
0.00340941
0.00373803
0.00376048
0.00330828
0.00257971
0.00215744
0.000374347
0.000335319
0.00173197
0.00204961
0.0021524
0.00215132
0.00207207
0.00191296
0.00170325
0.00147329
0.00125666
0.00107706
0.000943617
0.000852027
0.000791622
0.000751042
0.0007215
0.000697626
0.000676439
0.000656368
0.000636757
0.000617493
0.000598548
0.000580025
0.000562013
0.00054458
0.000527779
0.000511636
0.000496171
0.000481469
0.000467588
0.000454579
0.000442486
0.000431346
0.000421189
0.000412038
0.000403916
0.000396836
0.000390807
0.000385834
0.000381931
0.000379115
0.000377413
0.000376861
0.000377457
0.000379286
0.000382494
0.000387151
0.000393397
0.000401402
0.000411356
0.00042346
0.000438008
0.000455383
0.000476047
0.000500559
0.000529558
0.000563706
0.000603835
0.000650843
0.000705644
0.000769143
0.000842104
0.000925085
0.0010184
0.00112216
0.00123656
0.00136242
0.0015027
0.00166424
0.00186026
0.0021135
0.00245374
0.00289906
0.00341097
0.00380281
0.00387435
0.00344754
0.00266701
0.00212784
0.000378041
0.000322295
0.00169492
0.00201161
0.00211204
0.00211308
0.0020435
0.00189684
0.00169953
0.00147941
0.00126782
0.00108846
0.000952474
0.000857688
0.000794456
0.0007521
0.000721805
0.000697665
0.000676338
0.000656269
0.000636756
0.000617548
0.000598665
0.000580206
0.000562263
0.000544909
0.000528197
0.000512169
0.000496857
0.000482314
0.000468604
0.000455771
0.000443845
0.000432862
0.000422846
0.000413814
0.000405781
0.000398757
0.000392753
0.000387781
0.000383854
0.000380993
0.000379223
0.000378583
0.000379064
0.000380723
0.000383757
0.000388206
0.000394204
0.00040191
0.000411521
0.000423286
0.0004375
0.000454485
0.000474575
0.000498373
0.000526528
0.000559828
0.000599157
0.000645399
0.000699531
0.000762565
0.000835343
0.000918489
0.00101234
0.00111695
0.00123231
0.00135906
0.00149902
0.00165788
0.00184903
0.00209478
0.00242763
0.00287383
0.00340731
0.00385934
0.00398395
0.00358906
0.00276411
0.00210994
0.000384379
0.000309649
0.00165785
0.00197602
0.00207485
0.00207803
0.00201726
0.00188312
0.00169855
0.00148822
0.00128181
0.00110287
0.000964094
0.000865587
0.000799125
0.000754409
0.000722771
0.000698094
0.000676618
0.000656545
0.000637085
0.00061798
0.000599213
0.000580873
0.000563054
0.000545846
0.000529302
0.000513465
0.00049837
0.000484049
0.000470536
0.000457871
0.000446096
0.000435243
0.000425337
0.000416395
0.00040843
0.000401452
0.000395474
0.000390505
0.000386561
0.000383661
0.000381835
0.000381125
0.000381514
0.000383024
0.00038591
0.000390183
0.000395972
0.000403432
0.00041275
0.00042416
0.000437948
0.000454466
0.000474169
0.000497539
0.000525072
0.000557606
0.000596063
0.000641479
0.000694958
0.000757545
0.00083014
0.000913451
0.00100786
0.00111348
0.00123011
0.00135768
0.0014976
0.00165466
0.00184073
0.00207895
0.00240339
0.00284795
0.00339899
0.00390845
0.00408934
0.00373381
0.00287107
0.00210163
0.00039368
0.000297241
0.00162008
0.00194276
0.00204096
0.00204612
0.00199336
0.00187159
0.0016993
0.00149936
0.00129853
0.0011203
0.000978644
0.000875947
0.000805668
0.000758193
0.000724802
0.000699177
0.000677389
0.000657289
0.000637934
0.000618999
0.000600424
0.000582279
0.000564655
0.000547626
0.000531257
0.000515595
0.000500679
0.000486538
0.000473202
0.000460706
0.000449083
0.000438362
0.000428567
0.000419714
0.000411818
0.000404889
0.000398938
0.000393977
0.000390021
0.000387093
0.000385222
0.000384457
0.000384779
0.000386165
0.000388923
0.000393052
0.000398669
0.000405925
0.000415
0.00042612
0.00043956
0.000455661
0.000474847
0.000497639
0.000524708
0.000556783
0.000594619
0.000639338
0.00069213
0.000754176
0.00082655
0.000910094
0.00100522
0.00111184
0.00122938
0.00135749
0.00149749
0.00165357
0.00183535
0.00206591
0.00238108
0.00282179
0.00338736
0.00394975
0.00419034
0.00388067
0.00298694
0.00209934
0.000405863
0.00028497
0.00158099
0.0019116
0.00201022
0.00201735
0.00197171
0.00186189
0.00170149
0.00151244
0.00131786
0.00114076
0.00099629
0.000889031
0.000814348
0.000763537
0.000728015
0.000701234
0.000678941
0.000658739
0.000639469
0.000620692
0.000602304
0.000584348
0.000566909
0.000550066
0.000533881
0.000518405
0.000503674
0.000489717
0.000476562
0.000464235
0.000452767
0.000442181
0.0004325
0.00042374
0.000415916
0.000409039
0.000403121
0.000398174
0.000394216
0.000391269
0.000389368
0.000388564
0.000388841
0.000390131
0.000392782
0.000396796
0.000402276
0.000409367
0.000418244
0.000429125
0.000442277
0.000458033
0.000476804
0.000499102
0.000525563
0.000556969
0.000594292
0.000638587
0.000690934
0.00075258
0.000824796
0.000908511
0.0010042
0.00111145
0.00123002
0.0013594
0.00149978
0.00165437
0.00183289
0.00205553
0.0023607
0.00279546
0.00337265
0.00398285
0.0042873
0.00403021
0.00311209
0.00210917
0.000421751
0.00027265
0.00153963
0.00188205
0.00198255
0.00199179
0.00195243
0.00185405
0.0017058
0.00152744
0.00133965
0.00116424
0.0010172
0.000905131
0.000825484
0.000770714
0.000732536
0.000704227
0.00068121
0.000660781
0.00064155
0.00062293
0.000604742
0.000586996
0.000569763
0.000553121
0.000537135
0.000521854
0.000507316
0.000493549
0.000480577
0.000468424
0.000457113
0.000446668
0.000437106
0.000428446
0.0004207
0.000413883
0.000408006
0.000403084
0.000399134
0.000396182
0.000394265
0.000393441
0.000393691
0.000394914
0.000397482
0.000401411
0.000406787
0.000413749
0.000422469
0.000433157
0.000446075
0.000461547
0.000479974
0.000501862
0.00052784
0.000558688
0.000595358
0.000638968
0.000690798
0.00075218
0.000824296
0.000908119
0.00100421
0.00111263
0.00123264
0.00136325
0.00150416
0.00165772
0.00183233
0.00204759
0.00234223
0.00276906
0.00335565
0.00400739
0.00437998
0.00418129
0.00324539
0.00212763
0.000440638
0.000260287
0.00149571
0.00185386
0.00195789
0.00196937
0.0019356
0.00184799
0.00171158
0.0015441
0.00136372
0.00119071
0.00104151
0.000924553
0.000839446
0.000780065
0.000738628
0.000708331
0.000684287
0.000663455
0.000644179
0.000625688
0.000607704
0.000590182
0.000573173
0.00055675
0.000540976
0.000525903
0.000511567
0.000497996
0.000485214
0.000473239
0.000462093
0.000451795
0.000442362
0.00043381
0.000426154
0.000419407
0.000413583
0.000408698
0.000404772
0.000401831
0.000399915
0.000399089
0.000399332
0.000400515
0.00040303
0.000406903
0.000412205
0.000419073
0.000427675
0.000438215
0.000450947
0.000466189
0.000484335
0.000505883
0.00053146
0.000561846
0.000598006
0.00064109
0.000692413
0.000753377
0.000825335
0.000909399
0.0010062
0.00111567
0.001237
0.00136891
0.0015105
0.00166319
0.0018342
0.00204209
0.00232563
0.00274235
0.00333431
0.00402545
0.0044684
0.00433327
0.00338752
0.00215603
0.000463399
0.0002477
0.00144823
0.0018262
0.00193598
0.00195005
0.0019212
0.00184362
0.00171871
0.00156223
0.00138985
0.00122008
0.00106934
0.000947602
0.000856648
0.000792003
0.000746633
0.000713793
0.000688327
0.000666844
0.000647386
0.000628964
0.000611165
0.000593872
0.000577101
0.000560912
0.000545366
0.000530513
0.00051639
0.000503026
0.000490441
0.000478653
0.000467681
0.00045754
0.000448247
0.000439817
0.000432263
0.000425602
0.000419848
0.000415017
0.000411132
0.000408221
0.000406326
0.000405522
0.000405773
0.000406944
0.000409438
0.000413283
0.000418543
0.000425352
0.000433873
0.000444306
0.000456899
0.000471963
0.000489886
0.00051116
0.000536407
0.000566412
0.000602148
0.000644794
0.000695712
0.000756381
0.00082825
0.000912528
0.00100992
0.0011204
0.00124305
0.00137629
0.00151867
0.00167072
0.00183845
0.00203933
0.00231086
0.00271568
0.00330941
0.00403439
0.00455235
0.00448505
0.00353759
0.0021946
0.000489952
0.000234892
0.00139703
0.00179908
0.00191676
0.00193388
0.0019093
0.0018408
0.00172696
0.00158157
0.00141777
0.00125216
0.00110072
0.000974556
0.000877528
0.000807012
0.000756986
0.000720951
0.000693562
0.00067109
0.000651244
0.000632782
0.00061512
0.000598043
0.000581516
0.000565574
0.000550268
0.000535648
0.000521751
0.000508604
0.000496228
0.00048464
0.000473853
0.000463884
0.000454745
0.000446453
0.00043902
0.000432463
0.000426798
0.000422043
0.00041822
0.000415361
0.00041351
0.000412754
0.000413031
0.000414216
0.000416724
0.000420571
0.000425821
0.000432604
0.00044108
0.000451446
0.000463945
0.00047888
0.000496637
0.0005177
0.000542689
0.000572389
0.000607783
0.000650072
0.000700663
0.000761099
0.000832916
0.000917421
0.0010154
0.00112685
0.00125078
0.00138535
0.00152855
0.00168003
0.00184455
0.00203836
0.00229763
0.00268901
0.00328138
0.00403755
0.00463258
0.0046356
0.00369568
0.00224306
0.000520684
0.000221633
0.00134078
0.00177077
0.00189978
0.00192079
0.00190001
0.00184001
0.00173639
0.0016019
0.00144719
0.00128672
0.00113559
0.00100563
0.000902527
0.000825635
0.000770214
0.000730246
0.000700324
0.000676415
0.000655888
0.000637211
0.000619595
0.000602694
0.000586399
0.000570706
0.000555652
0.000541278
0.00052762
0.000514704
0.00050255
0.000491174
0.000480589
0.000470808
0.000461843
0.000453708
0.000446418
0.000439988
0.000434435
0.00042978
0.000426046
0.000423264
0.000421483
0.000420806
0.000421126
0.000422353
0.000424911
0.000428791
0.000434062
0.000440853
0.000449321
0.000459659
0.000472106
0.000486962
0.000504606
0.00052552
0.000550321
0.000579794
0.00061493
0.00065695
0.000707295
0.000767565
0.000839376
0.000924124
0.00102268
0.00113505
0.0012602
0.00139603
0.00154006
0.00169103
0.00185237
0.00203859
0.00228577
0.00266226
0.00324985
0.00403402
0.00470806
0.00478407
0.00386154
0.002303
0.000555886
0.000208155
0.00128047
0.00174258
0.00188502
0.00191102
0.00189352
0.00184072
0.00174686
0.00162305
0.00147781
0.00132345
0.00117381
0.00104094
0.000932045
0.000848449
0.000786936
0.000742236
0.000709058
0.000683147
0.000661538
0.000642387
0.000624663
0.000607855
0.000591753
0.000576298
0.000561496
0.000547377
0.000533969
0.000521299
0.000509383
0.000498236
0.00048787
0.000478297
0.000469528
0.000461575
0.000454452
0.000448176
0.000442763
0.000438236
0.000434619
0.000431944
0.000430264
0.000429702
0.00043008
0.000431378
0.000434025
0.000437968
0.000443292
0.000450125
0.000458621
0.000468969
0.000481407
0.00049623
0.000513815
0.000534642
0.000559325
0.00058865
0.000623616
0.000665456
0.000715641
0.00077582
0.000847674
0.000932677
0.00103177
0.001145
0.00127126
0.00140826
0.00155303
0.00170348
0.00186178
0.00204077
0.00227521
0.00263537
0.00321492
0.00402183
0.00477394
0.00493104
0.00403504
0.00237453
0.000595738
0.000194453
0.00121575
0.00171328
0.00187081
0.00190396
0.00188953
0.00184294
0.0017582
0.00164477
0.00150929
0.00136196
0.00121509
0.00108047
0.000966397
0.000876029
0.000807845
0.0007576
0.000720351
0.000691746
0.00066853
0.000648537
0.000630467
0.00061361
0.000597622
0.000582365
0.000567801
0.000553934
0.000540785
0.000528371
0.000516708
0.000505808
0.000495682
0.000486339
0.000477789
0.000470045
0.000463118
0.000457026
0.000451785
0.000447418
0.000443951
0.000441416
0.000439869
0.000439464
0.000439919
0.00044132
0.000444091
0.00044813
0.000453541
0.000460449
0.000469008
0.000479405
0.000491874
0.000506711
0.00052429
0.00054509
0.000569724
0.000598982
0.000633866
0.00067562
0.000725737
0.000785902
0.000857848
0.000943115
0.0010427
0.00115669
0.00128393
0.00142193
0.0015673
0.00171714
0.00187234
0.00204404
0.00226548
0.00260812
0.00317692
0.00400376
0.00483124
0.00507515
0.00421561
0.00245893
0.000640582
0.000181225
0.00114982
0.00168259
0.0018578
0.00189963
0.00188882
0.00184766
0.00177067
0.00166696
0.00154131
0.00140179
0.00125901
0.00112404
0.00100576
0.000908891
0.000833669
0.000777129
0.000734938
0.000702829
0.000677344
0.000656016
0.000637255
0.000620121
0.000604107
0.000588967
0.000574597
0.000560965
0.000548068
0.000535916
0.000524517
0.00051388
0.000504014
0.000494925
0.000486622
0.000479114
0.000472415
0.000466539
0.000461505
0.000457334
0.000454052
0.000451693
0.000450315
0.000450112
0.000450664
0.000452212
0.000455127
0.000459299
0.000464832
0.000471851
0.000480509
0.000490992
0.000503534
0.000518431
0.000536056
0.000556888
0.000581545
0.000610816
0.000645707
0.000687472
0.000737614
0.000797842
0.000869926
0.000955454
0.00105547
0.00117009
0.00129812
0.0014369
0.00158266
0.00173174
0.00188377
0.00204813
0.00225623
0.00258012
0.00313506
0.00397775
0.00487795
0.00521559
0.00440326
0.00255655
0.000690462
0.000168746
0.00108386
0.00164876
0.00184526
0.00189817
0.0018902
0.00185462
0.00178432
0.00168955
0.00157357
0.00144248
0.00130507
0.00117129
0.00105011
0.000947425
0.00086512
0.000801696
0.000753706
0.000717197
0.000688646
0.000665345
0.000645417
0.000627672
0.000611407
0.000596238
0.000581973
0.000568524
0.000555855
0.000543955
0.000532822
0.00052246
0.000512869
0.000504055
0.000496024
0.000488783
0.000482344
0.00047672
0.000471928
0.00046799
0.000464932
0.000462787
0.00046163
0.000461651
0.000462328
0.000464074
0.000467165
0.000471503
0.000477191
0.000484356
0.000493147
0.000503754
0.000516411
0.000531413
0.000549136
0.000570062
0.000594811
0.000624176
0.000659166
0.000701035
0.000751295
0.00081166
0.00088392
0.000969689
0.00107005
0.00118512
0.00131369
0.00145297
0.00159881
0.00174689
0.00189561
0.00205257
0.00224704
0.00255114
0.00308926
0.00394388
0.00491351
0.00535111
0.0045974
0.00266854
0.000745621
0.000156923
0.00101813
0.00161029
0.0018333
0.00189868
0.00189399
0.00186341
0.00179944
0.00171256
0.00160583
0.00148356
0.00135264
0.00122168
0.00109922
0.000991819
0.000902808
0.000832197
0.000777666
0.000735838
0.000703317
0.000677258
0.000655538
0.00063671
0.000619856
0.000604425
0.000590109
0.000576741
0.000564237
0.000552554
0.000541671
0.000531579
0.000522272
0.000513749
0.000506011
0.000499064
0.000492914
0.000487575
0.000483062
0.000479396
0.0004766
0.00047471
0.000473851
0.000474033
0.000474923
0.000476936
0.000480229
0.000484762
0.000490638
0.000497982
0.000506943
0.000517712
0.000530523
0.000545676
0.00056355
0.000584631
0.000609544
0.000639084
0.000674262
0.000716331
0.000766794
0.000827361
0.000899818
0.000985785
0.00108635
0.00120167
0.00133047
0.00146987
0.00161542
0.00176217
0.00190736
0.0020568
0.00223742
0.00252076
0.00303898
0.00390084
0.00493296
0.00548032
0.00479769
0.00279568
0.000806036
0.000145451
0.000951884
0.00156521
0.00182062
0.00190039
0.00190012
0.0018744
0.00181632
0.00173616
0.00163799
0.0015246
0.0014011
0.00127452
0.00115257
0.001042
0.000947145
0.000869462
0.000807899
0.000759912
0.000722469
0.000692743
0.00066845
0.000647913
0.00062999
0.000613944
0.000599323
0.00058586
0.0005734
0.000561855
0.000551173
0.000541324
0.000532289
0.000524058
0.000516624
0.000509988
0.000504154
0.000499129
0.000494928
0.000491568
0.000489072
0.000487474
0.000486972
0.00048732
0.000488453
0.000490791
0.000494324
0.000499088
0.000505186
0.000512742
0.000521909
0.000532877
0.000545886
0.000561238
0.000579317
0.000600616
0.000625764
0.000655561
0.000691014
0.000733368
0.00078411
0.000844926
0.000917577
0.00100366
0.00110426
0.00121953
0.00134819
0.00148726
0.00163207
0.00177708
0.00191844
0.00206004
0.00222682
0.00248865
0.00298395
0.00384848
0.00494046
0.00560237
0.00500344
0.00293903
0.000871776
0.000134185
0.000885327
0.0015115
0.00180306
0.00190165
0.00190918
0.00188722
0.00183465
0.00176039
0.00167
0.00156529
0.00144983
0.00132903
0.00120947
0.00109757
0.000998258
0.000914139
0.000845457
0.000790697
0.000747434
0.000713069
0.000685287
0.000662252
0.000642617
0.000625453
0.000610147
0.000596306
0.000583684
0.000572128
0.000561543
0.000551868
0.00054306
0.000535096
0.000527957
0.000521634
0.000516126
0.000511434
0.000507568
0.000504543
0.000502378
0.000501115
0.000501006
0.000501537
0.000502969
0.000505643
0.000509456
0.000514489
0.000520844
0.000528649
0.000538059
0.000549266
0.000562516
0.000578116
0.000596457
0.000618038
0.000643493
0.000673624
0.000709433
0.000752147
0.000803225
0.00086431
0.000937111
0.00102318
0.00112358
0.00123844
0.0013665
0.0015047
0.0016482
0.001791
0.00192822
0.00206143
0.00221466
0.00245448
0.00292369
0.00378487
0.0049384
0.0057144
0.00521336
0.00309943
0.000942691
0.000122824
0.000817963
0.00144995
0.00177705
0.00190082
0.00191973
0.00190168
0.00185446
0.00178531
0.00170185
0.00160542
0.00149831
0.00138442
0.00126905
0.00115787
0.00105592
0.000966573
0.000891228
0.000829474
0.000779704
0.000739772
0.000707517
0.000681055
0.000658899
0.000639944
0.000623411
0.000608768
0.000595659
0.000583846
0.000573173
0.000563534
0.000554856
0.000547088
0.000540197
0.00053416
0.000528964
0.000524603
0.00052108
0.000518404
0.000516584
0.000515751
0.000515917
0.000516723
0.000518542
0.000521536
0.00052566
0.000530992
0.000537638
0.000545726
0.000555416
0.000566904
0.000580441
0.00059634
0.000615002
0.00063693
0.000662762
0.000693299
0.000729531
0.000772661
0.0008241
0.000885431
0.000958288
0.00104415
0.00114404
0.00125806
0.00138494
0.00152165
0.00166319
0.00180317
0.00193583
0.00206142
0.00220038
0.00241799
0.00285808
0.00370808
0.00491067
0.00581359
0.00542587
0.0032779
0.00101863
0.000111988
0.000752793
0.00138085
0.00173996
0.00189647
0.00193038
0.00191714
0.00187574
0.00181106
0.00173368
0.00164492
0.00154617
0.00144002
0.00133039
0.001222
0.00111953
0.00102671
0.000945785
0.000877375
0.000820806
0.000774592
0.000736928
0.000706047
0.000680423
0.000658833
0.000640356
0.000624318
0.00061024
0.000597788
0.000586726
0.000576888
0.000568156
0.000560447
0.000553699
0.00054787
0.00054293
0.000538863
0.000535659
0.000533321
0.00053184
0.000531476
0.000531852
0.000532973
0.000535228
0.000538557
0.00054301
0.000548666
0.000555632
0.000564036
0.000574042
0.000585852
0.000599723
0.000615975
0.000635014
0.000657351
0.000683624
0.000714625
0.000751327
0.000794892
0.000846672
0.000908166
0.000980911
0.00106629
0.00116526
0.00127789
0.00140296
0.00153743
0.00167625
0.00181274
0.00193944
0.00205754
0.00218283
0.00237858
0.00278774
0.00362049
0.00486867
0.00589825
0.00563897
0.00347529
0.00109923
0.000102237
0.000692834
0.00130566
0.00169053
0.00188413
0.00193922
0.00193242
0.00189848
0.00183762
0.00176553
0.00168379
0.0015932
0.00149527
0.00139265
0.00128897
0.00118823
0.00109409
0.00100926
0.000935195
0.000872117
0.000819321
0.000775544
0.000739323
0.000709236
0.000684046
0.00066274
0.000644531
0.000628826
0.000615182
0.000603276
0.000592868
0.000583782
0.000575888
0.000569089
0.000563314
0.00055851
0.000554641
0.000551684
0.000549626
0.000548479
0.000548514
0.0005491
0.000550567
0.000553191
0.000556873
0.000561671
0.00056767
0.000574976
0.000583724
0.000594079
0.00060625
0.000620499
0.000637153
0.000656623
0.00067942
0.000706179
0.000737677
0.000774855
0.000818823
0.000870857
0.000932349
0.00100472
0.00108924
0.00118677
0.00129737
0.00141986
0.00155125
0.0016865
0.0018178
0.00194008
0.00204984
0.00216136
0.0023353
0.00271238
0.00351959
0.00480381
0.00596304
0.00584963
0.00369228
0.00118407
9.37399e-05
0.000639295
0.00122678
0.0016288
0.00185767
0.00193935
0.00194427
0.00192009
0.00186554
0.00179791
0.00172238
0.00163949
0.00154992
0.00145521
0.00135786
0.00126101
0.0011679
0.00108133
0.00100325
0.000934646
0.000875577
0.000825437
0.000783227
0.000747799
0.000718028
0.000692911
0.000671607
0.000653436
0.000637864
0.000624477
0.000612957
0.000603061
0.0005946
0.000587431
0.000581444
0.000576556
0.000572705
0.000569849
0.000567941
0.000567085
0.000567286
0.000568119
0.000569941
0.000572872
0.000576875
0.000582003
0.000588339
0.000595992
0.000605097
0.000615823
0.000628383
0.000643043
0.000660134
0.000680068
0.000703351
0.000730607
0.000762586
0.000800184
0.000844445
0.000896547
0.000957764
0.00102938
0.00111253
0.00120798
0.00131578
0.00143483
0.0015622
0.00169194
0.00181906
0.00193565
0.00203687
0.00213493
0.00228765
0.002632
0.00340854
0.00471957
0.00599724
0.00605487
0.00392929
0.00127254
8.63052e-05
0.0005914
0.0011458
0.00155512
0.00181405
0.00193134
0.00195276
0.00193739
0.00189294
0.00183049
0.00176091
0.00168534
0.00160408
0.00151781
0.00142802
0.00133694
0.00124717
0.00116125
0.00108134
0.00100887
0.000944555
0.000888449
0.000840109
0.000798797
0.000763645
0.000733782
0.000708405
0.000686813
0.000668418
0.000652736
0.000639378
0.000628032
0.000618448
0.000610429
0.000603818
0.000598493
0.000594358
0.000591347
0.000589374
0.000588591
0.000588858
0.000589819
0.000591856
0.000595014
0.000599271
0.000604678
0.000611315
0.00061929
0.000628737
0.000639828
0.000652776
0.00066785
0.000685377
0.000705766
0.000729509
0.000757206
0.000789569
0.000827435
0.000871764
0.000923622
0.00098415
0.00105448
0.00113561
0.00122822
0.00133233
0.00144698
0.00156841
0.00169329
0.00181501
0.00192488
0.00201761
0.00210285
0.00223533
0.00254694
0.0032874
0.00461655
0.00600953
0.0062526
0.00418611
0.00136393
7.95385e-05
0.000547269
0.00106394
0.00147111
0.00175393
0.00190786
0.00195163
0.0019477
0.00191824
0.00186255
0.0017994
0.00173112
0.00165812
0.0015806
0.00149926
0.00141545
0.00133106
0.00124819
0.00116886
0.0010947
0.00102685
0.000965916
0.000911993
0.000864825
0.000823913
0.000788637
0.000758341
0.000732395
0.000710221
0.000691313
0.000675239
0.000661632
0.00065019
0.000640661
0.00063284
0.000626561
0.000621687
0.00061812
0.000615751
0.000614643
0.000614832
0.000615724
0.000617713
0.000620936
0.000625309
0.000630877
0.000637716
0.000645928
0.000655645
0.000667037
0.000680313
0.000695736
0.000713626
0.000734376
0.000758456
0.000786428
0.000818953
0.000856794
0.000900811
0.000951951
0.00101121
0.00107956
0.00115788
0.00124672
0.00134614
0.00145482
0.0015702
0.001689
0.00180386
0.00190667
0.00199117
0.00206459
0.00217847
0.00245848
0.00315843
0.00449156
0.00599356
0.0064382
0.00446186
0.00145741
7.31381e-05
0.000505458
0.000982419
0.00137865
0.00167654
0.00186035
0.00193908
0.00194858
0.00193388
0.00189303
0.00183781
0.00177739
0.00171285
0.00164432
0.001572
0.00149657
0.00141922
0.00134151
0.00126513
0.00119169
0.00112251
0.00105852
0.00100029
0.000948016
0.000901599
0.000860753
0.000825067
0.000794073
0.000767289
0.000744254
0.000724541
0.000707768
0.000693601
0.000681748
0.000671965
0.000664042
0.000657806
0.000653116
0.000649864
0.000647898
0.000647615
0.000648195
0.000649779
0.000652772
0.000656997
0.000662496
0.000669328
0.000677587
0.000687395
0.000698912
0.00071234
0.000727925
0.000745972
0.000766847
0.000790986
0.000818901
0.000851187
0.00088852
0.000931654
0.000981405
0.00103862
0.00110414
0.00117868
0.00126273
0.00135648
0.00145779
0.00156649
0.00167756
0.00178481
0.00188025
0.00195703
0.0020202
0.0021178
0.00236873
0.00302563
0.00434518
0.00593161
0.00660444
0.00475416
0.00155212
6.71332e-05
0.00046606
0.000902883
0.00128048
0.00158378
0.00179189
0.00190612
0.00194143
0.00193887
0.00191766
0.00187449
0.00182404
0.00176902
0.00171008
0.00164734
0.0015811
0.00151203
0.00144119
0.00136988
0.00129948
0.0012313
0.00116646
0.00110578
0.00104982
0.000998866
0.000952966
0.000912007
0.000875751
0.000843888
0.000816071
0.000791945
0.000771161
0.000753395
0.000738346
0.000725749
0.000715369
0.000707001
0.000700469
0.000695638
0.000692355
0.000690616
0.000690652
0.000691491
0.000693601
0.000697254
0.000702285
0.000708731
0.000716671
0.00072621
0.000737492
0.000750702
0.000766064
0.000783855
0.000804405
0.000828103
0.000855403
0.000886821
0.00092294
0.000964401
0.00101189
0.00106612
0.00112779
0.00119748
0.00127561
0.00136187
0.00145609
0.00155615
0.00165848
0.0017574
0.00184535
0.00191535
0.00197064
0.00205562
0.00228109
0.00289544
0.00418437
0.00583996
0.00674699
0.00505763
0.00164721
6.18864e-05
0.000431133
0.000828342
0.00118059
0.00147935
0.00170358
0.00184651
0.00191784
0.00193568
0.00193099
0.00190899
0.00187128
0.00182769
0.00177952
0.00172716
0.00167086
0.00161102
0.00154833
0.00148373
0.00141837
0.00135339
0.00128992
0.00122893
0.00117118
0.00111724
0.00106746
0.00102201
0.000980903
0.000944046
0.000911258
0.00088231
0.000856941
0.000834882
0.000815865
0.000799634
0.000785953
0.000774606
0.000765398
0.000758166
0.000752755
0.000749068
0.000746987
0.000746907
0.00074771
0.000749876
0.000753801
0.000759216
0.000766205
0.000774843
0.00078526
0.000797609
0.000812088
0.000828935
0.000848437
0.000870929
0.000896794
0.00092647
0.00096044
0.000999237
0.00104342
0.00109358
0.00115028
0.00121401
0.00128513
0.0013633
0.0014486
0.00153916
0.00163196
0.00172211
0.00180285
0.00186762
0.00191845
0.0019954
0.00220141
0.00277369
0.00401612
0.00571418
0.00685617
0.00536772
0.00174202
5.83708e-05
0.000404879
0.000763774
0.00108491
0.00136964
0.00160064
0.00176664
0.00186956
0.0019211
0.0019379
0.00193498
0.00191917
0.00189015
0.00185479
0.0018142
0.00176884
0.0017191
0.00166555
0.00160892
0.00155011
0.00149014
0.00143004
0.00137079
0.00131326
0.00125819
0.00120615
0.00115751
0.00111255
0.00107136
0.00103395
0.00100025
0.000970132
0.000943408
0.000919883
0.000899348
0.000881593
0.000866416
0.000853626
0.000843051
0.000834534
0.000827949
0.000823161
0.000820165
0.000818978
0.000819362
0.000820894
0.000824245
0.00082934
0.000836117
0.00084473
0.000855263
0.000867896
0.000882824
0.000900285
0.000920552
0.000943939
0.000970801
0.00100153
0.00103655
0.00107631
0.00112129
0.00117194
0.00122868
0.00129181
0.00136115
0.00143661
0.00151703
0.00159989
0.00168134
0.00175586
0.00181795
0.00186933
0.00194868
0.00214777
0.00267547
0.00385398
0.00557588
0.00693689
0.00567781
0.001836
5.74213e-05
0.000393174
0.000715968
0.00100162
0.00126403
0.00149234
0.0016739
0.00180452
0.00188926
0.00193662
0.00195945
0.00196424
0.00195708
0.00193921
0.00191252
0.0018796
0.00184112
0.0017977
0.00175004
0.00169896
0.00164535
0.00159017
0.00153437
0.00147884
0.0014244
0.00137173
0.00132139
0.00127379
0.00122923
0.00118789
0.00114984
0.00111508
0.00108356
0.00105517
0.00102977
0.00100721
0.000987338
0.000969981
0.00095499
0.000942219
0.000931542
0.00092284
0.000916025
0.000911062
0.000907856
0.000906485
0.000906886
0.000908509
0.000912145
0.000917817
0.000925321
0.000934948
0.000946805
0.000961081
0.00097799
0.000997776
0.00102072
0.00104712
0.00107731
0.00111165
0.00115053
0.0011943
0.00124335
0.00129793
0.00135854
0.00142415
0.00149404
0.00156741
0.00164207
0.00171437
0.00178064
0.00184276
0.00192883
0.00212662
0.00262805
0.00372665
0.00542772
0.00699133
0.00597355
0.00192902
6.06922e-05
0.000399365
0.000692647
0.000940815
0.00117493
0.00139247
0.00158173
0.00173462
0.00185002
0.00193277
0.00198537
0.00201734
0.00203357
0.00203494
0.00202793
0.00201085
0.00198516
0.00195306
0.00191535
0.00187287
0.00182651
0.00177718
0.00172584
0.00167338
0.00162065
0.00156841
0.00151731
0.0014679
0.0014206
0.00137573
0.00133352
0.00129409
0.0012575
0.00122376
0.00119284
0.00116464
0.00113909
0.00111607
0.00109548
0.0010772
0.00106113
0.00104718
0.00103525
0.0010253
0.00101727
0.00101112
0.00100694
0.00100435
0.00100437
0.00100554
0.0010086
0.00101425
0.00102197
0.00103207
0.00104466
0.00105994
0.00107812
0.00109943
0.00112414
0.00115255
0.00118495
0.00122169
0.00126312
0.00130957
0.0013613
0.00141902
0.00148267
0.00155139
0.00162356
0.00169646
0.00176724
0.00183777
0.00193355
0.00213703
0.00261774
0.00367121
0.00531335
0.00702303
0.00624454
0.0020222
7.01578e-05
0.000431287
0.000701314
0.00091419
0.00111759
0.00131957
0.00151044
0.00168027
0.00182445
0.00193954
0.00202438
0.00208776
0.00213186
0.00215851
0.00217155
0.0021709
0.00216248
0.00214349
0.00211618
0.00208238
0.00204308
0.0019993
0.00195204
0.00190226
0.00185086
0.00179869
0.00174648
0.00169488
0.00164443
0.00159558
0.00154868
0.00150397
0.00146164
0.0014218
0.00138451
0.00134979
0.00131762
0.00128796
0.00126077
0.00123597
0.0012135
0.0011933
0.0011753
0.00115946
0.00114572
0.00113405
0.00112448
0.00111685
0.00111148
0.00110796
0.00110708
0.00110797
0.00111072
0.00111629
0.00112425
0.00113483
0.00114821
0.00116456
0.00118412
0.00120716
0.00123398
0.00126493
0.00130042
0.00134092
0.00138692
0.00143902
0.00149775
0.00156346
0.00163613
0.00171568
0.00180231
0.00190158
0.00203258
0.00226043
0.00272357
0.00366881
0.0052664
0.00703977
0.00646641
0.00211716
8.80387e-05
0.000494006
0.000744192
0.000927348
0.00110758
0.0012952
0.00148589
0.00166883
0.00183253
0.00197154
0.0020926
0.00218972
0.00226446
0.00231853
0.00235408
0.00237289
0.00237723
0.00237125
0.00235508
0.00232841
0.00229427
0.00225395
0.00220866
0.00215951
0.00210756
0.00205373
0.0019989
0.00194382
0.00188913
0.00183538
0.00178304
0.00173245
0.00168389
0.00163757
0.00159363
0.00155217
0.00151324
0.00147687
0.00144305
0.00141177
0.00138298
0.00135666
0.00133275
0.00131126
0.00129208
0.00127524
0.00126069
0.00124841
0.00123848
0.00123074
0.00122552
0.00122244
0.00122264
0.00122432
0.0012284
0.00123576
0.00124606
0.00125951
0.00127636
0.00129694
0.00132163
0.0013509
0.00138532
0.00142562
0.00147261
0.00152736
0.00159097
0.00166499
0.00175059
0.00185026
0.0019656
0.00210497
0.00228167
0.00254796
0.00300223
0.00386851
0.00529246
0.00707794
0.00658214
0.00221904
0.000117071
0.000591343
0.000825308
0.000976779
0.00113542
0.00131487
0.0015052
0.00169481
0.00187522
0.00204478
0.00219587
0.00232231
0.00242441
0.00250275
0.00255872
0.00259435
0.00261171
0.00261252
0.00260432
0.00258401
0.00255258
0.00251351
0.00246827
0.00241818
0.00236445
0.00230817
0.0022503
0.00219169
0.00213308
0.00207509
0.00201824
0.00196297
0.0019096
0.0018584
0.00180958
0.00176327
0.00171958
0.00167858
0.00164029
0.00160471
0.00157185
0.0015417
0.00151428
0.00148954
0.00146742
0.00144797
0.00143112
0.00141695
0.00140527
0.00139635
0.00139033
0.00138667
0.00138698
0.00138911
0.00139417
0.00140323
0.00141589
0.00143252
0.00145348
0.00147926
0.00151038
0.00154758
0.0015916
0.00164357
0.00170445
0.00177608
0.00185956
0.00195792
0.00207194
0.00220699
0.00236264
0.00255136
0.00277541
0.00308361
0.00352613
0.00430832
0.00555858
0.00717588
0.00665063
0.00227153
0.000161398
0.00071156
0.000931278
0.00106078
0.00120488
0.00137919
0.00157183
0.00176993
0.00196475
0.00214885
0.00231518
0.00245863
0.0025775
0.00267153
0.00274169
0.00278969
0.00281764
0.00282658
0.00282269
0.00280895
0.00278183
0.00274594
0.00270306
0.00265474
0.00260235
0.00254709
0.00249002
0.00243202
0.00237391
0.00231634
0.00225989
0.00220499
0.00215208
0.0021014
0.00205322
0.00200769
0.00196498
0.00192516
0.00188828
0.00185431
0.00182356
0.00179595
0.00177165
0.00175025
0.0017322
0.00171728
0.00170517
0.00169664
0.00169072
0.00168963
0.00169118
0.00169558
0.00170463
0.001718
0.00173564
0.00175809
0.00178566
0.00181897
0.00185846
0.00190488
0.00195875
0.00202114
0.00209251
0.00217452
0.00226748
0.00237428
0.00249441
0.00263308
0.0027875
0.0029676
0.00316504
0.00340124
0.0036583
0.00399758
0.00440749
0.0051004
0.00608711
0.00735227
0.00667245
0.00229082
0.000215731
0.0008347
0.00103242
0.00116429
0.0013291
0.00152074
0.00172766
0.00193924
0.00214696
0.00234034
0.00251418
0.00266501
0.00279138
0.00289313
0.00297131
0.00302777
0.0030641
0.00308234
0.00308501
0.00307899
0.00306266
0.00303605
0.00300265
0.00296403
0.00292157
0.00287649
0.0028298
0.00278238
0.00273512
0.00268858
0.0026434
0.00259991
0.0025587
0.0025199
0.00248396
0.00245089
0.0024212
0.00239476
0.00237155
0.0023519
0.00233578
0.00232294
0.00231427
0.00230858
0.00230882
0.00231139
0.00231762
0.00232939
0.00234551
0.00236672
0.00239297
0.00242451
0.00246147
0.00250448
0.00255351
0.00260922
0.00267156
0.00274147
0.00281859
0.0029039
0.00299779
0.0031012
0.00321404
0.00333801
0.00347247
0.00362104
0.00378062
0.00395882
0.00414709
0.00436196
0.00458245
0.00484517
0.00510306
0.00544783
0.00578526
0.00636344
0.00697302
0.00762931
0.00657101
0.00222827
0.000259822
0.00091826
0.00118645
0.00143228
0.00170752
0.00199815
0.00228769
0.0025642
0.00281899
0.00304436
0.0032387
0.00340251
0.00353747
0.00364565
0.00372984
0.00379378
0.00383669
0.0038642
0.00387826
0.00388099
0.00387765
0.00386808
0.00385127
0.00383069
0.00380753
0.00378294
0.00375781
0.00373278
0.0037091
0.00368671
0.00366661
0.0036486
0.00363389
0.00362225
0.00361414
0.00360896
0.00360932
0.00361198
0.00361831
0.00362969
0.00364537
0.00366529
0.00368977
0.00371855
0.00375217
0.0037906
0.00383369
0.00388259
0.00393668
0.00399659
0.00406159
0.00413254
0.00420854
0.00429059
0.0043778
0.00447125
0.00457007
0.00467528
0.00478643
0.00490397
0.00502833
0.0051589
0.00529791
0.00544383
0.0056017
0.0057675
0.00594482
0.0061317
0.0063288
0.00654164
0.00675826
0.00700638
0.00723889
0.00754513
0.00776418
0.00814234
0.00814117
0.00782143
0.00614163
0.00203134
0.000290855
0.00114585
0.00182771
0.00258068
0.00329581
0.00397567
0.00459879
0.00514162
0.00559108
0.00594705
0.00621827
0.00641735
0.00655818
0.00665231
0.00671072
0.00674578
0.0067492
0.00674405
0.00673066
0.00670675
0.00667846
0.00664875
0.00661813
0.00658797
0.00655913
0.0065322
0.0065082
0.00648664
0.0064692
0.00645443
0.00644432
0.00643661
0.00643587
0.0064377
0.00644255
0.00645233
0.0064663
0.00648471
0.00650677
0.00653328
0.00656347
0.00659817
0.00663634
0.00667912
0.00672512
0.00677584
0.00682961
0.00688752
0.00694804
0.00701299
0.00708055
0.00715275
0.00722765
0.00730737
0.00739019
0.0074779
0.00756953
0.00766566
0.00776724
0.00787197
0.007985
0.0080978
0.00822486
0.00834458
0.00848902
0.00860618
0.00876415
0.00887268
0.00904384
0.00913755
0.00931343
0.00938723
0.00954353
0.00955794
0.00951841
0.00929449
0.00871661
0.00745652
0.00480256
0.00174665
0.000179053
0.000345195
0.000526366
0.000710862
0.000888873
0.00105559
0.00121084
0.00135494
0.00148696
0.00160611
0.00171161
0.00180377
0.00188248
0.00194941
0.00200411
0.00204993
0.0020851
0.00211092
0.00213071
0.00214231
0.00214975
0.00214953
0.00214719
0.00214158
0.00213232
0.00212043
0.00210691
0.00209158
0.0020755
0.00205831
0.00204097
0.00202307
0.00200546
0.00198808
0.00197102
0.00195439
0.0019385
0.00192329
0.00190903
0.00189555
0.00188322
0.00187172
0.00186154
0.0018522
0.00184435
0.00183728
0.00183189
0.00182717
0.00182425
0.00182186
0.00182144
0.00182192
0.00182349
0.00182587
0.00183095
0.00183513
0.00184373
0.00184979
0.00186209
0.00187009
0.00188627
0.00189617
0.00191623
0.00192808
0.0019521
0.00196788
0.00200014
0.00201957
0.00205841
0.00208263
0.0021248
0.00215398
0.0021959
0.00222929
0.00226163
0.00228129
0.00226979
0.00221393
0.00203464
0.00150009
)
;

boundaryField
{
    movingWall
    {
        type            kqRWallFunction;
        value           nonuniform List<scalar> 
80
(
0.000179053
0.000345195
0.000526366
0.000710862
0.000888873
0.00105559
0.00121084
0.00135494
0.00148696
0.00160611
0.00171161
0.00180377
0.00188248
0.00194941
0.00200411
0.00204993
0.0020851
0.00211092
0.00213071
0.00214231
0.00214975
0.00214953
0.00214719
0.00214158
0.00213232
0.00212043
0.00210691
0.00209158
0.0020755
0.00205831
0.00204097
0.00202307
0.00200546
0.00198808
0.00197102
0.00195439
0.0019385
0.00192329
0.00190903
0.00189555
0.00188322
0.00187172
0.00186154
0.0018522
0.00184435
0.00183728
0.00183189
0.00182717
0.00182425
0.00182186
0.00182144
0.00182192
0.00182349
0.00182587
0.00183095
0.00183513
0.00184373
0.00184979
0.00186209
0.00187009
0.00188627
0.00189617
0.00191623
0.00192808
0.0019521
0.00196788
0.00200014
0.00201957
0.00205841
0.00208263
0.0021248
0.00215398
0.0021959
0.00222929
0.00226163
0.00228129
0.00226979
0.00221393
0.00203464
0.00150009
)
;
    }
    fixedWalls
    {
        type            kqRWallFunction;
        value           nonuniform List<scalar> 
240
(
5.66675e-07
2.73792e-06
5.98719e-06
1.04017e-05
1.66965e-05
2.56837e-05
3.81525e-05
5.48318e-05
7.62265e-05
0.000102527
0.000134228
0.000172737
0.00021546
0.000261177
0.000308397
0.000355774
0.000402266
0.000446976
0.000488166
0.000524375
0.000554803
0.000579015
0.000596946
0.000608884
0.000614876
0.000614533
0.00061131
0.000604149
0.000592973
0.000578399
0.000561252
0.000542204
0.000521906
0.000500348
0.000478962
0.000455618
0.0004374
0.000421441
0.000406289
0.000391569
0.000377042
0.000362774
0.00034877
0.000335319
0.000322295
0.000309649
0.000297241
0.00028497
0.00027265
0.000260287
0.0002477
0.000234892
0.000221633
0.000208155
0.000194453
0.000181225
0.000168746
0.000156923
0.000145451
0.000134185
0.000122824
0.000111988
0.000102237
9.37399e-05
8.63052e-05
7.95385e-05
7.31381e-05
6.71332e-05
6.18864e-05
5.83708e-05
5.74213e-05
6.06922e-05
7.01578e-05
8.80387e-05
0.000117071
0.000161398
0.000215731
0.000259822
0.000290855
0.000179053
9.41949e-07
4.97991e-06
1.33362e-05
2.22567e-05
2.8463e-05
3.07875e-05
2.99178e-05
2.78189e-05
2.54217e-05
2.34066e-05
2.25944e-05
2.32958e-05
2.64715e-05
3.4323e-05
4.7196e-05
6.39167e-05
8.34367e-05
0.000104816
0.000127402
0.000150985
0.000175467
0.00020211
0.00023601
0.000281872
0.000339727
0.000407158
0.000477581
0.000535056
0.000561797
0.000566556
0.000555362
0.000535914
0.000512928
0.000489005
0.000465414
0.000442848
0.000422769
0.000405576
0.00039195
0.000382109
0.000376877
0.000374668
0.000374347
0.000378041
0.000384379
0.00039368
0.000405863
0.000421751
0.000440638
0.000463399
0.000489952
0.000520684
0.000555886
0.000595738
0.000640582
0.000690462
0.000745621
0.000806036
0.000871776
0.000942691
0.00101863
0.00109923
0.00118407
0.00127254
0.00136393
0.00145741
0.00155212
0.00164721
0.00174202
0.001836
0.00192902
0.0020222
0.00211716
0.00221904
0.00227153
0.00229082
0.00222827
0.00203134
0.00174665
0.00150009
5.66675e-07
2.91107e-06
7.08135e-06
1.14038e-05
1.46528e-05
1.64693e-05
1.7123e-05
1.71821e-05
1.72866e-05
1.79229e-05
1.94696e-05
2.24922e-05
2.72563e-05
3.38576e-05
4.1942e-05
5.10581e-05
6.07355e-05
7.07878e-05
8.07301e-05
9.03333e-05
0.000100004
0.00011058
0.000123179
0.000138428
0.000155639
0.000172933
0.000190134
0.000207213
0.000224712
0.000243095
0.000262093
0.000281092
0.00029978
0.000318241
0.000336918
0.000355935
0.000375667
0.000396237
0.000417886
0.000440673
0.000464764
0.000490344
0.000517552
0.000546707
0.000578086
0.000612812
0.000653007
0.000703216
0.000752392
0.000802909
0.000852063
0.000899785
0.000944406
0.000984754
0.00101931
0.00104609
0.00105938
0.00106459
0.00106118
0.00103989
0.00100297
0.000950709
0.000883634
0.000804628
0.000715013
0.000619568
0.000522827
0.000428425
0.000339795
0.00026136
0.000197274
0.000143505
0.000100083
6.69457e-05
4.30845e-05
2.68064e-05
1.61757e-05
9.31439e-06
4.41432e-06
9.41949e-07
)
;
    }
    frontAndBack
    {
        type            empty;
    }
}


// ************************************************************************* //
