/*--------------------------------*- C++ -*----------------------------------*\
  =========                 |
  \\      /  F ield         | OpenFOAM: The Open Source CFD Toolbox
   \\    /   O peration     | Website:  https://openfoam.org
    \\  /    A nd           | Version:  13
     \\/     M anipulation  |
\*---------------------------------------------------------------------------*/
FoamFile
{
    format      ascii;
    class       volScalarField;
    location    "0.4";
    object      epsilon;
}
// * * * * * * * * * * * * * * * * * * * * * * * * * * * * * * * * * * * * * //

dimensions      [0 2 -3 0 0 0 0];

internalField   nonuniform List<scalar> 
6400
(
0.000145018
0.000671872
0.00133409
0.00194824
0.00247603
0.00292143
0.00329515
0.00360728
0.00386643
0.00408001
0.00425452
0.00439577
0.00450898
0.00459884
0.00466953
0.00472472
0.0047676
0.00480086
0.00482675
0.0048471
0.00486337
0.00487672
0.00488803
0.00489794
0.00490697
0.00491546
0.00492367
0.00493179
0.00493994
0.00494822
0.00495668
0.00496537
0.00497432
0.00498356
0.00499309
0.00500294
0.00501311
0.0050236
0.00503441
0.00504555
0.00505701
0.00506879
0.00508086
0.0050932
0.00510577
0.00511849
0.00513129
0.00514461
0.00515862
0.00517279
0.00518704
0.00520127
0.00521532
0.00522899
0.00524198
0.00525391
0.00526426
0.00527235
0.00527714
0.00527806
0.00527347
0.00526168
0.00524077
0.00520846
0.00516207
0.00509857
0.00501456
0.00490626
0.00476951
0.00459976
0.00439204
0.00414092
0.00384041
0.0034838
0.00306362
0.00257177
0.00200117
0.00135361
0.000673315
0.00014483
0.000673558
0.000640324
0.000935101
0.00123756
0.00150017
0.00171953
0.00190033
0.0020482
0.00216828
0.00226503
0.00234231
0.00240346
0.0024514
0.00248864
0.00251732
0.00253927
0.00255602
0.0025688
0.00257863
0.00258629
0.00259239
0.00259741
0.00260168
0.00260546
0.00260893
0.00261222
0.00261541
0.00261857
0.00262173
0.00262493
0.00262817
0.00263147
0.00263484
0.00263827
0.00264177
0.00264534
0.00264897
0.00265267
0.00265643
0.00266024
0.0026641
0.00266801
0.00267195
0.00267592
0.0026799
0.00268388
0.00268791
0.00269213
0.00269654
0.00270097
0.00270538
0.00270972
0.00271395
0.002718
0.00272178
0.00272515
0.00272795
0.00272986
0.00273051
0.00272976
0.00272692
0.00272135
0.00271225
0.00269866
0.00267944
0.00265324
0.0026185
0.00257344
0.00251601
0.00244389
0.00235444
0.00224467
0.00211112
0.00194992
0.0017563
0.00152511
0.00125193
0.000940539
0.000640045
0.000670285
0.00134943
0.000940597
0.00109016
0.00129166
0.0014768
0.00163414
0.00176428
0.0018703
0.00195569
0.00202378
0.00207753
0.00211955
0.00215208
0.00217704
0.00219604
0.0022104
0.00222122
0.00222937
0.00223555
0.00224029
0.00224401
0.00224701
0.00224953
0.00225172
0.00225371
0.00225557
0.00225736
0.00225913
0.00226089
0.00226266
0.00226446
0.00226629
0.00226815
0.00227004
0.00227197
0.00227394
0.00227594
0.00227798
0.00228005
0.00228215
0.00228429
0.00228644
0.00228863
0.00229083
0.00229306
0.00229531
0.00229761
0.0023
0.00230244
0.00230489
0.00230733
0.00230974
0.00231208
0.00231431
0.00231638
0.0023182
0.00231968
0.00232054
0.00232067
0.00231986
0.00231774
0.00231387
0.00230772
0.00229866
0.00228589
0.00226849
0.00224537
0.00221525
0.0021766
0.00212771
0.00206657
0.00199087
0.00189792
0.00178457
0.00164783
0.00148495
0.0012956
0.00108981
0.000934614
0.00132911
0.00199088
0.00125088
0.00129582
0.00143359
0.0015728
0.00169598
0.00179973
0.001885
0.0019538
0.00200849
0.00205153
0.00208507
0.00211094
0.00213072
0.00214571
0.00215699
0.00216544
0.00217177
0.00217652
0.00218012
0.0021829
0.00218509
0.00218689
0.00218842
0.00218977
0.00219101
0.00219219
0.00219334
0.00219448
0.00219562
0.00219677
0.00219795
0.00219915
0.00220037
0.00220163
0.00220291
0.00220422
0.00220557
0.00220694
0.00220834
0.00220978
0.00221124
0.00221273
0.00221426
0.00221581
0.00221741
0.00221906
0.00222077
0.00222251
0.00222428
0.00222604
0.00222779
0.00222949
0.00223113
0.00223264
0.00223397
0.00223504
0.00223561
0.00223563
0.0022349
0.00223317
0.00223008
0.00222523
0.00221811
0.00220811
0.00219448
0.00217631
0.00215257
0.00212203
0.00208328
0.00203468
0.00197438
0.00190034
0.00181048
0.00170281
0.0015764
0.00143391
0.00129203
0.00123658
0.00193707
0.00255469
0.00152297
0.00148502
0.0015761
0.00168283
0.00178178
0.00186705
0.00193791
0.00199554
0.00204172
0.00207818
0.00210663
0.0021286
0.00214541
0.00215816
0.00216775
0.00217493
0.00218029
0.00218429
0.0021873
0.00218959
0.00219137
0.00219279
0.00219396
0.00219497
0.00219588
0.00219671
0.00219752
0.00219831
0.00219909
0.00219989
0.0022007
0.00220153
0.00220238
0.00220326
0.00220416
0.0022051
0.00220606
0.00220705
0.00220807
0.00220913
0.00221022
0.00221135
0.00221251
0.00221372
0.00221497
0.00221627
0.00221762
0.002219
0.0022204
0.00222182
0.00222324
0.00222462
0.00222595
0.00222719
0.00222828
0.00222914
0.00222958
0.00222955
0.0022289
0.00222738
0.00222474
0.00222062
0.00221459
0.00220615
0.00219467
0.00217941
0.00215949
0.00213388
0.00210138
0.00206064
0.00201018
0.00194843
0.0018739
0.00178558
0.00168392
0.00157375
0.00147774
0.0014982
0.0024572
0.00304018
0.00175306
0.00164754
0.00170244
0.00178444
0.0018651
0.00193652
0.00199684
0.00204639
0.00208633
0.00211801
0.00214283
0.00216204
0.00217676
0.00218794
0.00219637
0.00220269
0.0022074
0.00221092
0.00221355
0.00221553
0.00221704
0.00221822
0.00221917
0.00221996
0.00222064
0.00222126
0.00222184
0.0022224
0.00222296
0.00222352
0.00222409
0.00222469
0.0022253
0.00222594
0.00222661
0.0022273
0.00222803
0.00222879
0.00222959
0.00223043
0.0022313
0.00223221
0.00223317
0.00223417
0.00223521
0.0022363
0.00223744
0.00223861
0.0022398
0.00224102
0.00224224
0.00224344
0.0022446
0.00224568
0.00224663
0.00224738
0.00224774
0.00224771
0.00224711
0.00224577
0.00224344
0.00223982
0.00223455
0.00222718
0.00221718
0.0022039
0.00218659
0.00216436
0.00213621
0.00210099
0.00205751
0.00200456
0.00194116
0.00186699
0.00178351
0.00169738
0.00163492
0.00171604
0.00289409
0.00345499
0.00194561
0.00178379
0.0018099
0.00187262
0.0019391
0.00199979
0.00205193
0.00209523
0.00213039
0.00215844
0.0021805
0.00219766
0.00221085
0.00222091
0.00222852
0.00223423
0.00223851
0.00224169
0.00224406
0.00224583
0.00224717
0.00224818
0.00224898
0.00224962
0.00225015
0.00225061
0.00225104
0.00225144
0.00225183
0.00225223
0.00225264
0.00225306
0.0022535
0.00225397
0.00225446
0.00225499
0.00225554
0.00225613
0.00225676
0.00225743
0.00225814
0.00225889
0.00225969
0.00226054
0.00226144
0.00226238
0.00226336
0.00226439
0.00226545
0.00226654
0.00226763
0.00226871
0.00226976
0.00227073
0.0022716
0.00227227
0.0022726
0.00227257
0.00227203
0.00227081
0.00226871
0.00226546
0.00226074
0.00225416
0.00224523
0.0022334
0.002218
0.00219826
0.00217331
0.00214219
0.00210391
0.00205755
0.0020025
0.00193894
0.00186914
0.00180122
0.00176439
0.00189474
0.00325859
0.00380754
0.00210586
0.00189664
0.00189948
0.00194693
0.00200228
0.00205457
0.00210028
0.00213866
0.00217006
0.00219526
0.00221519
0.00223074
0.00224275
0.00225194
0.00225891
0.00226417
0.0022681
0.00227103
0.00227321
0.00227483
0.00227603
0.00227693
0.00227762
0.00227815
0.00227857
0.00227892
0.00227923
0.00227951
0.00227979
0.00228006
0.00228034
0.00228064
0.00228095
0.00228129
0.00228166
0.00228205
0.00228248
0.00228295
0.00228345
0.00228399
0.00228458
0.00228522
0.0022859
0.00228664
0.00228742
0.00228826
0.00228914
0.00229006
0.00229103
0.00229201
0.00229302
0.00229401
0.00229497
0.00229588
0.00229668
0.00229731
0.00229762
0.00229759
0.00229709
0.00229598
0.00229406
0.00229109
0.00228678
0.00228079
0.00227267
0.00226193
0.00224797
0.00223011
0.00220758
0.00217956
0.00214522
0.00210385
0.00205511
0.00199955
0.00194001
0.00188622
0.00186931
0.00204
0.00356075
0.0041055
0.00223867
0.00198924
0.00197322
0.00200847
0.00205503
0.00210068
0.00214132
0.00217582
0.00220424
0.00222719
0.00224541
0.00225969
0.00227076
0.00227926
0.00228573
0.00229061
0.00229428
0.00229701
0.00229904
0.00230054
0.00230164
0.00230246
0.00230306
0.00230351
0.00230385
0.00230412
0.00230434
0.00230453
0.00230472
0.0023049
0.00230508
0.00230528
0.0023055
0.00230574
0.00230601
0.00230631
0.00230664
0.002307
0.00230741
0.00230786
0.00230836
0.0023089
0.0023095
0.00231014
0.00231084
0.0023116
0.0023124
0.00231325
0.00231414
0.00231505
0.00231599
0.00231692
0.00231782
0.00231867
0.00231942
0.00232002
0.00232031
0.00232028
0.00231983
0.00231879
0.00231701
0.00231426
0.00231028
0.00230473
0.00229724
0.00228733
0.00227447
0.00225804
0.00223735
0.00221167
0.00218032
0.00214272
0.00209873
0.00204919
0.00199738
0.00195446
0.00195324
0.00215701
0.00380911
0.00435574
0.00234806
0.00206475
0.00203333
0.00205879
0.00209838
0.00213881
0.00217545
0.00220687
0.00223294
0.00225409
0.00227095
0.00228421
0.00229452
0.00230246
0.00230852
0.00231311
0.00231656
0.00231914
0.00232104
0.00232245
0.00232348
0.00232423
0.00232477
0.00232516
0.00232543
0.00232564
0.00232579
0.00232592
0.00232603
0.00232614
0.00232626
0.00232638
0.00232653
0.00232669
0.00232688
0.0023271
0.00232735
0.00232765
0.00232798
0.00232835
0.00232878
0.00232925
0.00232978
0.00233036
0.002331
0.00233169
0.00233243
0.00233322
0.00233405
0.00233491
0.00233579
0.00233667
0.00233753
0.00233834
0.00233906
0.00233963
0.00233991
0.00233989
0.00233946
0.0023385
0.00233683
0.00233425
0.00233051
0.00232531
0.00231829
0.00230902
0.00229699
0.00228165
0.00226235
0.00223844
0.00220932
0.00217454
0.00213411
0.00208909
0.00204316
0.00200823
0.00201959
0.00225029
0.00401101
0.00456439
0.00243759
0.00212593
0.00208192
0.00209953
0.0021336
0.00216991
0.0022034
0.0022324
0.00225661
0.00227633
0.0022921
0.00230455
0.00231425
0.00232174
0.00232747
0.00233181
0.00233509
0.00233753
0.00233934
0.00234068
0.00234165
0.00234234
0.00234284
0.00234318
0.00234341
0.00234357
0.00234367
0.00234374
0.00234381
0.00234387
0.00234393
0.002344
0.00234408
0.00234419
0.00234432
0.00234448
0.00234467
0.00234491
0.00234518
0.0023455
0.00234587
0.00234629
0.00234676
0.0023473
0.00234788
0.00234853
0.00234922
0.00234997
0.00235076
0.00235159
0.00235243
0.00235327
0.0023541
0.00235487
0.00235557
0.00235612
0.00235641
0.0023564
0.00235599
0.00235508
0.0023535
0.00235105
0.00234751
0.00234258
0.00233592
0.00232713
0.00231573
0.00230119
0.00228293
0.00226034
0.00223287
0.00220017
0.00216235
0.00212066
0.00207911
0.00205017
0.00207136
0.00232373
0.00417293
0.00473699
0.00251034
0.00217514
0.00212088
0.00213222
0.00216194
0.00219501
0.00222605
0.00225314
0.00227588
0.00229447
0.00230939
0.00232118
0.00233039
0.00233751
0.00234297
0.00234712
0.00235025
0.00235259
0.00235432
0.0023556
0.00235652
0.00235718
0.00235764
0.00235795
0.00235815
0.00235827
0.00235833
0.00235837
0.0023584
0.00235842
0.00235844
0.00235847
0.00235851
0.00235857
0.00235866
0.00235877
0.00235892
0.00235911
0.00235934
0.00235962
0.00235995
0.00236033
0.00236077
0.00236127
0.00236182
0.00236243
0.0023631
0.00236382
0.00236458
0.00236538
0.0023662
0.00236702
0.00236782
0.00236858
0.00236926
0.00236981
0.00237011
0.0023701
0.00236973
0.00236886
0.00236735
0.00236501
0.00236162
0.00235689
0.00235051
0.00234207
0.00233114
0.0023172
0.00229969
0.00227805
0.00225177
0.00222056
0.00218462
0.00214534
0.00210698
0.0020825
0.00211123
0.00238073
0.00430065
0.00487854
0.00256899
0.00221444
0.0021519
0.00215826
0.00218455
0.00221511
0.00224422
0.00226984
0.00229143
0.00230913
0.00232336
0.00233464
0.00234346
0.00235028
0.00235552
0.00235951
0.00236252
0.00236478
0.00236645
0.00236768
0.00236857
0.0023692
0.00236964
0.00236993
0.00237011
0.00237019
0.00237022
0.00237024
0.00237024
0.00237025
0.00237025
0.00237025
0.00237025
0.00237028
0.00237033
0.00237042
0.00237054
0.00237069
0.0023709
0.00237115
0.00237145
0.00237181
0.00237222
0.0023727
0.00237323
0.00237383
0.00237448
0.00237518
0.00237593
0.00237672
0.00237753
0.00237834
0.00237914
0.00237989
0.00238057
0.00238112
0.00238143
0.00238144
0.0023811
0.00238028
0.00237883
0.00237657
0.00237329
0.00236872
0.00236254
0.00235437
0.00234377
0.00233025
0.00231327
0.00229229
0.00226685
0.00223667
0.00220203
0.00216444
0.00212835
0.00210709
0.00214148
0.00242424
0.00439938
0.0049936
0.00261592
0.0022456
0.00217641
0.00217886
0.00220248
0.00223109
0.00225871
0.00228318
0.00230388
0.00232089
0.00233459
0.00234545
0.00235396
0.00236055
0.00236562
0.00236947
0.00237239
0.00237458
0.0023762
0.00237739
0.00237826
0.00237887
0.00237929
0.00237957
0.00237973
0.0023798
0.00237981
0.0023798
0.00237979
0.00237978
0.00237977
0.00237977
0.00237976
0.00237977
0.0023798
0.00237986
0.00237996
0.0023801
0.00238029
0.00238053
0.00238081
0.00238116
0.00238157
0.00238203
0.00238256
0.00238315
0.0023838
0.0023845
0.00238525
0.00238604
0.00238686
0.00238767
0.00238848
0.00238924
0.00238993
0.0023905
0.00239083
0.00239087
0.00239056
0.00238978
0.00238839
0.00238621
0.00238302
0.00237856
0.00237252
0.00236453
0.00235416
0.00234093
0.0023243
0.00230377
0.00227886
0.00224937
0.00221559
0.00217911
0.00214457
0.00212558
0.00216408
0.00245681
0.00447382
0.00508633
0.00265317
0.00227014
0.00219566
0.00219505
0.00221661
0.00224371
0.00227021
0.00229379
0.00231381
0.00233028
0.00234357
0.00235411
0.00236237
0.00236878
0.0023737
0.00237746
0.0023803
0.00238243
0.00238402
0.00238518
0.00238603
0.00238663
0.00238704
0.00238731
0.00238746
0.00238752
0.00238752
0.00238751
0.00238749
0.00238747
0.00238745
0.00238745
0.00238744
0.00238744
0.00238746
0.00238752
0.00238761
0.00238775
0.00238793
0.00238817
0.00238846
0.0023888
0.00238921
0.00238968
0.00239022
0.00239082
0.00239148
0.0023922
0.00239297
0.00239377
0.0023946
0.00239544
0.00239627
0.00239705
0.00239777
0.00239836
0.00239874
0.00239881
0.00239855
0.00239781
0.00239647
0.00239435
0.00239123
0.00238686
0.00238093
0.00237306
0.00236283
0.00234977
0.00233336
0.00231309
0.0022885
0.0022594
0.00222614
0.00219035
0.00215678
0.00213929
0.00218065
0.00248061
0.00452814
0.00516042
0.00268254
0.00228935
0.00221067
0.00220771
0.0022277
0.00225366
0.00227929
0.00230221
0.0023217
0.00233776
0.00235073
0.00236102
0.00236909
0.00237535
0.00238017
0.00238385
0.00238663
0.00238872
0.00239028
0.00239143
0.00239226
0.00239285
0.00239326
0.00239353
0.00239368
0.00239374
0.00239375
0.00239373
0.00239371
0.00239369
0.00239368
0.00239367
0.00239367
0.00239367
0.0023937
0.00239376
0.00239386
0.002394
0.00239419
0.00239444
0.00239474
0.0023951
0.00239552
0.00239602
0.00239657
0.0023972
0.00239788
0.00239863
0.00239943
0.00240027
0.00240114
0.00240201
0.00240288
0.0024037
0.00240445
0.00240509
0.00240553
0.00240565
0.00240543
0.00240475
0.00240347
0.0024014
0.00239834
0.00239404
0.00238817
0.00238037
0.00237023
0.00235726
0.00234095
0.00232079
0.00229635
0.00226743
0.00223441
0.00219896
0.00216593
0.00214934
0.00219255
0.00249751
0.00456603
0.00521919
0.00270556
0.00230431
0.00222235
0.00221759
0.00223637
0.00226147
0.00228645
0.00230887
0.00232796
0.00234372
0.00235644
0.00236655
0.00237448
0.00238063
0.00238536
0.00238897
0.00239171
0.00239377
0.00239531
0.00239645
0.00239727
0.00239787
0.00239828
0.00239855
0.00239871
0.00239878
0.0023988
0.00239879
0.00239878
0.00239877
0.00239876
0.00239875
0.00239875
0.00239877
0.00239881
0.00239889
0.002399
0.00239916
0.00239937
0.00239964
0.00239997
0.00240036
0.00240081
0.00240134
0.00240193
0.00240259
0.00240332
0.00240411
0.00240496
0.00240585
0.00240677
0.0024077
0.00240862
0.0024095
0.00241031
0.00241101
0.00241152
0.00241171
0.00241155
0.00241093
0.00240971
0.0024077
0.00240469
0.00240043
0.00239461
0.00238685
0.00237673
0.00236378
0.00234748
0.00232733
0.00230289
0.00227398
0.00224099
0.00220562
0.00217279
0.00215662
0.00220089
0.00250903
0.00459072
0.00526554
0.00272356
0.00231593
0.00223142
0.00222528
0.00224315
0.00226761
0.00229211
0.00231415
0.00233296
0.00234849
0.00236103
0.00237099
0.00237881
0.00238487
0.00238955
0.00239311
0.00239582
0.00239786
0.00239939
0.00240052
0.00240134
0.00240194
0.00240235
0.00240263
0.00240281
0.0024029
0.00240293
0.00240295
0.00240295
0.00240295
0.00240294
0.00240294
0.00240296
0.002403
0.00240306
0.00240316
0.00240331
0.0024035
0.00240374
0.00240404
0.0024044
0.00240483
0.00240533
0.0024059
0.00240654
0.00240726
0.00240804
0.00240889
0.0024098
0.00241076
0.00241175
0.00241276
0.00241376
0.00241472
0.00241561
0.00241639
0.00241699
0.00241727
0.00241719
0.00241665
0.00241549
0.00241354
0.00241059
0.00240637
0.00240056
0.00239281
0.00238268
0.00236969
0.00235333
0.00233309
0.00230855
0.00227951
0.00224638
0.00221087
0.00217796
0.00216184
0.00220653
0.00251633
0.00460429
0.00530199
0.00273763
0.00232497
0.00223848
0.00223128
0.00224847
0.00227245
0.00229659
0.00231836
0.00233695
0.00235231
0.00236472
0.00237458
0.00238232
0.00238833
0.00239295
0.00239649
0.00239917
0.0024012
0.00240272
0.00240385
0.00240468
0.00240528
0.0024057
0.002406
0.00240618
0.0024063
0.00240636
0.0024064
0.00240642
0.00240643
0.00240644
0.00240646
0.0024065
0.00240657
0.00240667
0.0024068
0.00240698
0.0024072
0.00240749
0.00240783
0.00240824
0.00240872
0.00240928
0.00240991
0.00241062
0.0024114
0.00241226
0.00241319
0.00241419
0.00241523
0.00241632
0.00241742
0.00241852
0.00241959
0.00242058
0.00242146
0.00242217
0.00242257
0.00242259
0.00242213
0.00242106
0.00241919
0.00241629
0.0024121
0.00240631
0.00239854
0.00238836
0.00237528
0.0023588
0.0023384
0.00231366
0.00228438
0.00225097
0.00221516
0.00218195
0.00216559
0.00221019
0.0025204
0.00460897
0.00533067
0.0027487
0.00233205
0.00224401
0.00223599
0.00225267
0.00227629
0.00230017
0.00232174
0.00234018
0.00235542
0.00236774
0.00237752
0.0023852
0.00239117
0.00239576
0.00239928
0.00240195
0.00240397
0.00240549
0.00240662
0.00240746
0.00240807
0.0024085
0.00240881
0.00240902
0.00240915
0.00240924
0.0024093
0.00240935
0.00240938
0.00240942
0.00240947
0.00240954
0.00240964
0.00240978
0.00240995
0.00241018
0.00241045
0.00241079
0.00241119
0.00241166
0.0024122
0.00241283
0.00241353
0.00241432
0.00241519
0.00241615
0.00241718
0.00241827
0.00241943
0.00242063
0.00242186
0.00242309
0.00242428
0.00242541
0.00242642
0.00242726
0.00242781
0.00242795
0.00242761
0.00242665
0.00242486
0.00242203
0.00241788
0.00241209
0.00240429
0.00239403
0.00238083
0.00236418
0.00234355
0.00231852
0.0022889
0.0022551
0.00221885
0.00218514
0.00216831
0.00221245
0.00252215
0.00460775
0.0053534
0.00275751
0.00233767
0.00224838
0.00223973
0.00225601
0.00227937
0.00230306
0.00232449
0.00234282
0.00235797
0.00237022
0.00237996
0.0023876
0.00239354
0.00239811
0.00240161
0.00240428
0.0024063
0.00240782
0.00240896
0.00240981
0.00241043
0.00241089
0.00241121
0.00241144
0.0024116
0.00241172
0.0024118
0.00241188
0.00241194
0.00241201
0.0024121
0.00241221
0.00241235
0.00241253
0.00241276
0.00241303
0.00241336
0.00241376
0.00241423
0.00241477
0.0024154
0.0024161
0.0024169
0.00241779
0.00241876
0.00241983
0.00242098
0.00242221
0.0024235
0.00242485
0.00242622
0.00242761
0.00242896
0.00243026
0.00243143
0.00243244
0.00243317
0.00243348
0.00243329
0.00243245
0.00243077
0.00242802
0.00242392
0.00241814
0.00241029
0.00239994
0.00238658
0.00236971
0.00234879
0.00232339
0.00229334
0.00225904
0.00222222
0.00218786
0.00217038
0.00221374
0.00252231
0.00460096
0.00537163
0.00276467
0.00234222
0.00225191
0.00224275
0.00225872
0.00228187
0.00230542
0.00232675
0.002345
0.0023601
0.00237231
0.00238201
0.00238963
0.00239555
0.00240011
0.00240361
0.00240628
0.0024083
0.00240983
0.00241098
0.00241184
0.00241248
0.00241296
0.00241331
0.00241356
0.00241375
0.00241389
0.00241401
0.00241411
0.00241421
0.00241432
0.00241445
0.0024146
0.00241479
0.00241502
0.00241531
0.00241564
0.00241604
0.00241651
0.00241706
0.00241769
0.0024184
0.00241921
0.00242012
0.00242112
0.00242222
0.00242342
0.00242472
0.0024261
0.00242756
0.00242908
0.00243064
0.00243222
0.00243378
0.00243527
0.00243666
0.00243787
0.00243883
0.00243934
0.00243933
0.00243866
0.00243712
0.00243447
0.00243043
0.00242467
0.00241677
0.00240631
0.00239277
0.00237562
0.00235435
0.00232853
0.00229796
0.00226305
0.00222554
0.00219038
0.00217206
0.00221434
0.00252111
0.00458981
0.00538656
0.00277065
0.002346
0.00225484
0.00224525
0.00226097
0.00228396
0.0023074
0.00232866
0.00234686
0.00236192
0.00237409
0.00238378
0.00239138
0.00239729
0.00240185
0.00240535
0.00240802
0.00241006
0.0024116
0.00241276
0.00241364
0.0024143
0.00241479
0.00241517
0.00241545
0.00241566
0.00241584
0.00241599
0.00241613
0.00241627
0.00241642
0.00241659
0.0024168
0.00241704
0.00241733
0.00241768
0.00241809
0.00241856
0.00241912
0.00241975
0.00242048
0.0024213
0.00242223
0.00242326
0.0024244
0.00242565
0.00242701
0.00242848
0.00243005
0.00243171
0.00243344
0.00243523
0.00243704
0.00243884
0.0024406
0.00244224
0.00244371
0.00244492
0.00244572
0.00244593
0.00244547
0.00244411
0.00244161
0.00243766
0.00243192
0.00242398
0.00241339
0.00239963
0.00238218
0.0023605
0.00233416
0.00230297
0.00226735
0.00222901
0.00219291
0.00217357
0.00221453
0.00251895
0.00457508
0.00539914
0.00277581
0.00234926
0.00225735
0.00224738
0.00226288
0.00228574
0.0023091
0.0023303
0.00234846
0.00236349
0.00237565
0.00238533
0.00239293
0.00239884
0.0024034
0.00240691
0.00240959
0.00241163
0.00241318
0.00241436
0.00241526
0.00241594
0.00241646
0.00241686
0.00241717
0.00241741
0.00241762
0.00241781
0.00241799
0.00241817
0.00241837
0.00241859
0.00241885
0.00241916
0.00241951
0.00241993
0.00242042
0.00242098
0.00242163
0.00242237
0.00242321
0.00242416
0.00242522
0.0024264
0.0024277
0.00242912
0.00243067
0.00243235
0.00243414
0.00243603
0.00243802
0.00244008
0.00244218
0.00244429
0.00244635
0.00244831
0.0024501
0.00245164
0.00245277
0.00245329
0.0024531
0.00245198
0.00244966
0.00244583
0.00244014
0.00243217
0.00242144
0.00240744
0.00238963
0.00236747
0.00234053
0.00230863
0.00227216
0.00223286
0.00219567
0.00217514
0.00221454
0.00251611
0.00455736
0.0054101
0.00278044
0.00235218
0.00225957
0.00224926
0.00226457
0.00228731
0.0023106
0.00233175
0.00234988
0.0023649
0.00237705
0.00238672
0.00239432
0.00240024
0.00240481
0.00240832
0.00241101
0.00241307
0.00241464
0.00241583
0.00241675
0.00241745
0.002418
0.00241842
0.00241876
0.00241904
0.00241928
0.00241951
0.00241973
0.00241996
0.00242021
0.00242049
0.00242081
0.00242118
0.00242161
0.00242211
0.00242269
0.00242335
0.00242411
0.00242496
0.00242593
0.00242702
0.00242823
0.00242958
0.00243107
0.0024327
0.00243447
0.00243638
0.00243844
0.00244062
0.00244291
0.0024453
0.00244774
0.00245022
0.00245266
0.00245503
0.00245722
0.00245916
0.0024607
0.00246163
0.00246177
0.00246096
0.00245889
0.00245524
0.00244964
0.00244165
0.00243078
0.00241651
0.00239829
0.00237558
0.00234794
0.00231518
0.00227773
0.0022373
0.00219882
0.00217692
0.0022145
0.00251276
0.00453706
0.00541999
0.00278476
0.00235489
0.00226162
0.00225098
0.0022661
0.00228873
0.00231195
0.00233307
0.00235118
0.00236619
0.00237833
0.00238801
0.00239561
0.00240153
0.00240611
0.00240963
0.00241234
0.00241441
0.00241599
0.00241721
0.00241815
0.00241888
0.00241944
0.0024199
0.00242027
0.00242058
0.00242086
0.00242113
0.00242139
0.00242167
0.00242197
0.00242231
0.0024227
0.00242315
0.00242366
0.00242425
0.00242493
0.0024257
0.00242657
0.00242756
0.00242867
0.00242992
0.00243131
0.00243286
0.00243456
0.00243642
0.00243845
0.00244065
0.00244301
0.00244553
0.00244819
0.00245097
0.00245384
0.00245676
0.00245968
0.00246254
0.00246523
0.00246768
0.00246973
0.00247118
0.00247177
0.00247136
0.00246963
0.00246624
0.00246077
0.00245279
0.00244179
0.00242722
0.00240853
0.00238517
0.0023567
0.00232295
0.00228433
0.00224257
0.00220258
0.00217908
0.00221455
0.00250907
0.00451448
0.00542926
0.00278891
0.00235749
0.00226357
0.0022526
0.00226753
0.00229006
0.00231322
0.0023343
0.00235239
0.00236739
0.00237954
0.00238921
0.00239682
0.00240275
0.00240734
0.00241088
0.0024136
0.00241568
0.00241729
0.00241852
0.00241948
0.00242023
0.00242083
0.00242131
0.00242171
0.00242206
0.00242238
0.00242268
0.002423
0.00242333
0.00242369
0.0024241
0.00242456
0.00242508
0.00242568
0.00242637
0.00242716
0.00242805
0.00242905
0.00243019
0.00243147
0.0024329
0.00243449
0.00243625
0.0024382
0.00244034
0.00244267
0.0024452
0.00244793
0.00245085
0.00245395
0.0024572
0.00246059
0.00246406
0.00246756
0.00247102
0.00247435
0.00247744
0.00248013
0.00248224
0.00248344
0.00248355
0.00248228
0.00247924
0.00247399
0.00246607
0.00245494
0.00244005
0.00242082
0.00239669
0.00236724
0.0023323
0.00229228
0.00224894
0.00220717
0.0021818
0.00221485
0.00250516
0.00448983
0.00543821
0.00279301
0.00236005
0.00226548
0.00225418
0.00226892
0.00229134
0.00231443
0.00233547
0.00235355
0.00236854
0.00238069
0.00239037
0.00239798
0.00240392
0.00240853
0.00241208
0.00241481
0.00241691
0.00241853
0.00241979
0.00242077
0.00242154
0.00242216
0.00242268
0.00242311
0.00242349
0.00242385
0.0024242
0.00242457
0.00242495
0.00242538
0.00242585
0.00242639
0.002427
0.0024277
0.0024285
0.0024294
0.00243042
0.00243158
0.00243288
0.00243434
0.00243597
0.00243779
0.00243981
0.00244204
0.00244449
0.00244717
0.00245009
0.00245325
0.00245665
0.00246027
0.0024641
0.00246811
0.00247225
0.00247647
0.00248069
0.00248482
0.00248872
0.00249223
0.00249516
0.0024972
0.002498
0.00249735
0.0024948
0.00248988
0.00248209
0.00247087
0.00245562
0.00243576
0.00241073
0.0023801
0.00234371
0.00230201
0.00225676
0.00221287
0.00218529
0.00221556
0.00250116
0.00446332
0.00544707
0.00279715
0.00236264
0.00226739
0.00225574
0.00227029
0.00229259
0.00231562
0.00233662
0.00235468
0.00236966
0.00238181
0.00239149
0.00239912
0.00240507
0.00240968
0.00241325
0.00241599
0.00241811
0.00241975
0.00242103
0.00242203
0.00242283
0.00242347
0.00242401
0.00242448
0.0024249
0.0024253
0.0024257
0.00242611
0.00242656
0.00242705
0.0024276
0.00242822
0.00242892
0.00242972
0.00243063
0.00243166
0.00243283
0.00243415
0.00243563
0.0024373
0.00243916
0.00244123
0.00244354
0.00244609
0.00244891
0.002452
0.00245538
0.00245904
0.00246301
0.00246725
0.00247177
0.00247654
0.00248151
0.00248662
0.00249179
0.00249692
0.00250186
0.00250643
0.00251042
0.00251354
0.00251531
0.00251549
0.00251364
0.00250922
0.00250168
0.0024904
0.00247478
0.00245419
0.00242806
0.00239599
0.00235783
0.00231406
0.00226648
0.00222002
0.00218983
0.00221686
0.00249722
0.00443512
0.005456
0.00280139
0.00236529
0.00226934
0.00225733
0.00227167
0.00229385
0.0023168
0.00233777
0.0023558
0.00237078
0.00238292
0.00239261
0.00240024
0.0024062
0.00241083
0.00241441
0.00241717
0.0024193
0.00242096
0.00242225
0.00242328
0.0024241
0.00242477
0.00242534
0.00242583
0.00242629
0.00242673
0.00242718
0.00242765
0.00242815
0.00242871
0.00242934
0.00243005
0.00243085
0.00243176
0.00243279
0.00243397
0.00243529
0.00243679
0.00243847
0.00244036
0.00244248
0.00244484
0.00244748
0.0024504
0.00245363
0.0024572
0.0024611
0.00246537
0.00247
0.002475
0.00248036
0.00248605
0.00249203
0.00249825
0.00250462
0.00251102
0.00251729
0.00252325
0.00252864
0.00253313
0.00253629
0.00253759
0.00253673
0.00253306
0.00252594
0.00251471
0.00249869
0.00247723
0.00244978
0.00241591
0.00237553
0.00232918
0.0022787
0.00222909
0.00219575
0.002219
0.00249349
0.00440547
0.00546514
0.00280578
0.00236803
0.00227134
0.00225896
0.00227308
0.00229513
0.002318
0.00233893
0.00235694
0.0023719
0.00238404
0.00239373
0.00240137
0.00240734
0.00241198
0.00241556
0.00241834
0.00242049
0.00242216
0.00242347
0.00242451
0.00242536
0.00242605
0.00242665
0.00242718
0.00242767
0.00242816
0.00242865
0.00242917
0.00242974
0.00243037
0.00243108
0.00243188
0.00243279
0.00243382
0.00243498
0.00243631
0.0024378
0.00243949
0.0024414
0.00244354
0.00244594
0.00244863
0.00245163
0.00245498
0.00245869
0.0024628
0.00246733
0.0024723
0.00247773
0.00248363
0.00248999
0.00249681
0.00250405
0.00251165
0.00251953
0.00252756
0.00253557
0.00254333
0.00255057
0.00255693
0.00256194
0.0025649
0.00256542
0.00256286
0.00255644
0.0025454
0.002529
0.00250653
0.00247742
0.00244128
0.00239806
0.0023484
0.00229426
0.0022407
0.00220352
0.00222228
0.0024902
0.00437471
0.00547456
0.00281034
0.00237088
0.00227342
0.00226064
0.00227453
0.00229644
0.00231924
0.00234011
0.00235809
0.00237304
0.00238518
0.00239487
0.00240251
0.00240849
0.00241313
0.00241673
0.00241952
0.00242168
0.00242337
0.00242469
0.00242575
0.00242661
0.00242733
0.00242796
0.00242852
0.00242905
0.00242958
0.00243012
0.0024307
0.00243133
0.00243203
0.00243283
0.00243372
0.00243474
0.00243589
0.0024372
0.00243869
0.00244037
0.00244227
0.00244441
0.00244683
0.00244955
0.00245261
0.00245603
0.00245985
0.00246411
0.00246885
0.0024741
0.00247991
0.00248628
0.00249326
0.00250085
0.00250906
0.00251785
0.00252718
0.00253698
0.0025471
0.00255737
0.00256754
0.00257727
0.00258615
0.00259366
0.00259909
0.00260157
0.00260069
0.00259541
0.00258483
0.0025681
0.00254443
0.00251323
0.00247414
0.00242723
0.00237325
0.00231434
0.00225574
0.00221376
0.00222714
0.0024876
0.00434335
0.00548434
0.0028151
0.00237385
0.0022756
0.0022624
0.00227604
0.0022978
0.00232051
0.00234133
0.00235928
0.00237421
0.00238634
0.00239603
0.00240368
0.00240966
0.00241431
0.00241791
0.00242071
0.00242288
0.00242458
0.00242592
0.002427
0.00242788
0.00242862
0.00242927
0.00242986
0.00243043
0.00243099
0.00243158
0.00243222
0.00243292
0.00243369
0.00243457
0.00243557
0.0024367
0.00243798
0.00243944
0.0024411
0.00244298
0.00244511
0.00244752
0.00245024
0.00245332
0.00245677
0.00246066
0.00246503
0.00246992
0.00247539
0.00248149
0.00248826
0.00249577
0.00250405
0.00251313
0.00252303
0.00253377
0.00254529
0.00255753
0.00257037
0.00258362
0.00259699
0.00261011
0.00262248
0.00263349
0.00264237
0.00264794
0.00264948
0.00264608
0.00263644
0.00261954
0.00259447
0.00256059
0.0025176
0.00246572
0.00240595
0.00234071
0.00227551
0.0022274
0.00223419
0.00248632
0.00431214
0.00549453
0.00282008
0.00237697
0.00227787
0.00226423
0.00227761
0.00229922
0.00232183
0.00234259
0.0023605
0.00237542
0.00238754
0.00239722
0.00240487
0.00241085
0.00241551
0.00241912
0.00242192
0.0024241
0.00242581
0.00242716
0.00242825
0.00242915
0.00242991
0.00243058
0.0024312
0.0024318
0.00243241
0.00243304
0.00243373
0.0024345
0.00243535
0.00243632
0.00243742
0.00243867
0.00244009
0.00244171
0.00244355
0.00244564
0.00244802
0.00245072
0.00245377
0.00245723
0.00246114
0.00246555
0.00247053
0.00247614
0.00248245
0.00248953
0.00249746
0.0025063
0.00251614
0.00252704
0.00253905
0.00255221
0.00256651
0.0025819
0.00259829
0.00261548
0.00263317
0.00265094
0.0026682
0.0026842
0.00269798
0.00270838
0.00271362
0.00271323
0.00270538
0.00268868
0.00266202
0.00262467
0.00257641
0.0025177
0.00244994
0.00237603
0.00230196
0.0022457
0.00224431
0.00248678
0.00428216
0.00550516
0.00282531
0.00238024
0.00228026
0.00226615
0.00227926
0.0023007
0.0023232
0.0023439
0.00236178
0.00237667
0.00238877
0.00239845
0.00240609
0.00241208
0.00241673
0.00242035
0.00242315
0.00242534
0.00242705
0.00242842
0.00242951
0.00243042
0.0024312
0.00243189
0.00243254
0.00243317
0.00243382
0.0024345
0.00243525
0.00243607
0.002437
0.00243806
0.00243926
0.00244064
0.0024422
0.00244399
0.00244602
0.00244834
0.00245098
0.00245399
0.0024574
0.00246128
0.00246569
0.0024707
0.00247637
0.0024828
0.00249008
0.0024983
0.00250758
0.00251802
0.00252974
0.00254286
0.00255748
0.00257368
0.00259151
0.00261099
0.00263205
0.00265451
0.00267808
0.00270229
0.00272647
0.00274968
0.00277072
0.00278814
0.00279979
0.00280399
0.00279945
0.00278377
0.00275546
0.00271359
0.00265805
0.00258971
0.00251062
0.0024245
0.00233824
0.00227038
0.00225891
0.00248997
0.00425523
0.00551627
0.00283079
0.00238368
0.00228277
0.00226817
0.00228098
0.00230225
0.00232464
0.00234527
0.00236311
0.00237797
0.00239006
0.00239973
0.00240736
0.00241334
0.002418
0.00242161
0.00242442
0.0024266
0.00242832
0.00242968
0.00243079
0.00243171
0.0024325
0.00243321
0.00243388
0.00243454
0.00243522
0.00243595
0.00243674
0.00243764
0.00243864
0.00243979
0.0024411
0.00244259
0.0024443
0.00244626
0.0024485
0.00245106
0.00245398
0.00245732
0.00246113
0.00246547
0.00247043
0.00247609
0.00248255
0.0024899
0.00249829
0.00250784
0.00251871
0.00253106
0.00254506
0.00256089
0.00257874
0.00259878
0.00262114
0.00264594
0.00267317
0.00270274
0.00273438
0.0027676
0.00280164
0.00283537
0.00286728
0.00289541
0.0029174
0.00292944
0.0029307
0.00291772
0.00288805
0.00284036
0.00277463
0.00269235
0.00259668
0.00249276
0.00238899
0.00230458
0.00227997
0.00249751
0.00423456
0.00552791
0.00283654
0.00238729
0.0022854
0.00227029
0.0022828
0.00230388
0.00232616
0.00234671
0.0023645
0.00237933
0.0023914
0.00240105
0.00240868
0.00241465
0.00241929
0.0024229
0.00242571
0.00242789
0.0024296
0.00243097
0.00243208
0.002433
0.0024338
0.00243453
0.00243521
0.0024359
0.00243661
0.00243738
0.00243822
0.00243918
0.00244026
0.00244149
0.00244291
0.00244453
0.00244639
0.00244852
0.00245097
0.00245378
0.002457
0.00246069
0.00246492
0.00246978
0.00247534
0.00248173
0.00248906
0.00249747
0.00250713
0.00251823
0.00253097
0.00254558
0.00256233
0.00258149
0.00260336
0.00262825
0.00265644
0.00268817
0.00272361
0.00276281
0.00280559
0.00285151
0.00289975
0.00294899
0.00299732
0.00304217
0.00308023
0.00310689
0.0031178
0.00311091
0.00308109
0.00302613
0.00294599
0.00284308
0.00272244
0.0025917
0.00246185
0.0023534
0.0023107
0.00251163
0.00422498
0.0055401
0.00284259
0.00239109
0.00228818
0.00227252
0.00228471
0.00230559
0.00232774
0.00234822
0.00236595
0.00238075
0.00239279
0.00240243
0.00241004
0.002416
0.00242063
0.00242423
0.00242703
0.0024292
0.00243091
0.00243227
0.00243338
0.0024343
0.0024351
0.00243584
0.00243654
0.00243724
0.00243798
0.00243878
0.00243968
0.00244069
0.00244184
0.00244316
0.00244468
0.00244643
0.00244844
0.00245076
0.00245342
0.00245649
0.00246002
0.00246409
0.00246877
0.00247417
0.0024804
0.00248759
0.00249589
0.0025055
0.00251662
0.00252951
0.00254444
0.00256175
0.00258182
0.00260506
0.00263195
0.00266297
0.00269865
0.00273947
0.00278586
0.00283813
0.00289634
0.00296024
0.00302903
0.00310128
0.00317464
0.00324572
0.00330988
0.00336134
0.00339075
0.00339574
0.00336909
0.00330568
0.00320504
0.003071
0.00291179
0.00273941
0.00256943
0.00242506
0.00235621
0.00253576
0.00423156
0.00555289
0.00284894
0.00239508
0.0022911
0.00227487
0.00228672
0.00230739
0.00232941
0.0023498
0.00236748
0.00238223
0.00239425
0.00240386
0.00241145
0.00241739
0.00242202
0.0024256
0.00242838
0.00243054
0.00243224
0.00243359
0.00243468
0.0024356
0.0024364
0.00243714
0.00243785
0.00243857
0.00243933
0.00244016
0.0024411
0.00244216
0.00244338
0.00244478
0.0024464
0.00244827
0.00245044
0.00245294
0.00245582
0.00245916
0.00246302
0.00246748
0.00247265
0.00247864
0.00248558
0.00249365
0.00250305
0.002514
0.00252678
0.00254173
0.00255924
0.00257976
0.00260383
0.00263208
0.0026652
0.00270399
0.0027493
0.00280201
0.002863
0.00293303
0.00301265
0.00310201
0.00320065
0.00330715
0.00341884
0.00353136
0.00363834
0.00373114
0.00379713
0.00382405
0.00380815
0.00373642
0.00360674
0.00342489
0.00320463
0.00296591
0.00273247
0.00253324
0.00242474
0.00257517
0.00426365
0.00556633
0.00285562
0.00239929
0.00229417
0.00227735
0.00228884
0.00230929
0.00233117
0.00235147
0.00236908
0.00238379
0.00239577
0.00240536
0.00241293
0.00241884
0.00242344
0.00242701
0.00242976
0.0024319
0.00243358
0.00243491
0.002436
0.0024369
0.0024377
0.00243843
0.00243914
0.00243986
0.00244064
0.0024415
0.00244247
0.00244358
0.00244486
0.00244634
0.00244805
0.00245005
0.00245236
0.00245504
0.00245815
0.00246177
0.00246596
0.00247084
0.00247651
0.00248313
0.00249085
0.00249989
0.00251049
0.00252295
0.00253762
0.00255495
0.00257546
0.00259978
0.00262868
0.00266303
0.0027039
0.00275249
0.00281015
0.00287839
0.00295877
0.00305287
0.00316211
0.00328752
0.00342942
0.00358696
0.00375745
0.00393561
0.00411282
0.00427623
0.00440866
0.00448056
0.00448928
0.00441297
0.00424229
0.00398563
0.00366667
0.00332007
0.00298443
0.00269971
0.0025292
0.00263911
0.0043384
0.00558046
0.00286266
0.00240373
0.00229742
0.00227997
0.00229108
0.0023113
0.00233303
0.00235323
0.00237077
0.00238543
0.00239737
0.00240692
0.00241446
0.00242035
0.00242492
0.00242845
0.00243118
0.0024333
0.00243495
0.00243625
0.00243731
0.0024382
0.00243898
0.0024397
0.0024404
0.00244113
0.00244191
0.00244279
0.00244379
0.00244493
0.00244627
0.00244782
0.00244962
0.00245173
0.00245419
0.00245705
0.00246039
0.00246428
0.00246882
0.00247412
0.00248033
0.00248761
0.00249617
0.00250626
0.00251819
0.00253232
0.00254914
0.0025692
0.0025932
0.00262202
0.00265668
0.00269847
0.0027489
0.00280978
0.0028832
0.00297158
0.00307759
0.00320411
0.0033541
0.00353028
0.0037347
0.00396804
0.00422856
0.00451063
0.00480303
0.00508734
0.00533601
0.00550223
0.00555808
0.00548897
0.00526052
0.00488432
0.00440253
0.00387785
0.00337622
0.00295655
0.0026886
0.00274165
0.00448358
0.00559535
0.00287007
0.0024084
0.00230085
0.00228273
0.00229345
0.00231342
0.002335
0.00235508
0.00237255
0.00238715
0.00239905
0.00240856
0.00241606
0.00242191
0.00242644
0.00242994
0.00243263
0.00243471
0.00243633
0.0024376
0.00243863
0.00243949
0.00244024
0.00244094
0.00244163
0.00244235
0.00244314
0.00244402
0.00244503
0.00244621
0.00244759
0.0024492
0.00245109
0.00245331
0.0024559
0.00245894
0.00246249
0.00246666
0.00247155
0.0024773
0.00248406
0.00249204
0.00250149
0.00251272
0.00252609
0.00254209
0.00256131
0.00258448
0.00261253
0.00264661
0.00268815
0.00273892
0.00280107
0.00287724
0.00297058
0.00308484
0.0032244
0.00339422
0.00359982
0.00384694
0.00414103
0.00448626
0.00488382
0.00532937
0.00580932
0.00629772
0.00675017
0.0070943
0.00724106
0.00720308
0.00689251
0.00632176
0.00556831
0.0047478
0.00397649
0.00334497
0.00292734
0.00289715
0.00471146
0.00561106
0.00287788
0.00241334
0.00230447
0.00228566
0.00229596
0.00231567
0.00233707
0.00235704
0.00237443
0.00238897
0.00240081
0.00241027
0.00241772
0.00242353
0.00242802
0.00243147
0.00243412
0.00243615
0.00243773
0.00243896
0.00243995
0.00244077
0.00244149
0.00244216
0.00244282
0.00244353
0.0024443
0.00244518
0.0024462
0.0024474
0.00244881
0.00245048
0.00245244
0.00245475
0.00245747
0.00246067
0.00246444
0.00246889
0.00247412
0.00248031
0.00248765
0.00249637
0.00250676
0.0025192
0.00253415
0.0025522
0.0025741
0.0026008
0.00263349
0.0026737
0.00272334
0.00278484
0.0028612
0.00295618
0.00307441
0.00322155
0.00340447
0.00363141
0.00391199
0.00425714
0.00467848
0.00518709
0.00579088
0.00649008
0.00727044
0.00809519
0.00889157
0.00954759
0.00986148
0.00988574
0.00945863
0.00857329
0.00737363
0.00606814
0.00486291
0.00390431
0.00326881
0.00311624
0.00502438
0.00562768
0.00288614
0.00241856
0.0023083
0.00228876
0.00229862
0.00231805
0.00233928
0.00235912
0.00237642
0.00239088
0.00240266
0.00241207
0.00241947
0.00242522
0.00242966
0.00243305
0.00243564
0.00243762
0.00243914
0.00244032
0.00244125
0.00244203
0.00244271
0.00244334
0.00244397
0.00244464
0.0024454
0.00244626
0.00244728
0.00244849
0.00244993
0.00245163
0.00245365
0.00245604
0.00245888
0.00246224
0.00246621
0.00247091
0.0024765
0.00248314
0.00249105
0.00250052
0.0025119
0.00252563
0.00254228
0.00256257
0.00258744
0.00261809
0.00265606
0.00270332
0.00276241
0.00283657
0.00292994
0.00304773
0.00319658
0.00338483
0.00362297
0.00392408
0.00430424
0.00478275
0.00538179
0.00612481
0.00703256
0.00811531
0.00936041
0.0107142
0.0120545
0.0131941
0.0137796
0.0138931
0.0133065
0.0119428
0.0100585
0.00799662
0.00610915
0.0046551
0.0037147
0.00339463
0.00539398
0.00564529
0.00289488
0.00242409
0.00231236
0.00229205
0.00230144
0.00232059
0.00234161
0.00236133
0.00237852
0.0023929
0.00240461
0.00241395
0.00242129
0.00242698
0.00243135
0.00243468
0.0024372
0.00243911
0.00244056
0.00244168
0.00244255
0.00244327
0.00244389
0.00244447
0.00244506
0.00244569
0.00244642
0.00244726
0.00244826
0.00244947
0.00245091
0.00245264
0.0024547
0.00245717
0.0024601
0.0024636
0.00246776
0.00247271
0.00247863
0.00248571
0.00249421
0.00250445
0.00251685
0.00253194
0.0025504
0.00257311
0.00260124
0.00263627
0.00268015
0.00273542
0.00280537
0.00289426
0.00300762
0.00315259
0.00333843
0.00357713
0.00388422
0.00427979
0.00478952
0.00544561
0.00628689
0.00735673
0.00869657
0.0103319
0.0122498
0.014359
0.0164544
0.018222
0.0191337
0.0193629
0.0185579
0.0165915
0.0138152
0.0107169
0.0077991
0.00559049
0.00422734
0.00369289
0.00570699
0.00566401
0.00290413
0.00242995
0.00231667
0.00229554
0.00230445
0.00232328
0.0023441
0.00236367
0.00238075
0.00239504
0.00240667
0.00241593
0.00242319
0.0024288
0.0024331
0.00243635
0.00243879
0.00244062
0.002442
0.00244304
0.00244384
0.00244448
0.00244504
0.00244556
0.00244609
0.00244667
0.00244735
0.00244816
0.00244913
0.00245032
0.00245175
0.00245349
0.00245559
0.0024581
0.00246112
0.00246473
0.00246906
0.00247425
0.00248049
0.00248799
0.00249707
0.00250809
0.00252153
0.00253803
0.0025584
0.0025837
0.00261534
0.00265516
0.00270559
0.00276981
0.00285201
0.00295771
0.00309412
0.0032708
0.00350037
0.00379958
0.00419077
0.00470367
0.00537748
0.00626285
0.00742236
0.00892693
0.0108432
0.0132075
0.0159801
0.0189755
0.0218873
0.0240984
0.0250757
0.0252641
0.0244157
0.022153
0.0185461
0.0144178
0.010129
0.00670303
0.00472773
0.00392875
0.00581832
0.00568395
0.00291396
0.00243617
0.00232126
0.00229927
0.00230765
0.00232615
0.00234676
0.00236616
0.00238312
0.00239731
0.00240884
0.00241802
0.00242519
0.00243071
0.00243491
0.00243807
0.00244042
0.00244216
0.00244344
0.00244439
0.00244511
0.00244567
0.00244615
0.00244659
0.00244705
0.00244757
0.00244819
0.00244895
0.00244988
0.00245103
0.00245245
0.00245418
0.00245628
0.00245883
0.00246191
0.00246563
0.0024701
0.0024755
0.00248203
0.00248994
0.00249958
0.00251137
0.00252587
0.00254381
0.00256616
0.00259418
0.00262956
0.00267454
0.00273208
0.00280612
0.00290188
0.00302633
0.00318872
0.00340149
0.00368141
0.00405124
0.004542
0.00519595
0.00606995
0.00723835
0.00879265
0.010832
0.0134357
0.0166085
0.0201762
0.0236903
0.0261126
0.0271819
0.0275118
0.027513
0.0269537
0.0258642
0.0234753
0.0190291
0.0135915
0.00822382
0.00517336
0.00400035
0.00560424
0.00570526
0.00292441
0.00244279
0.00232614
0.00230324
0.00231107
0.00232922
0.00234959
0.00236882
0.00238565
0.00239972
0.00241114
0.00242021
0.00242728
0.0024327
0.00243679
0.00243984
0.00244209
0.00244372
0.00244489
0.00244574
0.00244635
0.00244682
0.00244721
0.00244757
0.00244795
0.00244839
0.00244894
0.00244963
0.0024505
0.00245161
0.00245299
0.00245469
0.00245679
0.00245936
0.00246248
0.00246626
0.00247086
0.00247643
0.00248323
0.00249152
0.00250169
0.00251423
0.00252978
0.00254917
0.00257355
0.00260438
0.00264368
0.00269411
0.00275922
0.00284379
0.0029542
0.00309904
0.00328991
0.00354259
0.00387873
0.00432822
0.00493255
0.00574893
0.00685484
0.00835036
0.0103525
0.012969
0.016237
0.0199858
0.0236224
0.0260291
0.0270611
0.0273589
0.0273689
0.0272511
0.0270314
0.0267274
0.0260278
0.0236524
0.0183793
0.010931
0.00572437
0.00391199
0.00497294
0.00572811
0.00293556
0.00244985
0.00233136
0.00230749
0.00231473
0.00233251
0.00235262
0.00237167
0.00238834
0.00240228
0.00241358
0.00242253
0.00242947
0.00243477
0.00243874
0.00244167
0.00244379
0.0024453
0.00244635
0.00244707
0.00244757
0.00244793
0.00244822
0.00244848
0.00244877
0.00244912
0.00244958
0.0024502
0.002451
0.00245204
0.00245337
0.00245504
0.00245712
0.00245967
0.00246281
0.00246664
0.00247132
0.00247705
0.00248406
0.00249269
0.00250336
0.00251661
0.00253318
0.00255402
0.00258042
0.00261412
0.00265743
0.00271348
0.00278646
0.00288204
0.00300785
0.00317424
0.00339536
0.00369069
0.00408728
0.00462301
0.00535083
0.00634395
0.00770004
0.00953933
0.0119843
0.0151024
0.018778
0.0224887
0.0249748
0.0257551
0.0257868
0.0257137
0.0258794
0.0261507
0.0262888
0.0264641
0.0267737
0.0265653
0.023617
0.0156667
0.00683867
0.00376234
0.00400878
0.0057527
0.00294748
0.0024574
0.00233694
0.00231204
0.00231866
0.00233604
0.00235588
0.00237471
0.00239121
0.002405
0.00241616
0.00242497
0.00243177
0.00243693
0.00244076
0.00244354
0.00244552
0.00244689
0.00244781
0.0024484
0.00244877
0.00244901
0.00244918
0.00244933
0.00244951
0.00244976
0.00245013
0.00245065
0.00245137
0.00245233
0.0024536
0.00245522
0.00245726
0.00245979
0.00246291
0.00246676
0.0024715
0.00247733
0.00248453
0.00249345
0.00250456
0.00251848
0.00253601
0.00255824
0.00258664
0.00262318
0.0026705
0.00273222
0.00281317
0.00291992
0.0030614
0.0032498
0.00350188
0.00384097
0.00429973
0.00492412
0.00577838
0.0069501
0.00855157
0.0107075
0.0135114
0.0169272
0.0205994
0.0233139
0.024215
0.0243161
0.0243908
0.0249253
0.0256291
0.0262042
0.0266262
0.0268884
0.0273618
0.0278773
0.0278612
0.0225691
0.00944326
0.00376665
0.00300969
0.00577924
0.00296025
0.00246548
0.00234293
0.00231694
0.00232289
0.00233984
0.00235937
0.00237798
0.00239429
0.0024079
0.0024189
0.00242754
0.00243419
0.00243918
0.00244285
0.00244548
0.0024473
0.00244851
0.00244927
0.00244972
0.00244994
0.00245004
0.00245008
0.00245011
0.00245018
0.00245032
0.00245057
0.00245099
0.00245162
0.00245251
0.0024537
0.00245523
0.00245718
0.00245965
0.00246273
0.00246656
0.00247133
0.00247725
0.0024846
0.00249378
0.00250528
0.00251979
0.00253821
0.00256176
0.00259207
0.00263135
0.00268258
0.00274983
0.00283859
0.00295632
0.00311319
0.00332317
0.00360559
0.00398745
0.00450671
0.00521665
0.0061909
0.00752686
0.00934074
0.0117396
0.0147504
0.0181676
0.0212968
0.0227048
0.0229774
0.0230513
0.0236162
0.0246757
0.0258461
0.0272578
0.0285173
0.0291236
0.0293874
0.0297644
0.0302822
0.0294511
0.0157615
0.00415203
0.00207454
0.00580801
0.00297399
0.00247417
0.00234937
0.00232221
0.00232745
0.00234394
0.00236314
0.00238149
0.00239758
0.002411
0.00242181
0.00243027
0.00243673
0.00244153
0.00244502
0.00244746
0.00244911
0.00245014
0.00245073
0.002451
0.00245106
0.00245101
0.00245092
0.00245083
0.00245078
0.0024508
0.00245093
0.00245124
0.00245176
0.00245255
0.00245363
0.00245505
0.00245691
0.0024593
0.00246231
0.0024661
0.00247086
0.00247681
0.00248428
0.00249365
0.00250549
0.00252053
0.00253975
0.00256451
0.00259659
0.00263843
0.00269335
0.00276584
0.00286197
0.00299004
0.00316137
0.00339153
0.00370214
0.00412339
0.00469763
0.00548373
0.00656127
0.00803054
0.00999875
0.0125357
0.0155793
0.0187664
0.0209468
0.0215912
0.0216398
0.0218905
0.0228157
0.0240726
0.0256075
0.0275853
0.0299533
0.0315179
0.0321645
0.0323513
0.0324701
0.0327507
0.0276475
0.00654615
0.00165504
0.0058393
0.00298881
0.00248352
0.00235632
0.00232791
0.00233237
0.00234836
0.0023672
0.00238527
0.00240112
0.00241431
0.0024249
0.00243314
0.00243939
0.00244399
0.00244726
0.0024495
0.00245095
0.00245179
0.00245218
0.00245226
0.00245216
0.00245196
0.00245171
0.00245148
0.00245131
0.00245121
0.00245122
0.00245141
0.00245181
0.00245248
0.00245344
0.00245475
0.00245651
0.00245879
0.00246171
0.00246543
0.00247014
0.00247608
0.0024836
0.00249313
0.00250524
0.00252072
0.00254064
0.00256645
0.00260011
0.00264428
0.00270253
0.00277975
0.00288255
0.00301991
0.00320412
0.00345206
0.00378715
0.00424198
0.00486188
0.00570882
0.00686388
0.00842279
0.0104728
0.0130352
0.0159516
0.0187102
0.0200922
0.0202679
0.020242
0.020667
0.0217042
0.0230153
0.0248436
0.0274324
0.0305247
0.0337943
0.035281
0.035694
0.0354981
0.0346829
0.0334503
0.0135349
0.00232716
0.00587347
0.00300483
0.00249362
0.00236383
0.00233407
0.00233771
0.00235315
0.0023716
0.00238935
0.00240492
0.00241785
0.00242818
0.00243618
0.00244219
0.00244655
0.00244959
0.00245161
0.00245283
0.00245344
0.00245362
0.00245353
0.00245326
0.00245288
0.00245248
0.0024521
0.00245179
0.00245157
0.00245147
0.00245153
0.00245182
0.00245237
0.0024532
0.0024544
0.00245603
0.0024582
0.00246102
0.00246464
0.00246926
0.00247516
0.00248267
0.00249227
0.00250457
0.00252041
0.0025409
0.00256761
0.00260261
0.00264877
0.0027099
0.00279119
0.00289967
0.00304487
0.00323976
0.00350217
0.00385665
0.00433713
0.00499018
0.00587798
0.00707864
0.00867686
0.0107333
0.0132203
0.0159278
0.0181976
0.0189309
0.0189019
0.0188578
0.019375
0.0203908
0.0216636
0.0235981
0.0265592
0.0305085
0.0349323
0.038498
0.0396736
0.0397272
0.0381029
0.0352517
0.02537
0.00493451
0.00591094
0.00302223
0.00250457
0.00237197
0.00234076
0.00234351
0.00235835
0.00237636
0.00239375
0.002409
0.00242163
0.00243168
0.0024394
0.00244513
0.00244922
0.00245201
0.00245377
0.00245474
0.00245511
0.0024551
0.00245482
0.00245436
0.00245382
0.00245326
0.00245272
0.00245227
0.00245193
0.00245173
0.00245168
0.00245185
0.00245229
0.002453
0.00245408
0.0024556
0.00245763
0.00246032
0.00246383
0.00246835
0.00247416
0.00248163
0.00249124
0.00250363
0.00251971
0.00254065
0.00256805
0.00260413
0.00265188
0.00271533
0.00279988
0.00291284
0.00306408
0.00326698
0.00353979
0.00390748
0.00440414
0.00507565
0.0059816
0.00719308
0.00877912
0.0107754
0.0131349
0.0156275
0.0173304
0.0177421
0.0175584
0.0175094
0.0180254
0.0189288
0.0200559
0.0219098
0.0250142
0.0295422
0.0351356
0.0409225
0.0438211
0.0444564
0.043405
0.0403947
0.0355357
0.011662
0.00595217
0.00304117
0.00251645
0.00238082
0.00234805
0.00234982
0.00236401
0.00238152
0.0023985
0.00241338
0.00242568
0.0024354
0.0024428
0.00244822
0.00245202
0.00245452
0.00245601
0.00245671
0.00245686
0.00245663
0.00245615
0.00245552
0.00245481
0.00245409
0.00245342
0.00245283
0.00245238
0.00245207
0.00245192
0.00245198
0.00245231
0.00245294
0.00245392
0.00245532
0.00245722
0.00245979
0.00246317
0.00246757
0.00247328
0.00248066
0.00249021
0.00250263
0.00251882
0.00254003
0.00256793
0.00260479
0.00265372
0.00271885
0.00280573
0.00292179
0.00307704
0.00328491
0.00356357
0.00393763
0.00444012
0.00511438
0.00601507
0.00720498
0.00874392
0.0106565
0.0128555
0.0150374
0.0163606
0.0165891
0.0162884
0.0162053
0.0166383
0.0173804
0.0183034
0.0199672
0.0230579
0.0279694
0.0345616
0.0419839
0.0475978
0.0493464
0.0485962
0.0448904
0.0404823
0.022116
0.0059977
0.00306185
0.00252941
0.00239046
0.00235599
0.00235669
0.00237016
0.00238712
0.00240364
0.00241811
0.00243001
0.00243936
0.00244641
0.00245149
0.00245496
0.00245715
0.00245834
0.00245877
0.0024587
0.00245826
0.00245759
0.00245679
0.00245592
0.00245507
0.00245427
0.00245357
0.00245301
0.00245262
0.00245239
0.00245235
0.00245257
0.00245311
0.002454
0.00245532
0.00245714
0.00245961
0.00246287
0.00246716
0.00247275
0.00248001
0.00248947
0.00250184
0.00251805
0.00253938
0.00256755
0.00260488
0.0026545
0.00272064
0.00280884
0.00292655
0.00308362
0.00329324
0.00357297
0.00394639
0.00444464
0.00510841
0.00598889
0.00714064
0.00860648
0.0103817
0.0123683
0.0142805
0.0153774
0.0155175
0.0151209
0.0149641
0.015262
0.0158462
0.0165915
0.0180635
0.0210649
0.0261692
0.0334581
0.0423146
0.0509118
0.0545894
0.054394
0.0495444
0.0444833
0.0319257
0.00604815
0.00308452
0.00254356
0.00240101
0.00236465
0.00236421
0.00237686
0.0023932
0.0024092
0.00242319
0.00243466
0.00244359
0.00245024
0.00245495
0.00245807
0.00245994
0.00246082
0.002461
0.0024607
0.00246007
0.00245922
0.00245827
0.00245728
0.00245632
0.00245543
0.00245465
0.00245402
0.00245356
0.00245328
0.00245318
0.00245332
0.00245378
0.00245459
0.00245582
0.00245757
0.00245996
0.00246314
0.00246733
0.00247283
0.00248
0.00248937
0.00250165
0.0025178
0.00253912
0.00256734
0.0026048
0.00265466
0.00272111
0.00280962
0.00292746
0.00308421
0.00329257
0.00356951
0.00393727
0.00442482
0.00506862
0.00591075
0.00699521
0.00835273
0.0099736
0.0117576
0.0134414
0.0144258
0.0145463
0.0140997
0.0138267
0.0139638
0.0144151
0.0150532
0.0163986
0.0193078
0.0244926
0.032265
0.0423259
0.053364
0.060157
0.0611964
0.0559074
0.0491892
0.0404939
0.00610423
0.00310943
0.00255904
0.00241254
0.00237412
0.00237242
0.00238418
0.00239982
0.00241522
0.00242868
0.00243965
0.00244812
0.00245434
0.00245865
0.00246141
0.00246294
0.00246353
0.00246348
0.00246298
0.00246217
0.00246119
0.00246013
0.00245905
0.00245803
0.0024571
0.0024563
0.00245565
0.00245519
0.0024549
0.00245479
0.00245492
0.00245535
0.00245612
0.00245731
0.00245901
0.00246133
0.00246444
0.00246854
0.00247393
0.00248099
0.00249025
0.00250243
0.00251847
0.00253967
0.00256778
0.00260513
0.00265483
0.00272096
0.00280891
0.00292569
0.00308051
0.00328536
0.00355578
0.0039119
0.00437941
0.00498978
0.00577911
0.00678282
0.00802256
0.00948254
0.0110707
0.0125627
0.0135076
0.0136814
0.0132666
0.0128536
0.0128266
0.0131613
0.0137625
0.0150734
0.0179275
0.0231075
0.0311414
0.0420956
0.0549869
0.0652657
0.0680584
0.0621696
0.0532493
0.0481202
0.00616671
0.00313685
0.00257603
0.00242519
0.0023845
0.00238141
0.00239217
0.00240702
0.00242175
0.00243462
0.00244504
0.00245301
0.00245877
0.00246267
0.00246507
0.00246627
0.00246661
0.00246637
0.0024657
0.00246478
0.00246372
0.00246261
0.00246152
0.00246051
0.00245962
0.00245887
0.00245829
0.00245789
0.00245767
0.00245763
0.00245784
0.00245834
0.00245917
0.00246041
0.00246212
0.00246445
0.00246753
0.0024716
0.00247692
0.00248389
0.00249305
0.00250508
0.00252095
0.00254195
0.00256978
0.00260677
0.00265592
0.00272119
0.00280768
0.00292209
0.003073
0.00327142
0.00353149
0.00387117
0.00431282
0.0048832
0.00561191
0.00652665
0.00764236
0.00894187
0.0103461
0.0116735
0.0126045
0.0128884
0.0125924
0.0121262
0.0119503
0.0121666
0.0127673
0.0141179
0.0169598
0.0220881
0.0302343
0.0418462
0.0563408
0.070105
0.0754645
0.0696899
0.0588563
0.0559408
0.00623649
0.00316712
0.0025947
0.00243907
0.00239588
0.00239127
0.00240091
0.00241488
0.00242887
0.00244107
0.0024509
0.00245834
0.00246364
0.00246714
0.0024692
0.00247013
0.00247028
0.00246989
0.00246915
0.00246819
0.00246714
0.00246609
0.0024651
0.00246421
0.00246346
0.00246287
0.00246246
0.00246224
0.00246219
0.00246236
0.00246277
0.00246346
0.00246447
0.00246587
0.00246774
0.0024702
0.00247339
0.00247753
0.0024829
0.00248987
0.00249897
0.00251089
0.00252657
0.00254729
0.00257471
0.00261108
0.00265931
0.00272318
0.00280756
0.00291848
0.00306397
0.00325399
0.00350112
0.00382099
0.00423265
0.00475831
0.00542177
0.00624423
0.00723571
0.00838016
0.0096136
0.0107972
0.0117044
0.0121113
0.0119924
0.0116235
0.011376
0.0115164
0.0120979
0.0134908
0.0163244
0.0213631
0.0294999
0.041546
0.0573888
0.0742035
0.0826188
0.0776246
0.0641107
0.06324
0.00631452
0.00320055
0.00261522
0.00245432
0.00240837
0.00240208
0.00241049
0.00242348
0.00243665
0.00244814
0.00245736
0.00246427
0.00246913
0.00247228
0.00247406
0.0024748
0.00247486
0.00247445
0.00247374
0.00247288
0.00247199
0.00247114
0.00247039
0.00246977
0.00246932
0.00246905
0.00246896
0.00246907
0.00246939
0.00246992
0.0024707
0.00247175
0.00247312
0.00247486
0.00247705
0.00247981
0.00248327
0.00248765
0.00249321
0.00250033
0.00250951
0.00252143
0.00253701
0.00255747
0.00258444
0.00262004
0.00266703
0.00272902
0.00281057
0.00291743
0.00305633
0.00323646
0.00346876
0.00376658
0.00414581
0.00462448
0.00522127
0.00595208
0.00682335
0.00782124
0.00889622
0.00994626
0.0108106
0.0113162
0.0113897
0.0112061
0.0110131
0.0111415
0.0117133
0.0131086
0.0158999
0.0207863
0.0287929
0.0410784
0.0580121
0.0775148
0.0895468
0.0862455
0.0701741
0.0707298
0.0064019
0.00323752
0.00263778
0.00247107
0.00242209
0.00241396
0.00242101
0.00243294
0.00244523
0.00245599
0.0024646
0.00247103
0.00247552
0.00247841
0.00248005
0.00248076
0.00248088
0.00248061
0.00248013
0.00247957
0.00247903
0.00247858
0.00247829
0.00247815
0.00247821
0.00247848
0.00247895
0.00247964
0.00248056
0.0024817
0.00248308
0.00248474
0.00248671
0.00248903
0.0024918
0.0024951
0.00249908
0.00250394
0.00250993
0.00251741
0.00252688
0.00253898
0.0025546
0.0025749
0.00260145
0.00263626
0.00268194
0.00274177
0.00281998
0.00292192
0.00305398
0.0032232
0.00343955
0.00371418
0.00406004
0.00449144
0.00502271
0.00566542
0.00642343
0.00728515
0.00821327
0.00913443
0.00993648
0.0104941
0.0107365
0.0107307
0.0106979
0.0108686
0.0114608
0.0128332
0.0155179
0.0201855
0.0279758
0.0403514
0.0581956
0.0800585
0.0958642
0.0949023
0.0767848
0.0782174
0.0064998
0.00327838
0.00266258
0.00248947
0.00243718
0.00242705
0.00243262
0.00244343
0.00245483
0.00246489
0.00247296
0.00247901
0.00248327
0.00248608
0.00248779
0.00248872
0.00248913
0.00248926
0.00248928
0.00248929
0.00248939
0.00248964
0.00249009
0.00249075
0.00249164
0.00249277
0.00249414
0.00249574
0.00249758
0.00249967
0.00250201
0.00250462
0.00250754
0.00251081
0.00251451
0.00251873
0.00252359
0.00252928
0.00253606
0.00254425
0.00255433
0.00256692
0.00258285
0.00260324
0.00262955
0.00266368
0.00270806
0.00276573
0.00284047
0.002937
0.00306133
0.00322015
0.0034201
0.00367139
0.00398422
0.00436972
0.00483854
0.00539876
0.00605229
0.00678948
0.0075825
0.00837919
0.00910236
0.00966462
0.0100091
0.0101623
0.0102674
0.0105265
0.0111548
0.0124885
0.0150136
0.0194199
0.0269293
0.0392577
0.057797
0.0813887
0.101566
0.103514
0.0840714
0.0856988
0.00660954
0.0033235
0.00268981
0.00250968
0.0024538
0.00244153
0.00244555
0.00245522
0.00246578
0.00247525
0.00248295
0.00248884
0.00249314
0.00249617
0.00249826
0.00249973
0.00250082
0.00250174
0.00250264
0.00250362
0.00250477
0.00250614
0.00250777
0.00250966
0.00251183
0.00251427
0.00251699
0.00251997
0.00252322
0.00252674
0.00253053
0.00253462
0.00253901
0.00254376
0.00254893
0.0025546
0.0025609
0.00256798
0.00257609
0.00258553
0.00259675
0.00261032
0.00262704
0.00264795
0.00267442
0.0027082
0.00275154
0.00280724
0.0028787
0.00297001
0.00308623
0.00323374
0.00341929
0.00364809
0.00392929
0.00427151
0.00468237
0.0051671
0.00572607
0.00635112
0.00702135
0.00769975
0.00833355
0.00886343
0.00924788
0.00949896
0.00970759
0.0100368
0.0106911
0.0119682
0.0143097
0.0184264
0.0255886
0.0377309
0.0566971
0.0818714
0.106266
0.111998
0.092135
0.0935097
0.00673258
0.00337324
0.00271965
0.00253188
0.00247215
0.00245766
0.00246013
0.00246876
0.00247865
0.00248777
0.00249542
0.00250153
0.0025063
0.00251001
0.00251299
0.00251552
0.00251781
0.00252006
0.00252241
0.00252493
0.00252772
0.0025308
0.0025342
0.00253794
0.00254201
0.00254641
0.00255115
0.0025562
0.00256156
0.00256724
0.00257322
0.00257953
0.00258619
0.00259322
0.00260067
0.00260863
0.0026172
0.00262652
0.00263681
0.00264836
0.00266156
0.00267695
0.00269526
0.00271746
0.0027448
0.00277891
0.00282184
0.00287612
0.00294482
0.00303156
0.00314049
0.00327668
0.00344651
0.00365632
0.00391001
0.00421257
0.00457109
0.00498826
0.00546329
0.00598904
0.00654948
0.00711809
0.00765879
0.00813217
0.00851011
0.00880063
0.00906693
0.00943469
0.0100833
0.0112792
0.0134321
0.0172421
0.0240098
0.0358394
0.0550369
0.0818191
0.109919
0.120262
0.100798
0.101171
0.00687064
0.00342795
0.00275227
0.00255629
0.00249255
0.00247586
0.00247691
0.00248476
0.00249435
0.0025036
0.00251175
0.0025187
0.00252461
0.00252973
0.00253433
0.00253867
0.00254295
0.00254732
0.00255191
0.00255679
0.00256203
0.00256766
0.00257371
0.00258018
0.00258708
0.00259439
0.00260212
0.00261025
0.00261877
0.00262769
0.002637
0.00264671
0.00265682
0.00266736
0.00267837
0.00268992
0.00270208
0.00271499
0.00272884
0.00274386
0.00276043
0.00277901
0.00280028
0.00282509
0.0028546
0.00289028
0.00293399
0.00298801
0.00305509
0.00313838
0.0032415
0.00336837
0.00352356
0.00371317
0.00394225
0.00421451
0.00452857
0.00488673
0.00528904
0.00572881
0.00619314
0.00666289
0.00711325
0.00751832
0.00786072
0.00814829
0.00842947
0.00880314
0.00942182
0.0105218
0.0124833
0.0159834
0.022317
0.0336929
0.0527807
0.0805426
0.112141
0.128259
0.110311
0.109199
0.00702581
0.00348794
0.00278788
0.00258321
0.00251548
0.00249679
0.00249682
0.00250443
0.00251442
0.00252461
0.00253418
0.00254297
0.00255105
0.00255865
0.00256599
0.00257326
0.00258064
0.00258827
0.00259626
0.00260467
0.00261357
0.00262299
0.00263296
0.00264348
0.00265456
0.00266621
0.00267841
0.00269118
0.00270449
0.00271834
0.00273273
0.00274767
0.00276314
0.00277918
0.0027958
0.00281304
0.00283098
0.00284971
0.00286938
0.0028902
0.00291247
0.0029366
0.00296317
0.00299294
0.00302693
0.00306644
0.00311313
0.00316905
0.00323661
0.00331861
0.00341812
0.00353846
0.00368298
0.00385509
0.0040601
0.00430106
0.00458069
0.00489714
0.00524245
0.00561051
0.00599296
0.00637713
0.00674561
0.00708118
0.00737455
0.00763508
0.00790317
0.00825996
0.00883383
0.00983409
0.0116147
0.0148186
0.020701
0.0315171
0.0502318
0.0786692
0.113146
0.135788
0.120465
0.117006
0.00720076
0.00355352
0.00282669
0.00261311
0.00254172
0.00252161
0.00252145
0.00252985
0.00254146
0.00255397
0.00256645
0.00257862
0.00259049
0.00260219
0.00261389
0.00262575
0.0026379
0.00265048
0.00266358
0.00267728
0.00269164
0.00270671
0.00272253
0.00273912
0.00275651
0.00277471
0.00279374
0.00281361
0.0028343
0.00285583
0.0028782
0.00290139
0.0029254
0.00295025
0.00297593
0.00300248
0.00302992
0.00305833
0.00308779
0.00311847
0.00315059
0.00318447
0.00322059
0.00325956
0.00330226
0.00334979
0.00340361
0.00346546
0.00353748
0.00362209
0.00372194
0.00383981
0.00397841
0.00414016
0.00432686
0.00454208
0.00478766
0.00506211
0.00536305
0.00568334
0.00601232
0.00633328
0.00663393
0.00690711
0.00715042
0.00737549
0.00761856
0.00795059
0.00849211
0.00943959
0.0111051
0.0140709
0.0195087
0.0295976
0.0476403
0.0762567
0.113398
0.142698
0.131477
0.124973
0.00739911
0.00362499
0.00286908
0.00264684
0.00257271
0.00255241
0.00255361
0.00256469
0.00258003
0.00259713
0.00261488
0.00263288
0.00265101
0.00266931
0.00268788
0.00270684
0.00272632
0.00274643
0.00276729
0.00278899
0.00281164
0.0028353
0.00286006
0.00288599
0.00291313
0.00294156
0.00297132
0.00300244
0.00303495
0.00306886
0.00310419
0.00314092
0.00317907
0.00321861
0.00325954
0.00330185
0.00334555
0.00339064
0.00343717
0.00348521
0.00353489
0.00358641
0.00364009
0.00369639
0.00375595
0.00381965
0.00388865
0.00396441
0.00404869
0.00414354
0.0042512
0.00437397
0.00451404
0.00467323
0.00485276
0.0050529
0.00527507
0.00551836
0.00577966
0.00605314
0.00633024
0.0066029
0.00686103
0.0070968
0.00731029
0.00751419
0.00774303
0.00806173
0.00857907
0.00947827
0.011055
0.0138686
0.0190357
0.0286002
0.0456055
0.0736837
0.112751
0.148972
0.143052
0.132706
0.00762607
0.00370272
0.00291576
0.00268603
0.00261121
0.00259302
0.00259854
0.00261563
0.0026383
0.00266376
0.00269067
0.00271841
0.00274675
0.00277561
0.00280503
0.00283512
0.00286602
0.00289786
0.00293081
0.00296503
0.00300068
0.00303792
0.00307692
0.00311781
0.00316075
0.00320589
0.00325335
0.00330324
0.00335563
0.00341057
0.0034681
0.00352823
0.00359098
0.00365633
0.00372426
0.00379473
0.00386769
0.0039431
0.0040209
0.00410105
0.00418353
0.00426838
0.00435569
0.00444567
0.00453866
0.00463519
0.00473603
0.00484218
0.00495495
0.00507592
0.0052068
0.00534935
0.00550526
0.00567594
0.0058622
0.00606406
0.00628082
0.00651034
0.00674984
0.00699463
0.00723848
0.00747566
0.00770039
0.00790934
0.00810699
0.00830934
0.0085525
0.00890061
0.00945437
0.0103776
0.0119452
0.01466
0.019512
0.0284426
0.0447388
0.0719333
0.112024
0.154806
0.154997
0.140332
0.00788939
0.00378732
0.00296822
0.00273399
0.00266262
0.002651
0.00266636
0.00269545
0.00273174
0.00277202
0.00281463
0.00285872
0.00290389
0.00295002
0.00299711
0.00304529
0.00309475
0.00314573
0.0031985
0.00325337
0.00331066
0.00337072
0.00343386
0.00350041
0.0035707
0.00364507
0.00372386
0.00380728
0.00389551
0.00398872
0.004087
0.00419044
0.0042991
0.00441299
0.00453207
0.00465628
0.00478552
0.0049196
0.00505832
0.00520147
0.00534879
0.0055
0.00565486
0.00581317
0.00597482
0.0061398
0.00630824
0.00648046
0.00665701
0.00683892
0.00702689
0.00722177
0.00742453
0.00763603
0.00785674
0.00808634
0.00832265
0.00856419
0.00880864
0.00905262
0.00929212
0.00952379
0.00974594
0.00996032
0.0101765
0.0104157
0.0107174
0.0111476
0.0118059
0.0128465
0.0145241
0.0172838
0.021979
0.0302899
0.045221
0.0713355
0.111801
0.160637
0.167024
0.147743
0.00820049
0.00387972
0.00302996
0.00279803
0.00273826
0.00274242
0.00277825
0.00283049
0.0028919
0.00295872
0.00302889
0.00310137
0.00317566
0.0032516
0.00332928
0.00340893
0.00349093
0.00357574
0.00366389
0.003756
0.00385277
0.00395491
0.00406312
0.00417805
0.00430038
0.004431
0.00457071
0.00471994
0.00487915
0.00504871
0.00522887
0.00541984
0.00562182
0.00583489
0.00605892
0.00629375
0.00653914
0.00679462
0.00705958
0.00733341
0.00761528
0.00790435
0.00819976
0.00850066
0.00880618
0.00911546
0.00942767
0.00974205
0.0100578
0.0103738
0.0106893
0.0110037
0.0113168
0.0116283
0.0119379
0.0122452
0.0125488
0.0128475
0.0131404
0.0134262
0.0137043
0.013975
0.0142416
0.0145116
0.0147999
0.0151345
0.01556
0.0161455
0.0169939
0.0182487
0.0201422
0.0230583
0.0277083
0.035521
0.0492067
0.0733276
0.11321
0.167141
0.179038
0.154978
0.00857952
0.00398337
0.00311024
0.00289656
0.00286419
0.0029054
0.00298332
0.00308116
0.00319077
0.00330781
0.00342996
0.00355604
0.00368558
0.00381861
0.00395548
0.00409682
0.00424347
0.00439635
0.00455657
0.00472544
0.0049045
0.00509547
0.00529988
0.00551907
0.00575429
0.00600682
0.00627806
0.00656965
0.00688291
0.00721841
0.00757644
0.00795729
0.00836129
0.00878847
0.00923813
0.00970948
0.0102017
0.0107134
0.0112427
0.0117877
0.0123465
0.0129172
0.0134976
0.0140859
0.0146801
0.0152779
0.015877
0.0164754
0.0170712
0.0176604
0.0182392
0.0188044
0.0193532
0.0198831
0.0203922
0.0208792
0.0213428
0.021783
0.0222007
0.0225983
0.0229799
0.0233516
0.0237232
0.024109
0.0245307
0.0250215
0.0256288
0.0264228
0.0274974
0.0289876
0.0310915
0.0341363
0.0386933
0.0459826
0.0583926
0.0805307
0.118516
0.175432
0.190672
0.16232
0.00904529
0.00410283
0.00323716
0.00307881
0.0031166
0.00324009
0.00340801
0.00360215
0.00381344
0.0040369
0.00426996
0.00451154
0.0047616
0.00502076
0.00529016
0.00557135
0.0058661
0.00617648
0.00650481
0.00685386
0.00722721
0.00762922
0.00806332
0.00853189
0.00903701
0.00958104
0.0101665
0.0107962
0.0114728
0.0121961
0.0129646
0.0137773
0.0146335
0.0155323
0.0164701
0.0174431
0.0184476
0.0194794
0.0205342
0.0216075
0.0226957
0.0237952
0.0249021
0.0260126
0.0271246
0.028235
0.0293383
0.0304311
0.0315171
0.0325854
0.033626
0.034632
0.0355975
0.0365172
0.0373866
0.0382023
0.0389623
0.0396664
0.0403172
0.0409197
0.041482
0.0420154
0.0425351
0.0430624
0.0436233
0.0442554
0.0450033
0.0459366
0.0471281
0.0487128
0.0508322
0.053784
0.0579953
0.0645726
0.0754936
0.0953303
0.129922
0.187043
0.202376
0.167257
0.00970832
0.00427606
0.00350267
0.00348544
0.00370587
0.00403224
0.00442075
0.00485273
0.00531798
0.00581078
0.0063286
0.00687124
0.00743996
0.00803707
0.00866551
0.00932876
0.0100306
0.0107751
0.0115668
0.0124107
0.0133147
0.0142905
0.0153441
0.0164769
0.0176891
0.0189816
0.0203548
0.0218099
0.0233487
0.0249641
0.0266466
0.0283884
0.0301832
0.0320237
0.0339005
0.0358055
0.0377282
0.0396612
0.0415983
0.0435339
0.0454623
0.0473812
0.049284
0.0511648
0.0530286
0.0548784
0.0566957
0.0584719
0.0601936
0.0618571
0.0634591
0.0649932
0.0664536
0.0678337
0.0691283
0.0703327
0.071444
0.0724616
0.0733874
0.0742263
0.0749874
0.0756835
0.0763316
0.0769565
0.0775834
0.0782548
0.0790016
0.0799006
0.0809777
0.0824073
0.0842226
0.0867732
0.0902621
0.0958707
0.10495
0.122193
0.151472
0.204142
0.214723
0.169259
0.0104519
0.00463562
0.00417598
0.00464865
0.00543314
0.00638041
0.007453
0.00863379
0.00990911
0.0112696
0.0127116
0.0142355
0.0158441
0.0175411
0.0193303
0.021216
0.0232018
0.0252911
0.0274868
0.0297915
0.0322157
0.0347863
0.0375024
0.0403462
0.0433013
0.0463481
0.0494692
0.0526566
0.0559019
0.059186
0.0624888
0.0657952
0.0690902
0.0723527
0.075577
0.0787579
0.0818918
0.0849714
0.0879893
0.0909396
0.0938173
0.0966453
0.0994101
0.102096
0.104693
0.107188
0.109588
0.111891
0.114093
0.116192
0.118183
0.120065
0.121832
0.123481
0.125009
0.126411
0.127686
0.128834
0.129854
0.130753
0.131537
0.132219
0.132813
0.133344
0.13383
0.134324
0.134824
0.135433
0.136114
0.137152
0.138383
0.140367
0.142833
0.147388
0.154248
0.168378
0.189454
0.229307
0.228176
0.169229
0.0120222
0.00563045
0.00663
0.00919874
0.012309
0.0157612
0.0195707
0.0237253
0.0281724
0.0328621
0.0377622
0.0428532
0.0481197
0.0535465
0.0591163
0.0648119
0.0706135
0.0765012
0.0824536
0.0884477
0.0944766
0.100545
0.106617
0.112634
0.118556
0.124349
0.129994
0.135492
0.14081
0.145941
0.150891
0.155663
0.160263
0.16469
0.168944
0.17302
0.176951
0.180731
0.184348
0.187795
0.19108
0.194186
0.197121
0.199895
0.202513
0.204972
0.207278
0.209432
0.211439
0.213298
0.215011
0.216579
0.218006
0.219285
0.220421
0.22141
0.222254
0.222955
0.223512
0.223934
0.22422
0.224389
0.224433
0.224408
0.224319
0.224202
0.224033
0.223937
0.223978
0.224343
0.225076
0.226657
0.228386
0.2322
0.23658
0.246378
0.253528
0.264146
0.241497
0.158153
0.0139853
0.00935401
0.018617
0.0322883
0.0467168
0.0612482
0.0763092
0.0919919
0.108022
0.124116
0.140086
0.155816
0.171219
0.186219
0.200743
0.214734
0.228139
0.240922
0.253055
0.264502
0.275283
0.285265
0.294417
0.302776
0.31038
0.317326
0.323708
0.329586
0.335012
0.34002
0.344634
0.34888
0.352781
0.356355
0.359622
0.362601
0.36529
0.367705
0.369878
0.371818
0.373548
0.375064
0.376384
0.377508
0.378457
0.379228
0.37984
0.38029
0.380591
0.380755
0.38074
0.380646
0.380429
0.380053
0.37955
0.378929
0.378172
0.377312
0.376304
0.375214
0.373959
0.372661
0.371193
0.36974
0.368097
0.366527
0.364811
0.363151
0.361814
0.359682
0.358007
0.355019
0.352734
0.348661
0.343653
0.334827
0.316265
0.290586
0.24661
0.147958
0.00871373
0.017523
0.0296924
0.0401698
0.0489467
0.0563835
0.0630598
0.0693508
0.0754503
0.0814321
0.0873136
0.0930981
0.0987897
0.104389
0.109903
0.115322
0.120657
0.125883
0.131022
0.136036
0.140953
0.145746
0.150368
0.154807
0.159055
0.16312
0.167012
0.170749
0.174345
0.177812
0.181157
0.184386
0.187508
0.190526
0.193446
0.19627
0.199
0.201643
0.2042
0.206677
0.209071
0.211387
0.213621
0.215781
0.217857
0.219864
0.221786
0.223641
0.225412
0.22712
0.228739
0.230313
0.231777
0.233206
0.234514
0.235797
0.236936
0.238057
0.239006
0.239937
0.240654
0.241348
0.241776
0.242188
0.242231
0.242117
0.241777
0.240997
0.240083
0.238643
0.237791
0.23607
0.234847
0.232478
0.230045
0.225944
0.219632
0.20894
0.187017
0.132483
)
;

boundaryField
{
    movingWall
    {
        type            epsilonWallFunction;
        value           nonuniform List<scalar> 
80
(
0.00871373
0.017523
0.0296924
0.0401698
0.0489467
0.0563835
0.0630598
0.0693508
0.0754503
0.0814321
0.0873136
0.0930981
0.0987897
0.104389
0.109903
0.115322
0.120657
0.125883
0.131022
0.136036
0.140953
0.145746
0.150368
0.154807
0.159055
0.16312
0.167012
0.170749
0.174345
0.177812
0.181157
0.184386
0.187508
0.190526
0.193446
0.19627
0.199
0.201643
0.2042
0.206677
0.209071
0.211387
0.213621
0.215781
0.217857
0.219864
0.221786
0.223641
0.225412
0.22712
0.228739
0.230313
0.231777
0.233206
0.234514
0.235797
0.236936
0.238057
0.239006
0.239937
0.240654
0.241348
0.241776
0.242188
0.242231
0.242117
0.241777
0.240997
0.240083
0.238643
0.237791
0.23607
0.234847
0.232478
0.230045
0.225944
0.219632
0.20894
0.187017
0.132483
)
;
    }
    fixedWalls
    {
        type            epsilonWallFunction;
        value           nonuniform List<scalar> 
240
(
0.000145018
0.000673558
0.00134943
0.00199088
0.00255469
0.00304018
0.00345499
0.00380754
0.0041055
0.00435574
0.00456439
0.00473699
0.00487854
0.0049936
0.00508633
0.00516042
0.00521919
0.00526554
0.00530199
0.00533067
0.0053534
0.00537163
0.00538656
0.00539914
0.0054101
0.00541999
0.00542926
0.00543821
0.00544707
0.005456
0.00546514
0.00547456
0.00548434
0.00549453
0.00550516
0.00551627
0.00552791
0.0055401
0.00555289
0.00556633
0.00558046
0.00559535
0.00561106
0.00562768
0.00564529
0.00566401
0.00568395
0.00570526
0.00572811
0.0057527
0.00577924
0.00580801
0.0058393
0.00587347
0.00591094
0.00595217
0.0059977
0.00604815
0.00610423
0.00616671
0.00623649
0.00631452
0.0064019
0.0064998
0.00660954
0.00673258
0.00687064
0.00702581
0.00720076
0.00739911
0.00762607
0.00788939
0.00820049
0.00857952
0.00904529
0.00970832
0.0104519
0.0120222
0.0139853
0.00871373
0.00014483
0.000670285
0.00132911
0.00193707
0.0024572
0.00289409
0.00325859
0.00356075
0.00380911
0.00401101
0.00417293
0.00430065
0.00439938
0.00447382
0.00452814
0.00456603
0.00459072
0.00460429
0.00460897
0.00460775
0.00460096
0.00458981
0.00457508
0.00455736
0.00453706
0.00451448
0.00448983
0.00446332
0.00443512
0.00440547
0.00437471
0.00434335
0.00431214
0.00428216
0.00425523
0.00423456
0.00422498
0.00423156
0.00426365
0.0043384
0.00448358
0.00471146
0.00502438
0.00539398
0.00570699
0.00581832
0.00560424
0.00497294
0.00400878
0.00300969
0.00207454
0.00165504
0.00232716
0.00493451
0.011662
0.022116
0.0319257
0.0404939
0.0481202
0.0559408
0.06324
0.0707298
0.0782174
0.0856988
0.0935097
0.101171
0.109199
0.117006
0.124973
0.132706
0.140332
0.147743
0.154978
0.16232
0.167257
0.169259
0.169229
0.158153
0.147958
0.132483
0.000145018
0.000671872
0.00133409
0.00194824
0.00247603
0.00292143
0.00329515
0.00360728
0.00386643
0.00408001
0.00425452
0.00439577
0.00450898
0.00459884
0.00466953
0.00472472
0.0047676
0.00480086
0.00482675
0.0048471
0.00486337
0.00487672
0.00488803
0.00489794
0.00490697
0.00491546
0.00492367
0.00493179
0.00493994
0.00494822
0.00495668
0.00496537
0.00497432
0.00498356
0.00499309
0.00500294
0.00501311
0.0050236
0.00503441
0.00504555
0.00505701
0.00506879
0.00508086
0.0050932
0.00510577
0.00511849
0.00513129
0.00514461
0.00515862
0.00517279
0.00518704
0.00520127
0.00521532
0.00522899
0.00524198
0.00525391
0.00526426
0.00527235
0.00527714
0.00527806
0.00527347
0.00526168
0.00524077
0.00520846
0.00516207
0.00509857
0.00501456
0.00490626
0.00476951
0.00459976
0.00439204
0.00414092
0.00384041
0.0034838
0.00306362
0.00257177
0.00200117
0.00135361
0.000673315
0.00014483
)
;
    }
    frontAndBack
    {
        type            empty;
    }
}


// ************************************************************************* //
