/*--------------------------------*- C++ -*----------------------------------*\
  =========                 |
  \\      /  F ield         | OpenFOAM: The Open Source CFD Toolbox
   \\    /   O peration     | Website:  https://openfoam.org
    \\  /    A nd           | Version:  13
     \\/     M anipulation  |
\*---------------------------------------------------------------------------*/
FoamFile
{
    format      ascii;
    class       volScalarField;
    location    "6.4";
    object      epsilon;
}
// * * * * * * * * * * * * * * * * * * * * * * * * * * * * * * * * * * * * * //

dimensions      [0 2 -3 0 0 0 0];

internalField   nonuniform List<scalar> 
6400
(
2.62024e-05
0.00013457
0.000326454
0.000526646
0.000678391
0.000763945
0.00079503
0.000797568
0.000801326
0.000829537
0.000899766
0.00104012
0.0012643
0.00157749
0.00196471
0.0024049
0.00287606
0.00336776
0.00385921
0.00433576
0.00481166
0.00532592
0.0059323
0.00666837
0.00751131
0.00837549
0.00923165
0.0100795
0.0109434
0.0118479
0.0127849
0.0137187
0.0146362
0.0155353
0.0164423
0.0173615
0.0183139
0.0193056
0.0203498
0.0214504
0.0226154
0.0238534
0.0251721
0.0265902
0.0281136
0.0297911
0.0317087
0.0340582
0.0365569
0.039064
0.0415492
0.0439682
0.0462554
0.0483437
0.0501589
0.051611
0.05242
0.0527569
0.0527845
0.0518919
0.0502143
0.047749
0.0445295
0.0406524
0.0362364
0.0314739
0.0266117
0.021845
0.0173546
0.0133214
0.0100622
0.00732553
0.00511196
0.00341525
0.00219319
0.00136051
0.000817517
0.000468172
0.000220869
4.69897e-05
0.000126877
0.000126569
0.00020714
0.000300785
0.000371461
0.000414409
0.000435491
0.000444783
0.000454942
0.000478629
0.000529391
0.000627029
0.000787433
0.00102315
0.00133841
0.00173474
0.00221426
0.00278326
0.00344752
0.00421554
0.00509483
0.00611941
0.00733976
0.00878445
0.0104471
0.0123446
0.0143305
0.0162574
0.018021
0.0195299
0.0206771
0.0215685
0.0221775
0.0225956
0.022862
0.0230331
0.0231507
0.0232482
0.0233502
0.0234755
0.0236465
0.0238697
0.0241591
0.0244731
0.0248415
0.0252881
0.0258191
0.0264227
0.0271106
0.0278306
0.0285966
0.0293582
0.0301017
0.0307787
0.0313499
0.0316928
0.0318169
0.0317461
0.0313909
0.0306461
0.0295269
0.0280185
0.0261054
0.0238638
0.0213732
0.0187346
0.016064
0.0134795
0.0110707
0.00892385
0.007114
0.00556353
0.00423566
0.00310777
0.00217691
0.00142732
0.000870693
0.000488585
0.000253497
0.000248506
0.000277817
0.000230352
0.000308704
0.000389324
0.000438101
0.000462542
0.00047536
0.00048966
0.000519387
0.000581473
0.000699179
0.000899712
0.00120999
0.00164988
0.00223178
0.00296847
0.00387236
0.00495801
0.00623542
0.00771089
0.00938988
0.0112434
0.0131908
0.0150892
0.0167618
0.0179816
0.0187166
0.0191264
0.01933
0.0194662
0.0195564
0.0195045
0.0192071
0.0189235
0.018622
0.0183574
0.0181406
0.0180041
0.0179456
0.0179364
0.0180355
0.0182155
0.0184824
0.0188738
0.0193727
0.0199639
0.0206357
0.0213839
0.0222068
0.0230875
0.0240181
0.0249752
0.0259382
0.0268723
0.0277391
0.0284899
0.0290707
0.0293509
0.0294078
0.0291183
0.0283976
0.0272323
0.0255838
0.0235654
0.0212507
0.0187407
0.0161612
0.0136263
0.0112431
0.00909582
0.00723983
0.00567747
0.00438627
0.00332682
0.00246165
0.00176684
0.00120036
0.000750994
0.000465114
0.000663679
0.0004829
0.000398257
0.00048867
0.000567032
0.000607408
0.000627532
0.000646754
0.000684873
0.00076344
0.000912673
0.0011708
0.00157929
0.00217327
0.00297481
0.0039948
0.00523795
0.00670532
0.00837861
0.0102068
0.0121001
0.0139289
0.01555
0.0168156
0.0175192
0.0178186
0.0178945
0.0178674
0.0175387
0.0170161
0.0164378
0.0157828
0.0152712
0.0148752
0.0145429
0.0142887
0.0141277
0.0140546
0.0140371
0.0141117
0.0142704
0.0145129
0.0148349
0.0152401
0.0157292
0.0162983
0.0169477
0.0176783
0.0184891
0.0193792
0.0203439
0.0213763
0.0224638
0.0235891
0.0247252
0.0258371
0.026878
0.027789
0.0284995
0.02885
0.0289371
0.0286041
0.0278338
0.0266475
0.0248589
0.0226356
0.0200995
0.0173903
0.0146558
0.0120418
0.00966914
0.00761736
0.00591464
0.00454484
0.00346256
0.0026132
0.00194667
0.00141031
0.000973966
0.000695804
0.00110212
0.00077528
0.00063254
0.000723502
0.000800061
0.000842701
0.00087494
0.000923035
0.00101678
0.00119295
0.00149875
0.00198798
0.00270902
0.0036913
0.00494021
0.00644081
0.00815859
0.0100308
0.0119518
0.0137664
0.0153087
0.0163681
0.0168503
0.0169951
0.0169619
0.0165729
0.0158874
0.0150325
0.0142348
0.0135788
0.0129797
0.0124757
0.0120872
0.0117819
0.0115541
0.0114086
0.0113402
0.0113195
0.0113526
0.0114642
0.0116279
0.0118532
0.0121363
0.0124807
0.0128879
0.0133612
0.0139049
0.0145238
0.0152228
0.0160067
0.0168795
0.0178434
0.0188959
0.0200314
0.0212365
0.0224913
0.0237644
0.0250023
0.0261452
0.0271163
0.0277401
0.0279821
0.0278645
0.0271567
0.026024
0.0241489
0.0217538
0.0190056
0.0160813
0.0131744
0.0104711
0.00811275
0.00617117
0.00464631
0.00348612
0.00261238
0.0019549
0.00145301
0.00106629
0.000847141
0.00140245
0.00119341
0.000941638
0.00101776
0.0010965
0.00115537
0.00122044
0.00132715
0.00151965
0.00185273
0.00238975
0.00319059
0.00429269
0.00569691
0.00736512
0.00922315
0.0111595
0.0130229
0.014632
0.0157414
0.0162337
0.0163572
0.0162508
0.0157335
0.0148054
0.0138196
0.0129347
0.0121356
0.0114588
0.0108926
0.0104129
0.0100271
0.00972046
0.00947853
0.00929572
0.00916523
0.00908518
0.00904842
0.00903918
0.00907435
0.00914772
0.00925807
0.0094076
0.00959705
0.00983082
0.010113
0.0104505
0.010851
0.0113247
0.0118827
0.0125374
0.0133026
0.0141897
0.0152085
0.0163633
0.017649
0.0190531
0.0205495
0.0220875
0.02361
0.0250101
0.0261726
0.0268002
0.026991
0.0265721
0.0256538
0.0237114
0.0211517
0.0181513
0.0149472
0.0118119
0.00899358
0.00665354
0.00484283
0.00351856
0.00257374
0.00190487
0.00142
0.00106382
0.000906461
0.0015096
0.00177507
0.00133179
0.00138295
0.00147379
0.0015666
0.00168964
0.00189082
0.00223101
0.00278056
0.00360799
0.00475916
0.00623558
0.00798355
0.00989592
0.0118193
0.0135639
0.014934
0.0156173
0.0158268
0.0157805
0.0152733
0.0142802
0.0131744
0.0121734
0.0112627
0.0104874
0.0098198
0.00926114
0.00878942
0.00839341
0.00806455
0.0077896
0.00756057
0.00737145
0.00721702
0.00709371
0.00699761
0.00692693
0.00688827
0.0068721
0.00687012
0.00690218
0.0069586
0.00704735
0.00716819
0.00732833
0.00753275
0.0077904
0.00811255
0.00851354
0.00901099
0.00962857
0.010391
0.0113246
0.0124456
0.0137784
0.0153342
0.0170858
0.0189805
0.0209688
0.0229259
0.024705
0.0259987
0.0265609
0.0266047
0.0258262
0.0238453
0.0210472
0.0176733
0.0140689
0.0106281
0.00766702
0.0053542
0.00369604
0.00258317
0.00183779
0.00134589
0.00102618
0.000898402
0.00146473
0.00255564
0.00180773
0.00183229
0.00194894
0.00209689
0.00230587
0.00263852
0.00317013
0.00397602
0.00511043
0.0065808
0.00832959
0.0102318
0.0121074
0.013745
0.014842
0.0152987
0.0153824
0.0150517
0.0141834
0.0129946
0.0118598
0.0108258
0.00993392
0.00916235
0.00851009
0.00795117
0.00747655
0.00706889
0.00671975
0.00641946
0.00616025
0.00593703
0.00574557
0.00558269
0.00544538
0.00533096
0.0052385
0.0051672
0.00511493
0.00508768
0.00507771
0.00508128
0.0051168
0.00517253
0.00525702
0.00537156
0.00552231
0.00571361
0.00595304
0.00625047
0.0066197
0.00707988
0.00766048
0.00841047
0.00937265
0.0106078
0.0121648
0.0140307
0.0162162
0.0186334
0.0211501
0.023596
0.0256769
0.0268
0.0271609
0.0266349
0.0245554
0.0213929
0.0174861
0.0133699
0.00957148
0.00647272
0.00422042
0.00274742
0.00184652
0.00128734
0.000964039
0.000862982
0.00136061
0.00356068
0.00237292
0.0023753
0.00253839
0.00276129
0.00308219
0.00357567
0.00432271
0.00538666
0.00678531
0.00846744
0.0103047
0.0121036
0.0136346
0.0145377
0.0148574
0.014878
0.0143095
0.013195
0.0119496
0.0107802
0.00974839
0.00885578
0.00809687
0.00744712
0.00689285
0.00641519
0.00600475
0.00564995
0.00534445
0.00508131
0.00485585
0.00466409
0.00450224
0.00436726
0.00425674
0.00416852
0.00410086
0.00405196
0.00402388
0.004012
0.00400995
0.00402878
0.00406498
0.00411862
0.00419155
0.00428488
0.00440123
0.00454338
0.00471552
0.00492293
0.00517265
0.00547451
0.00584153
0.00629359
0.00685938
0.00758386
0.00854314
0.0098807
0.0116713
0.0139642
0.0166994
0.0197429
0.0228673
0.0257239
0.0275184
0.0282026
0.0279399
0.0256965
0.0219835
0.0174081
0.0127043
0.00855016
0.00537
0.00324477
0.00198885
0.00129513
0.00091821
0.000808013
0.00124556
0.00480129
0.00303455
0.0030243
0.00324834
0.00356414
0.00401505
0.00468129
0.00563623
0.00691259
0.00847425
0.0102028
0.0119062
0.0133495
0.0141577
0.0144237
0.0143326
0.0135948
0.0123675
0.0111101
0.00991591
0.00887837
0.00798993
0.00723367
0.0065905
0.00603988
0.00556882
0.00516495
0.00482068
0.0045281
0.00428184
0.0040762
0.00390672
0.00376896
0.00365909
0.00357352
0.00350916
0.00346327
0.00343545
0.0034228
0.00341956
0.00342927
0.00345229
0.00348772
0.00353533
0.00359579
0.00366965
0.00375817
0.00386283
0.00398557
0.00412884
0.00429578
0.00449054
0.00471868
0.00498797
0.00530708
0.00568942
0.00615658
0.00674403
0.00751046
0.00855224
0.0100564
0.0122509
0.015155
0.0186483
0.0224426
0.0261438
0.0286339
0.0296236
0.0295369
0.0270162
0.0225855
0.0172265
0.0119192
0.00748234
0.00433031
0.002415
0.00140322
0.000921498
0.000762081
0.00115436
0.0062936
0.00380635
0.00378453
0.00407783
0.00449663
0.00508127
0.00590778
0.00702723
0.00842702
0.0100102
0.0115988
0.0129627
0.0137301
0.013982
0.0138178
0.0129948
0.0117371
0.0104377
0.00923842
0.00818557
0.00729661
0.00654245
0.00590379
0.00536184
0.00490206
0.00451436
0.00418974
0.00392113
0.00370135
0.00352428
0.00338371
0.00327424
0.00319079
0.00312901
0.00308522
0.00305713
0.00304353
0.00303888
0.00304148
0.00305645
0.00307963
0.00311258
0.00315485
0.00320731
0.00327064
0.00334598
0.00343466
0.00353805
0.00365774
0.00379541
0.00395289
0.0041322
0.0043357
0.00456636
0.00482849
0.0051288
0.00547828
0.00589539
0.00640622
0.00705518
0.00792821
0.0091767
0.0110958
0.0140138
0.0178431
0.0223021
0.0268895
0.0300777
0.0313415
0.0313085
0.0282664
0.0229375
0.0167283
0.0108819
0.00632061
0.00334837
0.00173039
0.000991432
0.00075558
0.00113174
0.00812149
0.00471682
0.00465335
0.00501494
0.00553543
0.00623966
0.00718809
0.00839761
0.00980404
0.0112557
0.0125372
0.0132883
0.0135406
0.0133592
0.0124961
0.0112639
0.0099362
0.00871365
0.00765015
0.00674982
0.00599628
0.00536137
0.00482893
0.00438387
0.00401535
0.00371408
0.00347124
0.00327863
0.00312819
0.00301266
0.00292534
0.00286058
0.0028136
0.00278064
0.00275898
0.00274823
0.00274414
0.0027439
0.00275327
0.00276933
0.00279264
0.00282398
0.00286402
0.00291389
0.00297468
0.00304779
0.00313475
0.00323714
0.00335667
0.00349512
0.00365426
0.00383579
0.00404122
0.00427184
0.00452874
0.00481322
0.00512771
0.00547774
0.00587571
0.00634639
0.00693396
0.00770397
0.00879967
0.01048
0.0132697
0.0173624
0.0224616
0.0279594
0.0317976
0.0332691
0.0330746
0.029158
0.0227697
0.0157083
0.00950565
0.00506534
0.00245334
0.00121332
0.000796201
0.00118207
0.0101612
0.00572794
0.00561101
0.00603595
0.0066451
0.00743717
0.00844771
0.00965377
0.0109434
0.0121274
0.012866
0.013121
0.0129517
0.0121189
0.0109208
0.00958907
0.008334
0.00724857
0.00633413
0.00557299
0.00494069
0.00441571
0.00398457
0.00363428
0.00335432
0.0031342
0.00296386
0.00283391
0.00273581
0.00266224
0.00260715
0.00256583
0.00253475
0.00251146
0.00249441
0.00248275
0.00247685
0.0024748
0.00247778
0.00248793
0.00250488
0.00252969
0.0025634
0.00260722
0.00266241
0.00273046
0.00281298
0.00291173
0.00302865
0.00316582
0.0033254
0.00350956
0.00372026
0.00395909
0.00422698
0.00452401
0.00484935
0.00520182
0.00558159
0.005994
0.00645677
0.00701181
0.00772994
0.00873695
0.0102992
0.0129399
0.0172438
0.0229712
0.0293994
0.0337404
0.0352885
0.0345882
0.0293957
0.0217917
0.0140091
0.00779177
0.00377612
0.0017145
0.000943358
0.00137586
0.0123526
0.0068166
0.00663309
0.00710913
0.00778266
0.00861671
0.00961672
0.0107217
0.0117842
0.012499
0.0127521
0.0126272
0.0118649
0.0107043
0.00937856
0.00809288
0.00697077
0.00603331
0.00525829
0.00462176
0.00410105
0.00367932
0.00334332
0.0030798
0.00287678
0.00272239
0.00260591
0.00251797
0.00245084
0.00239846
0.00235633
0.00232138
0.00229164
0.00226603
0.00224417
0.00222608
0.0022121
0.00220397
0.0022009
0.00220171
0.00221186
0.00222968
0.00225666
0.00229388
0.00234256
0.0024041
0.00248012
0.00257244
0.00268313
0.00281454
0.00296929
0.00315014
0.00335993
0.0036013
0.00387638
0.00418631
0.00453072
0.00490731
0.00531202
0.00574024
0.0061906
0.00667286
0.00722265
0.0079203
0.00888543
0.0103926
0.0129962
0.0175328
0.0239262
0.0312923
0.0358191
0.0372
0.0355058
0.028624
0.0197332
0.0116274
0.00585341
0.00263004
0.00128785
0.00182294
0.0146247
0.00795513
0.00768994
0.00819764
0.00890214
0.0097236
0.0106364
0.0115487
0.0122125
0.0124568
0.0123907
0.0117153
0.0106137
0.00929734
0.00798288
0.00681343
0.00583791
0.00503992
0.00439091
0.00386739
0.00344949
0.00312146
0.00286859
0.00267647
0.00253191
0.00242294
0.00233958
0.00227385
0.00221984
0.00217342
0.00213199
0.00209407
0.00205907
0.00202694
0.00199804
0.00197292
0.00195223
0.00193671
0.00192833
0.0019253
0.00192791
0.0019408
0.00196207
0.00199344
0.00203576
0.00209037
0.00215874
0.00224264
0.00234418
0.00246584
0.00261049
0.0027814
0.00298219
0.00321664
0.00348842
0.0038006
0.00415496
0.00455113
0.00498578
0.0054522
0.00594126
0.00644513
0.00696607
0.00753372
0.00823289
0.00919408
0.0107092
0.0134069
0.0182991
0.0254659
0.0337222
0.0378652
0.0388405
0.0353415
0.0263848
0.0165788
0.00876962
0.00402186
0.0018851
0.00250876
0.0169059
0.00911306
0.00874897
0.00926282
0.00995896
0.0107101
0.011461
0.0120463
0.0122774
0.0122334
0.0116672
0.0106386
0.00934505
0.00800103
0.00677593
0.00574564
0.00491013
0.00423855
0.00370298
0.0032813
0.00295448
0.00270573
0.00251884
0.00237885
0.00227288
0.00219025
0.00212291
0.00206507
0.00201298
0.00196445
0.00191846
0.00187477
0.00183364
0.00179559
0.00176126
0.00173131
0.00170638
0.00168706
0.00167488
0.00166951
0.00166857
0.00167731
0.00169457
0.00172104
0.00175767
0.00180554
0.00186599
0.00194064
0.0020315
0.00214101
0.0022721
0.00242827
0.00261358
0.00283265
0.00309044
0.00339197
0.00374161
0.00414222
0.0045938
0.00509218
0.00562799
0.0061872
0.0067551
0.00732631
0.00792615
0.00864854
0.00963605
0.0112254
0.0141758
0.0196791
0.0279095
0.0363229
0.0398444
0.0400614
0.0334089
0.0225962
0.0126021
0.00593685
0.00273408
0.00337586
0.0191527
0.0102601
0.00977741
0.0102674
0.0109139
0.0115398
0.0120386
0.0122487
0.0121832
0.0117272
0.0107733
0.00951738
0.00815032
0.00686111
0.00575954
0.00486757
0.00415928
0.00360087
0.00316607
0.00283298
0.00258191
0.00239483
0.00225515
0.00214878
0.00206449
0.00199393
0.00193144
0.00187353
0.00181835
0.00176523
0.00171423
0.00166578
0.00162052
0.00157912
0.00154219
0.00151028
0.00148385
0.0014633
0.00144944
0.00144285
0.00144097
0.00144665
0.00146111
0.00148363
0.00151535
0.00155707
0.00160999
0.00167554
0.00175555
0.00185229
0.00196855
0.00210776
0.0022741
0.00247253
0.00270879
0.00298928
0.00332061
0.00370884
0.00415825
0.00466954
0.00523775
0.00585052
0.00648819
0.00712806
0.00775663
0.0083975
0.00915976
0.010201
0.0119386
0.015298
0.0216434
0.0312457
0.039331
0.0419339
0.0398243
0.0294947
0.0174649
0.00845604
0.00386062
0.0043698
0.0213177
0.0113666
0.0107438
0.0111788
0.0117375
0.0121694
0.0123489
0.0122686
0.0118893
0.0110199
0.00981061
0.00843289
0.00707713
0.00588731
0.00491728
0.00415314
0.00355824
0.00309961
0.00275159
0.00249159
0.00229913
0.00215599
0.00204668
0.00195914
0.00188464
0.00181741
0.00175412
0.00169317
0.00163412
0.00157721
0.00152304
0.00147227
0.00142558
0.00138352
0.00134652
0.00131491
0.00128894
0.0012688
0.00125489
0.00124812
0.00124596
0.00124987
0.00126219
0.00128156
0.00130908
0.00134541
0.00139155
0.00144878
0.00151869
0.0016033
0.00170515
0.00182743
0.00197411
0.00215007
0.00236128
0.00261478
0.00291857
0.00328118
0.00371072
0.00421322
0.00479019
0.00543567
0.00613351
0.00685706
0.00757428
0.0082639
0.00895314
0.00976555
0.0108975
0.0129077
0.0169716
0.0244529
0.0355196
0.0421719
0.0434446
0.0367449
0.023458
0.0117338
0.00531363
0.00544448
0.0233192
0.0124037
0.0116217
0.0119737
0.0123991
0.0125862
0.0125299
0.0121453
0.0113746
0.0102252
0.00884962
0.0074332
0.00614238
0.00507028
0.00422652
0.00357682
0.00308143
0.00270853
0.00243212
0.00222894
0.00207864
0.00196415
0.0018722
0.0017934
0.00172169
0.00165369
0.0015879
0.00152402
0.00146244
0.00140381
0.00134886
0.00129821
0.00125235
0.0012116
0.0011762
0.00114625
0.00112183
0.00110296
0.00108981
0.00108334
0.00108118
0.00108405
0.00109464
0.00111143
0.00113539
0.00116706
0.00120732
0.00125725
0.00131823
0.00139202
0.00148086
0.00158758
0.00171578
0.00187002
0.00205598
0.00228074
0.00255281
0.00288209
0.00327939
0.00375521
0.00431765
0.00496901
0.00570162
0.00649388
0.00730963
0.0081055
0.0088547
0.00959762
0.0104679
0.0117578
0.0142342
0.0194727
0.0287532
0.0400693
0.0446233
0.0431794
0.0304706
0.0159425
0.00713441
0.00656212
0.025083
0.0133443
0.0123903
0.0126336
0.0128638
0.0128664
0.0125158
0.0118447
0.0107577
0.00940225
0.00793687
0.00654116
0.00534444
0.00439252
0.00366409
0.00311491
0.00270512
0.00240342
0.00218335
0.00202183
0.00189974
0.00180226
0.0017189
0.00164301
0.00157094
0.00150112
0.00143333
0.00136801
0.00130588
0.00124766
0.00119394
0.00114516
0.00110157
0.00106328
0.00103032
0.00100264
0.000980178
0.000962867
0.000950705
0.000944672
0.000942607
0.000944778
0.000953891
0.000968507
0.000989421
0.00101712
0.00105234
0.00109601
0.00114933
0.00121381
0.00129138
0.0013845
0.00149635
0.00163098
0.00179359
0.00199082
0.00223099
0.00252438
0.00288312
0.0033207
0.00385049
0.00448286
0.00522064
0.00605313
0.00695061
0.00786338
0.00873359
0.00953219
0.0103295
0.0112802
0.0128293
0.0160819
0.0229572
0.0347479
0.0444017
0.0465328
0.0380256
0.0212349
0.00937006
0.0077338
0.026567
0.0141678
0.0130292
0.0131303
0.0132093
0.0129947
0.012398
0.0114049
0.0100874
0.00859376
0.00709911
0.00576264
0.00467209
0.00383429
0.00320832
0.00274593
0.00240796
0.00216324
0.00198549
0.00185283
0.00174834
0.00165997
0.00158007
0.00150443
0.00143125
0.00136024
0.00129185
0.00122684
0.00116593
0.00110971
0.00105855
0.00101264
0.000972028
0.000936643
0.000906367
0.00088105
0.000860551
0.00084475
0.000833551
0.00082791
0.000825928
0.000827517
0.000835335
0.000848072
0.000866371
0.00089067
0.000921606
0.00095998
0.00100682
0.00106342
0.00113144
0.001213
0.00131085
0.00142852
0.00157061
0.0017431
0.00195371
0.00221232
0.0025313
0.0029255
0.00341164
0.00400642
0.00472258
0.00556268
0.00651069
0.00752451
0.0085357
0.00946963
0.0103042
0.0111435
0.0122242
0.014247
0.0188573
0.0281066
0.0416441
0.0476037
0.0450158
0.0276883
0.0120921
0.00893572
0.0277498
0.0148685
0.0135324
0.0134845
0.0134138
0.0129734
0.0121379
0.0108954
0.00940237
0.0078282
0.00634859
0.00509335
0.00411021
0.00337645
0.00283981
0.00245101
0.00217163
0.00197093
0.00182363
0.00170995
0.00161569
0.00153167
0.00145277
0.00137669
0.00130295
0.00123195
0.00116445
0.0011012
0.00104277
0.000989514
0.00094157
0.000898925
0.000861455
0.000828974
0.00080127
0.000778139
0.0007594
0.000744913
0.000734569
0.00072919
0.000727246
0.000728287
0.000734946
0.000746037
0.000762078
0.000783469
0.00081076
0.000844652
0.000886027
0.000936009
0.000996022
0.00106789
0.00115396
0.0012573
0.00138188
0.00153297
0.00171748
0.00194451
0.00222583
0.00257642
0.00301449
0.00356071
0.00423558
0.00505404
0.00601666
0.00709799
0.00823642
0.00933672
0.0103056
0.0111382
0.0120412
0.0133771
0.0162991
0.0231431
0.0359566
0.0473744
0.0494459
0.0352891
0.015497
0.010287
0.0286252
0.0154493
0.0138983
0.0137071
0.0134788
0.0128663
0.0117828
0.0103475
0.00873062
0.00712221
0.00568771
0.00452374
0.00364297
0.00300168
0.00254169
0.00221406
0.00198124
0.00181344
0.00168724
0.00158547
0.0014968
0.00141467
0.00133598
0.00125984
0.00118652
0.00111676
0.00105132
0.000990797
0.000935535
0.000885655
0.000841104
0.000801711
0.000767238
0.000737426
0.00071202
0.000690791
0.00067355
0.000660152
0.00065049
0.000645264
0.000643313
0.000643826
0.000649436
0.000659077
0.000673161
0.000692051
0.000716233
0.000746321
0.000783088
0.000827508
0.000880815
0.000944579
0.00102082
0.00111216
0.00122205
0.00135503
0.00151718
0.0017166
0.00196411
0.00227393
0.00266434
0.00315779
0.00377971
0.00455477
0.00549926
0.00660853
0.00784155
0.00910889
0.0102833
0.0112595
0.0120351
0.0130577
0.0149208
0.0195407
0.029746
0.0450751
0.0512776
0.0435876
0.019903
0.0120535
0.0292072
0.0159073
0.0141395
0.0138059
0.0134375
0.0126417
0.0113717
0.00978758
0.00809127
0.00648373
0.00511284
0.00404213
0.00325539
0.00269483
0.00229966
0.00202192
0.00182521
0.00168136
0.00156932
0.00147477
0.00138907
0.00130783
0.00122948
0.00115401
0.0010821
0.00101451
0.00095189
0.000894595
0.000842754
0.000796293
0.00075501
0.000718632
0.000686857
0.00065939
0.000635961
0.000616339
0.000600337
0.000587817
0.000578681
0.000573514
0.000571516
0.000571559
0.000576207
0.000584569
0.000596947
0.000613677
0.00063519
0.000662033
0.000694888
0.000734611
0.000782278
0.000839254
0.000907286
0.000988632
0.00108626
0.00120408
0.00134738
0.00152326
0.00174138
0.00201478
0.00236086
0.00280222
0.0033667
0.00408548
0.00498747
0.00608784
0.00737007
0.008765
0.010141
0.0113334
0.0122712
0.0130063
0.014314
0.0172903
0.0249269
0.0402033
0.0516033
0.051138
0.0255942
0.0144261
0.0294969
0.016248
0.0142675
0.0137925
0.0133113
0.0123439
0.0109271
0.00923505
0.00749616
0.00591465
0.00461713
0.00363655
0.0029341
0.00244305
0.00210196
0.0018642
0.00169496
0.00156816
0.00146544
0.00137522
0.00129119
0.00121068
0.00113316
0.00105913
0.000989371
0.000924558
0.000865114
0.000811192
0.000762725
0.000719494
0.0006812
0.000647508
0.000618087
0.000592631
0.000570874
0.000552594
0.000537614
0.000525807
0.000517094
0.000511886
0.00050972
0.000509504
0.000513228
0.000520457
0.000531346
0.000546199
0.000565407
0.000589458
0.000618964
0.000654686
0.000697576
0.000748832
0.000809976
0.000882969
0.000970371
0.00107557
0.00120311
0.00135918
0.00155226
0.00179402
0.00210048
0.00249326
0.00300061
0.00365721
0.00450102
0.00556442
0.00685707
0.00834047
0.00990133
0.0113502
0.0125065
0.0132751
0.0141379
0.0161052
0.021455
0.0339814
0.051021
0.0556848
0.0331495
0.017366
0.0294799
0.0164688
0.0142927
0.0137134
0.0130877
0.011996
0.010468
0.00870388
0.00695163
0.00541298
0.00419227
0.00329574
0.00266756
0.00223566
0.00193913
0.00173298
0.0015843
0.00146948
0.00137285
0.00128532
0.00120248
0.00112292
0.00104679
0.000974786
0.000907651
0.000845885
0.0007897
0.000739059
0.000693747
0.000653449
0.000617805
0.000586452
0.000559052
0.000535305
0.000514956
0.000497796
0.000483663
0.00047244
0.000464055
0.000458768
0.000456425
0.000456006
0.000458908
0.000465132
0.000474715
0.000487929
0.000505129
0.000526759
0.000553371
0.000585653
0.000624455
0.000670844
0.000726164
0.000792135
0.000870982
0.000965643
0.00108005
0.00121956
0.00139156
0.00160636
0.00187836
0.00222758
0.00268132
0.0032753
0.00405278
0.00505887
0.0063262
0.00784882
0.00954693
0.0112407
0.0126768
0.0136309
0.0142351
0.0155896
0.0191421
0.028774
0.0478597
0.0576241
0.0425762
0.020752
0.0293215
0.0166091
0.0142556
0.0135425
0.0128048
0.0116153
0.0100086
0.00820331
0.00646001
0.00497449
0.00382971
0.00300962
0.00244601
0.00206397
0.00180377
0.00162232
0.0014889
0.00138245
0.00128987
0.00120418
0.00112247
0.00104421
0.000969906
0.000900309
0.000836019
0.000777342
0.000724303
0.000676714
0.000634258
0.000596558
0.000563225
0.000533887
0.000508215
0.000485919
0.00046676
0.000450545
0.000437123
0.000426387
0.00041827
0.000412902
0.000410393
0.000409793
0.000411983
0.000417317
0.000425751
0.000437526
0.000452965
0.000472476
0.000496564
0.000525856
0.000561123
0.000603327
0.000653673
0.000713684
0.000785322
0.000871152
0.000974592
0.00110029
0.00125466
0.00144672
0.00168925
0.00200037
0.00240562
0.00294
0.00364911
0.00458661
0.00580396
0.0073268
0.0091157
0.0110182
0.0127497
0.0140386
0.0146736
0.0154563
0.0178664
0.0252892
0.0424725
0.0579929
0.0523399
0.0241689
0.0289705
0.0166883
0.0141552
0.0133074
0.012478
0.0112161
0.00955981
0.00773887
0.00602091
0.00459378
0.00352127
0.00276944
0.00226138
0.00192101
0.0016902
0.0015279
0.00140576
0.0013052
0.00121542
0.00113119
0.00105073
0.000974077
0.000901898
0.000834882
0.000773462
0.000717758
0.000667641
0.000622814
0.000582891
0.000547462
0.000516127
0.000488522
0.000464327
0.000443271
0.000425129
0.000409722
0.00039691
0.000386593
0.000378708
0.000373276
0.000370616
0.000369852
0.000371435
0.000375981
0.000383402
0.000393908
0.000407795
0.000425438
0.000447304
0.000473971
0.000506147
0.000544713
0.000590761
0.000645662
0.000711166
0.000789539
0.000883777
0.000997927
0.00113758
0.00131058
0.00152818
0.00180656
0.00216906
0.00264885
0.00329147
0.00415522
0.0053052
0.00679469
0.00862724
0.0107007
0.0127559
0.0143736
0.0151702
0.0156804
0.0172591
0.0224013
0.0370865
0.0571866
0.0602881
0.0268228
0.0284255
0.0166861
0.0139863
0.0130269
0.0121214
0.0108102
0.00912931
0.00731337
0.00563221
0.00426508
0.00325951
0.00256775
0.00210705
0.00180127
0.00159407
0.00144658
0.00133277
0.00123644
0.00114874
0.00106584
0.000986787
0.000911951
0.000842041
0.000777625
0.000718965
0.000666026
0.000618557
0.000576184
0.000538482
0.000505025
0.000475416
0.000449301
0.000426379
0.000406391
0.00038913
0.000374425
0.000362146
0.000352199
0.00034452
0.000339081
0.000336268
0.000335354
0.000336425
0.000340278
0.000346805
0.000356189
0.0003687
0.000384686
0.000404583
0.000428925
0.000458373
0.00049374
0.000536032
0.000586501
0.000646728
0.000718744
0.000805201
0.000909659
0.001037
0.00119407
0.00139072
0.00164127
0.00196675
0.00239785
0.0029785
0.00376844
0.0048415
0.00627238
0.00810299
0.0102833
0.0125999
0.0146427
0.015731
0.016203
0.0170797
0.0206091
0.0320192
0.0549231
0.0642696
0.0280054
0.0277154
0.0166539
0.0137814
0.0127153
0.0117473
0.0104068
0.00872227
0.00692758
0.00529077
0.00398269
0.00303785
0.00239832
0.00197768
0.00170043
0.00151212
0.00137605
0.00126846
0.00117524
0.00108921
0.00100763
0.000930107
0.000857199
0.000789576
0.000727666
0.000671579
0.000621149
0.00057604
0.000535825
0.000500058
0.00046831
0.000440194
0.00041537
0.00039355
0.000374494
0.000358003
0.000343919
0.000332116
0.000322502
0.000315014
0.00030962
0.000306658
0.000305608
0.000306254
0.000309498
0.000315236
0.000323625
0.000334914
0.000349425
0.000367565
0.000389835
0.000416855
0.000449384
0.000488358
0.000534938
0.000590575
0.00065711
0.000736929
0.000833189
0.000950189
0.00109393
0.00127304
0.00150011
0.00179391
0.00218241
0.00270689
0.00342636
0.00441936
0.00577684
0.007575
0.00981722
0.0123461
0.014764
0.0162702
0.0168344
0.0172469
0.0196748
0.0286564
0.0507836
0.0656884
0.0281956
0.0268803
0.0165779
0.0135504
0.0123841
0.0113659
0.0100128
0.00834186
0.00658085
0.00499295
0.00374128
0.00285061
0.00225597
0.00186897
0.00161511
0.00144188
0.00131465
0.00121175
0.00112091
0.00103632
0.000956064
0.000880136
0.000809169
0.000743756
0.000684189
0.000630443
0.000582256
0.000539226
0.000500897
0.000466811
0.000436546
0.000409725
0.000386024
0.00036517
0.000346933
0.000331126
0.000317597
0.000306225
0.00029692
0.000289618
0.000284285
0.000281196
0.000280025
0.000280323
0.000283036
0.000288078
0.000295585
0.000305785
0.00031898
0.000335548
0.000355963
0.000380808
0.0004108
0.000446819
0.000489952
0.000541549
0.000603307
0.000677399
0.000766666
0.000874929
0.00100749
0.0011719
0.00137926
0.00164618
0.00199787
0.00247244
0.00312648
0.00403974
0.00531362
0.00705185
0.00930882
0.0119994
0.014795
0.0168127
0.0175594
0.0178154
0.0192588
0.0260703
0.0461728
0.0657163
0.027631
0.025955
0.0164726
0.0133037
0.0120437
0.0109854
0.00963336
0.00798969
0.00627165
0.00473492
0.00353599
0.00269292
0.00213648
0.00177748
0.00154269
0.00138146
0.00126109
0.00116179
0.00107286
0.000989574
0.000910642
0.000836309
0.000767224
0.000703882
0.000646454
0.000594805
0.000548597
0.000507387
0.000470698
0.000438073
0.000409096
0.000383404
0.000360686
0.000340681
0.000323171
0.000307976
0.000294949
0.000283973
0.000274957
0.000267836
0.000262571
0.000259372
0.000258091
0.000258116
0.000260367
0.000264796
0.000271521
0.000280753
0.000292771
0.000307931
0.000326681
0.000349571
0.000377283
0.000410651
0.000450703
0.00049871
0.000556258
0.000625354
0.000708592
0.000809415
0.000932534
0.00108463
0.00127546
0.00151972
0.00183993
0.00227089
0.0028658
0.00370327
0.00489061
0.00655247
0.00878633
0.0115719
0.0146589
0.0172621
0.0183029
0.0185004
0.0191554
0.0241936
0.0419202
0.0635723
0.0267259
0.0249689
0.0163528
0.0130504
0.0117023
0.0106124
0.00927216
0.00766628
0.00599786
0.00451285
0.0033625
0.00256075
0.00203638
0.00170046
0.00148113
0.00132943
0.00121442
0.00111793
0.00103057
0.0009485
0.000870869
0.000798082
0.000730766
0.000669321
0.000613809
0.000564012
0.000519537
0.000479909
0.000444644
0.000413287
0.000385432
0.000360727
0.000338873
0.00031962
0.000302757
0.000288112
0.000275541
0.000264928
0.000256183
0.000249239
0.000244054
0.000240758
0.000239332
0.000239192
0.000241034
0.000244921
0.000250955
0.000259326
0.000270293
0.000284192
0.000301446
0.000322577
0.000348234
0.000379213
0.000416493
0.000461285
0.000515086
0.000579778
0.000657764
0.000752186
0.000867289
0.00100901
0.00118599
0.0014112
0.00170469
0.00209789
0.00264009
0.00340694
0.0045079
0.00608307
0.00826864
0.0111058
0.0143955
0.017561
0.0190921
0.0193695
0.0194757
0.0228973
0.0381234
0.0605653
0.0256052
0.023928
0.016236
0.0128006
0.0113673
0.0102519
0.00893166
0.00737139
0.00575702
0.00432326
0.00321705
0.00245069
0.00195287
0.00163573
0.00142881
0.00128466
0.00117385
0.0010796
0.000993594
0.000912657
0.000836276
0.000764945
0.000699252
0.000639508
0.000585689
0.000537511
0.000494539
0.000456281
0.000422249
0.000391992
0.000365113
0.000341271
0.000320178
0.000301591
0.000285307
0.000271156
0.000258998
0.000248718
0.000240224
0.000233448
0.000228343
0.000224965
0.000223404
0.000223136
0.000224631
0.000228044
0.000233466
0.000241072
0.000251103
0.000263874
0.000279786
0.000299334
0.000323138
0.000351959
0.000386738
0.000428631
0.00047907
0.000539842
0.000613203
0.000702065
0.000810302
0.000943255
0.0011086
0.00131784
0.00158877
0.00194962
0.00244556
0.0031481
0.00416572
0.00564812
0.00776401
0.0106204
0.0141029
0.0176901
0.0198456
0.0202918
0.0201349
0.0222421
0.0348091
0.0570265
0.02446
0.022888
0.016123
0.0125603
0.0110443
0.00990793
0.00861338
0.00710423
0.00554638
0.00416285
0.0030965
0.00235994
0.00188368
0.00158156
0.00138447
0.00124625
0.00113875
0.00104632
0.000961503
0.000881628
0.000806424
0.000736432
0.000672197
0.000613954
0.000561609
0.00051483
0.000473153
0.000436074
0.000403104
0.000373799
0.000347769
0.000324682
0.000304259
0.000286261
0.000270492
0.000256783
0.000244997
0.000235018
0.000226753
0.000220131
0.000215103
0.000211664
0.000209981
0.0002096
0.000210801
0.0002138
0.000218684
0.000225612
0.000234811
0.000246576
0.000261286
0.000279413
0.000301548
0.000328421
0.000360936
0.000400208
0.000447615
0.000504869
0.000574118
0.000658099
0.0007604
0.000885883
0.00104144
0.00123729
0.00148924
0.00182256
0.0022783
0.00292317
0.00386247
0.00525058
0.00728048
0.0101167
0.0137387
0.0177228
0.0205519
0.0213097
0.0209528
0.0219767
0.0320237
0.0533257
0.0232809
0.0217822
0.0160262
0.012337
0.0107385
0.00958354
0.00831819
0.00686351
0.00536354
0.00402877
0.0029981
0.00228617
0.00182701
0.00153658
0.00134711
0.00121349
0.00110859
0.00101768
0.000933913
0.000855028
0.00078091
0.000712126
0.000649175
0.000592234
0.000541156
0.000495572
0.000455
0.000418928
0.000386869
0.000358383
0.000333088
0.00031066
0.000290822
0.000273343
0.000258028
0.000244713
0.000233258
0.000223547
0.000215488
0.000209004
0.000204044
0.000200575
0.000198773
0.000198284
0.000199236
0.000201874
0.000206283
0.000212613
0.000221074
0.000231946
0.000245584
0.000262439
0.000283074
0.000308191
0.000338659
0.000375557
0.000420218
0.000474297
0.00053986
0.000619517
0.000716636
0.000835709
0.000982985
0.00116761
0.00140366
0.00171368
0.00213478
0.00272857
0.00359563
0.00489119
0.00682615
0.00961506
0.0133244
0.0176369
0.0211816
0.0223607
0.0219429
0.0219464
0.029779
0.0496632
0.0221676
0.0209164
0.0159629
0.0121367
0.0104537
0.00928087
0.0080464
0.00664777
0.0052062
0.00391842
0.00291948
0.00222756
0.00178142
0.0014997
0.00131591
0.00118579
0.00108294
0.000993282
0.00091047
0.000832502
0.000759374
0.000691658
0.00062982
0.000573989
0.000523982
0.000479405
0.000439764
0.000404543
0.000373258
0.000345471
0.000320808
0.000298947
0.000279617
0.000262591
0.000247674
0.000234702
0.000223538
0.000214064
0.000206184
0.000199821
0.000194919
0.000191439
0.000189522
0.000188928
0.000189666
0.000191989
0.000195981
0.000201784
0.000209594
0.000219674
0.00023236
0.000248081
0.000267374
0.000290913
0.000319535
0.000354285
0.000396457
0.00044766
0.0005099
0.000585691
0.000678245
0.000791769
0.000932005
0.00110721
0.00132997
0.00162038
0.00201186
0.00256086
0.00336222
0.00456889
0.00640354
0.00912391
0.012879
0.0174441
0.0217135
0.0234347
0.0230634
0.0224649
0.0280505
0.046242
0.0211485
0.0201534
0.0159228
0.011963
0.0101934
0.00900177
0.00779801
0.00645558
0.00507221
0.00382955
0.00285876
0.00218258
0.00174582
0.00147011
0.00129028
0.00116267
0.0010614
0.000972802
0.000890856
0.000813733
0.000741493
0.000674708
0.000613815
0.000558913
0.000509794
0.00046605
0.00042718
0.000392668
0.000362029
0.000334832
0.000310704
0.000289327
0.000270433
0.000253795
0.00023922
0.000226546
0.000215631
0.00020636
0.000198634
0.000192374
0.00018752
0.000184034
0.000182008
0.000181307
0.000181861
0.000183909
0.000187536
0.000192874
0.000200112
0.000209494
0.000221339
0.000236054
0.000254153
0.000276279
0.000303243
0.000336053
0.000375971
0.000424566
0.000483795
0.00055611
0.000644608
0.000753288
0.000887501
0.00105479
0.00126644
0.00154044
0.00190676
0.00241684
0.00315921
0.00428212
0.00601448
0.00864977
0.0124188
0.0171947
0.0221158
0.0244764
0.0243521
0.0231305
0.0268035
0.0431497
0.0202796
0.0194277
0.0159218
0.0118218
0.00996049
0.00874752
0.00757289
0.00628559
0.0049596
0.00376007
0.00281416
0.00215022
0.00171928
0.00144707
0.00126967
0.00114373
0.00104362
0.000955924
0.000874773
0.000798429
0.000726981
0.000660995
0.00060089
0.000546747
0.000498346
0.000455275
0.000417028
0.000383092
0.000352984
0.000326273
0.000302589
0.000281617
0.000263088
0.000246777
0.000232491
0.000220066
0.000209362
0.00020026
0.000192661
0.000186485
0.000181669
0.000178172
0.000176046
0.000175235
0.000175626
0.000177433
0.000180739
0.000185672
0.000192407
0.000201177
0.000212283
0.000226112
0.000243152
0.000264023
0.000289503
0.00032057
0.000358451
0.000404682
0.000461183
0.000530356
0.000615224
0.000719641
0.000848667
0.00100927
0.00121168
0.001472
0.00181711
0.00229363
0.00298356
0.00402882
0.00565983
0.00819796
0.0119523
0.0169187
0.0223647
0.0255381
0.0257322
0.0240777
0.0260996
0.0404367
0.0195745
0.0187207
0.0159327
0.011718
0.00975857
0.00851951
0.00737083
0.00613652
0.00486654
0.00370838
0.00278487
0.00212924
0.00170151
0.00143044
0.00125378
0.00112867
0.00102935
0.000942398
0.000861972
0.000786345
0.000715597
0.000650284
0.000590818
0.000537276
0.000489436
0.000446887
0.000409127
0.000375643
0.000345954
0.000319632
0.000296307
0.000275663
0.000257432
0.000241388
0.000227338
0.000215117
0.000204583
0.000195617
0.000188118
0.000182005
0.000177214
0.000173701
0.000171481
0.000170555
0.000170801
0.000172394
0.000175419
0.000179996
0.000186293
0.00019453
0.000204992
0.000218043
0.000234153
0.000253915
0.000278077
0.000307585
0.000343635
0.00038773
0.000441757
0.000508086
0.000589691
0.00069033
0.000814857
0.000969803
0.00116453
0.00141353
0.00174087
0.00218868
0.0028324
0.00380642
0.00533884
0.00777105
0.011482
0.0165945
0.0224883
0.0265657
0.0272049
0.0251544
0.0257942
0.0381133
0.019062
0.0180243
0.0159603
0.0116389
0.00958573
0.00831785
0.00719155
0.00600738
0.00479157
0.00367293
0.00276836
0.0021201
0.00169117
0.00141916
0.00124233
0.0011172
0.00101828
0.000931927
0.000852172
0.000777212
0.000707093
0.000642356
0.000583405
0.000530322
0.000482898
0.000440731
0.000403328
0.000370178
0.000340804
0.000314778
0.000291728
0.000271339
0.000253342
0.000237508
0.000223643
0.00021158
0.000201177
0.000192313
0.000184886
0.000178813
0.000174031
0.000170494
0.000168191
0.000167142
0.000167254
0.000168657
0.000171433
0.000175701
0.000181617
0.000189393
0.000199298
0.000211674
0.000226971
0.000245762
0.000268763
0.000296887
0.000331301
0.000373474
0.000425266
0.000489021
0.000567682
0.000664956
0.00078556
0.000935702
0.00112405
0.00136373
0.00167633
0.00209978
0.0027031
0.00361251
0.00505073
0.00737229
0.0110176
0.0162369
0.0225372
0.0275366
0.0287702
0.0263847
0.0257286
0.0361782
0.01877
0.0173391
0.015988
0.0116297
0.0094493
0.00814356
0.00703475
0.00589717
0.00473287
0.00365165
0.00276937
0.00212284
0.00169185
0.00141491
0.00123491
0.00110925
0.00101036
0.000924424
0.000845273
0.000770942
0.000701377
0.000637082
0.000578496
0.000525727
0.000478582
0.000436669
0.000399503
0.000366581
0.000337425
0.000311608
0.000288758
0.000268555
0.000250729
0.00023505
0.000221319
0.000209369
0.000199056
0.000190258
0.000182872
0.000176816
0.000172023
0.000168451
0.000166074
0.000164898
0.000164886
0.000166112
0.00016867
0.000172668
0.000178256
0.000185637
0.000195067
0.000206862
0.000221455
0.000239404
0.000261392
0.000288297
0.00032126
0.000361718
0.000411499
0.000472931
0.000548939
0.000643206
0.000760372
0.000906425
0.0010895
0.00132157
0.00162204
0.00202501
0.00259331
0.00344457
0.00479378
0.00700224
0.0105629
0.0158528
0.022542
0.0284269
0.0303178
0.0278763
0.0260596
0.0345839
0.0186418
0.01667
0.0160009
0.0116545
0.00935069
0.00799854
0.00690064
0.00580515
0.00469006
0.00364809
0.00277781
0.00213252
0.00169715
0.00141646
0.00123297
0.00110431
0.00100501
0.000919414
0.000840788
0.000766992
0.000697925
0.000634142
0.000575946
0.000523444
0.000476484
0.000434712
0.000397669
0.000364866
0.00033583
0.000310133
0.000287401
0.000267311
0.000249588
0.000233998
0.000220342
0.00020845
0.000198177
0.000189401
0.000182019
0.000175947
0.00017112
0.000167493
0.000165042
0.000163763
0.000163665
0.000164742
0.00016712
0.000170896
0.0001762
0.000183224
0.000192211
0.000203495
0.000217482
0.000234712
0.000255831
0.000281668
0.000313361
0.0003523
0.000400285
0.000459634
0.000533255
0.000624836
0.000738983
0.000881547
0.00106027
0.0012862
0.00157683
0.00196275
0.00250095
0.00330033
0.0045664
0.00666157
0.0101214
0.0154434
0.0224604
0.0292436
0.0318633
0.0295693
0.0266399
0.0332894
0.0186156
0.0160263
0.0159966
0.0117238
0.00928615
0.00788172
0.00678901
0.00573101
0.00466206
0.00365371
0.00279793
0.0021531
0.00170987
0.00142208
0.0012346
0.00110418
0.0010032
0.000917359
0.000839296
0.000766273
0.00069785
0.000634302
0.000576201
0.000523734
0.000476774
0.000434985
0.000397921
0.000365098
0.00033605
0.000310348
0.000287616
0.000267531
0.000249814
0.000234231
0.000220579
0.000208688
0.00019841
0.000189622
0.000182219
0.000176116
0.000171246
0.00016756
0.000165031
0.000163655
0.00016346
0.000164393
0.000166625
0.000170249
0.000175371
0.000182144
0.000190805
0.000201673
0.000215132
0.000231687
0.000251981
0.000276883
0.000307481
0.000345095
0.000391488
0.000448987
0.000520471
0.000609661
0.000721161
0.000860751
0.00103591
0.00125695
0.00153972
0.00191166
0.00242422
0.00317766
0.00436678
0.00635043
0.00969764
0.0150224
0.0223348
0.0299792
0.0334417
0.0314223
0.0274774
0.0322817
0.018776
0.0154039
0.0159942
0.0118348
0.00927296
0.00779829
0.00670055
0.00567356
0.00464659
0.00366918
0.00283117
0.00218494
0.00173244
0.00143425
0.00123961
0.00110594
0.00100397
0.000917916
0.000839994
0.000767231
0.000699049
0.000635747
0.000577771
0.000525326
0.000478325
0.000436465
0.000399322
0.000366428
0.00033732
0.000311574
0.000288811
0.000268705
0.000250975
0.000235383
0.000221722
0.000209821
0.00019953
0.000190723
0.000183295
0.000177161
0.000172253
0.000168524
0.000165947
0.000164517
0.000164238
0.000165032
0.000167088
0.000170532
0.000175443
0.000182004
0.000190445
0.00020106
0.000214215
0.000230309
0.000250004
0.00027411
0.000303656
0.000340009
0.000384997
0.000440884
0.000510466
0.000597549
0.000706739
0.000843802
0.00101608
0.00123329
0.00150993
0.00187059
0.00236156
0.00307463
0.00419304
0.00606812
0.00929298
0.0145906
0.0221702
0.0306116
0.0350268
0.0334403
0.0285456
0.0315254
0.0190895
0.0147973
0.015986
0.0119703
0.00928945
0.00774424
0.00663611
0.0056348
0.00464817
0.00370022
0.00287578
0.00222725
0.0017638
0.00145381
0.00125004
0.00111063
0.00100662
0.000920009
0.000842229
0.000769874
0.000702139
0.000639194
0.000581386
0.000528944
0.000481839
0.000439823
0.000402511
0.000369457
0.00034021
0.000314349
0.000291493
0.000271312
0.00025352
0.000237873
0.000224162
0.000212211
0.000201867
0.000193005
0.000185517
0.000179318
0.00017434
0.000170537
0.000167882
0.000166367
0.000166007
0.00016669
0.000168594
0.000171896
0.00017664
0.000182995
0.000191183
0.000201484
0.000214268
0.000230035
0.000249375
0.000273042
0.000301884
0.000337298
0.000381018
0.000435287
0.000503156
0.000588412
0.000695609
0.000830542
0.00100052
0.00121483
0.00148683
0.00183861
0.00231164
0.00298953
0.00404347
0.00581404
0.00890968
0.0141525
0.0219712
0.0311448
0.0366255
0.0356148
0.0298481
0.031019
0.0195482
0.0142018
0.015961
0.0121271
0.00933685
0.00772943
0.0065943
0.00561049
0.00465784
0.00374231
0.00293147
0.00228028
0.00180452
0.00148071
0.00126614
0.00112001
0.00101232
0.000924547
0.000846856
0.000774996
0.000707692
0.00064501
0.000587285
0.000534766
0.000487474
0.00044521
0.00040763
0.000374313
0.000344825
0.000318749
0.000295706
0.000275361
0.000257425
0.000241651
0.000227825
0.000215768
0.000205326
0.000196369
0.000188791
0.000182504
0.00017744
0.000173551
0.00017081
0.000169212
0.000168777
0.000169371
0.000171145
0.000174337
0.000178956
0.000185166
0.000193177
0.000203265
0.00021578
0.000231179
0.000250038
0.000273121
0.000301476
0.000336356
0.000379332
0.00043251
0.000498952
0.000582413
0.000687719
0.000820873
0.000989084
0.00120131
0.00146997
0.00181498
0.00227338
0.0029209
0.00391641
0.00558719
0.00854874
0.0137087
0.0217119
0.0315906
0.0382331
0.0379466
0.031372
0.0307741
0.0201605
0.0136099
0.0159034
0.0123032
0.00943213
0.00774347
0.00658571
0.0056116
0.0046811
0.00379498
0.00299802
0.00234427
0.00185525
0.00151571
0.00128827
0.00113369
0.00102144
0.000931758
0.000853668
0.000782061
0.000715153
0.000652744
0.000595101
0.000542484
0.000494961
0.000452389
0.000414468
0.000380812
0.000351004
0.000324637
0.000301334
0.00028076
0.000262622
0.000246667
0.00023268
0.000220476
0.0002099
0.00020082
0.000193127
0.000186733
0.000181569
0.000177585
0.000174755
0.000173075
0.000172576
0.000173102
0.00017477
0.000177881
0.000182413
0.000188525
0.000196421
0.000206368
0.000218706
0.000233872
0.000252428
0.000275106
0.000302863
0.000336961
0.000379125
0.000431641
0.000497325
0.000579608
0.000683633
0.000815442
0.000982307
0.00119318
0.00145972
0.00179961
0.00224581
0.00286748
0.00381036
0.00538662
0.00821171
0.0132668
0.0214094
0.0319243
0.0398533
0.0403835
0.033145
0.0306963
0.0209604
0.0130187
0.0157876
0.0124888
0.00956273
0.00778513
0.0065966
0.00562376
0.0047199
0.00385886
0.00307559
0.0024195
0.00191669
0.00155975
0.00131728
0.0011523
0.00103405
0.000941561
0.000862584
0.000791018
0.000724443
0.000662311
0.000604763
0.000552049
0.000504274
0.000461351
0.000423033
0.000388969
0.00035877
0.000332041
0.000308411
0.000287545
0.000269146
0.00025296
0.000238766
0.000226376
0.000215632
0.000206401
0.00019857
0.000192051
0.000186773
0.000182687
0.000179765
0.000178007
0.000177452
0.000177929
0.000179515
0.000182574
0.000187055
0.000193114
0.00020095
0.000210821
0.000223059
0.000238088
0.000256456
0.000278872
0.000306268
0.000339878
0.000381343
0.000432856
0.000497367
0.000578895
0.000682216
0.00081335
0.000979453
0.00118968
0.00145525
0.00179237
0.00222955
0.00282811
0.00372398
0.00521115
0.0078987
0.0128282
0.0210677
0.0321822
0.041426
0.0428455
0.0352275
0.0308657
0.0219226
0.0124235
0.0155999
0.0126734
0.00972856
0.00786996
0.00662954
0.00565347
0.0047712
0.00393365
0.00316407
0.00250633
0.00198961
0.00161386
0.00135421
0.00117668
0.00105071
0.000954264
0.000873727
0.000801871
0.000735506
0.000673637
0.000616207
0.000563413
0.000515387
0.000472092
0.000433336
0.000398812
0.000368161
0.000341007
0.000316986
0.000295767
0.000277053
0.000260586
0.00024614
0.000233527
0.000222583
0.000213172
0.000205183
0.000198522
0.00019312
0.000188926
0.000185911
0.000184078
0.000183477
0.000183923
0.000185453
0.000188486
0.000192952
0.000199002
0.000206829
0.000216687
0.000228898
0.000243876
0.000262156
0.000284431
0.000311613
0.000344913
0.000385951
0.000436907
0.000500701
0.000581186
0.000683346
0.000813437
0.000979099
0.00118911
0.00145439
0.00179031
0.00222273
0.00280227
0.00365595
0.00505976
0.00761019
0.0123958
0.0206888
0.0323689
0.0429566
0.0453837
0.037571
0.0313412
0.0230797
0.0118177
0.0153202
0.0128417
0.00992335
0.00799148
0.00669742
0.00570776
0.00483693
0.00401957
0.00326343
0.00260501
0.00207477
0.0016792
0.00140031
0.00120789
0.00107221
0.00097035
0.000887341
0.000814703
0.000748333
0.00068667
0.00062937
0.000576529
0.000528272
0.000484607
0.000445393
0.000410372
0.000379221
0.000351587
0.00032712
0.000305494
0.000286414
0.000269618
0.00025488
0.000242006
0.000230832
0.000221218
0.000213049
0.000206233
0.000200698
0.000196391
0.000193284
0.000191382
0.000190747
0.000191179
0.000192681
0.000195712
0.000200201
0.000206284
0.000214155
0.000224059
0.000236313
0.000251323
0.000269612
0.000291861
0.000318964
0.000352115
0.000392916
0.000443536
0.000506898
0.000586898
0.000688605
0.000818382
0.000983903
0.00119414
0.00145967
0.00179443
0.00222188
0.00279015
0.00360495
0.00493145
0.00734639
0.0119723
0.0202757
0.0324641
0.0444314
0.0480329
0.0401218
0.0320355
0.0244396
0.0111995
0.014931
0.0129793
0.0101485
0.00815175
0.00679861
0.00578493
0.00491821
0.00411706
0.00337375
0.00271576
0.00217288
0.00175699
0.00145698
0.00124726
0.00109958
0.000990527
0.000903845
0.000829715
0.000762985
0.000701394
0.00064421
0.000591351
0.0005429
0.000498887
0.000459217
0.000423683
0.000392
0.000363845
0.000338886
0.000316806
0.000297313
0.000280146
0.000265078
0.000251911
0.000240479
0.000230639
0.000222274
0.000215291
0.000209616
0.000205195
0.000201999
0.000200033
0.000199382
0.000199814
0.000201317
0.000204376
0.000208924
0.000215086
0.00022305
0.00023306
0.000245427
0.00026055
0.000278942
0.000301275
0.00032843
0.000361588
0.000402338
0.00045284
0.000516026
0.000595824
0.000697375
0.000827176
0.00099308
0.00120419
0.00147096
0.00180638
0.00223093
0.00278707
0.00357034
0.00482515
0.00710714
0.0115595
0.0198334
0.0324996
0.0458445
0.0507586
0.0429168
0.0330082
0.026011
0.0105609
0.0144146
0.0130626
0.0103786
0.0083459
0.00693303
0.00588704
0.00501651
0.00422681
0.00349516
0.0028387
0.00228454
0.00184842
0.0015258
0.00129635
0.00113414
0.00101578
0.000923878
0.000847271
0.000779631
0.00071786
0.000660714
0.000607847
0.000559243
0.00051492
0.000474818
0.000438775
0.000406549
0.000377848
0.000352364
0.000329793
0.00030985
0.000292277
0.000276845
0.000263357
0.000251642
0.000241558
0.000232984
0.000225825
0.000220005
0.000215472
0.000212193
0.000210175
0.000209524
0.000209973
0.000211504
0.000214628
0.000219273
0.000225557
0.000233667
0.000243843
0.000256392
0.000271706
0.000290294
0.000312819
0.000340155
0.000373473
0.000414355
0.000464961
0.000528231
0.000608128
0.000709865
0.000840066
0.00100676
0.0012192
0.0014878
0.00182483
0.00224844
0.00279513
0.00355377
0.00473993
0.00689239
0.0111594
0.019359
0.0324821
0.0471772
0.0535643
0.0459349
0.0342506
0.0278185
0.00991179
0.0137581
0.0130249
0.0106517
0.00857603
0.00710169
0.0060161
0.00513364
0.00434984
0.00362794
0.00297392
0.00241022
0.0019546
0.00160841
0.00135699
0.00117756
0.00104741
0.000948377
0.000867967
0.000798606
0.000736223
0.000678931
0.000626015
0.000577281
0.000532694
0.000492201
0.000455676
0.000422915
0.000393662
0.000367637
0.000344552
0.000324133
0.000306127
0.000290307
0.000276475
0.00026446
0.000254117
0.000245324
0.000237984
0.000232022
0.000227381
0.000224028
0.000221971
0.000221346
0.000221827
0.000223414
0.000226643
0.000231425
0.000237878
0.000246187
0.000256588
0.000269386
0.000284971
0.000303846
0.000326671
0.000354315
0.000387945
0.000429145
0.000480078
0.000543699
0.000624008
0.000726288
0.00085728
0.00102518
0.00123942
0.00151043
0.00184996
0.00227414
0.00281442
0.00354883
0.00467366
0.00670199
0.0107746
0.0188547
0.0323607
0.0484017
0.0564361
0.0491908
0.0358038
0.0298633
0.00925347
0.0129667
0.0128881
0.010971
0.008853
0.00730902
0.00617473
0.0052716
0.0044874
0.00377257
0.00312146
0.00255016
0.00207647
0.00170645
0.00143117
0.00123182
0.00108714
0.000978639
0.000892706
0.000820479
0.000756806
0.00069902
0.000645914
0.000597029
0.000552209
0.000511372
0.000474407
0.000441141
0.000411353
0.000384789
0.000361184
0.000340277
0.000321823
0.000305601
0.000291412
0.000279086
0.000268477
0.000259462
0.000251943
0.000245842
0.000241103
0.000237692
0.000235613
0.000235042
0.000235574
0.000237247
0.000240626
0.000245586
0.000252254
0.000260814
0.000271501
0.000284617
0.000300551
0.000319804
0.000343034
0.000371112
0.000405209
0.000446914
0.000498401
0.00056265
0.000643695
0.000746889
0.000879078
0.00104861
0.0012651
0.00153904
0.00188178
0.00230778
0.00284374
0.00355635
0.00462613
0.00653559
0.0104068
0.0183223
0.0321739
0.0495042
0.0593641
0.0527157
0.0376384
0.0321693
0.00861941
0.0120386
0.0126746
0.0112177
0.00915834
0.00755659
0.00636642
0.00543314
0.00464119
0.00392971
0.00328137
0.00270444
0.00221472
0.00182143
0.00152102
0.00129922
0.00113707
0.0010164
0.000922787
0.000846148
0.00078018
0.000721314
0.000667722
0.000618569
0.000573502
0.000532354
0.000494995
0.000461269
0.00043098
0.000403901
0.000379789
0.000358399
0.000339499
0.000322872
0.000308325
0.000295687
0.000284814
0.000275581
0.000267891
0.000261664
0.000256844
0.000253394
0.000251313
0.000250836
0.000251436
0.000253231
0.000256802
0.000261984
0.000268917
0.000277782
0.000288816
0.000302318
0.000318677
0.000338397
0.000362138
0.000390778
0.000425497
0.000467897
0.000520174
0.000585335
0.000667455
0.000771947
0.000905751
0.00107735
0.00129652
0.00157384
0.00192041
0.0023493
0.00288318
0.00357947
0.00460067
0.00639213
0.0100571
0.0177609
0.0318661
0.0504835
0.0623306
0.0565326
0.0397801
0.0347337
0.00802048
0.0110193
0.0124145
0.0114122
0.00947174
0.0078386
0.00659268
0.00562112
0.00481344
0.00410048
0.00345384
0.00287295
0.00236969
0.00195459
0.00162862
0.00138229
0.00119974
0.00106391
0.000960011
0.000876951
0.000807276
0.000746418
0.000691809
0.000642116
0.000596692
0.000555215
0.000517491
0.00048335
0.000452605
0.000425051
0.000400463
0.000378615
0.000359287
0.00034227
0.000327376
0.000314439
0.000303314
0.000293879
0.000286034
0.000279701
0.000274823
0.000271361
0.000269306
0.000268967
0.000269658
0.000271619
0.000275415
0.000280868
0.000288116
0.000297343
0.000308783
0.000322739
0.000339601
0.000359877
0.000384237
0.000413567
0.000449066
0.000492359
0.00054567
0.000612038
0.000695584
0.000801771
0.000937617
0.00111171
0.00133398
0.00161508
0.00196595
0.00239852
0.00293179
0.0036141
0.00459108
0.00626906
0.00972575
0.0171782
0.0314484
0.0513052
0.0653075
0.0606331
0.0422567
0.0375726
0.00745247
0.00995806
0.0120583
0.011462
0.00980679
0.00815432
0.00685382
0.00583756
0.00500627
0.00428619
0.00363919
0.00305549
0.00254141
0.0021068
0.00175585
0.00148365
0.00127807
0.00112394
0.00100677
0.00091479
0.000839514
0.000775341
0.000718854
0.000668109
0.000622055
0.000580129
0.00054201
0.000507471
0.000476311
0.000448327
0.000423308
0.000401042
0.00038132
0.000363944
0.000348732
0.000335522
0.000324172
0.00031456
0.000306589
0.00030018
0.000295274
0.000291836
0.000289841
0.000289687
0.000290492
0.000292668
0.000296734
0.000302505
0.000310121
0.000319764
0.000331671
0.000346148
0.000363589
0.000384512
0.000409598
0.000439752
0.000476196
0.000520587
0.000575186
0.000643071
0.000728404
0.000836696
0.000975014
0.00115203
0.00137776
0.00166298
0.00201848
0.00245533
0.00298934
0.00365999
0.00459126
0.00616576
0.00941412
0.0165778
0.0309051
0.0519402
0.0682686
0.0650249
0.0451005
0.0406815
0.006902
0.00889055
0.0115829
0.0114127
0.0101436
0.00850274
0.00715215
0.00608564
0.00522258
0.00448875
0.00383814
0.00325189
0.00272957
0.00227845
0.00190423
0.00160587
0.00137523
0.00119979
0.0010661
0.000962258
0.000878965
0.000809651
0.00075
0.000697351
0.000650141
0.000607469
0.000568808
0.000533817
0.00050224
0.000473854
0.000448445
0.000425806
0.000405736
0.000388045
0.000372557
0.000359115
0.000347579
0.000337831
0.000329773
0.000323327
0.000318436
0.000315062
0.000313184
0.000313228
0.000314193
0.000316648
0.000321032
0.000327171
0.000335205
0.000345319
0.000357752
0.000372817
0.000390916
0.000412578
0.000438503
0.000469622
0.000507187
0.000552894
0.000609048
0.000678772
0.000766267
0.000877074
0.00101829
0.00119863
0.00142816
0.00171773
0.00207808
0.00251958
0.00305541
0.00371744
0.00461162
0.00608392
0.00912282
0.0159686
0.0302321
0.0522815
0.0711769
0.069697
0.048349
0.0440661
0.00636075
0.00785218
0.0109533
0.0112844
0.0104263
0.00886115
0.00748135
0.00636544
0.00546442
0.00471013
0.00405172
0.00346217
0.00293371
0.00246942
0.00207469
0.00175115
0.00149442
0.00129516
0.00114174
0.00102275
0.000928513
0.000851677
0.000787051
0.000731198
0.000681944
0.000637952
0.0005984
0.000562763
0.000530675
0.000501856
0.000476065
0.000453082
0.000432704
0.000414745
0.00039903
0.000385405
0.000373734
0.000363899
0.000355803
0.00034937
0.000344544
0.000341278
0.000339619
0.000339813
0.000341016
0.000343832
0.000348578
0.000355132
0.000363635
0.000374275
0.000387296
0.000403018
0.000421856
0.000444358
0.000471245
0.000503481
0.000542357
0.000589616
0.00064761
0.000719509
0.000809546
0.000923278
0.0010678
0.00125182
0.00148542
0.00177949
0.00214473
0.00259101
0.00312935
0.00378463
0.00464506
0.00602028
0.00885154
0.0153482
0.0294386
0.0524056
0.0740007
0.0746323
0.0520413
0.0477164
0.00581919
0.00690173
0.0101428
0.0110437
0.0105427
0.00922529
0.0078385
0.00667746
0.00573406
0.00495277
0.00428153
0.00368678
0.00315345
0.00267927
0.00226759
0.00192117
0.00163864
0.00141397
0.00123798
0.00110048
0.000991999
0.000904716
0.000832717
0.000771805
0.00071914
0.00067286
0.000631757
0.000595042
0.000562177
0.000532771
0.000506518
0.000483163
0.000462482
0.000444278
0.000428373
0.000414611
0.000402853
0.000392983
0.000384905
0.000378537
0.000373835
0.000370719
0.000369371
0.000369733
0.000371213
0.000374458
0.000379621
0.000386643
0.000395669
0.000406894
0.000420569
0.000437024
0.000456694
0.000480146
0.000508134
0.000541659
0.000582059
0.000631126
0.000691263
0.000765684
0.000858645
0.000975696
0.0011239
0.0013119
0.00154976
0.00184835
0.00221835
0.00266932
0.00321053
0.00386084
0.00469166
0.00597463
0.00860198
0.0147236
0.0285201
0.0523093
0.0766428
0.0798048
0.0562228
0.0516255
0.00530542
0.00602589
0.00922112
0.0106634
0.0105051
0.00955267
0.008206
0.00701566
0.0060308
0.00521803
0.00452911
0.00392649
0.00338862
0.00290739
0.00248273
0.00211688
0.00181035
0.00156003
0.00135951
0.00120047
0.0010743
0.000973216
0.00089087
0.000822428
0.000764395
0.000714334
0.000670581
0.000631999
0.000597806
0.00056744
0.000540482
0.000516602
0.000495532
0.000477042
0.000460938
0.00044705
0.000435233
0.000425366
0.000417348
0.000411093
0.00040657
0.000403639
0.000402692
0.000403247
0.000405044
0.000408785
0.000414417
0.000421962
0.000431572
0.000443447
0.000457851
0.00047513
0.000495738
0.000520274
0.000549525
0.000584538
0.000626698
0.000677853
0.000740456
0.000817753
0.000914009
0.00103474
0.00118694
0.00137915
0.00162135
0.00192434
0.00229882
0.00275412
0.00329822
0.0039448
0.00475001
0.00595022
0.00837496
0.0141004
0.0274806
0.0518195
0.0789492
0.0851999
0.0609409
0.0557741
0.0048435
0.00523915
0.00824683
0.0101144
0.0103753
0.00979087
0.00856842
0.00737493
0.00635444
0.00550765
0.00479653
0.00418272
0.00363962
0.00315339
0.00271961
0.00233859
0.00201128
0.00173668
0.00151103
0.00132827
0.00118127
0.00106289
0.000966783
0.000887739
0.000821731
0.000765768
0.00071769
0.000675955
0.000639464
0.000607421
0.000579237
0.000554462
0.000532741
0.000513789
0.00049737
0.000483287
0.000471375
0.000461498
0.000453547
0.000447424
0.000443111
0.000440386
0.000439912
0.000440682
0.000442839
0.000447129
0.000453281
0.000461408
0.000471668
0.00048427
0.000499494
0.000517706
0.000539386
0.000565165
0.000595874
0.000632603
0.000676792
0.000730339
0.00079574
0.000876263
0.00097616
0.00110089
0.00125732
0.00145386
0.00170034
0.00200747
0.00238593
0.00284503
0.00339178
0.00403557
0.00481835
0.00594163
0.00816828
0.0134855
0.0263442
0.0510391
0.0808513
0.0907422
0.0662444
0.0601405
0.00444035
0.00454896
0.00727298
0.00940139
0.0101004
0.00978927
0.00886789
0.00772667
0.00669403
0.0058192
0.0050847
0.0044571
0.00390754
0.00341747
0.00297791
0.00258621
0.00224244
0.00194656
0.00169686
0.00148959
0.00131949
0.00118065
0.00106725
0.000974106
0.000896915
0.000832255
0.000777506
0.000730701
0.000690378
0.00065545
0.0006251
0.000598707
0.000575786
0.000555957
0.000538914
0.000524407
0.000512235
0.000502232
0.000494268
0.000488229
0.000484096
0.00048157
0.000481573
0.000482573
0.000485167
0.000489976
0.000496707
0.000505481
0.000516466
0.000529887
0.000546042
0.000565322
0.000588236
0.000615453
0.000647845
0.000686552
0.000733064
0.000789321
0.000857851
0.000941927
0.00104576
0.00117472
0.00133553
0.00153639
0.00178694
0.00209778
0.00247958
0.00294172
0.00349059
0.00413211
0.00489575
0.0059463
0.00798453
0.0128894
0.0251293
0.0498944
0.082116
0.0963515
0.072183
0.064693
0.00408754
0.00394342
0.00634668
0.00857366
0.0096707
0.00967489
0.00910462
0.0080568
0.00703921
0.00614829
0.00539333
0.00475115
0.0041941
0.00370071
0.00325797
0.00285981
0.00250442
0.00219155
0.00192064
0.00168982
0.00149581
0.00133428
0.00120047
0.0010897
0.000997755
0.000921032
0.00085659
0.000802093
0.000755722
0.000716067
0.000682043
0.000652807
0.000627701
0.000606207
0.000587912
0.000572486
0.000559662
0.000549227
0.000541014
0.000534878
0.000530773
0.000528457
0.000528643
0.000529947
0.000533023
0.000538336
0.000545663
0.000555128
0.00056691
0.000581247
0.000598458
0.00061896
0.000643294
0.000672168
0.000706496
0.000747463
0.000796599
0.00085588
0.000927845
0.00101575
0.00112374
0.00125707
0.00142226
0.00162731
0.00188159
0.00219555
0.00257995
0.00304423
0.00359437
0.00423386
0.00498233
0.00597224
0.00782993
0.0123234
0.0238678
0.0484204
0.0826921
0.101917
0.0788014
0.0693959
0.00376636
0.00341471
0.00549102
0.00767849
0.00905401
0.00941091
0.00909113
0.00830398
0.00736022
0.00648212
0.00571868
0.00506557
0.00450161
0.00400544
0.00356142
0.00316039
0.0027981
0.00247321
0.00218532
0.00193374
0.00171683
0.00153193
0.00137566
0.0012443
0.00113414
0.00104174
0.000964095
0.000898652
0.000843312
0.000796375
0.000756477
0.000722531
0.000693669
0.000669197
0.00064856
0.000631312
0.000617094
0.000605617
0.000596657
0.000590012
0.000585619
0.000583203
0.000583449
0.000584917
0.000588311
0.000594069
0.000601968
0.000612135
0.000624758
0.000640093
0.000658476
0.000680352
0.000706295
0.000737047
0.00077356
0.000817056
0.000869098
0.000931676
0.00100733
0.00109926
0.00121154
0.00134925
0.00151873
0.00172769
0.00198525
0.0023017
0.00268785
0.00315322
0.00370363
0.00434155
0.00507843
0.00601727
0.00770966
0.0118026
0.0225737
0.046603
0.0828172
0.107282
0.086136
0.0742062
0.00346346
0.0029572
0.00471429
0.0067611
0.00829023
0.00897782
0.00893921
0.00843977
0.00762264
0.00679825
0.00605013
0.00539762
0.00483159
0.00433481
0.00389153
0.00349061
0.00312564
0.0027937
0.00249381
0.00222565
0.00198864
0.00178156
0.00160243
0.00144875
0.00131768
0.00120632
0.00111191
0.00103193
0.000964176
0.000906757
0.000858089
0.000816857
0.000781978
0.000752565
0.000727893
0.000707371
0.00069052
0.000676945
0.00066635
0.000658438
0.000653155
0.000649972
0.000650027
0.000651346
0.000654666
0.000660666
0.000668987
0.000679761
0.000693183
0.000709518
0.000729125
0.00075247
0.000780156
0.000812954
0.000851848
0.000898086
0.000953247
0.00101932
0.00109882
0.0011949
0.00131149
0.00145353
0.00162711
0.00183966
0.00210002
0.00241835
0.00280548
0.00327082
0.00382103
0.00445801
0.00518755
0.0060879
0.00765107
0.011352
0.0213037
0.0444626
0.081994
0.112245
0.0941428
0.0790807
0.00318028
0.00256567
0.00402272
0.0058627
0.00742761
0.00835983
0.00860568
0.00837425
0.00779521
0.0070739
0.00637422
0.00574226
0.0051848
0.00469282
0.00425346
0.00385561
0.00349159
0.00315708
0.00285017
0.00257027
0.00231728
0.0020909
0.00189036
0.00171435
0.00156108
0.00142848
0.00131433
0.00121644
0.00113272
0.00106128
0.00100044
0.00094874
0.000904921
0.00086792
0.000836844
0.000810946
0.000789608
0.00077231
0.000758654
0.000748255
0.000740961
0.000736255
0.000734869
0.000735755
0.000738501
0.000744138
0.000752475
0.000763536
0.000777511
0.000794674
0.000815395
0.000840158
0.000869589
0.000904481
0.000945841
0.00099493
0.00105333
0.00112302
0.00120646
0.00130673
0.00142763
0.00157393
0.00175146
0.00196739
0.0022303
0.0025502
0.00293762
0.00340267
0.00395277
0.00459032
0.0053182
0.0061942
0.00763869
0.0110273
0.0201368
0.0421401
0.0804086
0.11675
0.10265
0.0839743
0.00293312
0.00224247
0.00342443
0.00501934
0.00652128
0.00759703
0.00811136
0.00813547
0.00780406
0.00725903
0.00666233
0.00608601
0.00555825
0.00508296
0.00465416
0.00426359
0.00390413
0.00357096
0.00326145
0.00297456
0.00271016
0.00246843
0.0022494
0.00205275
0.00187769
0.00172307
0.00158742
0.00146908
0.00136636
0.00127757
0.00120109
0.00113546
0.00107934
0.00103156
0.000991109
0.000957087
0.000928747
0.000905448
0.000886663
0.000871937
0.000860931
0.000853349
0.000848832
0.000848349
0.000849832
0.00085385
0.000861429
0.000872108
0.000886074
0.000903602
0.000925069
0.000950976
0.000981961
0.00101884
0.00106262
0.00111458
0.00117628
0.00124969
0.0013372
0.0014418
0.00156717
0.0017179
0.00189959
0.00211915
0.0023849
0.00270662
0.00309494
0.00356061
0.0041123
0.00475406
0.00548896
0.00636238
0.00772967
0.0108939
0.0191635
0.0397858
0.0781513
0.120545
0.111565
0.088857
0.0027642
0.00199795
0.00293076
0.00426388
0.00563021
0.00675219
0.007461
0.00773574
0.00767708
0.00735819
0.00689849
0.0064157
0.00594676
0.00550778
0.00510181
0.00472605
0.00437615
0.00404834
0.00374013
0.00345036
0.00317881
0.00292584
0.00269192
0.00247743
0.00228239
0.00210648
0.00194901
0.001809
0.00168526
0.0015765
0.00148136
0.00139852
0.0013267
0.00126472
0.00121151
0.0011661
0.00112764
0.0010954
0.00106873
0.0010471
0.00103005
0.00101724
0.00100835
0.00100309
0.0010025
0.00100426
0.0010091
0.00101828
0.00103128
0.00104838
0.00106997
0.00109654
0.00112876
0.00116745
0.00121363
0.00126857
0.00133382
0.0014113
0.00150337
0.00161292
0.00174353
0.00189962
0.00208661
0.00231121
0.00258151
0.00290718
0.00329915
0.00376918
0.00432768
0.00498189
0.00573841
0.00664068
0.00798061
0.0109377
0.0186822
0.0376658
0.0756442
0.123677
0.120671
0.0936988
0.00271439
0.00185306
0.00255511
0.00362676
0.00481306
0.00590127
0.00672519
0.00721499
0.00739546
0.00731669
0.00707329
0.00672191
0.00634646
0.00597068
0.00560657
0.00525833
0.00492635
0.00460959
0.00430704
0.00401819
0.00374315
0.00348252
0.00323712
0.00300779
0.00279514
0.00259953
0.00242096
0.00225909
0.00211333
0.00198284
0.00186667
0.00176375
0.00167301
0.00159336
0.0015238
0.00146335
0.00141115
0.00136641
0.00132844
0.00129664
0.00127049
0.00124957
0.00123355
0.00122214
0.00121514
0.00121352
0.00121538
0.00122077
0.00123165
0.00124748
0.00126858
0.00129552
0.00132893
0.00136966
0.00141872
0.00147739
0.00154722
0.00163009
0.00172834
0.00184481
0.001983
0.00214725
0.00234288
0.00257654
0.00285631
0.00319201
0.00359515
0.00407924
0.00465718
0.00534212
0.00614801
0.00712836
0.00852132
0.0114226
0.0185864
0.0363806
0.073003
0.126398
0.129668
0.0984953
0.00285878
0.00182953
0.00230769
0.00313534
0.00412502
0.00512529
0.00599292
0.00663678
0.0070319
0.00719616
0.00715911
0.00700994
0.00676438
0.00648284
0.00618602
0.00588399
0.00558312
0.00528653
0.00499597
0.00471261
0.00443759
0.00417221
0.00391782
0.00367575
0.00344716
0.00323295
0.00303372
0.00284974
0.00268096
0.00252707
0.00238755
0.00226171
0.00214876
0.00204785
0.00195811
0.00187872
0.00180884
0.00174775
0.00169475
0.00164925
0.00161071
0.00157869
0.00155287
0.00153285
0.00151873
0.00150971
0.00150815
0.00151069
0.00151789
0.00153238
0.00155351
0.00158173
0.00161767
0.00166222
0.00171642
0.00178155
0.0018592
0.0019513
0.00206021
0.00218884
0.00234071
0.00252031
0.00273298
0.00298576
0.00328684
0.00364743
0.00407995
0.00460096
0.00522653
0.00597993
0.00688538
0.00802018
0.00959404
0.0125828
0.0194261
0.0359715
0.0713721
0.128817
0.138279
0.103304
0.00328886
0.00195403
0.00221299
0.00282147
0.00362178
0.00450829
0.00536744
0.00610679
0.00667392
0.00705621
0.00724804
0.00728405
0.00722424
0.00708044
0.00687929
0.00664682
0.00639487
0.0061309
0.00586078
0.0055882
0.00531621
0.00504752
0.00478454
0.00452943
0.00428407
0.00405003
0.00382854
0.00362046
0.00342634
0.0032464
0.0030806
0.0029287
0.00279027
0.00266476
0.00255157
0.00245004
0.0023595
0.0022793
0.00220884
0.00214756
0.00209497
0.00205062
0.00201425
0.00198535
0.00196428
0.0019498
0.00194433
0.00194627
0.0019534
0.00196899
0.00199408
0.00202806
0.00207179
0.00212619
0.0021923
0.00227166
0.00236596
0.00247739
0.00260847
0.00276252
0.00294329
0.00315595
0.00340617
0.00370233
0.00405321
0.0044728
0.00497458
0.00558236
0.00631612
0.00721877
0.00832592
0.00975891
0.0117223
0.0150315
0.0218748
0.0372664
0.0708756
0.131456
0.146082
0.108209
0.00411124
0.00225567
0.00228772
0.00273392
0.00338151
0.00416211
0.00499473
0.00580027
0.0065148
0.00708216
0.00745129
0.00767731
0.00779375
0.00779759
0.00773886
0.00760505
0.00741971
0.00720184
0.00696112
0.00670455
0.00643796
0.00616628
0.00589372
0.00562384
0.00535966
0.00510368
0.00485794
0.00462404
0.00440313
0.00419599
0.00400325
0.00382514
0.00366157
0.0035123
0.00337693
0.00325499
0.00314596
0.00304933
0.00296454
0.00289117
0.0028288
0.00277697
0.00273544
0.00270378
0.0026828
0.00267032
0.00267128
0.00267866
0.00269615
0.00272615
0.00276761
0.00282091
0.00288748
0.00296846
0.00306504
0.0031794
0.00331369
0.00347092
0.00365404
0.00386763
0.00411591
0.00440631
0.00474492
0.00514426
0.00561325
0.00617389
0.00683925
0.00764982
0.00862417
0.00984175
0.0113331
0.0132933
0.0158807
0.0199224
0.0270661
0.0420986
0.0736071
0.135611
0.152843
0.113472
0.00545906
0.00275601
0.00256125
0.00288759
0.00347673
0.0042278
0.00506235
0.00590628
0.00669608
0.00738364
0.00794868
0.00836493
0.00863985
0.00878859
0.00884963
0.00882649
0.0087411
0.00858402
0.00838567
0.00815629
0.00790444
0.00763793
0.00736323
0.00708575
0.00680999
0.00653964
0.00627772
0.00602661
0.00578814
0.00556383
0.00535708
0.00516701
0.00499335
0.00483591
0.00469428
0.00456826
0.00445742
0.00436167
0.00428006
0.00421327
0.00416046
0.00412101
0.0040948
0.00408357
0.0040871
0.00410027
0.0041291
0.00417398
0.0042333
0.00430924
0.00440268
0.00451449
0.00464693
0.00480148
0.00497988
0.0051866
0.00542555
0.00570147
0.00601773
0.00638227
0.00679994
0.0072842
0.00784011
0.00849101
0.00924125
0.0101331
0.0111674
0.0124237
0.0138914
0.0157265
0.017891
0.0207285
0.0242153
0.0294144
0.0371606
0.0524401
0.0822248
0.142594
0.159587
0.116217
0.00756341
0.00351704
0.00312842
0.00342528
0.00404579
0.004855
0.00577401
0.0067337
0.00767327
0.00854489
0.00932094
0.00995424
0.0104328
0.0107672
0.0109705
0.0110653
0.0110645
0.0110047
0.0108711
0.0106923
0.0104803
0.0102453
0.00999562
0.0097384
0.00947972
0.00922453
0.00897685
0.00873993
0.00851665
0.00830862
0.00811615
0.00794148
0.00778646
0.00765164
0.0075362
0.0074414
0.0073669
0.00731392
0.00727915
0.00727098
0.00727959
0.00730491
0.00735614
0.00743016
0.00752785
0.00764816
0.00779239
0.00796379
0.00816225
0.00839172
0.00865329
0.0089496
0.00928427
0.0096616
0.0100859
0.0105618
0.0110921
0.0116875
0.0123512
0.0131038
0.0139492
0.0149116
0.0159868
0.0172221
0.0185971
0.0202014
0.0219813
0.0241075
0.0264519
0.0293474
0.032517
0.0366452
0.0412241
0.0479291
0.0565222
0.0726114
0.0998087
0.1546
0.166171
0.117229
0.0101961
0.00464863
0.00427296
0.00498846
0.00611174
0.00743059
0.00885066
0.0102906
0.0116878
0.0129826
0.0141368
0.0151128
0.0158981
0.0165012
0.0169314
0.0172178
0.0173782
0.0174477
0.0174299
0.0173625
0.0172396
0.0170877
0.0169161
0.0167348
0.0165529
0.0163768
0.0162118
0.0160628
0.0159349
0.0158302
0.0157508
0.0156971
0.0156781
0.0156886
0.0157234
0.0157973
0.015907
0.0160529
0.0162329
0.0164522
0.016709
0.017005
0.0173406
0.0177213
0.0181476
0.0186202
0.0191423
0.0197184
0.0203513
0.0210456
0.021806
0.0226385
0.0235466
0.0245377
0.0256169
0.0267926
0.0280707
0.0294597
0.0309717
0.0326098
0.0343783
0.0363096
0.0383944
0.0407085
0.0431793
0.0459792
0.0489277
0.0523706
0.0559082
0.060243
0.0645602
0.070277
0.075855
0.0843291
0.0934326
0.110258
0.133424
0.173768
0.173243
0.114115
0.0123765
0.00615834
0.00768712
0.0110529
0.0149726
0.0191569
0.0233399
0.0272824
0.0308165
0.0338379
0.0363279
0.0383115
0.0398434
0.040993
0.0418103
0.0423761
0.0427467
0.0429577
0.0430566
0.0430753
0.0430576
0.0430171
0.0429658
0.0429235
0.0429081
0.0429217
0.042967
0.0430615
0.0432143
0.0434172
0.0436756
0.0439959
0.0443799
0.0448285
0.0453397
0.0459213
0.0465694
0.0472872
0.0480767
0.0489402
0.0498777
0.0508917
0.0519832
0.053154
0.0544072
0.0557472
0.0571732
0.058692
0.0603063
0.0620226
0.0638399
0.0657654
0.0677976
0.0699435
0.072204
0.0745836
0.077089
0.0797177
0.0824887
0.0853871
0.0884511
0.0916427
0.0950321
0.0985477
0.102307
0.106406
0.110687
0.115472
0.120287
0.126031
0.131524
0.138833
0.145386
0.155685
0.164548
0.179776
0.193103
0.200653
0.178074
0.10397
0.0140399
0.0113569
0.0244043
0.0418692
0.0599217
0.0782458
0.095837
0.111593
0.124756
0.135093
0.142752
0.148086
0.151533
0.153527
0.154409
0.154424
0.154089
0.153301
0.152306
0.151217
0.150124
0.149079
0.148129
0.147304
0.146616
0.146075
0.145695
0.145444
0.145414
0.145485
0.145685
0.146086
0.146624
0.147305
0.148124
0.14908
0.15017
0.151389
0.152734
0.154202
0.155789
0.157495
0.159314
0.161247
0.163288
0.165439
0.167696
0.170062
0.17252
0.175086
0.177734
0.180486
0.183319
0.186257
0.189286
0.192417
0.195666
0.199003
0.202505
0.206052
0.20986
0.2136
0.217788
0.221675
0.22639
0.230273
0.23533
0.239027
0.244412
0.247778
0.253262
0.256264
0.261069
0.263606
0.263312
0.258932
0.246109
0.218472
0.17362
0.0894167
0.00864184
0.0167337
0.0255424
0.0345771
0.043313
0.0515279
0.059201
0.0663405
0.0728952
0.0788254
0.0840809
0.0886823
0.0926103
0.0959639
0.0987033
0.100973
0.102786
0.1041
0.10511
0.105723
0.106136
0.106181
0.106096
0.10588
0.105474
0.104954
0.104343
0.10366
0.102934
0.102162
0.101376
0.10059
0.0998042
0.0990306
0.0982782
0.0975556
0.0968685
0.0962205
0.0956175
0.0950604
0.0945566
0.0941019
0.0937074
0.0933628
0.0930845
0.0928544
0.0926973
0.0925848
0.0925513
0.0925725
0.0926387
0.0927498
0.0929676
0.0931832
0.0935381
0.0938553
0.0943608
0.0947758
0.0954491
0.0959563
0.0968142
0.0974059
0.0984536
0.0991239
0.100342
0.101136
0.102758
0.103741
0.105708
0.106923
0.109069
0.110508
0.112658
0.11428
0.115919
0.116817
0.116201
0.113312
0.104125
0.0767865
)
;

boundaryField
{
    movingWall
    {
        type            epsilonWallFunction;
        value           nonuniform List<scalar> 
80
(
0.00864184
0.0167337
0.0255424
0.0345771
0.043313
0.0515279
0.059201
0.0663405
0.0728952
0.0788254
0.0840809
0.0886823
0.0926103
0.0959639
0.0987033
0.100973
0.102786
0.1041
0.10511
0.105723
0.106136
0.106181
0.106096
0.10588
0.105474
0.104954
0.104343
0.10366
0.102934
0.102162
0.101376
0.10059
0.0998042
0.0990306
0.0982782
0.0975556
0.0968685
0.0962205
0.0956175
0.0950604
0.0945566
0.0941019
0.0937074
0.0933628
0.0930845
0.0928544
0.0926973
0.0925848
0.0925513
0.0925725
0.0926387
0.0927498
0.0929676
0.0931832
0.0935381
0.0938553
0.0943608
0.0947758
0.0954491
0.0959563
0.0968142
0.0974059
0.0984536
0.0991239
0.100342
0.101136
0.102758
0.103741
0.105708
0.106923
0.109069
0.110508
0.112658
0.11428
0.115919
0.116817
0.116201
0.113312
0.104125
0.0767865
)
;
    }
    fixedWalls
    {
        type            epsilonWallFunction;
        value           nonuniform List<scalar> 
240
(
2.62024e-05
0.000126877
0.000277817
0.0004829
0.00077528
0.00119341
0.00177507
0.00255564
0.00356068
0.00480129
0.0062936
0.00812149
0.0101612
0.0123526
0.0146247
0.0169059
0.0191527
0.0213177
0.0233192
0.025083
0.026567
0.0277498
0.0286252
0.0292072
0.0294969
0.0294799
0.0293215
0.0289705
0.0284255
0.0277154
0.0268803
0.025955
0.0249689
0.023928
0.022888
0.0217822
0.0209164
0.0201534
0.0194277
0.0187207
0.0180243
0.0173391
0.01667
0.0160263
0.0154039
0.0147973
0.0142018
0.0136099
0.0130187
0.0124235
0.0118177
0.0111995
0.0105609
0.00991179
0.00925347
0.00861941
0.00802048
0.00745247
0.006902
0.00636075
0.00581919
0.00530542
0.0048435
0.00444035
0.00408754
0.00376636
0.00346346
0.00318028
0.00293312
0.0027642
0.00271439
0.00285878
0.00328886
0.00411124
0.00545906
0.00756341
0.0101961
0.0123765
0.0140399
0.00864184
4.69897e-05
0.000248506
0.000663679
0.00110212
0.00140245
0.0015096
0.00146473
0.00136061
0.00124556
0.00115436
0.00113174
0.00118207
0.00137586
0.00182294
0.00250876
0.00337586
0.0043698
0.00544448
0.00656212
0.0077338
0.00893572
0.010287
0.0120535
0.0144261
0.017366
0.020752
0.0241689
0.0268228
0.0280054
0.0281956
0.027631
0.0267259
0.0256052
0.02446
0.0232809
0.0221676
0.0211485
0.0202796
0.0195745
0.019062
0.01877
0.0186418
0.0186156
0.018776
0.0190895
0.0195482
0.0201605
0.0209604
0.0219226
0.0230797
0.0244396
0.026011
0.0278185
0.0298633
0.0321693
0.0347337
0.0375726
0.0406815
0.0440661
0.0477164
0.0516255
0.0557741
0.0601405
0.064693
0.0693959
0.0742062
0.0790807
0.0839743
0.088857
0.0936988
0.0984953
0.103304
0.108209
0.113472
0.116217
0.117229
0.114115
0.10397
0.0894167
0.0767865
2.62024e-05
0.00013457
0.000326454
0.000526646
0.000678391
0.000763945
0.00079503
0.000797568
0.000801326
0.000829537
0.000899766
0.00104012
0.0012643
0.00157749
0.00196471
0.0024049
0.00287606
0.00336776
0.00385921
0.00433576
0.00481166
0.00532592
0.0059323
0.00666837
0.00751131
0.00837549
0.00923165
0.0100795
0.0109434
0.0118479
0.0127849
0.0137187
0.0146362
0.0155353
0.0164423
0.0173615
0.0183139
0.0193056
0.0203498
0.0214504
0.0226154
0.0238534
0.0251721
0.0265902
0.0281136
0.0297911
0.0317087
0.0340582
0.0365569
0.039064
0.0415492
0.0439682
0.0462554
0.0483437
0.0501589
0.051611
0.05242
0.0527569
0.0527845
0.0518919
0.0502143
0.047749
0.0445295
0.0406524
0.0362364
0.0314739
0.0266117
0.021845
0.0173546
0.0133214
0.0100622
0.00732553
0.00511196
0.00341525
0.00219319
0.00136051
0.000817517
0.000468172
0.000220869
4.69897e-05
)
;
    }
    frontAndBack
    {
        type            empty;
    }
}


// ************************************************************************* //
