/*--------------------------------*- C++ -*----------------------------------*\
  =========                 |
  \\      /  F ield         | OpenFOAM: The Open Source CFD Toolbox
   \\    /   O peration     | Website:  https://openfoam.org
    \\  /    A nd           | Version:  13
     \\/     M anipulation  |
\*---------------------------------------------------------------------------*/
FoamFile
{
    format      ascii;
    class       volScalarField;
    location    "6.4";
    object      p;
}
// * * * * * * * * * * * * * * * * * * * * * * * * * * * * * * * * * * * * * //

dimensions      [0 2 -2 0 0 0 0];

internalField   nonuniform List<scalar> 
6400
(
-9.67727e-09
1.92373e-05
2.79911e-05
1.34679e-05
-2.95487e-05
-9.62296e-05
-0.000177154
-0.000263452
-0.000348936
-0.000430575
-0.000509015
-0.000588267
-0.000672926
-0.000768119
-0.000878866
-0.00100917
-0.00116198
-0.00133906
-0.00154164
-0.00177046
-0.00202601
-0.00230943
-0.00262338
-0.0029722
-0.00336214
-0.00379785
-0.00427602
-0.00478787
-0.00531344
-0.00581725
-0.00629224
-0.00674568
-0.00717566
-0.00757949
-0.00795225
-0.00828592
-0.00856977
-0.00879122
-0.00893686
-0.00899328
-0.00894766
-0.0087888
-0.00850801
-0.00809996
-0.00756118
-0.00688596
-0.00606836
-0.00512009
-0.00405713
-0.00288693
-0.00162875
-0.000303088
0.00106209
0.00243537
0.00377784
0.00504466
0.00619115
0.00717572
0.00795791
0.00850489
0.00879635
0.00882768
0.00861001
0.00816601
0.00754757
0.00680974
0.00601699
0.00523266
0.00451465
0.00389424
0.00340691
0.00306706
0.0028451
0.00271404
0.00265653
0.00264833
0.00266984
0.00270568
0.00274499
0.0027721
-1.45645e-05
5.09777e-06
9.4428e-06
-9.90227e-06
-5.57123e-05
-0.000122392
-0.000199628
-0.00027904
-0.000355763
-0.000428462
-0.000498996
-0.000571317
-0.000650242
-0.000740353
-0.000845444
-0.000968952
-0.00111418
-0.00128366
-0.00147816
-0.00169799
-0.00194232
-0.00221133
-0.00250778
-0.00283448
-0.00319438
-0.003594
-0.00404115
-0.00453555
-0.0050648
-0.0056061
-0.00613077
-0.0066277
-0.00709852
-0.0075403
-0.00794763
-0.00831236
-0.00862389
-0.00887018
-0.00903852
-0.00911664
-0.00909282
-0.00895693
-0.00870097
-0.00831851
-0.00780407
-0.00715367
-0.00637576
-0.00547532
-0.00445307
-0.00332443
-0.0021073
-0.00082369
0.000499466
0.00182996
0.00313058
0.00436165
0.00548111
0.00644665
0.00722122
0.00777356
0.00808287
0.00814381
0.00796672
0.00757733
0.00701856
0.00634377
0.00561588
0.00489401
0.00423219
0.00367294
0.00323749
0.00293358
0.00274962
0.00266142
0.00264408
0.00267234
0.00271476
0.00275321
0.00278559
0.00281139
-3.02258e-05
-8.29633e-06
-9.33964e-06
-3.74988e-05
-9.11199e-05
-0.000160443
-0.000234155
-0.000304144
-0.000367619
-0.000426215
-0.000483481
-0.000544273
-0.00061358
-0.000695158
-0.000791427
-0.000904123
-0.00103477
-0.00118558
-0.00135882
-0.00155711
-0.00178393
-0.00204255
-0.00233706
-0.00267221
-0.00305239
-0.00348003
-0.00395573
-0.00447635
-0.00503205
-0.00560604
-0.00617849
-0.00673307
-0.00725997
-0.00775251
-0.00820398
-0.00860576
-0.00894801
-0.00922017
-0.00941099
-0.00950935
-0.00950522
-0.00938972
-0.00915547
-0.00879694
-0.00831185
-0.00770035
-0.00695318
-0.00608519
-0.00510272
-0.00401651
-0.00284233
-0.00160077
-0.000317297
0.00097785
0.00225006
0.00346169
0.00457137
0.00553765
0.00632422
0.00690079
0.00724622
0.00735281
0.00723017
0.00690295
0.00641125
0.00580679
0.00514377
0.00448726
0.00388483
0.00337516
0.00298301
0.00272449
0.00258824
0.00254723
0.00256734
0.00262625
0.00269468
0.00275249
0.00279975
0.00283672
-3.87881e-05
-1.75074e-05
-2.57956e-05
-6.48785e-05
-0.000128509
-0.000201182
-0.000271528
-0.000333043
-0.00038427
-0.000427256
-0.00046808
-0.000513326
-0.000568442
-0.000637121
-0.000721132
-0.000821199
-0.000938566
-0.00107595
-0.00123712
-0.00142744
-0.00165376
-0.0019237
-0.00224481
-0.00261979
-0.0030511
-0.0035401
-0.0040834
-0.00467128
-0.0052886
-0.0059189
-0.0065458
-0.0071542
-0.00773146
-0.00826837
-0.00875674
-0.00918765
-0.00955251
-0.00984199
-0.0100463
-0.0101558
-0.010162
-0.0100572
-0.00983488
-0.0094904
-0.00902208
-0.00842925
-0.00771033
-0.00687042
-0.00591629
-0.00485821
-0.00371104
-0.0024941
-0.00123095
5.07704e-05
0.00131911
0.00253706
0.00366356
0.00465868
0.00548438
0.00610904
0.00651045
0.00667695
0.00661509
0.00634891
0.00591624
0.00536515
0.00475176
0.00413613
0.00356937
0.00309145
0.00272713
0.00248863
0.00236906
0.00235322
0.00241328
0.00250758
0.00260769
0.00269568
0.00276682
0.00281611
-3.36871e-05
-1.92555e-05
-3.74039e-05
-8.78555e-05
-0.000161059
-0.000236789
-0.000303739
-0.000356817
-0.000395991
-0.000425341
-0.000451935
-0.000483267
-0.000525205
-0.000581369
-0.000653831
-0.00074432
-0.000855763
-0.000993701
-0.00116499
-0.00137754
-0.00164121
-0.00196146
-0.00234315
-0.00279084
-0.00330425
-0.00387798
-0.00450245
-0.00516366
-0.00584441
-0.00652863
-0.00720086
-0.00784868
-0.00846146
-0.00902881
-0.00954175
-0.0099918
-0.0103709
-0.0106707
-0.0108826
-0.0109984
-0.0110114
-0.010915
-0.0107036
-0.010373
-0.0099216
-0.00934905
-0.00865556
-0.00784346
-0.00691713
-0.00588582
-0.00476346
-0.00356844
-0.0023216
-0.00104668
0.000227816
0.00146465
0.00262196
0.00366301
0.0045495
0.00524634
0.00572937
0.0059829
0.00600704
0.0058203
0.00546115
0.00497538
0.00441689
0.00384302
0.00330744
0.00285233
0.00250534
0.00227815
0.00216853
0.00216061
0.00223042
0.00234456
0.00246982
0.00258504
0.0026785
0.00273689
-6.41747e-06
-5.2498e-06
-3.55202e-05
-9.95228e-05
-0.000181025
-0.000258049
-0.000321197
-0.000366847
-0.000396087
-0.000414844
-0.00043126
-0.000453287
-0.000486929
-0.000536416
-0.000605386
-0.000698055
-0.000820724
-0.000981937
-0.00119241
-0.00145948
-0.00179062
-0.0021931
-0.00266887
-0.00321538
-0.0038242
-0.00448384
-0.00518214
-0.00590564
-0.00663924
-0.00736791
-0.00807763
-0.00875677
-0.00939525
-0.00998364
-0.0105135
-0.0109765
-0.0113649
-0.0116714
-0.0118891
-0.0120102
-0.0120308
-0.0119456
-0.0117497
-0.0114391
-0.0110136
-0.0104713
-0.00981217
-0.00903795
-0.00815207
-0.00716087
-0.00607552
-0.00491273
-0.00368881
-0.00242318
-0.00114248
0.000113431
0.00130604
0.00240457
0.00336934
0.00415954
0.00475084
0.00512287
0.00527017
0.00520171
0.00494947
0.00455937
0.00408291
0.00357363
0.00308509
0.00266226
0.00233568
0.00211987
0.00201449
0.00200663
0.00207427
0.00218916
0.00232097
0.00244605
0.00254885
0.00261022
5.31164e-05
3.73147e-05
-8.63953e-06
-8.93037e-05
-0.00017617
-0.000253623
-0.00031364
-0.000353913
-0.000377453
-0.000391391
-0.000404481
-0.000424896
-0.000459273
-0.000513511
-0.000594095
-0.000708306
-0.000866271
-0.0010798
-0.00135711
-0.00170692
-0.00213576
-0.00264554
-0.00322805
-0.00387281
-0.00456991
-0.00530761
-0.00607242
-0.00685078
-0.00762923
-0.00839458
-0.00913453
-0.00983836
-0.0104965
-0.0111003
-0.0116418
-0.0121122
-0.0125047
-0.0128141
-0.013035
-0.0131647
-0.0131977
-0.0131291
-0.0129547
-0.0126719
-0.0122793
-0.011774
-0.0111563
-0.0104282
-0.0095945
-0.00866146
-0.00763596
-0.00652493
-0.00534213
-0.00410745
-0.00284737
-0.00158816
-0.000359071
0.000806873
0.00186019
0.00276229
0.00348882
0.00401217
0.00432121
0.00441648
0.0043185
0.00406617
0.00370929
0.00329865
0.00288502
0.00251467
0.00222115
0.00202227
0.00192095
0.00190868
0.00196603
0.00206889
0.00219059
0.00230772
0.00240458
0.00246051
0.000154938
0.000119019
5.20425e-05
-4.23951e-05
-0.000134682
-0.000213392
-0.000272326
-0.000311357
-0.000335273
-0.000352238
-0.000371448
-0.000401487
-0.000450305
-0.000526523
-0.00063951
-0.000800399
-0.0010214
-0.00131398
-0.00168628
-0.00214503
-0.00268745
-0.00330559
-0.00398928
-0.00472695
-0.00550592
-0.00631332
-0.00713616
-0.00796183
-0.00877808
-0.00957323
-0.0103365
-0.0110582
-0.0117291
-0.0123402
-0.0128841
-0.0133549
-0.0137491
-0.0140627
-0.0142916
-0.0144333
-0.0144805
-0.0144292
-0.0142758
-0.0140179
-0.0136574
-0.0131911
-0.0126194
-0.0119447
-0.0111717
-0.0103056
-0.00935
-0.00830766
-0.00718998
-0.00601421
-0.00479972
-0.00356406
-0.00232688
-0.00112975
-3.86059e-06
0.00102291
0.00190469
0.00260607
0.00311238
0.00341277
0.00351822
0.00345269
0.00325941
0.00298705
0.00268245
0.0023915
0.00215042
0.00198055
0.00188887
0.0018705
0.00191208
0.00199442
0.00209386
0.00219055
0.002267
0.00230813
0.000304323
0.000248173
0.000156982
4.94277e-05
-4.93276e-05
-0.000130927
-0.000192378
-0.000235892
-0.000268058
-0.000298
-0.000335394
-0.000389687
-0.000470854
-0.000590413
-0.000761106
-0.000995105
-0.00130548
-0.00170319
-0.00219136
-0.00276639
-0.00342139
-0.00414496
-0.00492426
-0.00574594
-0.00659705
-0.00746475
-0.00833694
-0.00920185
-0.0100482
-0.0108656
-0.0116442
-0.0123751
-0.0130488
-0.0136589
-0.0142012
-0.0146745
-0.0150751
-0.0153966
-0.0156338
-0.015781
-0.0158362
-0.0157977
-0.0156634
-0.0154316
-0.0151037
-0.0146783
-0.0141555
-0.0135367
-0.0128242
-0.0120207
-0.0111303
-0.0101599
-0.00911795
-0.00801634
-0.00686865
-0.00568622
-0.00448148
-0.00328239
-0.0021116
-0.000999409
1.23991e-05
0.000901244
0.00162506
0.00216085
0.00250958
0.00267975
0.0026974
0.0026057
0.00244734
0.00226598
0.00210035
0.00197592
0.00190401
0.00188449
0.00190873
0.00196387
0.00203279
0.00210011
0.00214585
0.00216807
0.000508404
0.000430072
0.000312042
0.000189932
8.24944e-05
-4.92487e-06
-7.37179e-05
-0.000128926
-0.000178956
-0.000233855
-0.000303973
-0.000400011
-0.000534406
-0.000721485
-0.000974821
-0.00130695
-0.00172986
-0.00224767
-0.00285654
-0.00354858
-0.00431246
-0.00513374
-0.00599902
-0.00689473
-0.00780818
-0.00872697
-0.00963963
-0.0105352
-0.0114033
-0.0122344
-0.0130198
-0.0137519
-0.0144252
-0.0150357
-0.0155785
-0.0160493
-0.0164429
-0.0167558
-0.0169864
-0.0171324
-0.0171921
-0.0171641
-0.0170483
-0.0168449
-0.0165481
-0.0161623
-0.0156879
-0.0151259
-0.0144776
-0.0137448
-0.0129303
-0.0120388
-0.011076
-0.0100484
-0.00896332
-0.00783118
-0.00667241
-0.00550249
-0.00433401
-0.00318374
-0.00207873
-0.00104668
-0.000129727
0.000654799
0.00126864
0.00171031
0.00198403
0.00211744
0.0021458
0.00210791
0.00204257
0.00198153
0.00194192
0.00192895
0.00193911
0.00196589
0.00200036
0.00203104
0.00204342
0.00204696
0.000770341
0.000663563
0.00051824
0.000376381
0.000258044
0.000160596
7.83004e-05
2.77747e-06
-7.62599e-05
-0.000169789
-0.000288941
-0.000446238
-0.000656245
-0.000933942
-0.00129239
-0.00174251
-0.00228997
-0.00293293
-0.00366259
-0.00446651
-0.00533063
-0.00624017
-0.00718148
-0.00814118
-0.0091069
-0.0100667
-0.0110099
-0.0119261
-0.0128063
-0.0136421
-0.0144264
-0.0151531
-0.0158179
-0.0164166
-0.0169458
-0.0174023
-0.0177829
-0.0180856
-0.0183093
-0.0184528
-0.0185152
-0.0184955
-0.0183939
-0.0182106
-0.0179436
-0.0175941
-0.0171633
-0.0166525
-0.016063
-0.0153965
-0.0146554
-0.0138427
-0.0129621
-0.0120173
-0.0110124
-0.00995318
-0.0088493
-0.00771037
-0.00655053
-0.00539327
-0.00424934
-0.00313215
-0.00206452
-0.00107693
-0.00020438
0.000519137
0.00107966
0.00148039
0.00173851
0.00188332
0.00194865
0.00197007
0.00197535
0.00197748
0.00197988
0.0019809
0.00198056
0.00197246
0.00195349
0.00194076
0.00107855
0.000943202
0.000764065
0.000599666
0.000467315
0.000355549
0.000252703
0.000147176
2.69425e-05
-0.000119752
-0.000305243
-0.000543378
-0.000849429
-0.00123737
-0.00171779
-0.00229682
-0.00297404
-0.00374135
-0.00458577
-0.00549295
-0.00644758
-0.00743505
-0.00844161
-0.00945417
-0.0104607
-0.0114499
-0.0124117
-0.0133371
-0.0142182
-0.0150483
-0.0158216
-0.0165337
-0.0171812
-0.0177611
-0.0182714
-0.01871
-0.0190752
-0.0193658
-0.0195811
-0.0197205
-0.0197835
-0.0197698
-0.0196797
-0.0195134
-0.0192708
-0.0189527
-0.0185601
-0.0180943
-0.0175568
-0.0169492
-0.0162735
-0.0155319
-0.0147269
-0.0138609
-0.0129364
-0.0119568
-0.0109256
-0.0098468
-0.00872621
-0.00757361
-0.00640238
-0.00523725
-0.00408271
-0.00295225
-0.00187446
-0.000893278
-4.14067e-05
0.000652735
0.00118047
0.00155037
0.00178582
0.00191694
0.00198089
0.00200598
0.00200542
0.00198579
0.00195402
0.00191107
0.0018662
0.00183962
0.0014193
0.00125402
0.00103665
0.000846893
0.000696862
0.000565073
0.000433727
0.000287895
0.000114052
-0.000100481
-0.000368565
-0.000704988
-0.00112388
-0.00163624
-0.00224844
-0.00296073
-0.00376608
-0.00465157
-0.00560218
-0.00660242
-0.00763667
-0.00869046
-0.0097501
-0.0108029
-0.0118374
-0.0128433
-0.0138117
-0.0147349
-0.0156066
-0.0164218
-0.0171765
-0.0178676
-0.0184928
-0.0190505
-0.0195395
-0.0199585
-0.0203068
-0.020584
-0.0207898
-0.0209238
-0.0209859
-0.0209765
-0.0208957
-0.0207441
-0.0205222
-0.0202308
-0.0198711
-0.0194443
-0.018952
-0.0183956
-0.017777
-0.0170978
-0.0163599
-0.0155647
-0.0147136
-0.0138082
-0.0128495
-0.0118388
-0.0107772
-0.00966659
-0.00851032
-0.00731676
-0.00609942
-0.00488147
-0.0036684
-0.00248543
-0.00137617
-0.000392469
0.000428195
0.0010624
0.00151121
0.00179256
0.00193952
0.00199761
0.00199851
0.00196208
0.00190428
0.00183354
0.00177004
0.00173489
0.00177547
0.00157736
0.00131917
0.00110014
0.000928199
0.000770241
0.00060216
0.000405877
0.00016652
-0.00012877
-0.000493891
-0.000942719
-0.00148637
-0.00213163
-0.00287881
-0.00372183
-0.00464849
-0.00564302
-0.00668918
-0.00777081
-0.00887237
-0.00997949
-0.0110789
-0.0121585
-0.013208
-0.0142183
-0.0151821
-0.0160935
-0.016948
-0.017742
-0.018473
-0.0191394
-0.01974
-0.020274
-0.0207408
-0.0211401
-0.0214716
-0.0217353
-0.0219314
-0.0220598
-0.0221206
-0.0221143
-0.0220414
-0.0219025
-0.0216982
-0.0214297
-0.0210981
-0.0207047
-0.020251
-0.0197385
-0.0191687
-0.0185433
-0.0178634
-0.0171301
-0.0163441
-0.0155055
-0.0146141
-0.0136689
-0.0126688
-0.0116121
-0.0104973
-0.00932345
-0.00809241
-0.00681465
-0.00551064
-0.00419397
-0.00289013
-0.00165448
-0.000546332
0.000376962
0.00107914
0.00155637
0.00182777
0.0019399
0.00195083
0.00190065
0.00182088
0.00172878
0.0016535
0.0016133
0.00212311
0.00189071
0.00158867
0.00133819
0.00114021
0.000949938
0.000737134
0.000481225
0.000166446
-0.00022102
-0.000694819
-0.00126578
-0.00194104
-0.00272085
-0.00359965
-0.00456599
-0.00560394
-0.00669607
-0.00782535
-0.00897531
-0.0101306
-0.0112772
-0.0124027
-0.0134961
-0.0145486
-0.0155528
-0.0165033
-0.0173958
-0.0182275
-0.0189965
-0.0197014
-0.0203418
-0.0209172
-0.0214276
-0.0218731
-0.0222536
-0.0225695
-0.0228208
-0.0230078
-0.0231311
-0.0231907
-0.0231871
-0.023121
-0.0229931
-0.0228042
-0.0225553
-0.0222477
-0.0218827
-0.0214617
-0.0209862
-0.0204577
-0.0198776
-0.019247
-0.0185666
-0.0178367
-0.0170568
-0.0162256
-0.0153412
-0.0144003
-0.0133994
-0.0123339
-0.0111992
-0.00999197
-0.00871139
-0.00736179
-0.00595677
-0.00452549
-0.00309804
-0.00174186
-0.000533185
0.00045131
0.00116709
0.00161312
0.00181971
0.00185724
0.00180046
0.00170079
0.00159024
0.00150751
0.00146295
0.00243607
0.00216941
0.00182286
0.00153895
0.00131079
0.00108198
0.000817399
0.000494486
9.60329e-05
-0.000392834
-0.000982604
-0.00168041
-0.00248714
-0.00339721
-0.00439967
-0.00547859
-0.00661554
-0.00779207
-0.00899065
-0.0101948
-0.0113897
-0.0125621
-0.0137007
-0.0147964
-0.0158419
-0.0168319
-0.0177626
-0.0186317
-0.0194378
-0.0201801
-0.0208585
-0.0214732
-0.0220244
-0.0225127
-0.0229384
-0.023302
-0.0236038
-0.0238443
-0.0240237
-0.0241426
-0.0242014
-0.0242005
-0.0241407
-0.0240226
-0.023847
-0.0236152
-0.0233281
-0.0229872
-0.0225939
-0.0221495
-0.0216555
-0.0211133
-0.0205239
-0.0198878
-0.0192052
-0.0184753
-0.0176965
-0.0168662
-0.0159803
-0.0150337
-0.01402
-0.0129322
-0.0117632
-0.010507
-0.00916052
-0.00772586
-0.00621738
-0.00466671
-0.00312311
-0.00166738
-0.000398321
0.000592587
0.00125991
0.00161369
0.00171385
0.00166275
0.0015462
0.00141837
0.00132734
0.00127524
0.00269217
0.00238928
0.00199917
0.00168033
0.0014178
0.00114511
0.000823743
0.000428505
-6.07458e-05
-0.000656112
-0.00136418
-0.00218726
-0.00312006
-0.00415185
-0.0052666
-0.00644498
-0.00766697
-0.00891347
-0.0101668
-0.0114108
-0.0126315
-0.0138169
-0.0149574
-0.0160457
-0.0170767
-0.0180468
-0.018954
-0.0197974
-0.0205769
-0.0212926
-0.0219454
-0.0225359
-0.0230649
-0.0235331
-0.0239413
-0.02429
-0.0245798
-0.0248111
-0.0249843
-0.0251
-0.0251586
-0.0251605
-0.0251065
-0.0249973
-0.0248336
-0.0246166
-0.0243473
-0.024027
-0.023657
-0.0232388
-0.0227737
-0.022263
-0.0217076
-0.0211082
-0.0204649
-0.0197769
-0.0190425
-0.018259
-0.017422
-0.0165258
-0.0155632
-0.0145255
-0.0134033
-0.0121868
-0.0108677
-0.0094418
-0.00791205
-0.00629546
-0.00463213
-0.0029904
-0.00147166
-0.000195452
0.00073842
0.00129238
0.00150562
0.00148635
0.00136145
0.00121542
0.00110887
0.00104349
0.00286102
0.00252738
0.00209651
0.00174215
0.00144192
0.00112223
0.00074056
0.000267832
-0.000314715
-0.00101634
-0.00184053
-0.00278272
-0.00383267
-0.00497436
-0.00618764
-0.00745081
-0.00874284
-0.0100443
-0.0113377
-0.0126077
-0.0138415
-0.0150288
-0.0161621
-0.017236
-0.0182471
-0.0191939
-0.0200757
-0.0208929
-0.0216462
-0.0223368
-0.0229657
-0.0235342
-0.0240433
-0.0244939
-0.024887
-0.025223
-0.0255028
-0.0257266
-0.025895
-0.0260085
-0.0260675
-0.0260725
-0.0260241
-0.025923
-0.02577
-0.0255661
-0.0253122
-0.0250096
-0.0246596
-0.0242635
-0.0238225
-0.0233379
-0.0228106
-0.0222415
-0.0216304
-0.020977
-0.0202797
-0.0195357
-0.018741
-0.0178898
-0.0169746
-0.0159862
-0.0149139
-0.0137458
-0.01247
-0.011077
-0.00956177
-0.00792978
-0.00620562
-0.00444436
-0.002736
-0.00120204
1.8157e-05
0.0008234
0.00120994
0.0012657
0.00114511
0.000980402
0.000847399
0.000764626
0.00292706
0.00256601
0.00209778
0.00170807
0.00136865
0.00100024
0.000555492
4.01477e-06
-0.000670525
-0.0014753
-0.00240857
-0.00346061
-0.00461573
-0.00585324
-0.00714984
-0.00848229
-0.00982897
-0.0111705
-0.01249
-0.0137733
-0.0150093
-0.0161896
-0.0173086
-0.0183631
-0.0193513
-0.0202731
-0.0211292
-0.0219208
-0.0226495
-0.0233167
-0.0239241
-0.024473
-0.0249647
-0.0254002
-0.0257804
-0.0261059
-0.0263774
-0.0265954
-0.0267603
-0.0268725
-0.0269325
-0.0269407
-0.0268977
-0.0268042
-0.0266609
-0.0264686
-0.0262283
-0.0259412
-0.0256083
-0.025231
-0.0248103
-0.0243476
-0.0238437
-0.0232994
-0.0227149
-0.0220899
-0.021423
-0.020712
-0.0199531
-0.019141
-0.0182684
-0.0173262
-0.0163032
-0.0151865
-0.0139623
-0.0126173
-0.011141
-0.00952913
-0.00779195
-0.0059679
-0.00413587
-0.00240226
-0.000909469
0.000183192
0.000795323
0.000978828
0.000891689
0.000709575
0.000538715
0.00043765
0.00287564
0.00249175
0.00199085
0.00156735
0.00118864
0.000769906
0.000261195
-0.000366159
-0.00112835
-0.00202958
-0.00306247
-0.00421235
-0.00545848
-0.00677634
-0.0081404
-0.00952647
-0.0109128
-0.0122803
-0.0136132
-0.0148989
-0.016128
-0.0172944
-0.0183943
-0.0194262
-0.0203899
-0.0212865
-0.0221176
-0.0228851
-0.023591
-0.0242372
-0.0248255
-0.0253573
-0.025834
-0.0262566
-0.026626
-0.0269429
-0.0272079
-0.0274213
-0.0275837
-0.0276954
-0.0277568
-0.0277684
-0.0277307
-0.0276442
-0.0275097
-0.0273279
-0.0270997
-0.0268262
-0.0265082
-0.0261471
-0.0257438
-0.0252995
-0.0248152
-0.0242916
-0.023729
-0.0231272
-0.0224854
-0.0218017
-0.0210727
-0.0202939
-0.0194587
-0.0185583
-0.0175818
-0.0165163
-0.0153468
-0.0140577
-0.0126349
-0.0110678
-0.00935399
-0.00751306
-0.00561052
-0.00374368
-0.00203096
-0.000652862
0.000233038
0.000604758
0.000588594
0.000393664
0.000179218
6.15859e-05
0.00269799
0.00229669
0.00176884
0.00131417
0.000896266
0.000427634
-0.000141889
-0.000840879
-0.00168457
-0.00267268
-0.00379348
-0.00502731
-0.00634909
-0.00773135
-0.00914708
-0.0105716
-0.0119833
-0.013364
-0.0146993
-0.0159784
-0.0171938
-0.0183412
-0.0194188
-0.0204265
-0.0213654
-0.0222374
-0.0230448
-0.02379
-0.0244753
-0.0251028
-0.0256743
-0.0261914
-0.0266553
-0.027067
-0.0274275
-0.0277373
-0.027997
-0.028207
-0.0283678
-0.0284796
-0.0285428
-0.0285578
-0.0285252
-0.0284453
-0.0283189
-0.0281467
-0.0279293
-0.0276678
-0.027363
-0.027016
-0.0266278
-0.0261994
-0.0257317
-0.0252254
-0.0246811
-0.0240987
-0.0234776
-0.0228163
-0.0221123
-0.0213616
-0.0205584
-0.019695
-0.0187612
-0.0177442
-0.0166291
-0.0153993
-0.0140379
-0.0125308
-0.0108675
-0.0090478
-0.0071107
-0.00516938
-0.00330443
-0.00167681
-0.000498653
0.000111156
0.000213264
2.55466e-05
-0.000230063
-0.000363311
0.00239157
0.00197873
0.00143027
0.000947613
0.000492034
-2.41169e-05
-0.000649991
-0.00141431
-0.00233074
-0.00339487
-0.00459048
-0.00589346
-0.00727522
-0.00870617
-0.0101584
-0.0116072
-0.0130315
-0.0144144
-0.0157429
-0.0170082
-0.0182047
-0.0193299
-0.0203834
-0.0213664
-0.0222809
-0.0231295
-0.023915
-0.0246399
-0.0253068
-0.0259178
-0.0264747
-0.026979
-0.0274319
-0.0278345
-0.0281876
-0.0284916
-0.0287472
-0.0289547
-0.0291144
-0.0292267
-0.0292919
-0.0293104
-0.0292826
-0.029209
-0.0290901
-0.0289265
-0.028719
-0.0284682
-0.0281752
-0.0278407
-0.0274657
-0.0270511
-0.0265978
-0.0261065
-0.0255777
-0.0250116
-0.0244077
-0.0237652
-0.0230821
-0.022355
-0.0215792
-0.020748
-0.0198522
-0.01888
-0.017817
-0.0166462
-0.0153492
-0.0139094
-0.0123125
-0.0105463
-0.00861653
-0.00662486
-0.00467606
-0.00286484
-0.00141471
-0.000530425
-0.000252615
-0.000405344
-0.00068793
-0.000837664
0.00195944
0.00154119
0.000978575
0.000471576
-1.88846e-05
-0.000578094
-0.00125467
-0.00207718
-0.00305628
-0.00418429
-0.00544087
-0.00679803
-0.00822449
-0.00968925
-0.011164
-0.0126243
-0.0140502
-0.0154259
-0.0167404
-0.0179865
-0.0191605
-0.0202615
-0.0212902
-0.0222488
-0.0231399
-0.0239667
-0.0247319
-0.0254386
-0.0260891
-0.0266855
-0.0272296
-0.0277229
-0.0281666
-0.0285614
-0.0289082
-0.0292076
-0.0294598
-0.0296654
-0.0298247
-0.0299378
-0.0300051
-0.030027
-0.0300039
-0.0299361
-0.0298241
-0.0296685
-0.0294699
-0.0292289
-0.0289464
-0.0286232
-0.02826
-0.0278577
-0.027417
-0.0269388
-0.0264234
-0.0258713
-0.0252823
-0.0246557
-0.0239902
-0.0232831
-0.0225307
-0.0217273
-0.020865
-0.0199333
-0.0189186
-0.0178045
-0.0165721
-0.0152023
-0.0136783
-0.011984
-0.0101085
-0.00808674
-0.00609475
-0.00417115
-0.00249511
-0.00132962
-0.000832788
-0.000913645
-0.00119382
-0.00136657
0.0014096
0.000992101
0.000421388
-0.000105465
-0.000626772
-0.00122409
-0.00194499
-0.002817
-0.00384818
-0.0050276
-0.00633127
-0.00772814
-0.00918493
-0.0106698
-0.0121546
-0.0136154
-0.0150335
-0.0163946
-0.0176895
-0.0189128
-0.0200621
-0.0211379
-0.0221419
-0.0230768
-0.0239458
-0.0247523
-0.0254991
-0.0261893
-0.0268251
-0.0274087
-0.0279417
-0.0284255
-0.0288611
-0.0292494
-0.029591
-0.0298864
-0.030136
-0.0303402
-0.0304992
-0.0306134
-0.0306829
-0.0307081
-0.0306893
-0.0306269
-0.0305213
-0.0303731
-0.0301827
-0.0299507
-0.0296778
-0.0293648
-0.0290122
-0.028621
-0.0281917
-0.0277251
-0.0272217
-0.026682
-0.0261059
-0.0254931
-0.0248427
-0.0241529
-0.0234206
-0.0226412
-0.0218083
-0.0209126
-0.0199421
-0.0188812
-0.0177113
-0.0164118
-0.0149639
-0.0133497
-0.011548
-0.00955429
-0.00752186
-0.00554744
-0.00371365
-0.00229421
-0.00154834
-0.0014972
-0.00175304
-0.00196103
0.000754041
0.000343548
-0.000229188
-0.000771167
-0.0013185
-0.00194855
-0.00270717
-0.00361977
-0.0046922
-0.00591066
-0.00724814
-0.00867121
-0.0101453
-0.0116382
-0.0131222
-0.0145743
-0.0159771
-0.017318
-0.0185893
-0.0197872
-0.0209108
-0.0219612
-0.0229409
-0.0238533
-0.0247016
-0.0254893
-0.0262194
-0.0268947
-0.0275175
-0.0280897
-0.0286129
-0.0290883
-0.0295169
-0.0298995
-0.0302366
-0.0305287
-0.0307762
-0.0309794
-0.0311384
-0.0312537
-0.0313253
-0.0313536
-0.031339
-0.0312816
-0.031182
-0.0310405
-0.0308577
-0.0306339
-0.0303699
-0.0300662
-0.0297234
-0.0293423
-0.0289234
-0.0284674
-0.0279749
-0.0274462
-0.0268817
-0.0262813
-0.0256443
-0.0249695
-0.0242548
-0.0234965
-0.0226894
-0.0218257
-0.0208948
-0.0198829
-0.018772
-0.0175413
-0.0161697
-0.014638
-0.0129243
-0.0110093
-0.00894354
-0.00695068
-0.00503455
-0.00341499
-0.00241573
-0.00217527
-0.00238372
-0.00263837
9.38862e-06
-0.000390012
-0.00095844
-0.00151083
-0.00207978
-0.00273717
-0.00352607
-0.00447032
-0.00557346
-0.00681921
-0.00817821
-0.00961532
-0.0110952
-0.0125858
-0.01406
-0.015496
-0.0168777
-0.0181943
-0.0194394
-0.0206106
-0.0217079
-0.0227333
-0.0236898
-0.0245807
-0.0254098
-0.0261802
-0.0268951
-0.027557
-0.028168
-0.0287301
-0.0292445
-0.0297126
-0.030135
-0.0305126
-0.0308458
-0.0311351
-0.0313808
-0.0315831
-0.0317423
-0.0318587
-0.0319323
-0.0319636
-0.0319528
-0.0319002
-0.0318061
-0.0316709
-0.031495
-0.0312788
-0.031023
-0.0307279
-0.0303942
-0.0300223
-0.0296131
-0.0291669
-0.0286844
-0.0281661
-0.0276122
-0.0270229
-0.0263981
-0.0257368
-0.0250377
-0.024298
-0.0235137
-0.0226785
-0.0217833
-0.0208158
-0.0197598
-0.0185951
-0.0172989
-0.0158514
-0.0142324
-0.0124105
-0.0103666
-0.00835048
-0.00641446
-0.00466292
-0.00343542
-0.00298021
-0.00310301
-0.00341982
-0.000805767
-0.00119171
-0.00175094
-0.00230947
-0.00289517
-0.00357404
-0.00438598
-0.00535321
-0.0064771
-0.00773939
-0.00910893
-0.0105494
-0.0120254
-0.013505
-0.0149622
-0.0163764
-0.017733
-0.0190224
-0.0202399
-0.0213838
-0.0224551
-0.0234562
-0.0243904
-0.0252613
-0.0260724
-0.026827
-0.0275279
-0.0281776
-0.0287781
-0.0293309
-0.0298376
-0.030299
-0.0307159
-0.0310891
-0.0314188
-0.0317056
-0.0319497
-0.0321514
-0.0323108
-0.0324282
-0.0325039
-0.0325379
-0.0325307
-0.0324824
-0.0323934
-0.032264
-0.0320945
-0.0318854
-0.0316371
-0.03135
-0.0310247
-0.0306617
-0.0302614
-0.0298244
-0.0293513
-0.0288426
-0.0282987
-0.0277199
-0.0271062
-0.0264574
-0.0257724
-0.0250496
-0.0242857
-0.0234758
-0.0226126
-0.0216854
-0.0206797
-0.0195766
-0.0183536
-0.0169884
-0.0154606
-0.0137395
-0.0117933
-0.00974426
-0.00781788
-0.00600941
-0.00460217
-0.00392814
-0.00392768
-0.00433347
-0.00167361
-0.00204387
-0.00259005
-0.00315042
-0.00374798
-0.00444258
-0.00527087
-0.00625309
-0.00738877
-0.00865806
-0.0100286
-0.0114636
-0.0129276
-0.0143895
-0.0158242
-0.0172125
-0.0185411
-0.0198018
-0.0209909
-0.0221076
-0.0231535
-0.0241313
-0.0250445
-0.0258967
-0.0266912
-0.0274311
-0.0281192
-0.0287578
-0.0293486
-0.0298931
-0.0303927
-0.0308481
-0.0312601
-0.0316292
-0.0319558
-0.0322404
-0.0324831
-0.0326841
-0.0328438
-0.0329622
-0.0330396
-0.0330762
-0.0330722
-0.033028
-0.0329436
-0.0328196
-0.0326561
-0.0324535
-0.0322123
-0.0319327
-0.0316152
-0.0312604
-0.0308686
-0.0304404
-0.0299762
-0.0294767
-0.0289422
-0.0283733
-0.0277702
-0.0271329
-0.0264611
-0.0257535
-0.0250081
-0.0242212
-0.0233868
-0.022496
-0.0215363
-0.0204906
-0.0193372
-0.0180522
-0.0166142
-0.0149986
-0.0131698
-0.0111293
-0.00922025
-0.00741858
-0.00589632
-0.00501809
-0.00488414
-0.00538845
-0.00257608
-0.00292878
-0.00345853
-0.00401653
-0.0046214
-0.00532655
-0.00616515
-0.00715532
-0.00829495
-0.00956312
-0.0109268
-0.012349
-0.0137947
-0.0152337
-0.016642
-0.0180016
-0.0193006
-0.020532
-0.0216928
-0.0227829
-0.0238044
-0.0247601
-0.0256535
-0.0264881
-0.0272672
-0.0279936
-0.02867
-0.0292983
-0.0298802
-0.0304172
-0.0309102
-0.0313601
-0.0317676
-0.032133
-0.0324568
-0.0327393
-0.0329806
-0.0331811
-0.033341
-0.0334603
-0.0335393
-0.0335783
-0.0335773
-0.0335367
-0.0334567
-0.0333375
-0.0331796
-0.032983
-0.0327483
-0.0324757
-0.0321657
-0.0318186
-0.0314348
-0.0310149
-0.0305593
-0.0300685
-0.0295432
-0.0289837
-0.0283907
-0.0277644
-0.0271049
-0.0264116
-0.0256832
-0.0249171
-0.0241087
-0.023251
-0.0223332
-0.02134
-0.0202515
-0.0190441
-0.0176958
-0.0161855
-0.0144721
-0.0125122
-0.0105974
-0.0088388
-0.00726997
-0.00623071
-0.0059902
-0.00656626
-0.00349567
-0.00382877
-0.00433924
-0.00489152
-0.00549966
-0.00621064
-0.00705423
-0.00804628
-0.00918329
-0.0104436
-0.0117941
-0.0131978
-0.0146206
-0.0160331
-0.0174124
-0.0187419
-0.0200107
-0.0212127
-0.0223458
-0.0234104
-0.0244085
-0.0253434
-0.0262182
-0.0270365
-0.0278013
-0.0285153
-0.0291807
-0.0297996
-0.0303734
-0.0309034
-0.0313904
-0.0318353
-0.0322385
-0.0326005
-0.0329216
-0.0332022
-0.0334423
-0.0336423
-0.0338023
-0.0339224
-0.0340029
-0.0340439
-0.0340456
-0.0340084
-0.0339323
-0.0338177
-0.0336647
-0.0334738
-0.0332451
-0.0329791
-0.032676
-0.0323361
-0.03196
-0.031548
-0.0311005
-0.0306182
-0.0301017
-0.0295514
-0.0289682
-0.0283524
-0.0277045
-0.0270246
-0.0263119
-0.025565
-0.0247804
-0.0239527
-0.0230729
-0.0221279
-0.0210996
-0.0199654
-0.0187018
-0.017288
-0.0156893
-0.0138664
-0.0119479
-0.0102409
-0.008675
-0.00753187
-0.00722908
-0.00783591
-0.0044153
-0.00472707
-0.00521598
-0.00575989
-0.00636789
-0.00708068
-0.0079247
-0.00891362
-0.0100427
-0.0112898
-0.0126222
-0.0140034
-0.0154
-0.0167837
-0.0181327
-0.0194315
-0.0206703
-0.0218437
-0.0229501
-0.0239903
-0.0249665
-0.0258818
-0.0267394
-0.0275425
-0.0282941
-0.0289965
-0.029652
-0.0302621
-0.0308284
-0.0313519
-0.0318334
-0.0322735
-0.0326728
-0.0330316
-0.0333503
-0.033629
-0.033868
-0.0340674
-0.0342275
-0.0343483
-0.03443
-0.0344729
-0.0344771
-0.0344428
-0.0343703
-0.0342598
-0.0341115
-0.0339257
-0.0337026
-0.0334426
-0.0331459
-0.032813
-0.032444
-0.0320395
-0.0315999
-0.0311258
-0.0306177
-0.0300764
-0.0295025
-0.0288969
-0.0282602
-0.0275929
-0.026895
-0.0261657
-0.0254029
-0.0246025
-0.0237573
-0.0228563
-0.0218835
-0.0208177
-0.0196349
-0.0183143
-0.0168305
-0.0151477
-0.0132613
-0.0115962
-0.0100711
-0.00887976
-0.00853784
-0.00911829
-0.00531915
-0.0056084
-0.0060742
-0.00660748
-0.0072125
-0.00792377
-0.00876452
-0.0097463
-0.0108636
-0.0120934
-0.013404
-0.0147601
-0.0161286
-0.0174824
-0.0188008
-0.0200692
-0.0212787
-0.0224246
-0.0235057
-0.024523
-0.0254787
-0.0263758
-0.0272174
-0.0280065
-0.0287458
-0.0294376
-0.0300838
-0.0306859
-0.0312452
-0.0317627
-0.032239
-0.0326748
-0.0330705
-0.0334263
-0.0337427
-0.0340197
-0.0342575
-0.0344564
-0.0346164
-0.0347378
-0.0348206
-0.0348651
-0.0348715
-0.0348399
-0.0347706
-0.0346638
-0.0345197
-0.0343386
-0.0341207
-0.0338662
-0.0335755
-0.0332489
-0.0328867
-0.0324893
-0.0320572
-0.0315909
-0.031091
-0.0305582
-0.0299935
-0.0293977
-0.0287717
-0.0281164
-0.0274324
-0.0267195
-0.0259768
-0.0252013
-0.0243875
-0.0235264
-0.022604
-0.0216011
-0.0204946
-0.019264
-0.017889
-0.016328
-0.0145449
-0.012896
-0.011416
-0.0102191
-0.00982865
-0.0103048
-0.00619213
-0.00645894
-0.00690071
-0.00742164
-0.0080214
-0.0087285
-0.00956312
-0.0105348
-0.0116374
-0.0128473
-0.0141337
-0.015463
-0.0168027
-0.0181265
-0.0194147
-0.0206537
-0.0218352
-0.0229552
-0.0240125
-0.0250084
-0.0259451
-0.0268254
-0.0276523
-0.0284285
-0.0291566
-0.0298386
-0.0304762
-0.0310709
-0.0316238
-0.0321358
-0.0326073
-0.0330391
-0.0334314
-0.0337845
-0.0340986
-0.034374
-0.0346108
-0.0348091
-0.0349691
-0.0350909
-0.0351746
-0.0352206
-0.0352289
-0.0351997
-0.0351332
-0.0350297
-0.0348894
-0.0347124
-0.0344992
-0.0342498
-0.0339646
-0.0336439
-0.033288
-0.0328973
-0.0324722
-0.0320133
-0.0315212
-0.0309967
-0.0304407
-0.0298543
-0.0292386
-0.0285948
-0.0279238
-0.0272263
-0.026502
-0.0257493
-0.0249641
-0.0241392
-0.0232627
-0.0223174
-0.0212817
-0.0201338
-0.0188552
-0.017409
-0.015757
-0.0141236
-0.0126941
-0.0115051
-0.0110407
-0.0113658
-0.00702271
-0.00726639
-0.00768389
-0.00819129
-0.00878406
-0.009485
-0.0103115
-0.0112712
-0.0123563
-0.0135451
-0.0148063
-0.0161085
-0.0174194
-0.0187138
-0.0199729
-0.021184
-0.0223392
-0.023435
-0.0244704
-0.0254466
-0.0263659
-0.0272308
-0.0280442
-0.0288086
-0.0295264
-0.0301994
-0.0308292
-0.0314172
-0.0319642
-0.032471
-0.0329382
-0.0333662
-0.0337554
-0.034106
-0.0344181
-0.034692
-0.0349277
-0.0351254
-0.0352853
-0.0354075
-0.035492
-0.0355392
-0.0355491
-0.035522
-0.035458
-0.0353574
-0.0352204
-0.0350472
-0.0348381
-0.0345933
-0.0343131
-0.0339978
-0.0336476
-0.0332631
-0.0328446
-0.0323926
-0.0319079
-0.0313913
-0.0308437
-0.0302663
-0.0296604
-0.0290274
-0.0283687
-0.0276855
-0.0269782
-0.0262462
-0.025487
-0.0246948
-0.0238599
-0.0229673
-0.0219965
-0.0209248
-0.0197332
-0.0183936
-0.0168798
-0.0152717
-0.0138902
-0.0127143
-0.0121639
-0.0123516
-0.00779898
-0.00802062
-0.00841389
-0.00890709
-0.00949161
-0.0101849
-0.0110017
-0.0119488
-0.0130152
-0.0141817
-0.0154179
-0.0166932
-0.0179762
-0.0192425
-0.0204742
-0.0216592
-0.0227901
-0.0238636
-0.0248789
-0.0258373
-0.0267407
-0.0275917
-0.0283928
-0.0291466
-0.029855
-0.0305199
-0.0311427
-0.0317244
-0.0322661
-0.0327683
-0.0332315
-0.0336562
-0.0340425
-0.0343907
-0.034701
-0.0349735
-0.0352082
-0.0354054
-0.0355652
-0.0356876
-0.0357728
-0.035821
-0.0358323
-0.0358069
-0.0357451
-0.0356471
-0.0355129
-0.035343
-0.0351376
-0.0348968
-0.034621
-0.0343105
-0.0339656
-0.0335866
-0.0331741
-0.0327286
-0.0322508
-0.0317415
-0.0312018
-0.0306329
-0.0300363
-0.0294135
-0.0287664
-0.0280964
-0.0274047
-0.0266917
-0.0259559
-0.0251932
-0.0243957
-0.0235505
-0.0226388
-0.0216382
-0.0205293
-0.0192912
-0.0178973
-0.0163428
-0.0149992
-0.0138413
-0.0132222
-0.0133013
-0.00851678
-0.00871083
-0.00908228
-0.00956111
-0.0101366
-0.0108214
-0.0116276
-0.0125612
-0.0136093
-0.0147532
-0.0159652
-0.0172147
-0.018471
-0.019711
-0.0209173
-0.0220784
-0.0231872
-0.0242406
-0.0252378
-0.0261801
-0.0270693
-0.0279078
-0.0286981
-0.0294422
-0.0301423
-0.0307999
-0.0314163
-0.0319925
-0.0325294
-0.0330274
-0.0334871
-0.0339087
-0.0342925
-0.0346387
-0.0349473
-0.0352185
-0.0354524
-0.0356491
-0.0358086
-0.0359312
-0.0360169
-0.036066
-0.0360785
-0.0360546
-0.0359946
-0.0358987
-0.035767
-0.0355999
-0.0353976
-0.0351603
-0.0348884
-0.034582
-0.0342417
-0.0338678
-0.0334607
-0.033021
-0.0325495
-0.0320469
-0.0315145
-0.0309535
-0.0303655
-0.0297523
-0.0291158
-0.0284581
-0.0277808
-0.027085
-0.0263703
-0.0256341
-0.0248702
-0.0240674
-0.0232091
-0.022274
-0.0212428
-0.0200971
-0.0188049
-0.0173437
-0.0160297
-0.01489
-0.014232
-0.014225
-0.00916484
-0.00933428
-0.00968414
-0.0101475
-0.0107134
-0.0113894
-0.0121846
-0.0131042
-0.0141345
-0.0152566
-0.0164458
-0.0176707
-0.0189024
-0.0201181
-0.0213014
-0.0224408
-0.0235299
-0.0245653
-0.0255466
-0.0264747
-0.0273514
-0.0281789
-0.0289595
-0.0296952
-0.030388
-0.0310391
-0.0316499
-0.0322212
-0.0327539
-0.0332483
-0.0337048
-0.0341238
-0.0345053
-0.0348497
-0.0351569
-0.035427
-0.0356601
-0.0358563
-0.0360157
-0.0361385
-0.0362246
-0.0362743
-0.0362878
-0.0362651
-0.0362066
-0.0361124
-0.0359828
-0.035818
-0.0356183
-0.0353839
-0.0351152
-0.0348124
-0.034476
-0.0341064
-0.033704
-0.0332695
-0.0328035
-0.0323071
-0.0317813
-0.0312275
-0.0306474
-0.0300429
-0.0294162
-0.0287697
-0.0281054
-0.0274251
-0.0267294
-0.0260169
-0.025283
-0.0245184
-0.0237082
-0.022833
-0.0218727
-0.0208101
-0.0196121
-0.0182501
-0.0169776
-0.0158722
-0.0151986
-0.0151231
-0.00972883
-0.00988207
-0.0102109
-0.0106606
-0.0112175
-0.0118848
-0.0126691
-0.0135744
-0.014588
-0.0156899
-0.0168575
-0.0180598
-0.0192689
-0.0204628
-0.0216255
-0.0227459
-0.0238176
-0.0248375
-0.0258048
-0.0267206
-0.0275864
-0.0284044
-0.0291767
-0.0299052
-0.0305916
-0.0312372
-0.0318432
-0.0324103
-0.0329393
-0.0334306
-0.0338845
-0.0343012
-0.0346809
-0.0350237
-0.0353297
-0.0355989
-0.0358314
-0.0360273
-0.0361866
-0.0363094
-0.0363959
-0.0364461
-0.0364603
-0.0364387
-0.0363813
-0.0362885
-0.0361604
-0.0359974
-0.0357998
-0.0355677
-0.0353016
-0.0350017
-0.0346685
-0.0343025
-0.033904
-0.0334738
-0.0330127
-0.0325215
-0.0320015
-0.0314541
-0.030881
-0.0302844
-0.0296666
-0.0290301
-0.0283775
-0.0277111
-0.0270323
-0.0263408
-0.0256336
-0.0249031
-0.0241364
-0.0233152
-0.0224189
-0.0214311
-0.0203219
-0.0190688
-0.0178377
-0.0167822
-0.0161156
-0.0159862
-0.0102127
-0.0103512
-0.0106587
-0.0110972
-0.0116457
-0.0123048
-0.0130786
-0.0139698
-0.0149679
-0.0160513
-0.017199
-0.0183808
-0.0195697
-0.0207444
-0.021889
-0.022993
-0.0240498
-0.0250563
-0.0260119
-0.0269173
-0.027774
-0.0285841
-0.0293494
-0.0300718
-0.0307529
-0.0313939
-0.0319958
-0.0325595
-0.0330855
-0.0335743
-0.034026
-0.0344409
-0.0348192
-0.0351608
-0.0354658
-0.0357344
-0.0359664
-0.036162
-0.0363212
-0.0364442
-0.0365309
-0.0365816
-0.0365963
-0.0365754
-0.0365188
-0.036427
-0.0363001
-0.0361384
-0.0359423
-0.0357119
-0.0354477
-0.03515
-0.0348193
-0.0344559
-0.0340606
-0.0336339
-0.0331767
-0.0326899
-0.0321747
-0.0316327
-0.0310658
-0.030476
-0.0298659
-0.0292383
-0.028596
-0.0279418
-0.0272779
-0.026605
-0.0259212
-0.0252208
-0.024493
-0.0237206
-0.0228831
-0.0219642
-0.0209397
-0.0197952
-0.0186052
-0.0176134
-0.0169713
-0.0168012
-0.0106198
-0.0107415
-0.0110295
-0.011456
-0.0119966
-0.0126478
-0.0134119
-0.0142897
-0.0152729
-0.0163393
-0.0174696
-0.018633
-0.0198041
-0.0209621
-0.0220914
-0.0231815
-0.0242259
-0.0252215
-0.0261674
-0.0270643
-0.0279137
-0.0287173
-0.029477
-0.0301945
-0.0308714
-0.0315087
-0.0321075
-0.0326685
-0.0331923
-0.0336791
-0.0341292
-0.0345428
-0.03492
-0.0352608
-0.0355652
-0.0358333
-0.0360651
-0.0362606
-0.0364198
-0.0365428
-0.0366298
-0.0366808
-0.0366959
-0.0366754
-0.0366195
-0.0365283
-0.0364021
-0.0362412
-0.036046
-0.0358167
-0.0355537
-0.0352574
-0.0349283
-0.0345669
-0.0341738
-0.0337496
-0.0332953
-0.0328118
-0.0323005
-0.0317629
-0.0312009
-0.0306168
-0.0300133
-0.0293932
-0.0287599
-0.0281163
-0.0274653
-0.0268084
-0.0261451
-0.0254712
-0.0247776
-0.0240491
-0.023266
-0.0224121
-0.0214698
-0.0204235
-0.0192809
-0.0183574
-0.0177519
-0.017554
-0.0109484
-0.0110528
-0.0113225
-0.0117372
-0.0122699
-0.0129135
-0.0136686
-0.0145343
-0.0155025
-0.0165534
-0.0176688
-0.0188159
-0.0199716
-0.0211155
-0.0222322
-0.0233109
-0.0243454
-0.0253323
-0.0262707
-0.0271611
-0.0280049
-0.0288036
-0.0295591
-0.030273
-0.0309468
-0.0315814
-0.032178
-0.0327371
-0.0332593
-0.0337448
-0.0341939
-0.0346067
-0.0349833
-0.0353236
-0.0356278
-0.0358958
-0.0361275
-0.036323
-0.0364824
-0.0366056
-0.0366928
-0.036744
-0.0367594
-0.0367391
-0.0366834
-0.0365925
-0.0364666
-0.036306
-0.0361111
-0.0358822
-0.0356197
-0.0353241
-0.0349958
-0.0346354
-0.0342435
-0.0338209
-0.0333684
-0.0328872
-0.0323785
-0.0318441
-0.0312859
-0.0307062
-0.0301079
-0.029494
-0.028868
-0.0282334
-0.0275933
-0.0269501
-0.0263043
-0.0256533
-0.0249897
-0.0243003
-0.023567
-0.0227731
-0.0219054
-0.0209443
-0.0198756
-0.0190127
-0.018444
-0.0182316
-0.0111979
-0.0112852
-0.0115374
-0.0119409
-0.0124657
-0.013102
-0.0138486
-0.0147035
-0.0156578
-0.0166943
-0.0177964
-0.0189295
-0.0200722
-0.0212045
-0.022311
-0.0233809
-0.0244079
-0.0253884
-0.0263214
-0.0272072
-0.0280471
-0.0288425
-0.0295952
-0.0303068
-0.0309786
-0.0316116
-0.0322069
-0.0327649
-0.0332863
-0.0337712
-0.0342199
-0.0346325
-0.035009
-0.0353494
-0.0356537
-0.0359218
-0.0361538
-0.0363496
-0.0365092
-0.0366326
-0.03672
-0.0367714
-0.0367869
-0.0367667
-0.036711
-0.03662
-0.0364939
-0.0363332
-0.036138
-0.0359089
-0.0356462
-0.0353504
-0.035022
-0.0346616
-0.0342699
-0.0338476
-0.0333959
-0.0329157
-0.0324084
-0.0318759
-0.0313201
-0.0307434
-0.0301489
-0.0295397
-0.0289195
-0.028292
-0.0276609
-0.027029
-0.026398
-0.0257663
-0.0251286
-0.0244736
-0.0237848
-0.0230455
-0.0222446
-0.0213612
-0.0203768
-0.0195717
-0.0190409
-0.0188226
-0.0113701
-0.0114405
-0.0116755
-0.0120681
-0.0125852
-0.0132144
-0.013953
-0.014798
-0.0157401
-0.0167631
-0.0178519
-0.0189739
-0.0201059
-0.0212289
-0.0223276
-0.0233912
-0.0244129
-0.0253892
-0.0263189
-0.027202
-0.0280397
-0.0288334
-0.0295848
-0.0302954
-0.0309664
-0.0315989
-0.0321938
-0.0327517
-0.0332731
-0.0337582
-0.0342072
-0.0346201
-0.0349971
-0.035338
-0.0356428
-0.0359115
-0.036144
-0.0363403
-0.0365003
-0.0366241
-0.0367117
-0.0367632
-0.0367788
-0.0367584
-0.0367024
-0.036611
-0.0364844
-0.0363229
-0.036127
-0.0358969
-0.0356332
-0.0353364
-0.0350069
-0.0346456
-0.034253
-0.03383
-0.0333777
-0.0328972
-0.03239
-0.0318579
-0.0313031
-0.030728
-0.0301357
-0.0295295
-0.0289134
-0.0282912
-0.0276669
-0.0270441
-0.026425
-0.0258095
-0.0251938
-0.0245685
-0.0239188
-0.0232285
-0.0224876
-0.0216755
-0.0207748
-0.0200286
-0.0195363
-0.0193178
-0.0114682
-0.0115221
-0.0117401
-0.0121215
-0.0126307
-0.0132528
-0.0139835
-0.0148193
-0.0157507
-0.0167609
-0.0178366
-0.0189497
-0.0200732
-0.021189
-0.022282
-0.0233414
-0.0243601
-0.0253343
-0.0262626
-0.0271449
-0.0279822
-0.0287758
-0.0295274
-0.0302382
-0.0309097
-0.0315428
-0.0321384
-0.0326971
-0.0332194
-0.0337054
-0.0341554
-0.0345694
-0.0349474
-0.0352893
-0.0355952
-0.0358648
-0.0360982
-0.0362952
-0.0364559
-0.0365802
-0.0366681
-0.0367197
-0.0367352
-0.0367145
-0.036658
-0.0365658
-0.0364383
-0.0362756
-0.0360783
-0.0358467
-0.0355812
-0.0352825
-0.0349511
-0.0345877
-0.034193
-0.0337681
-0.0333139
-0.0328317
-0.0323232
-0.03179
-0.0312345
-0.0306593
-0.0300675
-0.0294627
-0.0288487
-0.0282299
-0.0276105
-0.0269944
-0.0263845
-0.0257819
-0.0251843
-0.0245842
-0.0239687
-0.0233216
-0.0226339
-0.0218865
-0.0210664
-0.0203776
-0.0199246
-0.0197104
-0.0114966
-0.0115344
-0.0117352
-0.0121045
-0.0126052
-0.0132199
-0.0139427
-0.0147695
-0.015691
-0.0166895
-0.0177524
-0.0188577
-0.0199743
-0.0210847
-0.0221741
-0.0232313
-0.024249
-0.0252232
-0.026152
-0.0270354
-0.027874
-0.0286692
-0.0294223
-0.0301348
-0.030808
-0.0314429
-0.0320403
-0.0326009
-0.0331249
-0.0336127
-0.0340645
-0.0344802
-0.0348599
-0.0352035
-0.0355108
-0.0357818
-0.0360165
-0.0362146
-0.0363761
-0.0365011
-0.0365894
-0.0366412
-0.0366565
-0.0366354
-0.0365781
-0.0364849
-0.0363559
-0.0361916
-0.0359923
-0.0357584
-0.0354904
-0.035189
-0.0348546
-0.0344881
-0.0340903
-0.0336621
-0.0332046
-0.0327193
-0.0322078
-0.0316719
-0.0311141
-0.030537
-0.0299439
-0.0293385
-0.0287248
-0.0281074
-0.0274906
-0.0268789
-0.0262757
-0.0256828
-0.0250994
-0.02452
-0.0239334
-0.0233243
-0.0226831
-0.0219929
-0.0212506
-0.020616
-0.0202015
-0.0199951
-0.0114605
-0.0114825
-0.0116655
-0.0120212
-0.0125122
-0.0131189
-0.0138335
-0.0146511
-0.015563
-0.0165509
-0.0176014
-0.018699
-0.01981
-0.0209166
-0.0220041
-0.0230609
-0.0240795
-0.0250555
-0.0259867
-0.0268728
-0.0277145
-0.0285127
-0.029269
-0.0299846
-0.0306609
-0.0312988
-0.0318991
-0.0324625
-0.0329893
-0.0334798
-0.0339342
-0.0343525
-0.0347345
-0.0350803
-0.0353898
-0.0356627
-0.035899
-0.0360985
-0.0362612
-0.036387
-0.0364759
-0.0365278
-0.036543
-0.0365213
-0.0364631
-0.0363685
-0.0362378
-0.0360713
-0.0358693
-0.0356325
-0.0353612
-0.035056
-0.0347177
-0.034347
-0.0339448
-0.0335121
-0.03305
-0.0325601
-0.0320439
-0.0315036
-0.0309416
-0.0303608
-0.0297645
-0.0291565
-0.0285411
-0.0279228
-0.0273065
-0.0266968
-0.0260976
-0.0255114
-0.0249386
-0.0243755
-0.0238129
-0.0232366
-0.0226355
-0.0219954
-0.0213266
-0.0207418
-0.0203653
-0.0201678
-0.011366
-0.0113719
-0.011536
-0.0118763
-0.0123562
-0.0129538
-0.0136594
-0.0144672
-0.0153688
-0.0163472
-0.0173864
-0.0184753
-0.0195814
-0.0206853
-0.0217722
-0.0228302
-0.0238512
-0.0248306
-0.025766
-0.0266566
-0.0275029
-0.0283059
-0.0290668
-0.029787
-0.0304676
-0.0311098
-0.0317142
-0.0322816
-0.0328123
-0.0333065
-0.0337644
-0.034186
-0.0345712
-0.0349199
-0.035232
-0.0355074
-0.0357458
-0.0359472
-0.0361113
-0.0362382
-0.0363278
-0.0363801
-0.036395
-0.0363727
-0.0363133
-0.0362171
-0.0360843
-0.0359151
-0.03571
-0.0354695
-0.035194
-0.0348843
-0.0345409
-0.0341648
-0.0337568
-0.0333182
-0.03285
-0.0323539
-0.0318315
-0.0312851
-0.0307171
-0.0301306
-0.029529
-0.0289164
-0.0282971
-0.0276759
-0.0270577
-0.0264475
-0.0258496
-0.0252672
-0.0247015
-0.0241506
-0.0236073
-0.0230589
-0.0224932
-0.0218985
-0.0212918
-0.0207536
-0.0204148
-0.0202255
-0.0112193
-0.0112084
-0.011352
-0.0116751
-0.012142
-0.0127289
-0.0134243
-0.0142212
-0.0151113
-0.0160802
-0.0171102
-0.0181888
-0.0192898
-0.0203917
-0.0214788
-0.0225391
-0.023564
-0.0245483
-0.0254893
-0.0263861
-0.0272386
-0.0280479
-0.028815
-0.0295412
-0.0302277
-0.0308754
-0.0314853
-0.0320578
-0.0325934
-0.0330923
-0.0335547
-0.0339805
-0.0343697
-0.0347221
-0.0350376
-0.035316
-0.0355571
-0.0357607
-0.0359267
-0.036055
-0.0361455
-0.0361981
-0.0362129
-0.0361899
-0.0361293
-0.0360311
-0.0358958
-0.0357235
-0.0355147
-0.0352698
-0.0349895
-0.0346742
-0.0343248
-0.0339421
-0.0335271
-0.0330809
-0.032605
-0.032101
-0.0315706
-0.0310161
-0.0304403
-0.0298461
-0.0292372
-0.0286178
-0.0279925
-0.0273661
-0.0267437
-0.0261305
-0.0255313
-0.0249498
-0.024388
-0.0238454
-0.0233171
-0.0227921
-0.0222573
-0.0217039
-0.0211483
-0.0206502
-0.0203491
-0.0201683
-0.0110266
-0.0109982
-0.0111196
-0.011423
-0.0118749
-0.0124492
-0.0131327
-0.0139174
-0.0147949
-0.0157524
-0.0167733
-0.0178423
-0.0189373
-0.0200369
-0.0211245
-0.0221878
-0.0232175
-0.024208
-0.0251561
-0.0260604
-0.0269208
-0.0277379
-0.0285128
-0.0292465
-0.0299403
-0.030595
-0.0312116
-0.0317905
-0.0323323
-0.032837
-0.0333049
-0.033736
-0.03413
-0.0344869
-0.0348065
-0.0350886
-0.035333
-0.0355394
-0.0357076
-0.0358377
-0.0359293
-0.0359824
-0.0359971
-0.0359734
-0.0359113
-0.0358111
-0.0356729
-0.035497
-0.0352839
-0.035034
-0.0347479
-0.0344262
-0.0340697
-0.0336793
-0.0332559
-0.0328009
-0.0323157
-0.0318019
-0.0312616
-0.0306971
-0.0301112
-0.0295072
-0.0288889
-0.0282605
-0.0276268
-0.0269929
-0.026364
-0.0257455
-0.0251424
-0.024559
-0.0239979
-0.02346
-0.0229426
-0.0224364
-0.0219283
-0.0214118
-0.0209006
-0.0204322
-0.0201682
-0.0199966
-0.0107939
-0.0107475
-0.0108448
-0.0111258
-0.0115601
-0.0121197
-0.0127895
-0.0135607
-0.0144242
-0.0153682
-0.016378
-0.0174372
-0.0185254
-0.019622
-0.0207101
-0.0217765
-0.0228118
-0.0238094
-0.0247658
-0.025679
-0.0265487
-0.0273751
-0.0281593
-0.0289021
-0.0296046
-0.0302679
-0.0308926
-0.0314793
-0.0320284
-0.0325402
-0.0330148
-0.0334521
-0.0338519
-0.0342143
-0.0345388
-0.0348253
-0.0350735
-0.0352833
-0.0354543
-0.0355864
-0.0356795
-0.0357334
-0.0357481
-0.0357236
-0.0356599
-0.0355573
-0.035416
-0.0352361
-0.0350182
-0.0347626
-0.0344699
-0.0341409
-0.0337762
-0.0333768
-0.0329438
-0.0324785
-0.0319824
-0.0314572
-0.030905
-0.0303284
-0.0297304
-0.0291143
-0.0284842
-0.0278445
-0.0272
-0.0265561
-0.0259183
-0.0252923
-0.0246829
-0.0240948
-0.0235312
-0.0229945
-0.0224839
-0.0219923
-0.0215072
-0.0210242
-0.020551
-0.0201021
-0.0198744
-0.0197115
-0.0105268
-0.010462
-0.0105337
-0.0107893
-0.0112032
-0.0117458
-0.0124
-0.0131556
-0.0140033
-0.014932
-0.0159281
-0.0169759
-0.0180559
-0.0191484
-0.0202362
-0.0213057
-0.0223467
-0.0233521
-0.0243176
-0.025241
-0.0261213
-0.0269586
-0.0277535
-0.0285069
-0.0292199
-0.0298931
-0.0305274
-0.0311233
-0.0316813
-0.0322014
-0.0326839
-0.0331285
-0.0335353
-0.033904
-0.0342344
-0.0345261
-0.034779
-0.0349927
-0.0351669
-0.0353016
-0.0353964
-0.0354513
-0.0354661
-0.0354409
-0.0353757
-0.0352706
-0.0351258
-0.0349415
-0.0347182
-0.0344562
-0.0341562
-0.0338188
-0.0334449
-0.0330353
-0.0325913
-0.0321141
-0.0316054
-0.031067
-0.0305012
-0.0299106
-0.0292983
-0.0286679
-0.0280236
-0.0273701
-0.0267124
-0.0260561
-0.0254069
-0.0247705
-0.0241524
-0.0235571
-0.0229883
-0.0224494
-0.0219417
-0.0214605
-0.0209943
-0.0205397
-0.0200986
-0.019668
-0.0194715
-0.0193148
-0.0102305
-0.0101476
-0.0101923
-0.0104197
-0.0108104
-0.0113334
-0.0119694
-0.0127072
-0.0135369
-0.0144479
-0.0154278
-0.0164616
-0.0175313
-0.0186179
-0.0197042
-0.0207759
-0.0218224
-0.0228357
-0.0238111
-0.0247455
-0.0256376
-0.0264871
-0.0272944
-0.0280601
-0.028785
-0.0294698
-0.0301154
-0.030722
-0.0312902
-0.0318201
-0.0323118
-0.0327651
-0.0331799
-0.0335561
-0.0338932
-0.0341911
-0.0344494
-0.0346677
-0.0348458
-0.0349835
-0.0350805
-0.0351367
-0.0351519
-0.035126
-0.0350591
-0.0349513
-0.0348028
-0.0346137
-0.0343845
-0.0341155
-0.0338074
-0.0334607
-0.0330765
-0.0326555
-0.0321991
-0.0317085
-0.0311856
-0.0306322
-0.0300507
-0.029444
-0.0288152
-0.0281683
-0.0275075
-0.0268378
-0.0261645
-0.0254932
-0.02483
-0.0241808
-0.0235513
-0.0229462
-0.0223695
-0.0218253
-0.0213169
-0.0208425
-0.0203905
-0.0199577
-0.0195416
-0.0191378
-0.0189633
-0.0188088
-0.00990994
-0.00980981
-0.00982621
-0.0100232
-0.0103882
-0.0108887
-0.0115037
-0.0122208
-0.0130299
-0.0139204
-0.014881
-0.015898
-0.0169546
-0.0180327
-0.0191153
-0.0201879
-0.021239
-0.0222601
-0.0232456
-0.0241917
-0.0250967
-0.0259598
-0.0267808
-0.0275603
-0.0282989
-0.0289971
-0.0296555
-0.0302745
-0.0308546
-0.0313957
-0.0318981
-0.0323614
-0.0327856
-0.0331703
-0.0335154
-0.0338203
-0.0340849
-0.0343086
-0.0344913
-0.0346326
-0.0347322
-0.03479
-0.0348058
-0.0347794
-0.0347108
-0.0346003
-0.0344478
-0.0342535
-0.0340179
-0.0337413
-0.0334242
-0.0330674
-0.0326718
-0.0322382
-0.031768
-0.0312625
-0.0307236
-0.0301534
-0.0295543
-0.0289293
-0.0282819
-0.0276161
-0.0269365
-0.0262482
-0.0255567
-0.024868
-0.0241882
-0.0235237
-0.0228802
-0.0222628
-0.0216756
-0.021123
-0.0206104
-0.0201388
-0.0196977
-0.019282
-0.0188863
-0.0185085
-0.0183524
-0.0181977
-0.00956996
-0.00945363
-0.00944125
-0.00960626
-0.00994371
-0.0104185
-0.011009
-0.0117024
-0.0124876
-0.0133544
-0.0142924
-0.0152889
-0.0163288
-0.0173952
-0.0184715
-0.0195427
-0.020597
-0.0216252
-0.0226205
-0.0235789
-0.0244976
-0.0253753
-0.0262116
-0.0270065
-0.0277604
-0.0284736
-0.0291467
-0.0297799
-0.0303736
-0.0309276
-0.0314422
-0.031917
-0.0323519
-0.0327466
-0.0331007
-0.0334138
-0.0336856
-0.0339157
-0.0341036
-0.0342492
-0.0343519
-0.0344117
-0.0344284
-0.0344016
-0.0343315
-0.0342181
-0.0340614
-0.0338617
-0.0336192
-0.0333343
-0.0330076
-0.0326398
-0.0322317
-0.0317843
-0.031299
-0.0307771
-0.0302206
-0.0296317
-0.029013
-0.0283677
-0.0276994
-0.0270124
-0.0263116
-0.0256022
-0.0248901
-0.0241814
-0.0234826
-0.0228001
-0.0221401
-0.0215079
-0.0209076
-0.0203439
-0.0198237
-0.0193512
-0.0189179
-0.0185156
-0.0181362
-0.0177823
-0.0176424
-0.017485
-0.00921536
-0.0090836
-0.00904456
-0.00917677
-0.00948359
-0.00992927
-0.010492
-0.0111581
-0.0119158
-0.0127552
-0.0136665
-0.0146386
-0.0156577
-0.0167085
-0.0177748
-0.0188419
-0.0198972
-0.020931
-0.0219357
-0.0229062
-0.0238391
-0.0247325
-0.0255854
-0.0263973
-0.0271682
-0.0278984
-0.028588
-0.0292373
-0.0298463
-0.0304151
-0.0309436
-0.0314315
-0.0318787
-0.0322847
-0.0326491
-0.0329716
-0.0332517
-0.033489
-0.0336831
-0.0338336
-0.0339401
-0.0340024
-0.0340203
-0.0339934
-0.0339219
-0.0338056
-0.0336446
-0.033439
-0.0331892
-0.0328956
-0.0325585
-0.0321788
-0.0317573
-0.0312949
-0.0307931
-0.0302534
-0.0296776
-0.0290682
-0.028428
-0.0277603
-0.0270689
-0.0263585
-0.025634
-0.0249011
-0.0241659
-0.0234348
-0.0227145
-0.0220116
-0.0213326
-0.0206831
-0.0200672
-0.0194896
-0.0189589
-0.018482
-0.0180537
-0.0176613
-0.0172945
-0.0169612
-0.0168361
-0.0166748
-0.00885143
-0.00870398
-0.00864359
-0.00874307
-0.00901541
-0.00942839
-0.00995969
-0.0105944
-0.0113206
-0.0121283
-0.0130086
-0.0139516
-0.0149453
-0.0159757
-0.0170278
-0.018087
-0.0191407
-0.020178
-0.0211909
-0.0221731
-0.0231205
-0.0240304
-0.024901
-0.0257314
-0.0265211
-0.0272701
-0.0279782
-0.0286455
-0.0292719
-0.0298573
-0.0304016
-0.0309044
-0.0313654
-0.0317843
-0.0321606
-0.0324937
-0.0327834
-0.033029
-0.0332301
-0.0333864
-0.0334973
-0.0335627
-0.0335821
-0.0335555
-0.0334826
-0.0333635
-0.0331981
-0.0329866
-0.0327291
-0.0324261
-0.0320781
-0.0316857
-0.0312497
-0.0307713
-0.0302517
-0.0296926
-0.0290961
-0.0284645
-0.0278009
-0.0271087
-0.0263921
-0.025656
-0.0249056
-0.0241468
-0.0233861
-0.02263
-0.0218856
-0.0211598
-0.0204594
-0.0197901
-0.0191563
-0.0185627
-0.0180186
-0.0175344
-0.0171071
-0.0167214
-0.0163634
-0.0160494
-0.0159372
-0.0157705
-0.00848054
-0.00832233
-0.00824693
-0.00831342
-0.00854749
-0.0089241
-0.00941969
-0.0100184
-0.0107083
-0.0114795
-0.0123238
-0.0132327
-0.0141957
-0.0152005
-0.0162334
-0.0172805
-0.0183288
-0.019367
-0.0203862
-0.0213793
-0.0223411
-0.0232678
-0.0241572
-0.0250075
-0.0258178
-0.0265874
-0.0273161
-0.0280035
-0.0286494
-0.0292535
-0.0298156
-0.0303352
-0.0308119
-0.0312453
-0.031635
-0.0319802
-0.0322807
-0.0325357
-0.032745
-0.0329079
-0.033024
-0.0330931
-0.0331147
-0.0330886
-0.0330147
-0.0328928
-0.032723
-0.0325053
-0.0322398
-0.0319271
-0.0315675
-0.0311616
-0.0307104
-0.0302148
-0.0296763
-0.0290966
-0.0284777
-0.0278223
-0.0271334
-0.0264149
-0.0256711
-0.0249071
-0.0241285
-0.0233415
-0.0225529
-0.0217695
-0.0209985
-0.0202473
-0.0195228
-0.0188314
-0.0181775
-0.0175657
-0.0170058
-0.0165111
-0.0160812
-0.0156986
-0.015346
-0.0150499
-0.0149489
-0.0147755
-0.00810738
-0.00795019
-0.00786308
-0.00789569
-0.00808843
-0.00842494
-0.00887981
-0.00943709
-0.0100854
-0.0108148
-0.0116177
-0.0124868
-0.0134135
-0.014387
-0.0153952
-0.016425
-0.0174636
-0.0184993
-0.0195224
-0.0205248
-0.0215003
-0.0224442
-0.023353
-0.0242245
-0.025057
-0.0258493
-0.0266006
-0.0273103
-0.0279779
-0.0286029
-0.0291848
-0.0297233
-0.0302177
-0.0306675
-0.0310722
-0.0314311
-0.0317438
-0.0320096
-0.0322281
-0.0323986
-0.0325209
-0.0325944
-0.0326187
-0.0325936
-0.0325189
-0.0323946
-0.0322203
-0.0319963
-0.0317227
-0.0313998
-0.0310281
-0.0306082
-0.0301409
-0.0296273
-0.0290688
-0.0284671
-0.0278246
-0.0271438
-0.0264281
-0.0256814
-0.0249085
-0.0241145
-0.0233056
-0.0224882
-0.0216694
-0.0208562
-0.0200563
-0.0192772
-0.0185263
-0.0178103
-0.017134
-0.0165018
-0.0159239
-0.0154158
-0.0149798
-0.0145981
-0.0142483
-0.0139648
-0.0138734
-0.0136922
-0.00774313
-0.00759617
-0.00749816
-0.00749758
-0.00764709
-0.00793898
-0.00834751
-0.0088576
-0.00945832
-0.0101401
-0.0108957
-0.0117191
-0.0126033
-0.0135394
-0.0145169
-0.0155237
-0.0165476
-0.0175767
-0.0186006
-0.0196103
-0.0205983
-0.021559
-0.0224879
-0.0233816
-0.0242378
-0.0250546
-0.0258306
-0.0265649
-0.0272565
-0.0279047
-0.0285089
-0.0290684
-0.0295825
-0.0300507
-0.0304723
-0.0308466
-0.031173
-0.031451
-0.0316799
-0.0318593
-0.0319886
-0.0320673
-0.032095
-0.0320715
-0.0319965
-0.0318698
-0.0316914
-0.0314611
-0.0311792
-0.030846
-0.0304617
-0.0300272
-0.0295431
-0.0290107
-0.0284312
-0.0278067
-0.0271392
-0.0264318
-0.0256877
-0.0249113
-0.0241075
-0.0232818
-0.0224405
-0.0215907
-0.0207394
-0.0198942
-0.019063
-0.0182535
-0.0174737
-0.0167307
-0.0160298
-0.0153752
-0.0147772
-0.0142533
-0.0138083
-0.0134253
-0.0130758
-0.0127959
-0.0127131
-0.0125235
-0.00739651
-0.00726469
-0.00715664
-0.00712526
-0.00723054
-0.00747288
-0.00782978
-0.0082868
-0.0088336
-0.00946122
-0.0101632
-0.0109346
-0.0117699
-0.0126622
-0.0136025
-0.0145803
-0.015584
-0.0166019
-0.0176228
-0.018637
-0.019636
-0.0206127
-0.0215617
-0.0224785
-0.0233598
-0.0242028
-0.0250056
-0.0257667
-0.0264846
-0.0271585
-0.0277872
-0.0283701
-0.0289062
-0.0293948
-0.0298353
-0.0302268
-0.0305687
-0.0308604
-0.0311012
-0.0312905
-0.0314279
-0.0315128
-0.0315447
-0.0315235
-0.0314487
-0.0313201
-0.0311376
-0.0309012
-0.030611
-0.0302672
-0.0298703
-0.0294207
-0.0289195
-0.0283675
-0.0277664
-0.027118
-0.0264247
-0.0256895
-0.0249159
-0.0241084
-0.0232722
-0.0224131
-0.0215378
-0.0206534
-0.0197677
-0.0188883
-0.0180234
-0.0171812
-0.01637
-0.0155974
-0.0148695
-0.0141904
-0.0135704
-0.0130288
-0.0125731
-0.0121834
-0.0118309
-0.0115481
-0.0114707
-0.0112713
-0.00707161
-0.00695703
-0.00684109
-0.00678272
-0.00684444
-0.00703325
-0.00733375
-0.00773138
-0.00821737
-0.00878394
-0.00942542
-0.010138
-0.0109179
-0.0117598
-0.0126566
-0.0135991
-0.0145767
-0.0155781
-0.0165918
-0.0176072
-0.0186149
-0.0196065
-0.0205753
-0.0215156
-0.0224229
-0.0232938
-0.0241254
-0.0249154
-0.0256621
-0.026364
-0.0270198
-0.0276284
-0.0281888
-0.0287002
-0.0291616
-0.0295722
-0.0299314
-0.0302384
-0.0304925
-0.0306932
-0.0308399
-0.030932
-0.0309691
-0.0309508
-0.0308768
-0.0307468
-0.0305607
-0.0303185
-0.0300201
-0.0296659
-0.0292561
-0.0287914
-0.0282726
-0.0277008
-0.0270775
-0.0264047
-0.0256849
-0.024921
-0.024117
-0.0232774
-0.0224076
-0.0215138
-0.0206029
-0.0196824
-0.0187602
-0.0178445
-0.0169437
-0.0160664
-0.015221
-0.0144163
-0.0136589
-0.0129531
-0.0123089
-0.0117471
-0.0112771
-0.0108773
-0.010518
-0.0102256
-0.0101483
-0.00993642
-0.0067703
-0.00667246
-0.00655189
-0.00647142
-0.0064927
-0.00662621
-0.00686561
-0.00719748
-0.00761544
-0.00811357
-0.00868729
-0.00933412
-0.0100518
-0.0108367
-0.0116835
-0.0125844
-0.0135301
-0.0145096
-0.0155114
-0.0165244
-0.017538
-0.0185427
-0.0195304
-0.0204942
-0.0214284
-0.0223285
-0.0231905
-0.0240117
-0.0247894
-0.0255217
-0.026207
-0.0268438
-0.0274309
-0.0279672
-0.0284518
-0.0288836
-0.029262
-0.029586
-0.0298551
-0.0300686
-0.0302259
-0.0303263
-0.0303696
-0.0303552
-0.0302827
-0.030152
-0.0299628
-0.0297151
-0.0294089
-0.0290444
-0.028622
-0.0281422
-0.0276058
-0.0270141
-0.0263685
-0.025671
-0.0249243
-0.0241314
-0.0232964
-0.022424
-0.0215198
-0.0205903
-0.0196426
-0.0186844
-0.0177241
-0.0167702
-0.0158313
-0.0149162
-0.0140342
-0.0131944
-0.0124046
-0.0116696
-0.0109989
-0.010414
-0.0099259
-0.0095117
-0.00913975
-0.0088291
-0.00874471
-0.00851697
-0.00649281
-0.00640899
-0.00628812
-0.00619128
-0.00617696
-0.00625581
-0.00642981
-0.00669037
-0.00703308
-0.00745501
-0.00795334
-0.00852714
-0.00917572
-0.00989721
-0.0106878
-0.0115413
-0.0124493
-0.0134015
-0.0143867
-0.0153932
-0.0164095
-0.0174251
-0.0184304
-0.0194173
-0.0203787
-0.0213088
-0.0222028
-0.0230569
-0.0238677
-0.0246328
-0.02535
-0.0260174
-0.0266336
-0.0271972
-0.0277071
-0.0281622
-0.0285617
-0.0289047
-0.0291904
-0.0294183
-0.0295875
-0.0296976
-0.0297481
-0.0297386
-0.0296686
-0.029538
-0.0293464
-0.0290939
-0.0287804
-0.0284061
-0.0279713
-0.0274768
-0.0269232
-0.0263117
-0.025644
-0.024922
-0.0241484
-0.0233266
-0.0224605
-0.0215552
-0.0206162
-0.0196504
-0.018665
-0.0176681
-0.0166682
-0.0156741
-0.0146948
-0.0137395
-0.0128179
-0.01194
-0.0111146
-0.0103472
-0.00964722
-0.00903579
-0.00852506
-0.00809089
-0.0076986
-0.00735785
-0.00725463
-0.00700665
-0.00623716
-0.00616451
-0.00604816
-0.00594152
-0.00589651
-0.00592343
-0.00602948
-0.00621428
-0.00647487
-0.00681266
-0.00722773
-0.00772107
-0.00829375
-0.00894555
-0.00967412
-0.0104746
-0.0113397
-0.0122598
-0.0132238
-0.0142197
-0.0152354
-0.0162592
-0.0172804
-0.0182894
-0.0192778
-0.0202385
-0.0211655
-0.022054
-0.0228998
-0.0236997
-0.024451
-0.0251513
-0.0257989
-0.026392
-0.0269295
-0.02741
-0.0278326
-0.0281964
-0.0285006
-0.0287443
-0.028927
-0.0290482
-0.0291073
-0.0291037
-0.0290373
-0.0289077
-0.0287146
-0.0284581
-0.028138
-0.0277547
-0.0273084
-0.0267997
-0.0262295
-0.025599
-0.0249097
-0.0241639
-0.0233641
-0.0225138
-0.0216171
-0.0206791
-0.0197056
-0.0187034
-0.0176799
-0.0166434
-0.0156027
-0.0145667
-0.0135448
-0.0125466
-0.0115825
-0.010663
-0.00979798
-0.00899419
-0.00826107
-0.00761877
-0.00707982
-0.00661876
-0.00619782
-0.0058102
-0.00566874
-0.00539276
-0.00600056
-0.00593773
-0.00582995
-0.00571986
-0.00564909
-0.00562872
-0.00566681
-0.00577145
-0.00594384
-0.00618981
-0.0065138
-0.0069193
-0.00740944
-0.00798567
-0.00864701
-0.00938975
-0.0102074
-0.0110911
-0.0120298
-0.0130114
-0.0140232
-0.0150526
-0.0160876
-0.0171173
-0.018132
-0.0191232
-0.0200838
-0.0210077
-0.0218899
-0.0227263
-0.0235136
-0.0242489
-0.02493
-0.0255548
-0.026122
-0.0266299
-0.0270777
-0.0274641
-0.0277884
-0.0280498
-0.0282476
-0.0283812
-0.0284501
-0.0284539
-0.0283922
-0.0282648
-0.0280714
-0.0278119
-0.0274863
-0.027095
-0.0266381
-0.0261164
-0.0255307
-0.0248822
-0.0241725
-0.0234039
-0.0225791
-0.0217015
-0.0207753
-0.0198056
-0.0187982
-0.01776
-0.0166986
-0.0156222
-0.0145397
-0.0134603
-0.0123936
-0.0113498
-0.0103397
-0.0093746
-0.00846517
-0.00762003
-0.00684872
-0.00616983
-0.0055955
-0.00509801
-0.00463944
-0.00418418
-0.00397945
-0.00365465
-0.00578104
-0.0057276
-0.0056313
-0.00552296
-0.00543185
-0.00536879
-0.00534119
-0.00536237
-0.00544177
-0.00558896
-0.00581429
-0.00612483
-0.00652615
-0.00702145
-0.00761105
-0.00829214
-0.00905891
-0.0099028
-0.010813
-0.0117773
-0.0127823
-0.0138146
-0.0148612
-0.01591
-0.0169499
-0.0179711
-0.0189652
-0.019925
-0.0208445
-0.0217187
-0.0225435
-0.0233155
-0.0240318
-0.0246903
-0.0252889
-0.0258263
-0.0263009
-0.0267118
-0.027058
-0.0273386
-0.0275531
-0.0277007
-0.027781
-0.0277934
-0.0277379
-0.0276139
-0.0274215
-0.0271603
-0.0268306
-0.0264326
-0.0259666
-0.0254333
-0.0248336
-0.0241688
-0.0234404
-0.0226508
-0.0218028
-0.0208996
-0.0199456
-0.0189458
-0.017906
-0.0168329
-0.0157341
-0.0146179
-0.013493
-0.0123689
-0.0112553
-0.0101631
-0.00910324
-0.00808761
-0.00712816
-0.00623534
-0.00541896
-0.00469528
-0.00407552
-0.00352916
-0.00301571
-0.00247345
-0.00218935
-0.00176276
-0.00557695
-0.00553296
-0.00544983
-0.00534694
-0.00524089
-0.00513907
-0.00504927
-0.00498588
-0.00496784
-0.00501066
-0.00513069
-0.00534
-0.00564698
-0.00605684
-0.0065711
-0.00718769
-0.00790116
-0.00870314
-0.00958278
-0.0105275
-0.0115234
-0.0125566
-0.0136128
-0.0146789
-0.0157426
-0.0167929
-0.01782
-0.0188156
-0.0197727
-0.0206853
-0.0215485
-0.0223583
-0.0231113
-0.0238048
-0.0244366
-0.0250049
-0.0255081
-0.0259451
-0.0263147
-0.0266162
-0.0268489
-0.0270121
-0.0271051
-0.0271278
-0.0270798
-0.0269609
-0.0267709
-0.0265097
-0.0261775
-0.0257745
-0.0253012
-0.0247582
-0.0241465
-0.0234675
-0.0227227
-0.0219145
-0.0210456
-0.0201193
-0.0191399
-0.0181123
-0.0170421
-0.0159359
-0.0148011
-0.0136457
-0.0124784
-0.0113086
-0.0101463
-0.0090024
-0.00788845
-0.00681672
-0.0058003
-0.00485136
-0.00398051
-0.0032007
-0.00251967
-0.00190348
-0.00131505
-0.000648877
-0.000286707
0.00031736
-0.00538636
-0.00535207
-0.00528347
-0.00518848
-0.00507154
-0.00493413
-0.00478439
-0.00463778
-0.00451946
-0.004454
-0.00446368
-0.00456664
-0.00477496
-0.005096
-0.00553251
-0.00608295
-0.006742
-0.00750114
-0.00834927
-0.00927334
-0.0102591
-0.0112915
-0.0123558
-0.0134377
-0.0145238
-0.0156018
-0.0166609
-0.0176918
-0.0186861
-0.0196372
-0.0205391
-0.0213873
-0.0221778
-0.0229073
-0.0235733
-0.0241738
-0.0247069
-0.0251712
-0.0255657
-0.0258895
-0.0261418
-0.026322
-0.0264294
-0.0264637
-0.0264248
-0.0263126
-0.0261268
-0.0258674
-0.0255345
-0.0251286
-0.0246502
-0.0240999
-0.0234788
-0.0227882
-0.0220299
-0.021206
-0.0203193
-0.0193732
-0.0183715
-0.0173191
-0.0162214
-0.0150846
-0.0139157
-0.0127224
-0.0115132
-0.0102972
-0.00908437
-0.00788567
-0.00671274
-0.00557828
-0.00449608
-0.0034799
-0.00254088
-0.00168853
-0.000924479
-0.000212097
0.000481863
0.00135388
0.00182497
0.00262744
-0.00520642
-0.00518339
-0.00513036
-0.00504421
-0.00491811
-0.00474729
-0.00453873
-0.00431067
-0.00409197
-0.00391613
-0.00381285
-0.00380645
-0.00391354
-0.00414393
-0.00450167
-0.00498565
-0.00559042
-0.00630709
-0.00712401
-0.00802755
-0.00900273
-0.0100339
-0.0111054
-0.0122019
-0.013309
-0.0144134
-0.0155034
-0.0165683
-0.0175991
-0.018588
-0.0195284
-0.0204149
-0.0212429
-0.0220089
-0.0227097
-0.023343
-0.0239068
-0.0243995
-0.02482
-0.0251671
-0.0254402
-0.0256387
-0.025762
-0.0258096
-0.0257814
-0.0256775
-0.0254977
-0.0252421
-0.0249109
-0.0245044
-0.0240234
-0.0234686
-0.022841
-0.0221421
-0.0213736
-0.0205376
-0.0196368
-0.0186745
-0.0176544
-0.016581
-0.0154592
-0.014295
-0.0130948
-0.0118658
-0.0106159
-0.00935372
-0.00808904
-0.00683231
-0.00559508
-0.00439
-0.0032309
-0.00213211
-0.00110444
-0.000154662
0.000722282
0.00156763
0.00241385
0.00361724
0.00425226
0.00526541
-0.00503287
-0.00502337
-0.00498817
-0.00491061
-0.00477473
-0.00457058
-0.00430333
-0.00399459
-0.00367769
-0.00339248
-0.00317659
-0.0030607
-0.00306648
-0.00320675
-0.00348656
-0.00390527
-0.00445724
-0.00513297
-0.0059201
-0.00680423
-0.00776958
-0.0087997
-0.00987802
-0.0109884
-0.0121156
-0.0132453
-0.0143647
-0.0154624
-0.0165283
-0.0175539
-0.0185317
-0.0194558
-0.0203209
-0.021123
-0.0218585
-0.0225248
-0.0231196
-0.0236411
-0.0240882
-0.0244595
-0.0247544
-0.0249722
-0.0251125
-0.0251748
-0.0251591
-0.0250652
-0.0248934
-0.0246438
-0.0243166
-0.0239122
-0.0234314
-0.0228752
-0.0222446
-0.0215409
-0.0207661
-0.0199221
-0.0190115
-0.0180374
-0.0170032
-0.015913
-0.0147715
-0.0135838
-0.0123558
-0.0110939
-0.00980518
-0.00849762
-0.00718008
-0.00586219
-0.00455469
-0.00326941
-0.00201929
-0.00081795
0.000325239
0.00141022
0.00244753
0.00348744
0.00459074
0.00621785
0.00703402
0.00843653
-0.00485918
-0.00486806
-0.0048535
-0.00478343
-0.00463512
-0.00439558
-0.00406921
-0.00368064
-0.00326841
-0.00287788
-0.00255344
-0.0023317
-0.00223927
-0.00229223
-0.00249724
-0.00285384
-0.00335589
-0.00399334
-0.00475301
-0.00561963
-0.00657656
-0.00760645
-0.00869188
-0.00981588
-0.0109623
-0.0121161
-0.0132635
-0.0143924
-0.0154918
-0.0165524
-0.0175663
-0.0185265
-0.0194276
-0.0202647
-0.0210342
-0.0217329
-0.0223584
-0.0229088
-0.0233826
-0.0237785
-0.0240958
-0.0243338
-0.0244921
-0.0245704
-0.0245686
-0.0244866
-0.0243247
-0.0240833
-0.0237629
-0.0233633
-0.0228859
-0.0223316
-0.0217015
-0.0209971
-0.02022
-0.0193724
-0.0184565
-0.0174753
-0.0164319
-0.0153299
-0.0141733
-0.0129667
-0.011715
-0.0104237
-0.00909887
-0.00774718
-0.006376
-0.00499351
-0.00360899
-0.00223244
-0.00087473
0.000454113
0.00174927
0.00302013
0.00428812
0.00561969
0.00711796
0.0092903
0.0102928
0.0124373
-0.00468004
-0.00471212
-0.00472032
-0.00465712
-0.00449278
-0.00421438
-0.00382785
-0.0033616
-0.00285896
-0.00237019
-0.00194452
-0.00162429
-0.00144062
-0.00141213
-0.0015476
-0.00184673
-0.00230326
-0.00290613
-0.00364131
-0.00449278
-0.00544298
-0.00647365
-0.00756653
-0.00870383
-0.00986864
-0.0110452
-0.012219
-0.0133771
-0.0145079
-0.0156015
-0.0166493
-0.0176438
-0.0185789
-0.0194496
-0.0202517
-0.0209817
-0.0216371
-0.0222157
-0.0227159
-0.0231364
-0.0234763
-0.0237351
-0.0239123
-0.0240076
-0.0240211
-0.0239528
-0.0238029
-0.0235719
-0.0232603
-0.022869
-0.0223982
-0.0218493
-0.0212236
-0.0205224
-0.0197474
-0.0189007
-0.0179843
-0.0170008
-0.015953
-0.0148441
-0.0136774
-0.0124567
-0.0111859
-0.00986917
-0.00851124
-0.00711701
-0.00569194
-0.00424177
-0.00277301
-0.00129179
0.000195923
0.00168749
0.00318529
0.00471137
0.00630337
0.0080598
0.0101229
0.0129705
0.0142527
0.0176464
-0.0044904
-0.00455191
-0.00458652
-0.00452713
-0.00434122
-0.00402061
-0.00357326
-0.00303334
-0.0024473
-0.00186979
-0.00135436
-0.000947344
-0.000682835
-0.000582332
-0.000655917
-0.000903764
-0.00131961
-0.0018918
-0.00260561
-0.00344411
-0.00438891
-0.00542087
-0.00652098
-0.00767074
-0.00885255
-0.01005
-0.0112479
-0.0124328
-0.0135925
-0.0147164
-0.0157954
-0.0168217
-0.0177886
-0.0186907
-0.0195236
-0.0202834
-0.0209674
-0.0215733
-0.0220994
-0.0225442
-0.022907
-0.0231869
-0.0233838
-0.0234973
-0.0235275
-0.0234745
-0.0233388
-0.0231206
-0.0228207
-0.02244
-0.021979
-0.021439
-0.0208211
-0.020127
-0.0193582
-0.0185165
-0.0176038
-0.0166225
-0.0155748
-0.0144635
-0.0132913
-0.0120608
-0.010775
-0.00943668
-0.00804868
-0.00661353
-0.00513397
-0.0036119
-0.00204915
-0.000444972
0.00120281
0.00290411
0.00467448
0.00655588
0.0086066
0.0109594
0.0137664
0.0173588
0.0194237
0.0244204
-0.00429435
-0.00438833
-0.00445329
-0.00439206
-0.00417664
-0.00380816
-0.00330146
-0.00269249
-0.00203182
-0.00137815
-0.000788313
-0.000309446
2.22055e-05
0.000183145
0.000162464
-4.12457e-05
-0.000421384
-0.000966177
-0.00166045
-0.00248695
-0.00342653
-0.00445921
-0.0055653
-0.00672574
-0.00792236
-0.00913817
-0.0103575
-0.0115664
-0.012752
-0.0139034
-0.0150109
-0.0160664
-0.0170627
-0.0179942
-0.0188561
-0.0196443
-0.0203559
-0.0209884
-0.02154
-0.0220092
-0.0223951
-0.022697
-0.0229145
-0.0230475
-0.023096
-0.0230603
-0.0229407
-0.0227377
-0.0224521
-0.0220846
-0.021636
-0.0211075
-0.0205002
-0.0198161
-0.0190563
-0.0182228
-0.0173172
-0.0163412
-0.015297
-0.0141865
-0.0130118
-0.0117746
-0.0104767
-0.00911904
-0.00770254
-0.00622658
-0.00469016
-0.0030894
-0.00141921
0.000331964
0.00217902
0.00415199
0.0062886
0.00866345
0.0113618
0.0145471
0.0183383
0.0229514
0.0263613
0.033087
-0.00411017
-0.00424792
-0.0043413
-0.00426535
-0.00400584
-0.00358007
-0.00300928
-0.00233387
-0.00160881
-0.000887258
-0.000236194
0.000301855
0.000689293
0.000901546
0.000926481
0.000761682
0.000413108
-0.000107341
-0.000783738
-0.00159864
-0.00253283
-0.00356571
-0.00467692
-0.00584691
-0.00705705
-0.00828986
-0.00952925
-0.0107606
-0.0119709
-0.0131486
-0.0142837
-0.0153676
-0.0163929
-0.0173535
-0.0182444
-0.0190613
-0.0198009
-0.0204606
-0.0210386
-0.0215332
-0.0219435
-0.0222686
-0.0225083
-0.0226623
-0.0227307
-0.0227138
-0.0226121
-0.0224259
-0.0221562
-0.0218037
-0.0213693
-0.0208541
-0.0202595
-0.019586
-0.0188359
-0.0180115
-0.017114
-0.0161443
-0.0151046
-0.0139966
-0.0128208
-0.0115778
-0.0102684
-0.00889178
-0.00744632
-0.00592736
-0.00432922
-0.00263992
-0.000844998
0.00108327
0.00317828
0.00550168
0.00812471
0.0111743
0.0147715
0.0191219
0.0242881
0.0304329
0.0358173
0.0445571
-0.00404553
-0.00421255
-0.00431287
-0.00418993
-0.00385455
-0.0033483
-0.00269748
-0.0019456
-0.00114941
-0.000365855
0.000349554
0.000945076
0.0013848
0.00164413
0.00170987
0.00157958
0.00125839
0.00075792
9.45467e-05
-0.000713189
-0.00164592
-0.00268291
-0.00380317
-0.00498658
-0.00621399
-0.00746746
-0.00873039
-0.00998773
-0.011226
-0.0124332
-0.0135989
-0.0147141
-0.015771
-0.0167634
-0.0176857
-0.0185337
-0.0193035
-0.0199924
-0.0205982
-0.0211195
-0.0215552
-0.0219045
-0.022167
-0.0223426
-0.0224313
-0.0224334
-0.0223496
-0.0221804
-0.0219265
-0.0215888
-0.0211681
-0.0206658
-0.0200829
-0.0194211
-0.0186816
-0.0178649
-0.0169729
-0.0160074
-0.01497
-0.0138632
-0.0126852
-0.0114354
-0.0101135
-0.0087161
-0.00723938
-0.00567351
-0.00400762
-0.0022186
-0.000280513
0.00185777
0.00425403
0.00701782
0.0102665
0.014211
0.0190275
0.0250104
0.0321862
0.0407443
0.0491591
0.061025
-0.00427012
-0.0044489
-0.00446537
-0.00423106
-0.00378139
-0.0031712
-0.00242646
-0.00157624
-0.000684318
0.000185673
0.000976522
0.00163848
0.00213286
0.00243638
0.00253587
0.00242978
0.00212427
0.00163108
0.00096755
0.000153569
-0.000790528
-0.00184344
-0.00298352
-0.00418987
-0.00544274
-0.00672369
-0.0080157
-0.00930329
-0.0105726
-0.0118115
-0.0130092
-0.0141562
-0.0152446
-0.0162678
-0.0172202
-0.0180971
-0.0188949
-0.0196109
-0.0202426
-0.0207883
-0.0212469
-0.0216176
-0.0219001
-0.0220943
-0.0222003
-0.0222185
-0.0221494
-0.0219938
-0.0217526
-0.0214265
-0.0210166
-0.0205238
-0.0199494
-0.0192948
-0.0185615
-0.0177504
-0.0168632
-0.0159014
-0.0148654
-0.0137534
-0.0125686
-0.011309
-0.00997247
-0.00855201
-0.00704189
-0.00542593
-0.00368887
-0.00179274
0.000300191
0.00267343
0.00541214
0.00869519
0.0126968
0.0177608
0.0241468
0.0323587
0.0424744
0.0549686
0.0686042
0.0864433
-0.00529833
-0.00513083
-0.00487136
-0.00443108
-0.00383541
-0.00310121
-0.00224597
-0.00129881
-0.000317976
0.000630684
0.00148806
0.00220323
0.00274101
0.00307831
0.00320258
0.00311343
0.00281826
0.00232836
0.0016624
0.000841347
-0.000114242
-0.00118266
-0.00234167
-0.0035697
-0.00484635
-0.00615267
-0.00747121
-0.00878608
-0.010083
-0.0113495
-0.0125746
-0.0137482
-0.0148624
-0.0159104
-0.0168866
-0.0177862
-0.0186054
-0.0193414
-0.0199919
-0.0205552
-0.0210301
-0.0214158
-0.021712
-0.0219186
-0.022036
-0.0220644
-0.0220044
-0.0218567
-0.0216225
-0.0213028
-0.0208983
-0.0204098
-0.0198388
-0.0191866
-0.0184546
-0.0176441
-0.0167566
-0.0157929
-0.0147533
-0.0136374
-0.0124462
-0.0111769
-0.00982638
-0.00838436
-0.0068432
-0.00517894
-0.00337465
-0.00137441
0.000866507
0.00347246
0.00654932
0.0103702
0.0151676
0.0214894
0.0297155
0.0407654
0.0549696
0.0737063
0.0963313
0.125382
-0.00771919
-0.0060637
-0.00541076
-0.00473925
-0.0039823
-0.00309746
-0.0021049
-0.00105439
2.16208e-06
0.00100923
0.0019117
0.0026632
0.00322953
0.00358872
0.00372979
0.00365206
0.00336325
0.00287602
0.00220917
0.00138386
0.000420989
-0.000657644
-0.00182971
-0.00307306
-0.00436676
-0.00569144
-0.00702928
-0.00836408
-0.00968124
-0.0109679
-0.0122127
-0.0134056
-0.0145385
-0.0156045
-0.0165976
-0.0175132
-0.0183476
-0.0190976
-0.019761
-0.0203362
-0.0208221
-0.0212179
-0.0215233
-0.0217382
-0.0218631
-0.0218983
-0.0218443
-0.0217019
-0.0214719
-0.0211553
-0.0207536
-0.0202681
-0.0196999
-0.0190502
-0.0183204
-0.0175119
-0.0166256
-0.0156623
-0.0146223
-0.0135053
-0.0123106
-0.0110354
-0.00967547
-0.00822281
-0.00666183
-0.00496786
-0.00311518
-0.00103746
0.00131343
0.0040913
0.00741609
0.011643
0.0170658
0.0244708
0.0344938
0.0487128
0.0682024
0.0959746
0.132446
0.179038
-0.0124272
-0.00494953
-0.00389909
-0.00350121
-0.00278963
-0.00187106
-0.000881544
0.000122082
0.00110948
0.0020431
0.00287631
0.0035642
0.00407235
0.00437872
0.00447313
0.00435374
0.00402634
0.00350602
0.0028105
0.00195873
0.00097175
-0.000128823
-0.00132111
-0.00258364
-0.00389579
-0.00523817
-0.00659294
-0.00794391
-0.00927666
-0.010578
-0.0118367
-0.0130434
-0.0141897
-0.0152685
-0.0162737
-0.0172008
-0.0180461
-0.0188067
-0.0194802
-0.0200651
-0.0205601
-0.0209647
-0.0212785
-0.0215015
-0.021634
-0.0216765
-0.0216297
-0.0214943
-0.0212713
-0.0209618
-0.0205669
-0.0200878
-0.0195258
-0.0188819
-0.0181576
-0.0173538
-0.0164719
-0.0155122
-0.0144751
-0.0133595
-0.0121639
-0.0108846
-0.00951663
-0.00805406
-0.00648992
-0.00480919
-0.00293454
-0.000839705
0.0015873
0.00440939
0.00788672
0.0122341
0.0180146
0.0258941
0.0372329
0.0540535
0.0797364
0.118138
0.172123
0.239205
)
;

boundaryField
{
    movingWall
    {
        type            zeroGradient;
    }
    fixedWalls
    {
        type            zeroGradient;
    }
    frontAndBack
    {
        type            empty;
    }
}


// ************************************************************************* //
