/*--------------------------------*- C++ -*----------------------------------*\
  =========                 |
  \\      /  F ield         | OpenFOAM: The Open Source CFD Toolbox
   \\    /   O peration     | Website:  https://openfoam.org
    \\  /    A nd           | Version:  13
     \\/     M anipulation  |
\*---------------------------------------------------------------------------*/
FoamFile
{
    format      ascii;
    class       volScalarField;
    location    "6.8";
    object      nut;
}
// * * * * * * * * * * * * * * * * * * * * * * * * * * * * * * * * * * * * * //

dimensions      [0 2 -1 0 0 0 0];

internalField   nonuniform List<scalar> 
6400
(
9.26586e-10
4.76102e-09
1.15615e-08
1.86465e-08
2.40076e-08
2.70277e-08
2.81293e-08
2.82344e-08
2.83936e-08
2.94294e-08
3.1965e-08
3.69616e-08
4.48865e-08
5.59047e-08
6.94589e-08
8.47978e-08
1.01144e-07
1.18149e-07
1.35069e-07
1.51443e-07
1.67833e-07
1.85624e-07
2.06692e-07
2.32272e-07
2.61462e-07
2.91231e-07
3.20759e-07
3.50015e-07
3.79867e-07
4.11156e-07
4.43542e-07
4.75852e-07
5.07569e-07
5.38702e-07
5.70124e-07
6.01998e-07
6.35035e-07
6.6944e-07
7.05666e-07
7.43839e-07
7.84237e-07
8.27164e-07
8.72878e-07
9.22016e-07
9.74817e-07
1.03302e-06
1.09971e-06
1.18178e-06
1.26762e-06
1.35416e-06
1.43964e-06
1.5228e-06
1.60128e-06
1.67281e-06
1.73483e-06
1.78423e-06
1.8109e-06
1.82166e-06
1.82181e-06
1.78957e-06
1.73058e-06
1.64453e-06
1.53254e-06
1.39828e-06
1.24555e-06
1.0813e-06
9.1374e-07
7.49703e-07
5.95332e-07
4.57069e-07
3.45111e-07
2.51135e-07
1.75193e-07
1.17024e-07
7.51521e-08
4.66364e-08
2.80448e-08
1.60779e-08
7.59115e-09
1.61563e-09
4.48639e-09
3.18666e-07
1.14768e-06
1.94025e-06
2.52869e-06
2.87616e-06
3.03628e-06
3.09295e-06
3.1302e-06
3.20724e-06
3.39822e-06
3.77083e-06
4.29511e-06
4.90661e-06
5.54292e-06
6.14084e-06
6.65597e-06
7.04266e-06
7.28523e-06
7.39707e-06
7.45283e-06
7.52168e-06
7.66954e-06
7.92807e-06
8.2432e-06
8.46812e-06
8.6719e-06
8.90065e-06
9.20001e-06
9.60862e-06
1.01394e-05
1.07222e-05
1.13555e-05
1.20058e-05
1.26945e-05
1.34055e-05
1.41491e-05
1.49193e-05
1.57227e-05
1.65558e-05
1.74131e-05
1.8299e-05
1.92052e-05
2.01678e-05
2.11494e-05
2.21237e-05
2.3057e-05
2.39061e-05
2.47546e-05
2.5631e-05
2.65112e-05
2.73888e-05
2.82453e-05
2.90617e-05
2.98151e-05
3.05491e-05
3.10367e-05
3.13304e-05
3.15564e-05
3.15593e-05
3.1237e-05
3.06063e-05
2.96529e-05
2.8353e-05
2.6716e-05
2.47846e-05
2.26596e-05
2.0366e-05
1.79334e-05
1.53229e-05
1.2441e-05
9.64947e-06
7.18353e-06
5.14387e-06
3.56364e-06
2.41935e-06
1.61441e-06
1.04102e-06
4.70009e-07
8.54337e-09
9.82592e-09
8.27646e-07
3.35745e-06
5.85263e-06
7.77008e-06
9.01893e-06
9.72305e-06
1.00793e-05
1.0296e-05
1.05509e-05
1.0969e-05
1.16319e-05
1.2514e-05
1.35168e-05
1.45138e-05
1.53912e-05
1.61001e-05
1.66163e-05
1.69389e-05
1.70828e-05
1.70692e-05
1.6987e-05
1.69169e-05
1.68994e-05
1.69693e-05
1.72098e-05
1.75286e-05
1.7845e-05
1.81845e-05
1.85445e-05
1.90022e-05
1.96426e-05
2.06057e-05
2.15796e-05
2.26925e-05
2.38596e-05
2.51084e-05
2.63835e-05
2.77072e-05
2.91189e-05
3.05048e-05
3.1923e-05
3.33336e-05
3.46668e-05
3.5945e-05
3.71908e-05
3.83976e-05
3.96144e-05
4.08366e-05
4.20638e-05
4.32824e-05
4.44843e-05
4.56526e-05
4.67688e-05
4.78071e-05
4.87349e-05
4.9525e-05
5.01003e-05
5.03633e-05
5.05578e-05
5.04209e-05
4.9967e-05
4.91692e-05
4.78889e-05
4.60613e-05
4.36746e-05
4.09358e-05
3.78356e-05
3.43854e-05
3.0628e-05
2.6609e-05
2.24654e-05
1.83948e-05
1.45995e-05
1.12574e-05
8.43047e-06
6.18254e-06
4.24998e-06
1.76669e-06
2.28242e-08
1.70855e-08
1.35784e-06
5.27685e-06
9.04457e-06
1.19673e-05
1.39791e-05
1.52303e-05
1.59395e-05
1.63683e-05
1.67332e-05
1.72325e-05
1.79888e-05
1.8981e-05
2.00685e-05
2.10882e-05
2.19272e-05
2.25246e-05
2.28769e-05
2.3013e-05
2.299e-05
2.28726e-05
2.2768e-05
2.27435e-05
2.28375e-05
2.28885e-05
2.28981e-05
2.28366e-05
2.3188e-05
2.38836e-05
2.48156e-05
2.60789e-05
2.72739e-05
2.84586e-05
2.97188e-05
3.10192e-05
3.23029e-05
3.35862e-05
3.49288e-05
3.62209e-05
3.74897e-05
3.87191e-05
3.99268e-05
4.10935e-05
4.22177e-05
4.33001e-05
4.43473e-05
4.53971e-05
4.64482e-05
4.74972e-05
4.85404e-05
4.95694e-05
5.05754e-05
5.15455e-05
5.24636e-05
5.33098e-05
5.40605e-05
5.46887e-05
5.51868e-05
5.54575e-05
5.55421e-05
5.54164e-05
5.49685e-05
5.41854e-05
5.34137e-05
5.21787e-05
5.02976e-05
4.79633e-05
4.51296e-05
4.18793e-05
3.82636e-05
3.43245e-05
3.01251e-05
2.577e-05
2.14214e-05
1.72814e-05
1.35219e-05
1.025e-05
7.17407e-06
2.96647e-06
3.79441e-08
2.74389e-08
2.04023e-06
7.33888e-06
1.21923e-05
1.58244e-05
1.82753e-05
1.97789e-05
2.06161e-05
2.10972e-05
2.15384e-05
2.21926e-05
2.31459e-05
2.42957e-05
2.54437e-05
2.64119e-05
2.71004e-05
2.74888e-05
2.7616e-05
2.75355e-05
2.73671e-05
2.71103e-05
2.6934e-05
2.67741e-05
2.61463e-05
2.6044e-05
2.65088e-05
2.74357e-05
2.85441e-05
2.96937e-05
3.09754e-05
3.22261e-05
3.34441e-05
3.46426e-05
3.58117e-05
3.69029e-05
3.79143e-05
3.89244e-05
3.98849e-05
4.07067e-05
4.14812e-05
4.21742e-05
4.28145e-05
4.34216e-05
4.40175e-05
4.46275e-05
4.52574e-05
4.5882e-05
4.65151e-05
4.71569e-05
4.78118e-05
4.84815e-05
4.91666e-05
4.98654e-05
5.05738e-05
5.12845e-05
5.19862e-05
5.26629e-05
5.32857e-05
5.38195e-05
5.42136e-05
5.43774e-05
5.43255e-05
5.38583e-05
5.27872e-05
5.19756e-05
5.08838e-05
4.91033e-05
4.68188e-05
4.41002e-05
4.10039e-05
3.75648e-05
3.38055e-05
2.97581e-05
2.55066e-05
2.12515e-05
1.71668e-05
1.33291e-05
9.35941e-06
3.80146e-06
4.83425e-08
4.22394e-08
2.96015e-06
9.77721e-06
1.56394e-05
1.97755e-05
2.24114e-05
2.3927e-05
2.47263e-05
2.52262e-05
2.57999e-05
2.66579e-05
2.77812e-05
2.89855e-05
3.00517e-05
3.08241e-05
3.124e-05
3.13168e-05
3.11819e-05
3.07656e-05
3.04412e-05
2.99414e-05
2.90296e-05
2.88532e-05
2.95082e-05
3.04427e-05
3.14463e-05
3.25843e-05
3.37199e-05
3.4816e-05
3.58689e-05
3.67734e-05
3.76454e-05
3.84468e-05
3.91429e-05
3.97008e-05
4.0201e-05
4.06005e-05
4.09922e-05
4.12942e-05
4.15525e-05
4.17836e-05
4.20022e-05
4.21998e-05
4.23863e-05
4.25674e-05
4.27428e-05
4.29172e-05
4.30996e-05
4.32989e-05
4.35249e-05
4.37897e-05
4.41055e-05
4.44846e-05
4.49377e-05
4.54678e-05
4.60633e-05
4.67421e-05
4.74763e-05
4.82388e-05
4.89719e-05
4.9653e-05
5.01548e-05
5.035e-05
5.02767e-05
4.94151e-05
4.89695e-05
4.77927e-05
4.60578e-05
4.38288e-05
4.12026e-05
3.82482e-05
3.4997e-05
3.14344e-05
2.75264e-05
2.34093e-05
1.92255e-05
1.51105e-05
1.064e-05
4.19902e-06
5.21079e-08
6.28114e-08
4.16183e-06
1.26258e-05
1.93874e-05
2.38363e-05
2.64671e-05
2.7854e-05
2.85568e-05
2.90864e-05
2.98001e-05
3.08024e-05
3.19681e-05
3.30692e-05
3.39049e-05
3.43705e-05
3.44575e-05
3.39928e-05
3.3535e-05
3.31079e-05
3.19194e-05
3.15586e-05
3.19791e-05
3.28154e-05
3.35393e-05
3.44166e-05
3.52914e-05
3.6172e-05
3.69414e-05
3.76187e-05
3.82239e-05
3.87564e-05
3.91973e-05
3.95422e-05
3.97958e-05
3.99738e-05
4.01034e-05
4.01817e-05
4.02328e-05
4.0228e-05
4.0219e-05
4.02071e-05
4.01464e-05
4.00879e-05
4.00026e-05
3.99163e-05
3.98098e-05
3.96981e-05
3.95755e-05
3.94541e-05
3.93377e-05
3.92392e-05
3.91762e-05
3.91742e-05
3.92714e-05
3.95254e-05
3.98663e-05
4.03969e-05
4.11187e-05
4.20067e-05
4.29676e-05
4.40362e-05
4.50641e-05
4.60218e-05
4.65281e-05
4.66552e-05
4.61065e-05
4.59642e-05
4.47864e-05
4.29548e-05
4.06219e-05
3.79185e-05
3.4955e-05
3.17742e-05
2.83048e-05
2.44139e-05
2.03802e-05
1.60209e-05
1.09383e-05
4.18802e-06
5.05869e-08
9.03891e-08
5.6655e-06
1.58163e-05
2.33313e-05
2.79146e-05
3.04106e-05
3.16055e-05
3.22069e-05
3.27653e-05
3.35614e-05
3.45821e-05
3.5628e-05
3.6463e-05
3.69198e-05
3.69678e-05
3.64391e-05
3.59686e-05
3.49557e-05
3.41937e-05
3.4091e-05
3.45948e-05
3.4972e-05
3.55717e-05
3.6169e-05
3.68989e-05
3.75135e-05
3.80668e-05
3.84956e-05
3.88434e-05
3.9107e-05
3.92953e-05
3.94128e-05
3.94733e-05
3.94914e-05
3.94814e-05
3.9453e-05
3.94065e-05
3.93483e-05
3.9276e-05
3.92018e-05
3.90792e-05
3.89964e-05
3.89234e-05
3.87414e-05
3.86151e-05
3.84436e-05
3.82732e-05
3.8083e-05
3.78778e-05
3.76531e-05
3.74105e-05
3.71467e-05
3.68591e-05
3.65439e-05
3.61924e-05
3.60011e-05
3.59526e-05
3.61924e-05
3.68817e-05
3.76858e-05
3.88362e-05
4.01594e-05
4.15254e-05
4.28273e-05
4.36908e-05
4.39481e-05
4.37043e-05
4.37261e-05
4.23726e-05
4.03133e-05
3.77067e-05
3.47455e-05
3.16139e-05
2.8388e-05
2.48692e-05
2.08587e-05
1.65097e-05
1.11024e-05
4.07878e-06
4.70227e-08
1.25851e-07
7.45555e-06
1.92594e-05
2.73167e-05
3.19164e-05
3.42045e-05
3.51873e-05
3.56852e-05
3.62329e-05
3.70094e-05
3.79067e-05
3.86936e-05
3.91621e-05
3.90547e-05
3.8566e-05
3.80639e-05
3.67554e-05
3.6225e-05
3.62413e-05
3.62737e-05
3.65179e-05
3.69337e-05
3.74285e-05
3.78886e-05
3.83361e-05
3.86523e-05
3.88994e-05
3.90515e-05
3.9153e-05
3.92037e-05
3.9225e-05
3.92264e-05
3.92215e-05
3.92165e-05
3.92143e-05
3.92147e-05
3.92153e-05
3.92141e-05
3.92042e-05
3.91699e-05
3.9144e-05
3.91248e-05
3.90386e-05
3.89553e-05
3.88594e-05
3.87346e-05
3.8593e-05
3.84255e-05
3.82336e-05
3.80102e-05
3.77553e-05
3.74629e-05
3.71264e-05
3.67396e-05
3.62898e-05
3.57791e-05
3.52036e-05
3.45828e-05
3.39444e-05
3.40247e-05
3.46177e-05
3.57567e-05
3.71872e-05
3.88333e-05
4.04618e-05
4.15802e-05
4.19321e-05
4.1926e-05
4.20349e-05
4.04687e-05
3.80847e-05
3.50752e-05
3.17238e-05
2.83043e-05
2.48659e-05
2.1062e-05
1.65532e-05
1.08551e-05
3.79197e-06
4.30386e-08
1.69557e-07
9.45833e-06
2.27886e-05
3.12598e-05
3.57825e-05
3.78217e-05
3.85816e-05
3.89516e-05
3.94145e-05
4.00521e-05
4.06963e-05
4.11185e-05
4.09007e-05
4.03558e-05
3.9783e-05
3.86699e-05
3.80903e-05
3.78309e-05
3.75613e-05
3.76967e-05
3.79321e-05
3.825e-05
3.8552e-05
3.87911e-05
3.89723e-05
3.90641e-05
3.91219e-05
3.91429e-05
3.91642e-05
3.91878e-05
3.92301e-05
3.92912e-05
3.93729e-05
3.94699e-05
3.95758e-05
3.96815e-05
3.9778e-05
3.98743e-05
3.99315e-05
3.99607e-05
4.00077e-05
3.99913e-05
3.9956e-05
3.98953e-05
3.98079e-05
3.96937e-05
3.95566e-05
3.93966e-05
3.92169e-05
3.90192e-05
3.87946e-05
3.85367e-05
3.82345e-05
3.78708e-05
3.74366e-05
3.69084e-05
3.6268e-05
3.55041e-05
3.46307e-05
3.37272e-05
3.283e-05
3.25765e-05
3.34344e-05
3.48781e-05
3.67232e-05
3.85978e-05
4.00074e-05
4.04725e-05
4.05915e-05
4.06606e-05
3.88391e-05
3.60479e-05
3.25486e-05
2.87309e-05
2.49268e-05
2.10475e-05
1.65282e-05
1.06272e-05
3.53642e-06
3.98496e-08
2.22152e-07
1.15132e-05
2.6262e-05
3.50746e-05
3.94667e-05
4.12337e-05
4.17523e-05
4.19448e-05
4.22299e-05
4.26127e-05
4.28972e-05
4.25878e-05
4.1951e-05
4.13032e-05
4.03566e-05
3.96437e-05
3.90459e-05
3.87082e-05
3.85718e-05
3.86867e-05
3.88197e-05
3.89743e-05
3.90789e-05
3.91369e-05
3.9163e-05
3.9169e-05
3.9195e-05
3.92443e-05
3.93368e-05
3.94661e-05
3.96329e-05
3.98254e-05
4.00346e-05
4.02468e-05
4.04657e-05
4.06787e-05
4.08144e-05
4.09294e-05
4.10918e-05
4.11545e-05
4.12163e-05
4.12244e-05
4.12093e-05
4.11575e-05
4.10745e-05
4.09594e-05
4.08145e-05
4.064e-05
4.04372e-05
4.02062e-05
3.9947e-05
3.96602e-05
3.93459e-05
3.90033e-05
3.863e-05
3.82108e-05
3.76853e-05
3.70086e-05
3.61553e-05
3.5122e-05
3.39507e-05
3.27634e-05
3.16994e-05
3.16907e-05
3.31163e-05
3.49303e-05
3.70769e-05
3.87388e-05
3.93098e-05
3.94464e-05
3.93929e-05
3.72388e-05
3.39621e-05
2.99329e-05
2.56036e-05
2.13013e-05
1.65512e-05
1.06196e-05
3.48734e-06
3.8969e-08
2.86374e-07
1.34049e-05
2.95837e-05
3.87007e-05
4.29323e-05
4.44087e-05
4.4654e-05
4.46025e-05
4.46131e-05
4.46392e-05
4.42197e-05
4.34692e-05
4.27646e-05
4.18846e-05
4.10798e-05
4.01459e-05
3.96405e-05
3.93476e-05
3.92403e-05
3.9258e-05
3.92618e-05
3.92723e-05
3.92555e-05
3.92444e-05
3.92581e-05
3.93165e-05
3.94371e-05
3.96147e-05
3.98476e-05
4.01193e-05
4.04182e-05
4.07275e-05
4.10492e-05
4.1373e-05
4.16538e-05
4.18426e-05
4.20534e-05
4.22699e-05
4.2421e-05
4.25284e-05
4.2607e-05
4.26418e-05
4.26435e-05
4.2606e-05
4.25328e-05
4.24233e-05
4.2279e-05
4.21003e-05
4.18882e-05
4.16429e-05
4.13646e-05
4.10525e-05
4.0705e-05
4.03196e-05
3.98935e-05
3.94242e-05
3.89108e-05
3.83495e-05
3.76826e-05
3.6807e-05
3.56748e-05
3.43471e-05
3.2905e-05
3.15693e-05
3.05966e-05
3.16321e-05
3.34352e-05
3.5784e-05
3.76169e-05
3.82528e-05
3.83172e-05
3.80393e-05
3.54342e-05
3.16285e-05
2.70571e-05
2.21578e-05
1.70332e-05
1.08997e-05
3.64774e-06
4.06085e-08
3.5788e-07
1.52804e-05
3.2744e-05
4.21048e-05
4.615e-05
4.73142e-05
4.7243e-05
4.68737e-05
4.6519e-05
4.5921e-05
4.50228e-05
4.42772e-05
4.33709e-05
4.24448e-05
4.12704e-05
4.04809e-05
4.00244e-05
3.97385e-05
3.95916e-05
3.95037e-05
3.94183e-05
3.93655e-05
3.93407e-05
3.93808e-05
3.94946e-05
3.96891e-05
3.99582e-05
4.02852e-05
4.06549e-05
4.10472e-05
4.14477e-05
4.18547e-05
4.22525e-05
4.26118e-05
4.29102e-05
4.3196e-05
4.34408e-05
4.36721e-05
4.38739e-05
4.40161e-05
4.41236e-05
4.41889e-05
4.42146e-05
4.41982e-05
4.41407e-05
4.40418e-05
4.39024e-05
4.37229e-05
4.35046e-05
4.32484e-05
4.29551e-05
4.26246e-05
4.22557e-05
4.18455e-05
4.13888e-05
4.08792e-05
4.03097e-05
3.96762e-05
3.89812e-05
3.82289e-05
3.73233e-05
3.61475e-05
3.46921e-05
3.30535e-05
3.14213e-05
3.01419e-05
3.04006e-05
3.22099e-05
3.4649e-05
3.65558e-05
3.71769e-05
3.70771e-05
3.63883e-05
3.32409e-05
2.89044e-05
2.37282e-05
1.81332e-05
1.17573e-05
4.13156e-06
4.70648e-08
4.34581e-07
1.71025e-05
3.56998e-05
4.52544e-05
4.9094e-05
4.99234e-05
4.94875e-05
4.87266e-05
4.78347e-05
4.67217e-05
4.59265e-05
4.48353e-05
4.37814e-05
4.24323e-05
4.13613e-05
4.06626e-05
4.02166e-05
3.99104e-05
3.97127e-05
3.95678e-05
3.94726e-05
3.94559e-05
3.95229e-05
3.96936e-05
3.99588e-05
4.03079e-05
4.07202e-05
4.11741e-05
4.1651e-05
4.21338e-05
4.26109e-05
4.30727e-05
4.35068e-05
4.3905e-05
4.42835e-05
4.46251e-05
4.49278e-05
4.51755e-05
4.53991e-05
4.56234e-05
4.57639e-05
4.58688e-05
4.59271e-05
4.59376e-05
4.59001e-05
4.58133e-05
4.56776e-05
4.54935e-05
4.52625e-05
4.49865e-05
4.46682e-05
4.43097e-05
4.39126e-05
4.34768e-05
4.29991e-05
4.24724e-05
4.18852e-05
4.12232e-05
4.04729e-05
3.96298e-05
3.87092e-05
3.76926e-05
3.64588e-05
3.4869e-05
3.30989e-05
3.13034e-05
2.9788e-05
2.94265e-05
3.11699e-05
3.36518e-05
3.55145e-05
3.59856e-05
3.57252e-05
3.42547e-05
3.05861e-05
2.55995e-05
1.97613e-05
1.30561e-05
5.01944e-06
6.21146e-08
5.13985e-07
1.88304e-05
3.84117e-05
4.81245e-05
5.17474e-05
5.22256e-05
5.13888e-05
5.01449e-05
4.87353e-05
4.78331e-05
4.63825e-05
4.51931e-05
4.36635e-05
4.23397e-05
4.13608e-05
4.07084e-05
4.02555e-05
3.99341e-05
3.97225e-05
3.95965e-05
3.95742e-05
3.96708e-05
3.98841e-05
4.02104e-05
4.06259e-05
4.11095e-05
4.16361e-05
4.21855e-05
4.27414e-05
4.32912e-05
4.38262e-05
4.43397e-05
4.48265e-05
4.52855e-05
4.57178e-05
4.61153e-05
4.65009e-05
4.6829e-05
4.70685e-05
4.73274e-05
4.7562e-05
4.77026e-05
4.78055e-05
4.78486e-05
4.78357e-05
4.77631e-05
4.76306e-05
4.7438e-05
4.71868e-05
4.68796e-05
4.65201e-05
4.61133e-05
4.56644e-05
4.51783e-05
4.46576e-05
4.41011e-05
4.35012e-05
4.28422e-05
4.21001e-05
4.1246e-05
4.02566e-05
3.91348e-05
3.78782e-05
3.64558e-05
3.48508e-05
3.29759e-05
3.10857e-05
2.93222e-05
2.86006e-05
3.02242e-05
3.28189e-05
3.43938e-05
3.45851e-05
3.42433e-05
3.16853e-05
2.72495e-05
2.15226e-05
1.46208e-05
6.02185e-06
8.5469e-08
5.93609e-07
2.04284e-05
4.08544e-05
5.07054e-05
5.41019e-05
5.42306e-05
5.29058e-05
5.12552e-05
5.00213e-05
4.82092e-05
4.67639e-05
4.50402e-05
4.34588e-05
4.21909e-05
4.12806e-05
4.06514e-05
4.02023e-05
3.99003e-05
3.97341e-05
3.96978e-05
3.98051e-05
4.00514e-05
4.04201e-05
4.089e-05
4.14312e-05
4.20202e-05
4.26343e-05
4.3258e-05
4.38791e-05
4.44896e-05
4.50843e-05
4.56595e-05
4.62128e-05
4.67426e-05
4.72464e-05
4.77197e-05
4.81727e-05
4.85994e-05
4.89e-05
4.91815e-05
4.9513e-05
4.97082e-05
4.98595e-05
4.99428e-05
4.99598e-05
4.99063e-05
4.97804e-05
4.95812e-05
4.93089e-05
4.89657e-05
4.85555e-05
4.80846e-05
4.75608e-05
4.69935e-05
4.63921e-05
4.57642e-05
4.51128e-05
4.44324e-05
4.37055e-05
4.28998e-05
4.19689e-05
4.08622e-05
3.95975e-05
3.81577e-05
3.62887e-05
3.4545e-05
3.27213e-05
3.07197e-05
2.87199e-05
2.78391e-05
2.94258e-05
3.19417e-05
3.32425e-05
3.29842e-05
3.20546e-05
2.83707e-05
2.30453e-05
1.61984e-05
7.04203e-06
1.15149e-07
6.72077e-07
2.18456e-05
4.30224e-05
5.30333e-05
5.61303e-05
5.5737e-05
5.41346e-05
5.24564e-05
5.03781e-05
4.85797e-05
4.6641e-05
4.47855e-05
4.32074e-05
4.2002e-05
4.11426e-05
4.05391e-05
4.01262e-05
3.9891e-05
3.9825e-05
3.99235e-05
4.01825e-05
4.05794e-05
4.10867e-05
4.1675e-05
4.23159e-05
4.29883e-05
4.36751e-05
4.43652e-05
4.50512e-05
4.57284e-05
4.63936e-05
4.70441e-05
4.76774e-05
4.82902e-05
4.88782e-05
4.94366e-05
4.99656e-05
5.04805e-05
5.08784e-05
5.12036e-05
5.159e-05
5.18698e-05
5.20674e-05
5.21976e-05
5.225e-05
5.22223e-05
5.21105e-05
5.19123e-05
5.16265e-05
5.12535e-05
5.07961e-05
5.02596e-05
4.96524e-05
4.89859e-05
4.82741e-05
4.75321e-05
4.67739e-05
4.60086e-05
4.52352e-05
4.44365e-05
4.35738e-05
4.2584e-05
4.13852e-05
4.00086e-05
3.83547e-05
3.61103e-05
3.41225e-05
3.23176e-05
3.01907e-05
2.79963e-05
2.71473e-05
2.87025e-05
3.0926e-05
3.19045e-05
3.11095e-05
2.8859e-05
2.41526e-05
1.75856e-05
7.95182e-06
1.49301e-07
7.47563e-07
2.31117e-05
4.49218e-05
5.49441e-05
5.76609e-05
5.70979e-05
5.55292e-05
5.32474e-05
5.07469e-05
4.85475e-05
4.6397e-05
4.44781e-05
4.29341e-05
4.17894e-05
4.09783e-05
4.04229e-05
4.00865e-05
3.996e-05
4.00287e-05
4.02773e-05
4.06834e-05
4.12134e-05
4.18353e-05
4.25195e-05
4.32424e-05
4.39874e-05
4.47431e-05
4.55025e-05
4.62613e-05
4.70162e-05
4.77643e-05
4.85022e-05
4.92256e-05
4.99293e-05
5.06076e-05
5.1254e-05
5.18677e-05
5.247e-05
5.29536e-05
5.33301e-05
5.37712e-05
5.41319e-05
5.43773e-05
5.45562e-05
5.46483e-05
5.46528e-05
5.45641e-05
5.43785e-05
5.40927e-05
5.37052e-05
5.3216e-05
5.26283e-05
5.19483e-05
5.11866e-05
5.03581e-05
4.94819e-05
4.85797e-05
4.76731e-05
4.67788e-05
4.59018e-05
4.50272e-05
4.41115e-05
4.30744e-05
4.17989e-05
4.03192e-05
3.8253e-05
3.57941e-05
3.35807e-05
3.1749e-05
2.94209e-05
2.69961e-05
2.65786e-05
2.81806e-05
2.97156e-05
2.99412e-05
2.88592e-05
2.48243e-05
1.86555e-05
8.68152e-06
1.86337e-07
8.17227e-07
2.41915e-05
4.64477e-05
5.64166e-05
5.88806e-05
5.85087e-05
5.63444e-05
5.35322e-05
5.0944e-05
4.83772e-05
4.60847e-05
4.41502e-05
4.26565e-05
4.1573e-05
4.0822e-05
4.03458e-05
4.01204e-05
4.01283e-05
4.03429e-05
4.07355e-05
4.12713e-05
4.19131e-05
4.26296e-05
4.33952e-05
4.41919e-05
4.50083e-05
4.58372e-05
4.66742e-05
4.7516e-05
4.83592e-05
4.91994e-05
5.00314e-05
5.08489e-05
5.16448e-05
5.24119e-05
5.31429e-05
5.38384e-05
5.45191e-05
5.50746e-05
5.55028e-05
5.59945e-05
5.64253e-05
5.67177e-05
5.69429e-05
5.70764e-05
5.71175e-05
5.70598e-05
5.68984e-05
5.66282e-05
5.62453e-05
5.5747e-05
5.51327e-05
5.44053e-05
5.35717e-05
5.26444e-05
5.16417e-05
5.05882e-05
4.95131e-05
4.84465e-05
4.74139e-05
4.64274e-05
4.54755e-05
4.45111e-05
4.3441e-05
4.21175e-05
4.04011e-05
3.79312e-05
3.53041e-05
3.2925e-05
3.0982e-05
2.83352e-05
2.57432e-05
2.59201e-05
2.77057e-05
2.87551e-05
2.77331e-05
2.50137e-05
1.93617e-05
9.2307e-06
2.24994e-07
8.78529e-07
2.50574e-05
4.75967e-05
5.75203e-05
6.01004e-05
5.95156e-05
5.70219e-05
5.38972e-05
5.0884e-05
4.81177e-05
4.57404e-05
4.38227e-05
4.23887e-05
4.13735e-05
4.0703e-05
4.03344e-05
4.02412e-05
4.03914e-05
4.0746e-05
4.12666e-05
4.19128e-05
4.2649e-05
4.34474e-05
4.42881e-05
4.51583e-05
4.60506e-05
4.69603e-05
4.78838e-05
4.88169e-05
4.97545e-05
5.069e-05
5.1616e-05
5.25242e-05
5.34062e-05
5.42538e-05
5.50595e-05
5.58236e-05
5.65703e-05
5.71875e-05
5.76583e-05
5.81907e-05
5.86798e-05
5.90144e-05
5.92809e-05
5.94541e-05
5.95332e-05
5.95117e-05
5.93836e-05
5.91427e-05
5.87831e-05
5.82991e-05
5.76867e-05
5.69441e-05
5.60733e-05
5.50817e-05
5.39832e-05
5.28002e-05
5.15632e-05
5.03095e-05
4.90789e-05
4.79059e-05
4.68092e-05
4.57778e-05
4.47575e-05
4.36384e-05
4.22455e-05
4.02143e-05
3.74119e-05
3.46418e-05
3.21543e-05
2.99803e-05
2.70004e-05
2.4741e-05
2.52462e-05
2.64716e-05
2.67276e-05
2.49137e-05
1.97206e-05
9.56003e-06
2.65488e-07
9.30064e-07
2.57147e-05
4.84194e-05
5.83881e-05
6.10062e-05
6.02322e-05
5.73079e-05
5.39938e-05
5.07222e-05
4.78069e-05
4.53885e-05
4.35093e-05
4.21436e-05
4.12089e-05
4.06401e-05
4.03978e-05
4.04436e-05
4.07307e-05
4.12117e-05
4.18428e-05
4.25838e-05
4.34029e-05
4.42775e-05
4.5193e-05
4.61407e-05
4.71154e-05
4.8113e-05
4.91288e-05
5.01566e-05
5.11886e-05
5.2216e-05
5.32292e-05
5.42186e-05
5.5175e-05
5.609e-05
5.69565e-05
5.77708e-05
5.85695e-05
5.92418e-05
5.97398e-05
6.02993e-05
6.08356e-05
6.12049e-05
6.15054e-05
6.1714e-05
6.18293e-05
6.18452e-05
6.17556e-05
6.15536e-05
6.12318e-05
6.07824e-05
6.0198e-05
5.94724e-05
5.86022e-05
5.75881e-05
5.64374e-05
5.51661e-05
5.38005e-05
5.23784e-05
5.09467e-05
4.95564e-05
4.82521e-05
4.70582e-05
4.5961e-05
4.489e-05
4.36989e-05
4.21097e-05
3.95956e-05
3.66607e-05
3.38496e-05
3.12211e-05
2.8636e-05
2.52994e-05
2.39815e-05
2.48417e-05
2.55323e-05
2.41625e-05
1.9735e-05
9.7042e-06
3.07107e-07
9.71093e-07
2.61687e-05
4.89651e-05
5.89785e-05
6.16768e-05
6.0749e-05
5.7669e-05
5.39867e-05
5.04939e-05
4.74723e-05
4.50454e-05
4.32198e-05
4.19314e-05
4.10913e-05
4.06401e-05
4.05316e-05
4.07122e-05
4.11244e-05
4.17164e-05
4.24435e-05
4.32686e-05
4.41649e-05
4.51149e-05
4.61081e-05
4.71384e-05
4.8201e-05
4.92903e-05
5.03994e-05
5.15195e-05
5.264e-05
5.37501e-05
5.48389e-05
5.58958e-05
5.69118e-05
5.78787e-05
5.879e-05
5.96401e-05
6.04735e-05
6.11964e-05
6.17052e-05
6.2276e-05
6.28496e-05
6.32448e-05
6.3571e-05
6.38083e-05
6.39551e-05
6.40062e-05
6.3956e-05
6.37974e-05
6.35224e-05
6.31217e-05
6.25856e-05
6.19041e-05
6.10687e-05
6.00735e-05
5.89176e-05
5.76082e-05
5.61634e-05
5.46148e-05
5.30085e-05
5.14029e-05
4.98618e-05
4.84407e-05
4.71701e-05
4.60347e-05
4.49559e-05
4.37744e-05
4.16937e-05
3.87163e-05
3.5832e-05
3.28411e-05
3.00397e-05
2.68407e-05
2.35019e-05
2.31021e-05
2.3422e-05
2.319e-05
1.96238e-05
9.85722e-06
3.53573e-07
1.00144e-06
2.64316e-05
4.92731e-05
5.93129e-05
6.21758e-05
6.09908e-05
5.77787e-05
5.38879e-05
5.02246e-05
4.7133e-05
4.47215e-05
4.29608e-05
4.17591e-05
4.10258e-05
4.07004e-05
4.07239e-05
4.10292e-05
4.1553e-05
4.22426e-05
4.30553e-05
4.39583e-05
4.493e-05
4.5957e-05
4.70317e-05
4.81483e-05
4.93007e-05
5.04812e-05
5.16797e-05
5.28846e-05
5.40834e-05
5.52636e-05
5.64137e-05
5.75232e-05
5.85835e-05
5.95872e-05
6.05286e-05
6.14028e-05
6.22544e-05
6.30174e-05
6.35296e-05
6.40951e-05
6.46969e-05
6.51096e-05
6.54525e-05
6.57106e-05
6.58822e-05
6.59634e-05
6.59493e-05
6.58336e-05
6.56083e-05
6.52638e-05
6.47887e-05
6.41707e-05
6.33969e-05
6.24555e-05
6.13378e-05
6.00411e-05
5.85727e-05
5.69535e-05
5.52219e-05
5.34346e-05
5.16635e-05
4.99853e-05
4.84632e-05
4.71229e-05
4.59276e-05
4.4755e-05
4.33787e-05
4.08175e-05
3.76811e-05
3.47027e-05
3.14724e-05
2.84865e-05
2.4527e-05
2.23846e-05
2.23587e-05
2.24785e-05
1.95084e-05
1.02395e-05
4.14017e-07
1.0216e-06
2.65295e-05
4.9329e-05
5.93625e-05
6.23417e-05
6.12532e-05
5.77976e-05
5.37268e-05
4.99344e-05
4.68022e-05
4.44235e-05
4.27365e-05
4.16299e-05
4.10111e-05
4.08124e-05
4.09603e-05
4.13784e-05
4.20014e-05
4.27783e-05
4.36697e-05
4.46476e-05
4.56949e-05
4.68011e-05
4.79595e-05
4.91632e-05
5.04038e-05
5.16705e-05
5.29503e-05
5.42294e-05
5.54937e-05
5.67301e-05
5.79272e-05
5.90753e-05
6.01663e-05
6.11943e-05
6.21546e-05
6.30436e-05
6.38934e-05
6.46795e-05
6.521e-05
6.57484e-05
6.63691e-05
6.67922e-05
6.71434e-05
6.74137e-05
6.76021e-05
6.7706e-05
6.77218e-05
6.76443e-05
6.74663e-05
6.71786e-05
6.67697e-05
6.62257e-05
6.5531e-05
6.4669e-05
6.36243e-05
6.23849e-05
6.09463e-05
5.93161e-05
5.752e-05
5.56056e-05
5.36438e-05
5.17239e-05
4.9939e-05
4.83622e-05
4.70175e-05
4.58525e-05
4.47167e-05
4.27056e-05
3.95877e-05
3.65503e-05
3.3212e-05
2.96969e-05
2.60993e-05
2.21965e-05
2.1097e-05
2.08641e-05
1.91713e-05
1.08922e-05
4.95333e-07
1.0316e-06
2.64591e-05
4.91283e-05
5.92908e-05
6.24702e-05
6.12801e-05
5.77265e-05
5.35236e-05
4.96384e-05
4.64887e-05
4.41553e-05
4.25488e-05
4.15433e-05
4.1042e-05
4.09655e-05
4.12276e-05
4.17468e-05
4.24589e-05
4.33155e-05
4.42812e-05
4.53328e-05
4.64562e-05
4.76427e-05
4.88845e-05
5.01729e-05
5.14964e-05
5.2841e-05
5.41916e-05
5.55325e-05
5.68491e-05
5.81284e-05
5.93597e-05
6.05342e-05
6.16451e-05
6.26877e-05
6.36584e-05
6.45552e-05
6.53888e-05
6.61847e-05
6.67487e-05
6.72446e-05
6.78698e-05
6.82995e-05
6.86514e-05
6.89257e-05
6.91223e-05
6.92402e-05
6.92773e-05
6.923e-05
6.90926e-05
6.88571e-05
6.85126e-05
6.8045e-05
6.74375e-05
6.66703e-05
6.57228e-05
6.4575e-05
6.32113e-05
6.16255e-05
5.98273e-05
5.78489e-05
5.57506e-05
5.36206e-05
5.15667e-05
4.96939e-05
4.80721e-05
4.67014e-05
4.54836e-05
4.42067e-05
4.15346e-05
3.82157e-05
3.50285e-05
3.15087e-05
2.75693e-05
2.31959e-05
2.07841e-05
1.95156e-05
1.8712e-05
1.15634e-05
5.9649e-07
1.03097e-06
2.6289e-05
4.88742e-05
5.90677e-05
6.24626e-05
6.12055e-05
5.75872e-05
5.32944e-05
4.93476e-05
4.61985e-05
4.3919e-05
4.23976e-05
4.14965e-05
4.1111e-05
4.11491e-05
4.15148e-05
4.2125e-05
4.29179e-05
4.38486e-05
4.48859e-05
4.60102e-05
4.72096e-05
4.84752e-05
4.97977e-05
5.11653e-05
5.25635e-05
5.39759e-05
5.53855e-05
5.67759e-05
5.81326e-05
5.94432e-05
6.06981e-05
6.18895e-05
6.30121e-05
6.40618e-05
6.5036e-05
6.5933e-05
6.67519e-05
6.75451e-05
6.81509e-05
6.86116e-05
6.92081e-05
6.96475e-05
6.9994e-05
7.02647e-05
7.04611e-05
7.05838e-05
7.06325e-05
7.06054e-05
7.04988e-05
7.03066e-05
7.00192e-05
6.96237e-05
6.91031e-05
6.84363e-05
6.75993e-05
6.65658e-05
6.53111e-05
6.3816e-05
6.20734e-05
6.00971e-05
5.79302e-05
5.56513e-05
5.33724e-05
5.1224e-05
4.93237e-05
4.77336e-05
4.64223e-05
4.52476e-05
4.32198e-05
3.99062e-05
3.68818e-05
3.29845e-05
2.89722e-05
2.46645e-05
2.06826e-05
1.90175e-05
1.83119e-05
1.21941e-05
7.13269e-07
1.02542e-06
2.60225e-05
4.84495e-05
5.86513e-05
6.22442e-05
6.10294e-05
5.73947e-05
5.30515e-05
4.907e-05
4.59353e-05
4.37154e-05
4.22815e-05
4.14849e-05
4.12106e-05
4.13541e-05
4.18133e-05
4.2506e-05
4.33731e-05
4.43736e-05
4.548e-05
4.66756e-05
4.79492e-05
4.92907e-05
5.06884e-05
5.21275e-05
5.35909e-05
5.50601e-05
5.65173e-05
5.79461e-05
5.93324e-05
6.06651e-05
6.19356e-05
6.31376e-05
6.42664e-05
6.53189e-05
6.62928e-05
6.71863e-05
6.79978e-05
6.87779e-05
6.94267e-05
6.98557e-05
7.04118e-05
7.08569e-05
7.11937e-05
7.14543e-05
7.16428e-05
7.17613e-05
7.18115e-05
7.17936e-05
7.17063e-05
7.15457e-05
7.13045e-05
7.09715e-05
7.05309e-05
6.99619e-05
6.92386e-05
6.83311e-05
6.72073e-05
6.58369e-05
6.41974e-05
6.22825e-05
6.01136e-05
5.77497e-05
5.52937e-05
5.2885e-05
5.06737e-05
4.87751e-05
4.72157e-05
4.58917e-05
4.45571e-05
4.16886e-05
3.83068e-05
3.49551e-05
3.05639e-05
2.60316e-05
2.09303e-05
1.85546e-05
1.72672e-05
1.28304e-05
8.31949e-07
1.01316e-06
2.57001e-05
4.7768e-05
5.81219e-05
6.18951e-05
6.07677e-05
5.71615e-05
5.28045e-05
4.88114e-05
4.57013e-05
4.3544e-05
4.2198e-05
4.15033e-05
4.13334e-05
4.1573e-05
4.21168e-05
4.28844e-05
4.38202e-05
4.48867e-05
4.60596e-05
4.73239e-05
4.8668e-05
5.00801e-05
5.15458e-05
5.30475e-05
5.45659e-05
5.60814e-05
5.7576e-05
5.90336e-05
6.04415e-05
6.17897e-05
6.30707e-05
6.42795e-05
6.54123e-05
6.64666e-05
6.74403e-05
6.83322e-05
6.91409e-05
6.98986e-05
7.05743e-05
7.09998e-05
7.15046e-05
7.19503e-05
7.22742e-05
7.25196e-05
7.26933e-05
7.27994e-05
7.28414e-05
7.28218e-05
7.27416e-05
7.25996e-05
7.23912e-05
7.21078e-05
7.17357e-05
7.12554e-05
7.06412e-05
6.98613e-05
6.8879e-05
6.76553e-05
6.61541e-05
6.43507e-05
6.22429e-05
5.98653e-05
5.73018e-05
5.46884e-05
5.21976e-05
4.9997e-05
4.81886e-05
4.67515e-05
4.55138e-05
4.31608e-05
3.96925e-05
3.68071e-05
3.1982e-05
2.73433e-05
2.2261e-05
1.84915e-05
1.61838e-05
1.33001e-05
9.25105e-07
9.94101e-07
2.52842e-05
4.7019e-05
5.75015e-05
6.14302e-05
6.04333e-05
5.68975e-05
5.25603e-05
4.85757e-05
4.54978e-05
4.34039e-05
4.2144e-05
4.15466e-05
4.14732e-05
4.18e-05
4.24202e-05
4.32562e-05
4.42556e-05
4.53841e-05
4.66202e-05
4.79491e-05
4.93587e-05
5.08346e-05
5.23599e-05
5.39147e-05
5.54782e-05
5.70306e-05
5.85538e-05
6.0033e-05
6.14567e-05
6.2816e-05
6.41051e-05
6.53195e-05
6.64564e-05
6.75135e-05
6.84892e-05
6.93822e-05
7.01917e-05
7.09239e-05
7.16152e-05
7.2057e-05
7.25066e-05
7.29479e-05
7.3257e-05
7.34832e-05
7.36368e-05
7.37234e-05
7.37484e-05
7.37167e-05
7.36319e-05
7.34954e-05
7.33058e-05
7.30573e-05
7.27393e-05
7.23346e-05
7.1819e-05
7.11607e-05
7.03205e-05
6.92537e-05
6.79137e-05
6.6259e-05
6.42648e-05
6.19381e-05
5.93352e-05
5.6574e-05
5.38308e-05
5.13074e-05
4.91668e-05
4.74577e-05
4.60632e-05
4.43848e-05
4.09959e-05
3.82321e-05
3.3957e-05
2.87782e-05
2.35628e-05
1.89018e-05
1.56025e-05
1.34844e-05
9.66987e-07
9.69316e-07
2.47647e-05
4.61591e-05
5.67862e-05
6.08714e-05
6.00386e-05
5.66109e-05
5.23243e-05
4.83657e-05
4.53253e-05
4.32938e-05
4.21164e-05
4.16102e-05
4.16249e-05
4.20302e-05
4.27195e-05
4.36177e-05
4.46757e-05
4.58621e-05
4.71568e-05
4.85453e-05
5.00137e-05
5.15457e-05
5.31217e-05
5.47204e-05
5.63202e-05
5.79012e-05
5.94462e-05
6.09416e-05
6.23772e-05
6.37457e-05
6.50419e-05
6.62626e-05
6.74051e-05
6.84673e-05
6.94475e-05
7.03435e-05
7.11537e-05
7.1876e-05
7.25697e-05
7.30347e-05
7.34328e-05
7.38661e-05
7.41591e-05
7.43637e-05
7.44929e-05
7.45542e-05
7.45551e-05
7.45023e-05
7.44022e-05
7.4259e-05
7.40744e-05
7.38461e-05
7.35667e-05
7.32222e-05
7.27909e-05
7.22427e-05
7.15379e-05
7.06286e-05
6.94608e-05
6.79799e-05
6.61405e-05
6.39222e-05
6.13495e-05
5.85129e-05
5.55783e-05
5.27688e-05
5.0307e-05
4.83253e-05
4.67827e-05
4.54308e-05
4.24961e-05
3.94421e-05
3.58836e-05
2.99814e-05
2.45786e-05
1.88972e-05
1.57315e-05
1.34719e-05
9.73882e-07
9.402e-07
2.42113e-05
4.52136e-05
5.59831e-05
6.02346e-05
5.95944e-05
5.63085e-05
5.21003e-05
4.81831e-05
4.51837e-05
4.3212e-05
4.21118e-05
4.16895e-05
4.1784e-05
4.22597e-05
4.3011e-05
4.39656e-05
4.50771e-05
4.63164e-05
4.76644e-05
4.91062e-05
5.06262e-05
5.22059e-05
5.3824e-05
5.54581e-05
5.70862e-05
5.86891e-05
6.02506e-05
6.17586e-05
6.32041e-05
6.45809e-05
6.5885e-05
6.71135e-05
6.8264e-05
6.93343e-05
7.03219e-05
7.12242e-05
7.20381e-05
7.27609e-05
7.3446e-05
7.39393e-05
7.42932e-05
7.47156e-05
7.4992e-05
7.51736e-05
7.52756e-05
7.53075e-05
7.52784e-05
7.51973e-05
7.50729e-05
7.49123e-05
7.47204e-05
7.44984e-05
7.42425e-05
7.39422e-05
7.35794e-05
7.31263e-05
7.2545e-05
7.17865e-05
7.07924e-05
6.94984e-05
6.78422e-05
6.57776e-05
6.32961e-05
6.04527e-05
5.73876e-05
5.43254e-05
5.15303e-05
4.92133e-05
4.7427e-05
4.6013e-05
4.36736e-05
4.03476e-05
3.75065e-05
3.16541e-05
2.5853e-05
1.96417e-05
1.54832e-05
1.32245e-05
9.54454e-07
9.07943e-07
2.36405e-05
4.4202e-05
5.51034e-05
5.95326e-05
5.91095e-05
5.59954e-05
5.18909e-05
4.80287e-05
4.50727e-05
4.31567e-05
4.21272e-05
4.17809e-05
4.19466e-05
4.24851e-05
4.32917e-05
4.42967e-05
4.54563e-05
4.67429e-05
4.81382e-05
4.96263e-05
5.119e-05
5.28091e-05
5.4461e-05
5.61227e-05
5.77725e-05
5.9392e-05
6.09662e-05
6.24843e-05
6.39387e-05
6.53242e-05
6.66375e-05
6.7876e-05
6.90372e-05
7.01186e-05
7.11171e-05
7.2029e-05
7.28505e-05
7.35777e-05
7.42508e-05
7.47718e-05
7.50928e-05
7.55014e-05
7.5761e-05
7.5919e-05
7.59924e-05
7.59923e-05
7.59294e-05
7.58146e-05
7.56589e-05
7.54724e-05
7.52628e-05
7.50349e-05
7.47886e-05
7.45174e-05
7.4207e-05
7.38331e-05
7.33604e-05
7.2741e-05
7.19147e-05
7.0811e-05
6.93545e-05
6.74773e-05
6.51388e-05
6.23553e-05
5.92306e-05
5.5974e-05
5.28745e-05
5.02134e-05
4.81306e-05
4.65124e-05
4.46865e-05
4.12318e-05
3.88012e-05
3.35159e-05
2.69664e-05
2.07083e-05
1.54189e-05
1.30846e-05
9.22661e-07
8.73579e-07
2.30479e-05
4.31366e-05
5.41576e-05
5.87758e-05
5.85914e-05
5.56755e-05
5.16977e-05
4.79026e-05
4.49914e-05
4.31262e-05
4.21598e-05
4.18809e-05
4.21094e-05
4.27031e-05
4.35585e-05
4.4608e-05
4.58097e-05
4.71376e-05
4.85733e-05
5.01003e-05
5.16999e-05
5.33504e-05
5.50285e-05
5.6711e-05
5.83769e-05
6.00086e-05
6.15927e-05
6.31195e-05
6.45825e-05
6.59774e-05
6.73013e-05
6.85518e-05
6.97262e-05
7.08215e-05
7.18337e-05
7.27585e-05
7.35913e-05
7.43278e-05
7.49874e-05
7.55199e-05
7.58341e-05
7.62233e-05
7.64657e-05
7.66006e-05
7.66452e-05
7.66119e-05
7.65129e-05
7.63611e-05
7.61694e-05
7.59504e-05
7.57151e-05
7.54715e-05
7.52231e-05
7.49676e-05
7.46947e-05
7.43842e-05
7.40042e-05
7.35094e-05
7.28401e-05
7.19225e-05
7.06723e-05
6.90041e-05
6.68488e-05
6.41831e-05
6.10673e-05
5.76787e-05
5.43107e-05
5.13039e-05
4.89076e-05
4.7127e-05
4.56359e-05
4.23604e-05
3.97574e-05
3.53422e-05
2.80791e-05
2.17626e-05
1.55481e-05
1.29349e-05
8.83758e-07
8.37254e-07
2.24503e-05
4.20297e-05
5.31563e-05
5.79729e-05
5.80459e-05
5.53519e-05
5.15215e-05
4.78048e-05
4.49389e-05
4.31185e-05
4.22067e-05
4.19864e-05
4.22694e-05
4.29109e-05
4.38085e-05
4.48963e-05
4.61341e-05
4.74967e-05
4.89659e-05
5.05242e-05
5.21517e-05
5.38261e-05
5.55234e-05
5.72208e-05
5.8898e-05
6.05387e-05
6.21304e-05
6.36648e-05
6.51362e-05
6.65411e-05
6.78768e-05
6.91408e-05
7.03302e-05
7.14412e-05
7.2469e-05
7.34085e-05
7.42542e-05
7.50013e-05
7.56495e-05
7.61921e-05
7.65101e-05
7.68749e-05
7.71008e-05
7.72136e-05
7.72302e-05
7.71641e-05
7.70286e-05
7.68383e-05
7.6608e-05
7.63527e-05
7.6086e-05
7.58192e-05
7.55596e-05
7.53086e-05
7.50603e-05
7.47987e-05
7.44961e-05
7.41106e-05
7.35846e-05
7.28437e-05
7.17984e-05
7.03504e-05
6.84066e-05
6.59067e-05
6.2864e-05
5.94116e-05
5.58256e-05
5.24814e-05
4.97175e-05
4.7658e-05
4.61101e-05
4.34277e-05
4.04839e-05
3.6906e-05
2.9409e-05
2.26758e-05
1.58555e-05
1.28526e-05
8.43779e-07
8.0105e-07
2.18359e-05
4.08866e-05
5.2107e-05
5.71309e-05
5.74778e-05
5.50267e-05
5.1362e-05
4.77347e-05
4.49147e-05
4.31323e-05
4.22659e-05
4.20948e-05
4.24239e-05
4.31059e-05
4.40392e-05
4.5159e-05
4.64264e-05
4.7817e-05
4.93124e-05
5.08943e-05
5.25424e-05
5.42334e-05
5.59437e-05
5.76508e-05
5.93353e-05
6.09819e-05
6.25794e-05
6.41204e-05
6.56e-05
6.7015e-05
6.8363e-05
6.96413e-05
7.08463e-05
7.19735e-05
7.30174e-05
7.39717e-05
7.48296e-05
7.55849e-05
7.62319e-05
7.67819e-05
7.71167e-05
7.74456e-05
7.76575e-05
7.775e-05
7.77404e-05
7.76429e-05
7.7472e-05
7.72435e-05
7.69741e-05
7.66806e-05
7.63794e-05
7.60847e-05
7.58071e-05
7.55522e-05
7.53181e-05
7.50931e-05
7.4854e-05
7.45629e-05
7.41655e-05
7.35889e-05
7.27415e-05
7.15164e-05
6.98017e-05
6.75046e-05
6.45914e-05
6.11429e-05
5.74006e-05
5.37554e-05
5.06253e-05
4.82452e-05
4.65097e-05
4.43336e-05
4.1115e-05
3.81183e-05
3.10484e-05
2.36293e-05
1.63099e-05
1.27656e-05
8.03041e-07
7.62246e-07
2.12546e-05
3.97269e-05
5.10192e-05
5.62558e-05
5.68906e-05
5.47005e-05
5.12188e-05
4.76913e-05
4.49169e-05
4.3165e-05
4.23343e-05
4.22031e-05
4.25701e-05
4.32855e-05
4.42478e-05
4.53933e-05
4.66839e-05
4.80956e-05
4.96099e-05
5.12082e-05
5.28696e-05
5.45708e-05
5.62883e-05
5.80003e-05
5.96884e-05
6.13383e-05
6.29398e-05
6.44861e-05
6.59731e-05
6.73979e-05
6.87578e-05
7.00498e-05
7.127e-05
7.24129e-05
7.34721e-05
7.44403e-05
7.53097e-05
7.60728e-05
7.67228e-05
7.72792e-05
7.76313e-05
7.79278e-05
7.81254e-05
7.81995e-05
7.81661e-05
7.80397e-05
7.78359e-05
7.75712e-05
7.72639e-05
7.69326e-05
7.65959e-05
7.62708e-05
7.59713e-05
7.57064e-05
7.54785e-05
7.52802e-05
7.50928e-05
7.48829e-05
7.46e-05
7.41741e-05
7.35139e-05
7.25078e-05
7.10306e-05
6.89623e-05
6.62252e-05
6.28434e-05
5.90081e-05
5.51014e-05
5.16059e-05
4.88748e-05
4.68708e-05
4.50248e-05
4.17155e-05
3.91672e-05
3.27555e-05
2.44822e-05
1.69279e-05
1.26849e-05
7.64436e-07
7.31908e-07
2.05857e-05
3.85403e-05
4.9897e-05
5.53518e-05
5.62863e-05
5.43736e-05
5.10918e-05
4.76748e-05
4.4947e-05
4.32178e-05
4.24125e-05
4.23107e-05
4.27064e-05
4.34477e-05
4.44324e-05
4.55972e-05
4.69044e-05
4.83303e-05
4.98564e-05
5.1464e-05
5.31319e-05
5.4837e-05
5.65565e-05
5.82691e-05
5.99573e-05
6.16079e-05
6.32113e-05
6.47614e-05
6.62544e-05
6.76875e-05
6.9058e-05
7.03623e-05
7.1596e-05
7.27529e-05
7.38257e-05
7.48061e-05
7.56857e-05
7.64561e-05
7.71098e-05
7.76696e-05
7.80388e-05
7.83094e-05
7.84932e-05
7.85508e-05
7.84965e-05
7.83448e-05
7.81115e-05
7.78141e-05
7.74717e-05
7.71046e-05
7.67335e-05
7.63778e-05
7.60544e-05
7.57761e-05
7.55489e-05
7.537e-05
7.5225e-05
7.5085e-05
7.49038e-05
7.46151e-05
7.41297e-05
7.33345e-05
7.20957e-05
7.02723e-05
6.77478e-05
6.44895e-05
6.06271e-05
5.65118e-05
5.26698e-05
4.95873e-05
4.73961e-05
4.5638e-05
4.23958e-05
3.99132e-05
3.43249e-05
2.53899e-05
1.76321e-05
1.25839e-05
7.29332e-07
7.05232e-07
1.98631e-05
3.73231e-05
4.87431e-05
5.44215e-05
5.56663e-05
5.40455e-05
5.09792e-05
4.76815e-05
4.49971e-05
4.32833e-05
4.24926e-05
4.24122e-05
4.28299e-05
4.35901e-05
4.45907e-05
4.57684e-05
4.70858e-05
4.85193e-05
5.00504e-05
5.16604e-05
5.33284e-05
5.50318e-05
5.67481e-05
5.84572e-05
6.01422e-05
6.17906e-05
6.33935e-05
6.49453e-05
6.64422e-05
6.78815e-05
6.92601e-05
7.05743e-05
7.18187e-05
7.29868e-05
7.40704e-05
7.50608e-05
7.59488e-05
7.67257e-05
7.7384e-05
7.79381e-05
7.83253e-05
7.85783e-05
7.87495e-05
7.87931e-05
7.87214e-05
7.85484e-05
7.82899e-05
7.79641e-05
7.75908e-05
7.71917e-05
7.67889e-05
7.64042e-05
7.60572e-05
7.57639e-05
7.55344e-05
7.53698e-05
7.52602e-05
7.5181e-05
7.50907e-05
7.49268e-05
7.46036e-05
7.40087e-05
7.30039e-05
7.14328e-05
6.91471e-05
6.606e-05
6.22332e-05
5.79651e-05
5.37932e-05
5.03096e-05
4.78219e-05
4.60821e-05
4.30639e-05
4.05396e-05
3.55498e-05
2.65693e-05
1.83266e-05
1.24754e-05
6.9936e-07
6.79871e-07
1.9089e-05
3.60707e-05
4.75554e-05
5.3467e-05
5.50309e-05
5.37154e-05
5.088e-05
4.77145e-05
4.50845e-05
4.33764e-05
4.25902e-05
4.25137e-05
4.29403e-05
4.37116e-05
4.47217e-05
4.59061e-05
4.72273e-05
4.86618e-05
5.01912e-05
5.17971e-05
5.34591e-05
5.51551e-05
5.68637e-05
5.85651e-05
6.02434e-05
6.18865e-05
6.34861e-05
6.50368e-05
6.65349e-05
6.79773e-05
6.93608e-05
7.06812e-05
7.19328e-05
7.31083e-05
7.41992e-05
7.51962e-05
7.60899e-05
7.68714e-05
7.7533e-05
7.80781e-05
7.84798e-05
7.87238e-05
7.88844e-05
7.89167e-05
7.88312e-05
7.86413e-05
7.83629e-05
7.80141e-05
7.76151e-05
7.71885e-05
7.67583e-05
7.63478e-05
7.5979e-05
7.56713e-05
7.54381e-05
7.52848e-05
7.52058e-05
7.51808e-05
7.51726e-05
7.5123e-05
7.495e-05
7.45438e-05
7.37646e-05
7.24468e-05
7.04166e-05
6.75394e-05
6.38073e-05
5.9451e-05
5.49933e-05
5.11092e-05
4.82607e-05
4.63472e-05
4.37645e-05
4.09584e-05
3.65633e-05
2.79075e-05
1.88289e-05
1.23531e-05
6.75166e-07
6.55193e-07
1.83122e-05
3.47893e-05
4.63124e-05
5.24819e-05
5.438e-05
5.33813e-05
5.07921e-05
4.77652e-05
4.51602e-05
4.3461e-05
4.26621e-05
4.26006e-05
4.3036e-05
4.38108e-05
4.48229e-05
4.60077e-05
4.73267e-05
4.8756e-05
5.02777e-05
5.18737e-05
5.35241e-05
5.52077e-05
5.69037e-05
5.85933e-05
6.02612e-05
6.18957e-05
6.34889e-05
6.50351e-05
6.65308e-05
6.79726e-05
6.9357e-05
7.06792e-05
7.19333e-05
7.31116e-05
7.42053e-05
7.5205e-05
7.6101e-05
7.68843e-05
7.75475e-05
7.80856e-05
7.84912e-05
7.87377e-05
7.88897e-05
7.89138e-05
7.88184e-05
7.86163e-05
7.83235e-05
7.79577e-05
7.75389e-05
7.70905e-05
7.66382e-05
7.62065e-05
7.58192e-05
7.54989e-05
7.52625e-05
7.51192e-05
7.50678e-05
7.50923e-05
7.51595e-05
7.52156e-05
7.51822e-05
7.4953e-05
7.43893e-05
7.33203e-05
7.15541e-05
6.89154e-05
6.53288e-05
6.09462e-05
5.62498e-05
5.19745e-05
4.87403e-05
4.6603e-05
4.44384e-05
4.13171e-05
3.74655e-05
2.93649e-05
1.94801e-05
1.22401e-05
6.57594e-07
6.3087e-07
1.75326e-05
3.35355e-05
4.50397e-05
5.14498e-05
5.37297e-05
5.3044e-05
5.07099e-05
4.78346e-05
4.53575e-05
4.36367e-05
4.28197e-05
4.26905e-05
4.31118e-05
4.38864e-05
4.48966e-05
4.60762e-05
4.7387e-05
4.88052e-05
5.03126e-05
5.18917e-05
5.35242e-05
5.51898e-05
5.68686e-05
5.85424e-05
6.01962e-05
6.18186e-05
6.34016e-05
6.49396e-05
6.64287e-05
6.78652e-05
6.92453e-05
7.05641e-05
7.18153e-05
7.29911e-05
7.40828e-05
7.50807e-05
7.59753e-05
7.67575e-05
7.74192e-05
7.79541e-05
7.83591e-05
7.86123e-05
7.87593e-05
7.87791e-05
7.86776e-05
7.84678e-05
7.81666e-05
7.77904e-05
7.73583e-05
7.68939e-05
7.64259e-05
7.59789e-05
7.55773e-05
7.52475e-05
7.50097e-05
7.48764e-05
7.48512e-05
7.4922e-05
7.50599e-05
7.52149e-05
7.53123e-05
7.52494e-05
7.48901e-05
7.40621e-05
7.25616e-05
7.01809e-05
6.67825e-05
6.24338e-05
5.75528e-05
5.29042e-05
4.92568e-05
4.68267e-05
4.49364e-05
4.16261e-05
3.81472e-05
3.06609e-05
2.0189e-05
1.21785e-05
6.47743e-07
6.06959e-07
1.67736e-05
3.21725e-05
4.37153e-05
5.03762e-05
5.30669e-05
5.2703e-05
5.06414e-05
4.79626e-05
4.54441e-05
4.37197e-05
4.28774e-05
4.27981e-05
4.31874e-05
4.39379e-05
4.49342e-05
4.61022e-05
4.73989e-05
4.87998e-05
5.02884e-05
5.1849e-05
5.34616e-05
5.51064e-05
5.67642e-05
5.84177e-05
6.00526e-05
6.16578e-05
6.32251e-05
6.47489e-05
6.6225e-05
6.76498e-05
6.90191e-05
7.03281e-05
7.15704e-05
7.27385e-05
7.38236e-05
7.48163e-05
7.5707e-05
7.64864e-05
7.7146e-05
7.7679e-05
7.8081e-05
7.8341e-05
7.84811e-05
7.85006e-05
7.84002e-05
7.81919e-05
7.78892e-05
7.75101e-05
7.70713e-05
7.65962e-05
7.612e-05
7.56649e-05
7.52535e-05
7.49185e-05
7.46822e-05
7.45598e-05
7.45608e-05
7.46759e-05
7.48812e-05
7.513e-05
7.5351e-05
7.54451e-05
7.52793e-05
7.46823e-05
7.3444e-05
7.13322e-05
6.81556e-05
6.38963e-05
5.88888e-05
5.38971e-05
4.98319e-05
4.71147e-05
4.52044e-05
4.19804e-05
3.88008e-05
3.17406e-05
2.09268e-05
1.21457e-05
6.43463e-07
5.83568e-07
1.60506e-05
3.08188e-05
4.23415e-05
4.92546e-05
5.23774e-05
5.2353e-05
5.05713e-05
4.80325e-05
4.55958e-05
4.38657e-05
4.29716e-05
4.28366e-05
4.3237e-05
4.39744e-05
4.49573e-05
4.61079e-05
4.73873e-05
4.87699e-05
5.0234e-05
5.17572e-05
5.33315e-05
5.494e-05
5.65644e-05
5.81876e-05
5.97949e-05
6.13749e-05
6.29192e-05
6.44222e-05
6.58796e-05
6.72878e-05
6.8643e-05
6.994e-05
7.11725e-05
7.23328e-05
7.34121e-05
7.4401e-05
7.52894e-05
7.60677e-05
7.67274e-05
7.72608e-05
7.76619e-05
7.79244e-05
7.80447e-05
7.80521e-05
7.79435e-05
7.77323e-05
7.74342e-05
7.70649e-05
7.6641e-05
7.61862e-05
7.57203e-05
7.52662e-05
7.48486e-05
7.45137e-05
7.42832e-05
7.41729e-05
7.42013e-05
7.43596e-05
7.46301e-05
7.49691e-05
7.53079e-05
7.55511e-05
7.55686e-05
7.51917e-05
7.42081e-05
7.23692e-05
6.94387e-05
6.53174e-05
6.02417e-05
5.49403e-05
5.04402e-05
4.73978e-05
4.54603e-05
4.23828e-05
3.93597e-05
3.25511e-05
2.17335e-05
1.21515e-05
6.42645e-07
5.61075e-07
1.53764e-05
2.94573e-05
4.09528e-05
4.81014e-05
5.1658e-05
5.19851e-05
5.04968e-05
4.81283e-05
4.58131e-05
4.4058e-05
4.31219e-05
4.29036e-05
4.32544e-05
4.39705e-05
4.49165e-05
4.60424e-05
4.72898e-05
4.8629e-05
5.00475e-05
5.15438e-05
5.3091e-05
5.46718e-05
5.62691e-05
5.78669e-05
5.94516e-05
6.10123e-05
6.25408e-05
6.40312e-05
6.54786e-05
6.68789e-05
6.82278e-05
6.95177e-05
7.07415e-05
7.18911e-05
7.29578e-05
7.39321e-05
7.48047e-05
7.55667e-05
7.62105e-05
7.67299e-05
7.71212e-05
7.73823e-05
7.7505e-05
7.75313e-05
7.74264e-05
7.7206e-05
7.68897e-05
7.64968e-05
7.60609e-05
7.56093e-05
7.51587e-05
7.47278e-05
7.43445e-05
7.40362e-05
7.38177e-05
7.3719e-05
7.37783e-05
7.39785e-05
7.4313e-05
7.47397e-05
7.51918e-05
7.55776e-05
7.57693e-05
7.56011e-05
7.48622e-05
7.32943e-05
7.06251e-05
6.66835e-05
6.15986e-05
5.6032e-05
5.10925e-05
4.76645e-05
4.56333e-05
4.27649e-05
3.98228e-05
3.32916e-05
2.25428e-05
1.21799e-05
6.48418e-07
5.39334e-07
1.47201e-05
2.80995e-05
3.94729e-05
4.68829e-05
5.08879e-05
5.1602e-05
5.04106e-05
4.82845e-05
4.60279e-05
4.42581e-05
4.3259e-05
4.29945e-05
4.3281e-05
4.39567e-05
4.4885e-05
4.59735e-05
4.7192e-05
4.85151e-05
4.99203e-05
5.13927e-05
5.29131e-05
5.44647e-05
5.6032e-05
5.76007e-05
5.91584e-05
6.06946e-05
6.22012e-05
6.36712e-05
6.50989e-05
6.64784e-05
6.7801e-05
6.90601e-05
7.02523e-05
7.13711e-05
7.24088e-05
7.33566e-05
7.42057e-05
7.49477e-05
7.55746e-05
7.60794e-05
7.64579e-05
7.67103e-05
7.68299e-05
7.68773e-05
7.68061e-05
7.66184e-05
7.63325e-05
7.59647e-05
7.55315e-05
7.50514e-05
7.45562e-05
7.40882e-05
7.37064e-05
7.34193e-05
7.32403e-05
7.32008e-05
7.32993e-05
7.3538e-05
7.39366e-05
7.44493e-05
7.50105e-05
7.55339e-05
7.58916e-05
7.59212e-05
7.54154e-05
7.41121e-05
7.17107e-05
6.79816e-05
6.29436e-05
5.71634e-05
5.17955e-05
4.79384e-05
4.56962e-05
4.31107e-05
4.0217e-05
3.39398e-05
2.33229e-05
1.22536e-05
6.59301e-07
5.18163e-07
1.40791e-05
2.6797e-05
3.80179e-05
4.56374e-05
5.00545e-05
5.11867e-05
5.03115e-05
4.84126e-05
4.62603e-05
4.44828e-05
4.34146e-05
4.30736e-05
4.33042e-05
4.39292e-05
4.48246e-05
4.58921e-05
4.70854e-05
4.83741e-05
4.97371e-05
5.11603e-05
5.26336e-05
5.41414e-05
5.56679e-05
5.71979e-05
5.87181e-05
6.0217e-05
6.16856e-05
6.31169e-05
6.4505e-05
6.58447e-05
6.71321e-05
6.83615e-05
6.95262e-05
7.06194e-05
7.16338e-05
7.25614e-05
7.3394e-05
7.41239e-05
7.47441e-05
7.52495e-05
7.56361e-05
7.59009e-05
7.60245e-05
7.60783e-05
7.6029e-05
7.58573e-05
7.56008e-05
7.52736e-05
7.48917e-05
7.44708e-05
7.40164e-05
7.35661e-05
7.31411e-05
7.27897e-05
7.25789e-05
7.25528e-05
7.27031e-05
7.30251e-05
7.35079e-05
7.41054e-05
7.47711e-05
7.54285e-05
7.59452e-05
7.61619e-05
7.58765e-05
7.48325e-05
7.27118e-05
6.9201e-05
6.42608e-05
5.83221e-05
5.25485e-05
4.82429e-05
4.57363e-05
4.34263e-05
4.05338e-05
3.45242e-05
2.40887e-05
1.23503e-05
6.75236e-07
4.97377e-07
1.34525e-05
2.55565e-05
3.65889e-05
4.43099e-05
4.91685e-05
5.07533e-05
5.02316e-05
4.85516e-05
4.65117e-05
4.47345e-05
4.35934e-05
4.31631e-05
4.33173e-05
4.38829e-05
4.47215e-05
4.57494e-05
4.68999e-05
4.8141e-05
4.9458e-05
5.08351e-05
5.22603e-05
5.372e-05
5.51997e-05
5.66852e-05
5.81637e-05
5.96238e-05
6.10563e-05
6.24538e-05
6.381e-05
6.51197e-05
6.63784e-05
6.75808e-05
6.87197e-05
6.97883e-05
7.07793e-05
7.16852e-05
7.24987e-05
7.32128e-05
7.38216e-05
7.43205e-05
7.47061e-05
7.49754e-05
7.51058e-05
7.51646e-05
7.51374e-05
7.49851e-05
7.47488e-05
7.4442e-05
7.40812e-05
7.36869e-05
7.32877e-05
7.29059e-05
7.25625e-05
7.22633e-05
7.20555e-05
7.19719e-05
7.20652e-05
7.24145e-05
7.2967e-05
7.36772e-05
7.44773e-05
7.52695e-05
7.59389e-05
7.63323e-05
7.62776e-05
7.54975e-05
7.36436e-05
7.03653e-05
6.55354e-05
5.9494e-05
5.33449e-05
4.85793e-05
4.57872e-05
4.36844e-05
4.07778e-05
3.50409e-05
2.48305e-05
1.24187e-05
6.96403e-07
4.76746e-07
1.28403e-05
2.43756e-05
3.51237e-05
4.29806e-05
4.81483e-05
5.02043e-05
5.00819e-05
4.86806e-05
4.67787e-05
4.50145e-05
4.38008e-05
4.32697e-05
4.33329e-05
4.38267e-05
4.46086e-05
4.55823e-05
4.66872e-05
4.78871e-05
4.91596e-05
5.0489e-05
5.18646e-05
5.32743e-05
5.4705e-05
5.61435e-05
5.75772e-05
5.89949e-05
6.03872e-05
6.17462e-05
6.30654e-05
6.43391e-05
6.55625e-05
6.673e-05
6.78356e-05
6.88726e-05
6.98343e-05
7.0714e-05
7.15049e-05
7.22008e-05
7.27965e-05
7.32878e-05
7.36717e-05
7.39451e-05
7.4084e-05
7.41478e-05
7.41437e-05
7.40143e-05
7.38038e-05
7.35248e-05
7.31931e-05
7.28277e-05
7.24518e-05
7.20909e-05
7.17767e-05
7.15503e-05
7.14364e-05
7.14462e-05
7.16023e-05
7.19236e-05
7.24456e-05
7.31873e-05
7.40774e-05
7.49991e-05
7.58332e-05
7.64222e-05
7.65622e-05
7.59885e-05
7.44205e-05
7.14387e-05
6.67425e-05
6.06633e-05
5.41748e-05
4.89406e-05
4.58441e-05
4.39106e-05
4.09539e-05
3.55516e-05
2.55443e-05
1.25626e-05
7.24042e-07
4.56101e-07
1.22487e-05
2.32619e-05
3.36851e-05
4.16602e-05
4.71225e-05
4.96582e-05
4.98984e-05
4.87922e-05
4.70556e-05
4.53232e-05
4.40419e-05
4.3401e-05
4.33586e-05
4.37671e-05
4.44816e-05
4.53987e-05
4.64526e-05
4.76029e-05
4.8825e-05
5.0103e-05
5.14256e-05
5.27816e-05
5.41594e-05
5.55465e-05
5.69311e-05
5.83023e-05
5.96502e-05
6.09669e-05
6.22454e-05
6.34798e-05
6.46647e-05
6.57949e-05
6.68646e-05
6.78677e-05
6.87982e-05
6.965e-05
7.04169e-05
7.10936e-05
7.16754e-05
7.21588e-05
7.25414e-05
7.28205e-05
7.29692e-05
7.30397e-05
7.30599e-05
7.29567e-05
7.27763e-05
7.25306e-05
7.22344e-05
7.19057e-05
7.15659e-05
7.12399e-05
7.09569e-05
7.07507e-05
7.06569e-05
7.07197e-05
7.09731e-05
7.14271e-05
7.20515e-05
7.28468e-05
7.37836e-05
7.47883e-05
7.5741e-05
7.6467e-05
7.67223e-05
7.63314e-05
7.50037e-05
7.23433e-05
6.79137e-05
6.18169e-05
5.50299e-05
4.93244e-05
4.59149e-05
4.40352e-05
4.11284e-05
3.61071e-05
2.6172e-05
1.27193e-05
7.57167e-07
4.3534e-07
1.16806e-05
2.22241e-05
3.22792e-05
4.02727e-05
4.60704e-05
4.90552e-05
4.96763e-05
4.8881e-05
4.73362e-05
4.56591e-05
4.43211e-05
4.35657e-05
4.34036e-05
4.37118e-05
4.43468e-05
4.51987e-05
4.61949e-05
4.72907e-05
4.84587e-05
4.96818e-05
5.09479e-05
5.22469e-05
5.35679e-05
5.48998e-05
5.62313e-05
5.75517e-05
5.88514e-05
6.01221e-05
6.13566e-05
6.25486e-05
6.36926e-05
6.47833e-05
6.58153e-05
6.6783e-05
6.7681e-05
6.85037e-05
6.92459e-05
6.99027e-05
7.04703e-05
7.09457e-05
7.13275e-05
7.16139e-05
7.17726e-05
7.18525e-05
7.18986e-05
7.18242e-05
7.16773e-05
7.14691e-05
7.12135e-05
7.09275e-05
7.06312e-05
7.03487e-05
7.0108e-05
6.99409e-05
6.98831e-05
6.99722e-05
7.02442e-05
7.07289e-05
7.14512e-05
7.23816e-05
7.34635e-05
7.46026e-05
7.56699e-05
7.65124e-05
7.69593e-05
7.67422e-05
7.5554e-05
7.3145e-05
6.89877e-05
6.29267e-05
5.58961e-05
4.97187e-05
4.59491e-05
4.4071e-05
4.12848e-05
3.66504e-05
2.6774e-05
1.28668e-05
7.97037e-07
4.14208e-07
1.11319e-05
2.12662e-05
3.09282e-05
3.88732e-05
4.4913e-05
4.83455e-05
4.93914e-05
4.89352e-05
4.76119e-05
4.60189e-05
4.46416e-05
4.37724e-05
4.34785e-05
4.36707e-05
4.42126e-05
4.49889e-05
4.592e-05
4.69559e-05
4.80657e-05
4.92303e-05
5.0437e-05
5.16757e-05
5.29366e-05
5.42095e-05
5.5484e-05
5.67499e-05
5.79977e-05
5.9219e-05
6.04064e-05
6.15534e-05
6.26544e-05
6.37039e-05
6.46969e-05
6.56282e-05
6.6493e-05
6.72862e-05
6.80033e-05
6.86402e-05
6.91935e-05
6.96613e-05
7.00428e-05
7.03383e-05
7.05062e-05
7.05986e-05
7.06724e-05
7.06291e-05
7.05185e-05
7.03511e-05
7.014e-05
6.99012e-05
6.9654e-05
6.94211e-05
6.92296e-05
6.91104e-05
6.90985e-05
6.92316e-05
6.95471e-05
7.00766e-05
7.08375e-05
7.18204e-05
7.29808e-05
7.42326e-05
7.54486e-05
7.64654e-05
7.70855e-05
7.70724e-05
7.61213e-05
7.38179e-05
6.99119e-05
6.39753e-05
5.67636e-05
5.01278e-05
4.59683e-05
4.40612e-05
4.14362e-05
3.71365e-05
2.73843e-05
1.30549e-05
8.43774e-07
3.92663e-07
1.06077e-05
2.04006e-05
2.96307e-05
3.74677e-05
4.36872e-05
4.75428e-05
4.90273e-05
4.89393e-05
4.78713e-05
4.63961e-05
4.50045e-05
4.40291e-05
4.3595e-05
4.36555e-05
4.40892e-05
4.47779e-05
4.56352e-05
4.66049e-05
4.76519e-05
4.87544e-05
4.98985e-05
5.1074e-05
5.22717e-05
5.34824e-05
5.46964e-05
5.59041e-05
5.70966e-05
5.82654e-05
5.94029e-05
6.05026e-05
6.15587e-05
6.25657e-05
6.35189e-05
6.44134e-05
6.52447e-05
6.60085e-05
6.67008e-05
6.73181e-05
6.78578e-05
6.83183e-05
6.87004e-05
6.90069e-05
6.91824e-05
6.92903e-05
6.93942e-05
6.93838e-05
6.93118e-05
6.91879e-05
6.90245e-05
6.88366e-05
6.86426e-05
6.84641e-05
6.8327e-05
6.82615e-05
6.83017e-05
6.84853e-05
6.88508e-05
6.94323e-05
7.02509e-05
7.13034e-05
7.25501e-05
7.39068e-05
7.52439e-05
7.63933e-05
7.7155e-05
7.72957e-05
7.65301e-05
7.44862e-05
7.0746e-05
6.49581e-05
5.76162e-05
5.05417e-05
4.59611e-05
4.40282e-05
4.15917e-05
3.75785e-05
2.79831e-05
1.3248e-05
8.97812e-07
3.70393e-07
1.01006e-05
1.96151e-05
2.84459e-05
3.60898e-05
4.24142e-05
4.66699e-05
4.85805e-05
4.88803e-05
4.81006e-05
4.6781e-05
4.54072e-05
4.4342e-05
4.37652e-05
4.368e-05
4.3989e-05
4.45765e-05
4.53497e-05
4.62457e-05
4.72245e-05
4.82609e-05
4.93394e-05
5.04489e-05
5.15806e-05
5.27259e-05
5.38763e-05
5.50227e-05
5.61567e-05
5.72699e-05
5.83551e-05
5.94054e-05
6.0415e-05
6.13786e-05
6.22914e-05
6.31489e-05
6.3947e-05
6.46819e-05
6.53502e-05
6.59488e-05
6.64756e-05
6.69297e-05
6.73132e-05
6.76335e-05
6.78139e-05
6.79406e-05
6.8077e-05
6.81011e-05
6.80694e-05
6.79912e-05
6.7878e-05
6.77441e-05
6.76066e-05
6.74864e-05
6.74082e-05
6.74009e-05
6.7498e-05
6.77367e-05
6.81559e-05
6.87915e-05
6.96681e-05
7.07871e-05
7.21134e-05
7.35653e-05
7.50129e-05
7.62842e-05
7.71756e-05
7.74547e-05
7.68455e-05
7.49913e-05
7.14262e-05
6.58717e-05
5.84333e-05
5.09544e-05
4.59198e-05
4.38031e-05
4.17418e-05
3.79624e-05
2.85896e-05
1.34769e-05
9.59873e-07
3.47754e-07
9.63221e-06
1.90307e-05
2.72763e-05
3.47541e-05
4.11163e-05
4.5696e-05
4.80376e-05
4.87436e-05
4.82845e-05
4.71608e-05
4.58437e-05
4.47142e-05
4.40003e-05
4.37592e-05
4.39271e-05
4.43978e-05
4.50747e-05
4.58881e-05
4.67922e-05
4.77579e-05
4.87672e-05
4.98079e-05
5.0871e-05
5.19484e-05
5.30323e-05
5.41145e-05
5.51871e-05
5.62422e-05
5.72726e-05
5.82716e-05
5.92334e-05
6.01527e-05
6.10249e-05
6.18456e-05
6.26111e-05
6.33179e-05
6.39632e-05
6.45442e-05
6.50593e-05
6.55081e-05
6.58941e-05
6.62313e-05
6.64138e-05
6.65622e-05
6.67337e-05
6.67936e-05
6.68038e-05
6.6773e-05
6.67121e-05
6.66344e-05
6.65563e-05
6.64975e-05
6.64815e-05
6.65363e-05
6.66943e-05
6.69919e-05
6.7468e-05
6.81594e-05
6.90933e-05
7.0275e-05
7.1674e-05
7.3212e-05
7.47588e-05
7.61394e-05
7.71453e-05
7.75436e-05
7.70677e-05
7.53841e-05
7.20505e-05
6.66632e-05
5.91842e-05
5.13579e-05
4.58906e-05
4.36018e-05
4.18335e-05
3.83123e-05
2.9196e-05
1.37247e-05
1.0301e-06
3.24779e-07
9.19554e-06
1.85673e-05
2.60672e-05
3.34063e-05
3.97728e-05
4.46239e-05
4.73846e-05
4.85116e-05
4.84045e-05
4.75187e-05
4.63028e-05
4.51442e-05
4.43092e-05
4.39085e-05
4.39208e-05
4.4258e-05
4.48243e-05
4.55443e-05
4.63658e-05
4.72552e-05
4.81912e-05
4.916e-05
5.01519e-05
5.11589e-05
5.21739e-05
5.31893e-05
5.4198e-05
5.51925e-05
5.61661e-05
5.71121e-05
5.8025e-05
5.88993e-05
5.97306e-05
6.05149e-05
6.12484e-05
6.19283e-05
6.25517e-05
6.31166e-05
6.36214e-05
6.40663e-05
6.44558e-05
6.48137e-05
6.49948e-05
6.51682e-05
6.5377e-05
6.54736e-05
6.55268e-05
6.55448e-05
6.55377e-05
6.55181e-05
6.55015e-05
6.55065e-05
6.55557e-05
6.56757e-05
6.58978e-05
6.62574e-05
6.67928e-05
6.75411e-05
6.85312e-05
6.97716e-05
7.12357e-05
7.28489e-05
7.44821e-05
7.59573e-05
7.70616e-05
7.75592e-05
7.71901e-05
7.56404e-05
7.24937e-05
6.72728e-05
5.98408e-05
5.17247e-05
4.58354e-05
4.33155e-05
4.1875e-05
3.86111e-05
2.9783e-05
1.40238e-05
1.10923e-06
3.02634e-07
8.84367e-06
1.81902e-05
2.51171e-05
3.21322e-05
3.8432e-05
4.34996e-05
4.66278e-05
4.81728e-05
4.8442e-05
4.7835e-05
4.67687e-05
4.56251e-05
4.46964e-05
4.41421e-05
4.39886e-05
4.41759e-05
4.46159e-05
4.52295e-05
4.59587e-05
4.67647e-05
4.76223e-05
4.85155e-05
4.94334e-05
5.03677e-05
5.13115e-05
5.2258e-05
5.32005e-05
5.41324e-05
5.50472e-05
5.59387e-05
5.68014e-05
5.76302e-05
5.84206e-05
5.91686e-05
5.98711e-05
6.05249e-05
6.11279e-05
6.16781e-05
6.21743e-05
6.26166e-05
6.30111e-05
6.33931e-05
6.35701e-05
6.37743e-05
6.40178e-05
6.41526e-05
6.42501e-05
6.4318e-05
6.43659e-05
6.44057e-05
6.4452e-05
6.45226e-05
6.46389e-05
6.48263e-05
6.51149e-05
6.55388e-05
6.61353e-05
6.69411e-05
6.79856e-05
6.92797e-05
7.08004e-05
7.24765e-05
7.41808e-05
7.57339e-05
7.69184e-05
7.74951e-05
7.72081e-05
7.57619e-05
7.27629e-05
6.77024e-05
6.03921e-05
5.20435e-05
4.57747e-05
4.3031e-05
4.18442e-05
3.88635e-05
3.03453e-05
1.43681e-05
1.19723e-06
2.8173e-07
8.57201e-06
1.78043e-05
2.43319e-05
3.10007e-05
3.70914e-05
4.23198e-05
4.57677e-05
4.77171e-05
4.83789e-05
4.80879e-05
4.72208e-05
4.61432e-05
4.51601e-05
4.44704e-05
4.41492e-05
4.41731e-05
4.44701e-05
4.49625e-05
4.55878e-05
4.63015e-05
4.70743e-05
4.78872e-05
4.87276e-05
4.95865e-05
5.04568e-05
5.13323e-05
5.22068e-05
5.30742e-05
5.39286e-05
5.47642e-05
5.55757e-05
5.63583e-05
5.71075e-05
5.78197e-05
5.84917e-05
5.91206e-05
5.97043e-05
6.02412e-05
6.07303e-05
6.11716e-05
6.15741e-05
6.19783e-05
6.21516e-05
6.23947e-05
6.26683e-05
6.28424e-05
6.29851e-05
6.31036e-05
6.32072e-05
6.33071e-05
6.34171e-05
6.35542e-05
6.37387e-05
6.39948e-05
6.43513e-05
6.48407e-05
6.5499e-05
6.63618e-05
6.74582e-05
6.88001e-05
7.03673e-05
7.20922e-05
7.38503e-05
7.54619e-05
7.67062e-05
7.73403e-05
7.71106e-05
7.57401e-05
7.28708e-05
6.79946e-05
6.08161e-05
5.22864e-05
4.56701e-05
4.27083e-05
4.17484e-05
3.90652e-05
3.08877e-05
1.47646e-05
1.2946e-06
2.61917e-07
8.35921e-06
1.74552e-05
2.38825e-05
2.99405e-05
3.57855e-05
4.10974e-05
4.48162e-05
4.71398e-05
4.81991e-05
4.82546e-05
4.76347e-05
4.66788e-05
4.56912e-05
4.4898e-05
4.44187e-05
4.42718e-05
4.44108e-05
4.47662e-05
4.52737e-05
4.58843e-05
4.65641e-05
4.72907e-05
4.80492e-05
4.88293e-05
4.96237e-05
5.04261e-05
5.12306e-05
5.20318e-05
5.28242e-05
5.36026e-05
5.43619e-05
5.50976e-05
5.58054e-05
5.64819e-05
5.71238e-05
5.77286e-05
5.82942e-05
5.8819e-05
5.93022e-05
5.9744e-05
6.01655e-05
6.05622e-05
6.07581e-05
6.10438e-05
6.13414e-05
6.15548e-05
6.17427e-05
6.1912e-05
6.20713e-05
6.22314e-05
6.24052e-05
6.26089e-05
6.28618e-05
6.31869e-05
6.36114e-05
6.41664e-05
6.48859e-05
6.58038e-05
6.6948e-05
6.83306e-05
6.99328e-05
7.16905e-05
7.34823e-05
7.51303e-05
7.64116e-05
7.70798e-05
7.68817e-05
7.55554e-05
7.27846e-05
6.81165e-05
6.10748e-05
5.24311e-05
4.55119e-05
4.23588e-05
4.15253e-05
3.9214e-05
3.14088e-05
1.52119e-05
1.40123e-06
2.42714e-07
8.17671e-06
1.71394e-05
2.36291e-05
2.89802e-05
3.45296e-05
3.98486e-05
4.38017e-05
4.6447e-05
4.78916e-05
4.83135e-05
4.79836e-05
4.72057e-05
4.62716e-05
4.54206e-05
4.48074e-05
4.44931e-05
4.44639e-05
4.46671e-05
4.50419e-05
4.55367e-05
4.61133e-05
4.67457e-05
4.74164e-05
4.81135e-05
4.88286e-05
4.95552e-05
5.02876e-05
5.10208e-05
5.17497e-05
5.24695e-05
5.31755e-05
5.38636e-05
5.45296e-05
5.51701e-05
5.57822e-05
5.63633e-05
5.69114e-05
5.74251e-05
5.79033e-05
5.83462e-05
5.87931e-05
5.91681e-05
5.93973e-05
5.97291e-05
6.00478e-05
6.03003e-05
6.05331e-05
6.07527e-05
6.09672e-05
6.11867e-05
6.14237e-05
6.16932e-05
6.20135e-05
6.24066e-05
6.2898e-05
6.3517e-05
6.42954e-05
6.52649e-05
6.64512e-05
6.78652e-05
6.94891e-05
7.12611e-05
7.30643e-05
7.47235e-05
7.60163e-05
7.66937e-05
7.65015e-05
7.51889e-05
7.24746e-05
6.79576e-05
6.11255e-05
5.2451e-05
4.52639e-05
4.19819e-05
4.13526e-05
3.93164e-05
3.19112e-05
1.57127e-05
1.51729e-06
2.23841e-07
8.00377e-06
1.68762e-05
2.34065e-05
2.82e-05
3.34208e-05
3.86112e-05
4.27336e-05
4.56497e-05
4.74542e-05
4.82488e-05
4.82422e-05
4.76951e-05
4.6876e-05
4.60241e-05
4.5317e-05
4.4853e-05
4.46549e-05
4.46947e-05
4.49222e-05
4.5287e-05
4.57486e-05
4.62771e-05
4.68524e-05
4.74605e-05
4.80917e-05
4.87391e-05
4.93967e-05
5.00596e-05
5.07231e-05
5.13828e-05
5.20342e-05
5.26735e-05
5.32969e-05
5.3901e-05
5.4483e-05
5.50403e-05
5.55712e-05
5.6074e-05
5.65475e-05
5.69934e-05
5.74663e-05
5.78146e-05
5.80842e-05
5.84575e-05
5.87975e-05
5.90887e-05
5.93657e-05
5.96345e-05
5.99029e-05
6.01803e-05
6.04786e-05
6.08119e-05
6.11976e-05
6.16562e-05
6.22118e-05
6.28914e-05
6.37245e-05
6.47397e-05
6.596e-05
6.73939e-05
6.90233e-05
7.0789e-05
7.2578e-05
7.42204e-05
7.54966e-05
7.61565e-05
7.59448e-05
7.46189e-05
7.19295e-05
6.75135e-05
6.09462e-05
5.23271e-05
4.49192e-05
4.15103e-05
4.11414e-05
3.93484e-05
3.23928e-05
1.6266e-05
1.64245e-06
2.04907e-07
7.77201e-06
1.67551e-05
2.32032e-05
2.78382e-05
3.24315e-05
3.74038e-05
4.16246e-05
4.47552e-05
4.68844e-05
4.80462e-05
4.83859e-05
4.81157e-05
4.74728e-05
4.66842e-05
4.59375e-05
4.53584e-05
4.50049e-05
4.48786e-05
4.49478e-05
4.51692e-05
4.55025e-05
4.59158e-05
4.63862e-05
4.68976e-05
4.7439e-05
4.80022e-05
4.85811e-05
4.91706e-05
4.97661e-05
5.03634e-05
5.09584e-05
5.15473e-05
5.21267e-05
5.26933e-05
5.32443e-05
5.37772e-05
5.42902e-05
5.47818e-05
5.52495e-05
5.57101e-05
5.61815e-05
5.65146e-05
5.68381e-05
5.72412e-05
5.76013e-05
5.79298e-05
5.82493e-05
5.85653e-05
5.88852e-05
5.92179e-05
5.95745e-05
5.99684e-05
6.04157e-05
6.09358e-05
6.15507e-05
6.22854e-05
6.31663e-05
6.42186e-05
6.54616e-05
6.69009e-05
6.85169e-05
7.02523e-05
7.1999e-05
7.35936e-05
7.48221e-05
7.54364e-05
7.51797e-05
7.38157e-05
7.11293e-05
6.68118e-05
6.04901e-05
5.20322e-05
4.4462e-05
4.09355e-05
4.06924e-05
3.93285e-05
3.28476e-05
1.68717e-05
1.77648e-06
1.86918e-07
7.5428e-06
1.67092e-05
2.30159e-05
2.77909e-05
3.16466e-05
3.62951e-05
4.0532e-05
4.38002e-05
4.62008e-05
4.7706e-05
4.83991e-05
4.84401e-05
4.80282e-05
4.7369e-05
4.66471e-05
4.6004e-05
4.55257e-05
4.52446e-05
4.51526e-05
4.52206e-05
4.54133e-05
4.56993e-05
4.6054e-05
4.64594e-05
4.6903e-05
4.73755e-05
4.78703e-05
4.83818e-05
4.89054e-05
4.9437e-05
4.99726e-05
5.05087e-05
5.10419e-05
5.15689e-05
5.20871e-05
5.25941e-05
5.30877e-05
5.35668e-05
5.40261e-05
5.45089e-05
5.49584e-05
5.52826e-05
5.56646e-05
5.60932e-05
5.64703e-05
5.68336e-05
5.71924e-05
5.75523e-05
5.792e-05
5.83039e-05
5.87142e-05
5.91636e-05
5.96671e-05
6.02423e-05
6.09095e-05
6.16908e-05
6.26095e-05
6.36868e-05
6.49376e-05
6.63637e-05
6.79439e-05
6.96217e-05
7.12947e-05
7.28077e-05
7.39554e-05
7.44945e-05
7.41675e-05
7.27412e-05
6.99758e-05
6.57699e-05
5.96818e-05
5.15107e-05
4.39041e-05
4.02863e-05
4.02863e-05
3.92981e-05
3.32617e-05
1.75282e-05
1.91872e-06
1.7074e-07
7.3531e-06
1.67049e-05
2.28921e-05
2.775e-05
3.11296e-05
3.52917e-05
3.94895e-05
4.28042e-05
4.54138e-05
4.72286e-05
4.827e-05
4.86446e-05
4.85096e-05
4.80422e-05
4.74141e-05
4.67705e-05
4.62158e-05
4.58084e-05
4.55663e-05
4.54792e-05
4.55231e-05
4.5671e-05
4.58988e-05
4.61879e-05
4.65244e-05
4.6898e-05
4.73014e-05
4.77287e-05
4.81749e-05
4.8636e-05
4.91079e-05
4.95872e-05
5.00705e-05
5.05547e-05
5.1037e-05
5.15149e-05
5.19865e-05
5.24497e-05
5.29007e-05
5.33982e-05
5.38252e-05
5.41474e-05
5.45697e-05
5.50188e-05
5.54161e-05
5.58097e-05
5.62033e-05
5.6602e-05
5.7012e-05
5.74411e-05
5.78987e-05
5.83965e-05
5.89481e-05
5.95695e-05
6.02786e-05
6.10947e-05
6.20372e-05
6.31229e-05
6.43621e-05
6.57521e-05
6.72695e-05
6.8859e-05
7.04238e-05
7.18192e-05
7.28511e-05
7.3285e-05
7.28631e-05
7.13071e-05
6.85103e-05
6.43912e-05
5.85565e-05
5.07401e-05
4.31959e-05
3.94969e-05
3.97181e-05
3.92167e-05
3.36322e-05
1.82327e-05
2.06842e-06
1.56624e-07
7.21455e-06
1.67275e-05
2.28565e-05
2.7683e-05
3.1122e-05
3.44917e-05
3.85468e-05
4.18789e-05
4.45898e-05
4.6646e-05
4.80057e-05
4.8717e-05
4.88901e-05
4.86678e-05
4.82005e-05
4.76267e-05
4.70581e-05
4.65714e-05
4.62075e-05
4.59776e-05
4.58735e-05
4.58773e-05
4.59695e-05
4.61324e-05
4.63519e-05
4.66174e-05
4.69208e-05
4.72559e-05
4.76175e-05
4.80013e-05
4.84033e-05
4.882e-05
4.9248e-05
4.96841e-05
5.01255e-05
5.05695e-05
5.10145e-05
5.14551e-05
5.19082e-05
5.23776e-05
5.27948e-05
5.31372e-05
5.35777e-05
5.40339e-05
5.44505e-05
5.48681e-05
5.52899e-05
5.57203e-05
5.6165e-05
5.66309e-05
5.71269e-05
5.76631e-05
5.82517e-05
5.89067e-05
5.96435e-05
6.04779e-05
6.14252e-05
6.24975e-05
6.36999e-05
6.50257e-05
6.64487e-05
6.79151e-05
6.93345e-05
7.05745e-05
7.14548e-05
7.17543e-05
7.11617e-05
6.94961e-05
6.67432e-05
6.26469e-05
5.70477e-05
4.96547e-05
4.23046e-05
3.86049e-05
3.90925e-05
3.90379e-05
3.3954e-05
1.89801e-05
2.2245e-06
1.44268e-07
7.1263e-06
1.67294e-05
2.28498e-05
2.75654e-05
3.12166e-05
3.38634e-05
3.76184e-05
4.10012e-05
4.37584e-05
4.59933e-05
4.7628e-05
4.86613e-05
4.91563e-05
4.92178e-05
4.89693e-05
4.85343e-05
4.8022e-05
4.75178e-05
4.7079e-05
4.67362e-05
4.6499e-05
4.63628e-05
4.63164e-05
4.63463e-05
4.64406e-05
4.65888e-05
4.67831e-05
4.7017e-05
4.72851e-05
4.75832e-05
4.79071e-05
4.82533e-05
4.86183e-05
4.89988e-05
4.9392e-05
4.97947e-05
5.02061e-05
5.06169e-05
5.10595e-05
5.15032e-05
5.19e-05
5.22599e-05
5.2704e-05
5.31583e-05
5.35867e-05
5.402e-05
5.44608e-05
5.49132e-05
5.5382e-05
5.58735e-05
5.63952e-05
5.6956e-05
5.75663e-05
5.82376e-05
5.89824e-05
5.98128e-05
6.07398e-05
6.17703e-05
6.29047e-05
6.41319e-05
6.54239e-05
6.67288e-05
6.79633e-05
6.90098e-05
6.97031e-05
6.97987e-05
6.90254e-05
6.73807e-05
6.45585e-05
6.04845e-05
5.51028e-05
4.82222e-05
4.12016e-05
3.75768e-05
3.84057e-05
3.89107e-05
3.4244e-05
1.97623e-05
2.38574e-06
1.33e-07
7.05125e-06
1.66828e-05
2.28427e-05
2.75274e-05
3.13044e-05
3.38656e-05
3.68759e-05
4.02621e-05
4.29784e-05
4.53161e-05
4.71695e-05
4.84941e-05
4.93077e-05
4.96756e-05
4.96906e-05
4.94556e-05
4.90693e-05
4.86171e-05
4.81648e-05
4.77572e-05
4.74196e-05
4.71622e-05
4.69852e-05
4.68829e-05
4.68478e-05
4.68722e-05
4.69491e-05
4.70727e-05
4.7238e-05
4.74407e-05
4.76766e-05
4.79424e-05
4.82344e-05
4.85493e-05
4.88843e-05
4.92359e-05
4.96032e-05
4.9977e-05
5.03833e-05
5.08092e-05
5.11884e-05
5.15324e-05
5.19669e-05
5.24155e-05
5.28437e-05
5.32802e-05
5.37271e-05
5.41876e-05
5.46659e-05
5.5167e-05
5.5697e-05
5.62632e-05
5.68739e-05
5.75378e-05
5.8264e-05
5.90607e-05
5.99344e-05
6.08873e-05
6.19151e-05
6.30034e-05
6.4123e-05
6.52248e-05
6.62337e-05
6.70508e-05
6.75233e-05
6.73295e-05
6.653e-05
6.47754e-05
6.19106e-05
5.78816e-05
5.27253e-05
4.6402e-05
3.98688e-05
3.64451e-05
3.76385e-05
3.85821e-05
3.44973e-05
2.0567e-05
2.55066e-06
1.22344e-07
6.95093e-06
1.6582e-05
2.28016e-05
2.74821e-05
3.12011e-05
3.39947e-05
3.62929e-05
3.95114e-05
4.23358e-05
4.47007e-05
4.67011e-05
4.82651e-05
4.93717e-05
5.00473e-05
5.03517e-05
5.03629e-05
5.01636e-05
4.98319e-05
4.94345e-05
4.90233e-05
4.86352e-05
4.82931e-05
4.8009e-05
4.77873e-05
4.76277e-05
4.75273e-05
4.74824e-05
4.74887e-05
4.75424e-05
4.76397e-05
4.7777e-05
4.7951e-05
4.81582e-05
4.83955e-05
4.86598e-05
4.89477e-05
4.92572e-05
4.9585e-05
4.99224e-05
5.03368e-05
5.07026e-05
5.09884e-05
5.13956e-05
5.18323e-05
5.22436e-05
5.2666e-05
5.31009e-05
5.35504e-05
5.40174e-05
5.45056e-05
5.50195e-05
5.55644e-05
5.61458e-05
5.67698e-05
5.74417e-05
5.81661e-05
5.89447e-05
5.97758e-05
6.06512e-05
6.15544e-05
6.24565e-05
6.33121e-05
6.40555e-05
6.46143e-05
6.47401e-05
6.44499e-05
6.34784e-05
6.16322e-05
5.87598e-05
5.48178e-05
4.99101e-05
4.4109e-05
3.82915e-05
3.52102e-05
3.67693e-05
3.8113e-05
3.47003e-05
2.13908e-05
2.71776e-06
1.12353e-07
6.81891e-06
1.64313e-05
2.27086e-05
2.7397e-05
3.11051e-05
3.41233e-05
3.63086e-05
3.88319e-05
4.17586e-05
4.41478e-05
4.62609e-05
4.80228e-05
4.93904e-05
5.03601e-05
5.09617e-05
5.12476e-05
5.12816e-05
5.11295e-05
5.08529e-05
5.05046e-05
5.0127e-05
4.9752e-05
4.94014e-05
4.90894e-05
4.88239e-05
4.86088e-05
4.84453e-05
4.83327e-05
4.82695e-05
4.82537e-05
4.82825e-05
4.83534e-05
4.84635e-05
4.86096e-05
4.87888e-05
4.89981e-05
4.92342e-05
4.94959e-05
4.97732e-05
5.00908e-05
5.04567e-05
5.07267e-05
5.10373e-05
5.1429e-05
5.18106e-05
5.21954e-05
5.25929e-05
5.30039e-05
5.343e-05
5.38734e-05
5.43366e-05
5.48226e-05
5.53343e-05
5.58746e-05
5.64456e-05
5.70481e-05
5.76804e-05
5.83373e-05
5.90086e-05
5.96768e-05
6.03149e-05
6.08831e-05
6.13257e-05
6.15592e-05
6.14527e-05
6.09343e-05
5.98079e-05
5.79003e-05
5.50713e-05
5.12841e-05
4.66921e-05
4.15737e-05
3.63961e-05
3.38964e-05
3.58023e-05
3.75888e-05
3.4809e-05
2.22248e-05
2.88553e-06
1.03613e-07
6.68373e-06
1.62653e-05
2.25758e-05
2.72576e-05
3.09674e-05
3.39966e-05
3.64795e-05
3.8661e-05
4.12777e-05
4.38259e-05
4.59657e-05
4.78604e-05
4.94405e-05
5.06735e-05
5.1561e-05
5.21304e-05
5.2425e-05
5.24958e-05
5.23949e-05
5.21713e-05
5.1868e-05
5.15205e-05
5.11573e-05
5.07998e-05
5.04636e-05
5.01593e-05
4.98942e-05
4.96722e-05
4.94956e-05
4.93651e-05
4.928e-05
4.92391e-05
4.92405e-05
4.92817e-05
4.93601e-05
4.94729e-05
4.96169e-05
4.97899e-05
4.99867e-05
5.0208e-05
5.04602e-05
5.07671e-05
5.09612e-05
5.12327e-05
5.15673e-05
5.18796e-05
5.22017e-05
5.25334e-05
5.28757e-05
5.32284e-05
5.35921e-05
5.39676e-05
5.43552e-05
5.47552e-05
5.51667e-05
5.55878e-05
5.60143e-05
5.64393e-05
5.68519e-05
5.72359e-05
5.75677e-05
5.78145e-05
5.79329e-05
5.78108e-05
5.74661e-05
5.67323e-05
5.54734e-05
5.35461e-05
5.08292e-05
4.72918e-05
4.30979e-05
3.86769e-05
3.42143e-05
3.24841e-05
3.47555e-05
3.69392e-05
3.48131e-05
2.30531e-05
3.0529e-06
9.76414e-08
6.61558e-06
1.61686e-05
2.2468e-05
2.70968e-05
3.07947e-05
3.3864e-05
3.64804e-05
3.87237e-05
4.10121e-05
4.35189e-05
4.58939e-05
4.78851e-05
4.96286e-05
5.10836e-05
5.22298e-05
5.30723e-05
5.36347e-05
5.39522e-05
5.40655e-05
5.40161e-05
5.38436e-05
5.35835e-05
5.32667e-05
5.29188e-05
5.25605e-05
5.2208e-05
5.18737e-05
5.15665e-05
5.12926e-05
5.10561e-05
5.08592e-05
5.07028e-05
5.05864e-05
5.05089e-05
5.04685e-05
5.04628e-05
5.0489e-05
5.05445e-05
5.06259e-05
5.07298e-05
5.08567e-05
5.10002e-05
5.11976e-05
5.13156e-05
5.14597e-05
5.16873e-05
5.18759e-05
5.20696e-05
5.22683e-05
5.24671e-05
5.26661e-05
5.28642e-05
5.30598e-05
5.3251e-05
5.34355e-05
5.36097e-05
5.37687e-05
5.39056e-05
5.40105e-05
5.40704e-05
5.40667e-05
5.39748e-05
5.37617e-05
5.3365e-05
5.27373e-05
5.18093e-05
5.04558e-05
4.85707e-05
4.60588e-05
4.28985e-05
3.92361e-05
3.57703e-05
3.24166e-05
3.0894e-05
3.36354e-05
3.62043e-05
3.47048e-05
2.38645e-05
3.21885e-06
9.58954e-08
6.71161e-06
1.62858e-05
2.25224e-05
2.7021e-05
3.066e-05
3.37613e-05
3.64713e-05
3.88987e-05
4.12085e-05
4.35313e-05
4.58993e-05
4.81594e-05
5.01017e-05
5.1737e-05
5.31048e-05
5.41949e-05
5.50139e-05
5.55823e-05
5.59284e-05
5.60847e-05
5.60845e-05
5.59604e-05
5.57421e-05
5.54563e-05
5.51259e-05
5.47702e-05
5.44051e-05
5.40431e-05
5.3694e-05
5.3365e-05
5.30611e-05
5.27857e-05
5.25404e-05
5.23258e-05
5.21413e-05
5.19856e-05
5.18568e-05
5.17524e-05
5.16701e-05
5.1606e-05
5.15593e-05
5.15227e-05
5.15059e-05
5.14906e-05
5.14612e-05
5.14497e-05
5.14327e-05
5.14177e-05
5.14006e-05
5.13641e-05
5.13212e-05
5.12653e-05
5.11945e-05
5.11063e-05
5.09979e-05
5.08662e-05
5.0707e-05
5.05152e-05
5.02837e-05
5.00038e-05
4.96627e-05
4.92452e-05
4.87267e-05
4.8094e-05
4.72704e-05
4.61828e-05
4.48111e-05
4.31089e-05
4.10075e-05
3.84915e-05
3.56304e-05
3.28776e-05
3.04493e-05
2.99347e-05
3.24401e-05
3.54618e-05
3.44745e-05
2.45951e-05
3.38323e-06
1.01036e-07
6.97826e-06
1.68293e-05
2.29549e-05
2.72317e-05
3.07432e-05
3.38467e-05
3.66588e-05
3.92514e-05
4.17565e-05
4.41844e-05
4.64591e-05
4.88048e-05
5.0864e-05
5.28109e-05
5.44077e-05
5.57116e-05
5.67602e-05
5.75618e-05
5.81334e-05
5.84979e-05
5.86814e-05
5.87111e-05
5.86138e-05
5.84145e-05
5.8136e-05
5.77985e-05
5.74196e-05
5.7014e-05
5.65939e-05
5.61692e-05
5.57473e-05
5.53338e-05
5.49327e-05
5.45462e-05
5.41755e-05
5.38208e-05
5.34815e-05
5.31562e-05
5.28434e-05
5.25401e-05
5.22455e-05
5.19537e-05
5.16692e-05
5.13769e-05
5.10999e-05
5.07664e-05
5.04404e-05
5.0215e-05
4.98673e-05
4.94931e-05
4.91456e-05
4.87677e-05
4.83706e-05
4.79517e-05
4.75099e-05
4.7044e-05
4.65516e-05
4.60307e-05
4.54773e-05
4.48885e-05
4.42565e-05
4.35761e-05
4.2833e-05
4.20136e-05
4.1118e-05
4.01277e-05
3.89741e-05
3.76081e-05
3.59377e-05
3.39365e-05
3.16063e-05
2.9525e-05
2.81096e-05
2.84375e-05
3.1787e-05
3.4682e-05
3.41112e-05
2.5215e-05
3.54799e-06
1.16316e-07
7.57765e-06
1.79201e-05
2.4003e-05
2.79985e-05
3.13444e-05
3.44362e-05
3.73719e-05
4.02178e-05
4.28895e-05
4.53839e-05
4.79125e-05
5.02625e-05
5.24465e-05
5.4493e-05
5.62534e-05
5.78581e-05
5.90884e-05
6.00681e-05
6.08082e-05
6.13258e-05
6.16414e-05
6.17775e-05
6.17574e-05
6.16037e-05
6.13381e-05
6.09806e-05
6.05493e-05
6.00599e-05
5.95264e-05
5.89603e-05
5.83708e-05
5.77651e-05
5.71489e-05
5.65266e-05
5.59012e-05
5.52747e-05
5.46483e-05
5.40224e-05
5.3397e-05
5.27707e-05
5.21444e-05
5.15131e-05
5.0884e-05
5.02392e-05
4.96071e-05
4.89359e-05
4.82366e-05
4.7609e-05
4.6946e-05
4.62773e-05
4.55735e-05
4.4824e-05
4.40979e-05
4.33578e-05
4.26081e-05
4.18497e-05
4.10814e-05
4.03052e-05
3.95193e-05
3.87273e-05
3.79247e-05
3.71167e-05
3.62934e-05
3.54608e-05
3.46007e-05
3.37225e-05
3.27845e-05
3.17915e-05
3.06753e-05
2.94737e-05
2.81825e-05
2.71115e-05
2.67323e-05
2.7599e-05
3.06313e-05
3.4278e-05
3.35818e-05
2.56048e-05
3.71602e-06
1.45455e-07
8.5749e-06
1.94263e-05
2.53929e-05
2.93375e-05
3.26045e-05
3.57297e-05
3.87567e-05
4.15419e-05
4.41448e-05
4.71739e-05
5.00301e-05
5.26012e-05
5.50011e-05
5.70153e-05
5.88261e-05
6.03561e-05
6.17491e-05
6.28323e-05
6.35887e-05
6.41074e-05
6.44062e-05
6.45052e-05
6.44252e-05
6.41871e-05
6.38115e-05
6.33177e-05
6.27238e-05
6.20458e-05
6.12996e-05
6.04955e-05
5.96424e-05
5.87492e-05
5.78238e-05
5.68733e-05
5.59035e-05
5.49194e-05
5.39245e-05
5.29221e-05
5.19151e-05
5.09034e-05
4.98923e-05
4.88784e-05
4.78742e-05
4.68511e-05
4.58665e-05
4.4813e-05
4.38321e-05
4.287e-05
4.18751e-05
4.09042e-05
3.99198e-05
3.90134e-05
3.80498e-05
3.70866e-05
3.61751e-05
3.52818e-05
3.44062e-05
3.35552e-05
3.27279e-05
3.19345e-05
3.11698e-05
3.045e-05
2.97634e-05
2.9134e-05
2.85385e-05
2.80115e-05
2.75097e-05
2.70802e-05
2.66512e-05
2.6301e-05
2.59662e-05
2.58771e-05
2.62298e-05
2.75296e-05
3.03298e-05
3.33379e-05
3.29123e-05
2.53726e-05
3.8963e-06
1.93075e-07
1.00628e-05
2.12913e-05
2.65697e-05
2.99028e-05
3.30067e-05
3.61135e-05
3.92061e-05
4.22793e-05
4.55209e-05
4.86912e-05
5.1666e-05
5.44291e-05
5.69201e-05
5.89755e-05
6.0681e-05
6.19514e-05
6.30105e-05
6.39662e-05
6.4563e-05
6.48472e-05
6.49019e-05
6.47471e-05
6.44033e-05
6.3891e-05
6.32302e-05
6.24398e-05
6.15385e-05
6.05416e-05
5.94705e-05
5.83151e-05
5.70868e-05
5.58079e-05
5.44919e-05
5.31518e-05
5.17981e-05
5.0439e-05
4.90794e-05
4.77276e-05
4.63872e-05
4.50594e-05
4.37604e-05
4.24854e-05
4.12368e-05
3.99882e-05
3.88193e-05
3.76722e-05
3.65441e-05
3.54522e-05
3.44019e-05
3.33965e-05
3.24071e-05
3.15121e-05
3.06064e-05
2.97428e-05
2.89439e-05
2.81887e-05
2.74792e-05
2.68274e-05
2.62301e-05
2.57005e-05
2.52309e-05
2.48447e-05
2.45244e-05
2.43057e-05
2.41565e-05
2.41288e-05
2.41676e-05
2.43459e-05
2.45749e-05
2.49553e-05
2.53708e-05
2.59945e-05
2.68111e-05
2.82382e-05
3.05085e-05
3.30411e-05
3.22105e-05
2.48231e-05
3.98999e-06
2.66963e-07
1.14677e-05
2.2217e-05
2.63784e-05
2.88502e-05
3.15356e-05
3.4448e-05
3.74396e-05
4.04557e-05
4.34138e-05
4.61524e-05
4.86816e-05
5.09843e-05
5.29996e-05
5.47039e-05
5.60635e-05
5.70966e-05
5.76637e-05
5.81326e-05
5.84081e-05
5.83236e-05
5.80098e-05
5.74939e-05
5.67999e-05
5.59516e-05
5.49692e-05
5.38743e-05
5.26869e-05
5.14249e-05
5.01028e-05
4.87462e-05
4.73654e-05
4.59704e-05
4.45638e-05
4.31634e-05
4.17781e-05
4.04116e-05
3.90676e-05
3.77607e-05
3.64874e-05
3.52592e-05
3.41085e-05
3.29878e-05
3.19113e-05
3.08816e-05
2.99033e-05
2.89713e-05
2.81046e-05
2.72609e-05
2.65315e-05
2.58058e-05
2.51194e-05
2.45219e-05
2.39797e-05
2.34919e-05
2.30683e-05
2.27125e-05
2.24226e-05
2.22051e-05
2.20494e-05
2.19677e-05
2.19548e-05
2.20311e-05
2.21757e-05
2.24245e-05
2.27397e-05
2.31762e-05
2.36714e-05
2.43043e-05
2.49759e-05
2.57884e-05
2.66056e-05
2.75436e-05
2.85283e-05
2.96719e-05
3.12987e-05
3.28333e-05
3.1243e-05
2.40081e-05
4.02452e-06
3.58729e-07
1.20246e-05
2.00372e-05
2.18267e-05
2.32326e-05
2.5035e-05
2.7144e-05
2.94247e-05
3.17584e-05
3.39733e-05
3.59948e-05
3.78125e-05
3.9409e-05
4.07582e-05
4.18611e-05
4.2704e-05
4.3293e-05
4.3591e-05
4.3663e-05
4.36334e-05
4.34278e-05
4.3011e-05
4.24545e-05
4.17779e-05
4.10035e-05
4.01439e-05
3.92214e-05
3.8254e-05
3.72525e-05
3.62292e-05
3.51991e-05
3.41743e-05
3.31631e-05
3.21604e-05
3.12012e-05
3.02799e-05
2.93823e-05
2.85219e-05
2.77059e-05
2.693e-05
2.61944e-05
2.55129e-05
2.48719e-05
2.42978e-05
2.377e-05
2.32677e-05
2.28251e-05
2.2444e-05
2.21076e-05
2.18284e-05
2.16003e-05
2.14202e-05
2.12923e-05
2.12171e-05
2.11941e-05
2.1224e-05
2.13068e-05
2.14438e-05
2.16351e-05
2.18825e-05
2.21889e-05
2.25533e-05
2.29776e-05
2.34445e-05
2.39852e-05
2.45609e-05
2.52241e-05
2.59092e-05
2.66944e-05
2.74777e-05
2.83572e-05
2.91971e-05
3.00712e-05
3.09212e-05
3.15668e-05
3.25273e-05
3.24694e-05
3.00088e-05
2.23757e-05
3.91683e-06
4.3432e-07
1.10622e-05
1.48101e-05
1.50229e-05
1.57946e-05
1.69403e-05
1.82634e-05
1.96677e-05
2.10796e-05
2.24212e-05
2.36612e-05
2.47838e-05
2.5775e-05
2.66248e-05
2.73294e-05
2.79076e-05
2.83188e-05
2.85961e-05
2.87423e-05
2.87936e-05
2.87663e-05
2.86707e-05
2.84773e-05
2.82234e-05
2.79259e-05
2.75813e-05
2.72176e-05
2.68426e-05
2.64482e-05
2.6052e-05
2.56571e-05
2.5277e-05
2.49074e-05
2.45579e-05
2.42158e-05
2.39249e-05
2.36352e-05
2.33652e-05
2.31351e-05
2.29324e-05
2.27565e-05
2.26096e-05
2.24904e-05
2.24007e-05
2.23424e-05
2.23116e-05
2.23092e-05
2.23435e-05
2.24122e-05
2.25128e-05
2.26442e-05
2.28056e-05
2.2995e-05
2.32129e-05
2.34573e-05
2.37295e-05
2.40275e-05
2.43527e-05
2.4704e-05
2.50814e-05
2.54879e-05
2.59158e-05
2.63826e-05
2.68679e-05
2.74072e-05
2.79409e-05
2.85458e-05
2.91187e-05
2.97826e-05
3.03752e-05
3.10652e-05
3.16313e-05
3.22477e-05
3.27143e-05
3.27792e-05
3.30358e-05
3.07853e-05
2.73501e-05
1.90254e-05
3.56913e-06
4.90694e-07
9.53664e-06
1.13595e-05
1.32656e-05
1.51835e-05
1.69922e-05
1.86335e-05
2.00737e-05
2.13001e-05
2.23185e-05
2.31514e-05
2.38257e-05
2.43675e-05
2.47997e-05
2.51276e-05
2.54335e-05
2.55816e-05
2.57041e-05
2.58067e-05
2.58506e-05
2.58601e-05
2.58507e-05
2.58194e-05
2.57703e-05
2.57081e-05
2.56375e-05
2.55576e-05
2.54806e-05
2.53944e-05
2.53148e-05
2.52334e-05
2.51801e-05
2.51141e-05
2.50517e-05
2.50029e-05
2.49659e-05
2.49393e-05
2.49219e-05
2.49157e-05
2.49211e-05
2.49382e-05
2.4967e-05
2.50079e-05
2.50604e-05
2.51249e-05
2.52013e-05
2.529e-05
2.53871e-05
2.5493e-05
2.56095e-05
2.57356e-05
2.58741e-05
2.60228e-05
2.61858e-05
2.63597e-05
2.65494e-05
2.67513e-05
2.69696e-05
2.72026e-05
2.74505e-05
2.7719e-05
2.79948e-05
2.83068e-05
2.86038e-05
2.89772e-05
2.92729e-05
2.96833e-05
2.99435e-05
3.0395e-05
3.0588e-05
3.10485e-05
3.11427e-05
3.15686e-05
3.12747e-05
3.10226e-05
3.00362e-05
2.77542e-05
2.28605e-05
1.19399e-05
3.06939e-06
3.02008e-07
5.84177e-07
8.91666e-07
1.20624e-06
1.51023e-06
1.79578e-06
2.06231e-06
2.31018e-06
2.53766e-06
2.74341e-06
2.92571e-06
3.08533e-06
3.22157e-06
3.33791e-06
3.43284e-06
3.51186e-06
3.57436e-06
3.61963e-06
3.65473e-06
3.67549e-06
3.68974e-06
3.69051e-06
3.68732e-06
3.67932e-06
3.66442e-06
3.6459e-06
3.62364e-06
3.59951e-06
3.57294e-06
3.54577e-06
3.51716e-06
3.48883e-06
3.46059e-06
3.43269e-06
3.40538e-06
3.37917e-06
3.35405e-06
3.33044e-06
3.30813e-06
3.28769e-06
3.2687e-06
3.25189e-06
3.23656e-06
3.22369e-06
3.21222e-06
3.20351e-06
3.19602e-06
3.19168e-06
3.18812e-06
3.18819e-06
3.18933e-06
3.19209e-06
3.19809e-06
3.20424e-06
3.21555e-06
3.22525e-06
3.2419e-06
3.25505e-06
3.27762e-06
3.29403e-06
3.3231e-06
3.34252e-06
3.37826e-06
3.40055e-06
3.44227e-06
3.46957e-06
3.52536e-06
3.55913e-06
3.62671e-06
3.66853e-06
3.74222e-06
3.79198e-06
3.86569e-06
3.92201e-06
3.97836e-06
4.01e-06
3.98904e-06
3.89008e-06
3.57474e-06
2.63594e-06
)
;

boundaryField
{
    movingWall
    {
        type            nutkWallFunction;
        Cmu             0.09;
        kappa           0.41;
        E               9.8;
        value           uniform 0;
    }
    fixedWalls
    {
        type            nutkWallFunction;
        Cmu             0.09;
        kappa           0.41;
        E               9.8;
        value           uniform 0;
    }
    frontAndBack
    {
        type            empty;
    }
}


// ************************************************************************* //
