/*--------------------------------*- C++ -*----------------------------------*\
  =========                 |
  \\      /  F ield         | OpenFOAM: The Open Source CFD Toolbox
   \\    /   O peration     | Website:  https://openfoam.org
    \\  /    A nd           | Version:  13
     \\/     M anipulation  |
\*---------------------------------------------------------------------------*/
FoamFile
{
    format      ascii;
    class       volScalarField;
    location    "3";
    object      epsilon;
}
// * * * * * * * * * * * * * * * * * * * * * * * * * * * * * * * * * * * * * //

dimensions      [0 2 -3 0 0 0 0];

internalField   nonuniform List<scalar> 
6400
(
2.23049e-05
0.000112917
0.000262394
0.000419467
0.000551368
0.000648777
0.000718178
0.000773021
0.000827425
0.000893062
0.000980354
0.00109446
0.00123942
0.00141737
0.00162795
0.00186879
0.00213581
0.00242248
0.00272076
0.00302408
0.00333343
0.00366414
0.00404475
0.00449749
0.00502701
0.00560825
0.00619831
0.00679289
0.00740216
0.00803955
0.00871077
0.0094061
0.010089
0.0107608
0.0114163
0.0120692
0.0127253
0.0133955
0.0140876
0.0148101
0.0155693
0.0163705
0.0172211
0.0181277
0.0190874
0.0201024
0.0211812
0.0223614
0.0237157
0.0254234
0.0271336
0.0288817
0.0305958
0.0322498
0.0337863
0.0351449
0.0362563
0.0369781
0.0373257
0.0374329
0.0369327
0.0358035
0.0340626
0.0317563
0.0289297
0.0256985
0.022197
0.0186318
0.0151654
0.0118879
0.00893833
0.00660597
0.00468825
0.00318034
0.00206557
0.00128417
0.000761216
0.000420213
0.000188896
3.94698e-05
0.000108842
0.000100948
0.00015596
0.000223074
0.000281664
0.000329282
0.000368776
0.000405215
0.000444472
0.000492676
0.000556162
0.000640083
0.000749699
0.000890374
0.00106747
0.00128643
0.0015525
0.00187061
0.00224561
0.00268361
0.00319437
0.00378686
0.00447712
0.00528923
0.00622481
0.00726836
0.00842533
0.00963567
0.0108365
0.0119799
0.0130037
0.0138553
0.0145488
0.0150844
0.0154879
0.0157852
0.0160013
0.0161624
0.0162899
0.0164024
0.0165145
0.016643
0.0167999
0.0169675
0.0171456
0.0173422
0.0175861
0.017886
0.0182373
0.0186435
0.0190927
0.0195594
0.0200418
0.0205091
0.0209454
0.0213173
0.0215602
0.0216554
0.0216359
0.0214178
0.020951
0.0202111
0.0191992
0.0179063
0.0163695
0.0146353
0.0127824
0.010897
0.00905942
0.00734021
0.00579971
0.00451941
0.00343572
0.00252403
0.00177379
0.00117724
0.000724071
0.000403107
0.000205677
0.000204948
0.000239715
0.000174587
0.000211458
0.000259732
0.000301692
0.000339643
0.000378546
0.000424056
0.000482594
0.000561989
0.000670093
0.000816281
0.0010108
0.00126433
0.00158827
0.00199485
0.00249436
0.00309549
0.00380429
0.00462361
0.00555306
0.00658877
0.0077103
0.00885959
0.00995992
0.0109229
0.0116549
0.012162
0.0125161
0.0127583
0.0129577
0.0130983
0.0131354
0.0130451
0.0129211
0.0127826
0.012648
0.0125314
0.0124475
0.0124086
0.0123985
0.0124352
0.0125221
0.0126739
0.0128997
0.0131967
0.0135482
0.0139557
0.0144141
0.0149204
0.0154699
0.0160522
0.0166597
0.017275
0.0178811
0.0184516
0.0189561
0.0193646
0.0195897
0.019657
0.0195216
0.0191024
0.0183703
0.0173191
0.0159929
0.0144391
0.0127271
0.0109415
0.00916634
0.00748133
0.00595426
0.00463639
0.00353507
0.00263706
0.00191867
0.00134945
0.000901678
0.000557703
0.000347931
0.000519635
0.000410182
0.000288798
0.000320117
0.000363923
0.000405071
0.000448634
0.000501805
0.000572827
0.000671414
0.000808884
0.000999686
0.00125929
0.00160358
0.00204773
0.00260478
0.00328388
0.00408847
0.00501126
0.00603083
0.00710899
0.00819224
0.0092143
0.0101004
0.0107828
0.0112126
0.0114368
0.0115368
0.0115702
0.0114689
0.0112214
0.010934
0.0105784
0.0103012
0.0100921
0.00990445
0.00976415
0.00967518
0.00963665
0.00962986
0.00968299
0.00978453
0.00993806
0.0101435
0.0104024
0.0107141
0.011077
0.0114899
0.0119541
0.0124688
0.0130331
0.0136451
0.0143001
0.014992
0.0157103
0.0164406
0.0171617
0.0178458
0.0184587
0.0189573
0.0192468
0.0193453
0.0192153
0.0187976
0.0180619
0.0169165
0.0154722
0.0137846
0.0119417
0.0100448
0.00820018
0.00650254
0.00502165
0.0037902
0.00280766
0.00204624
0.00146638
0.00102403
0.000688457
0.000496974
0.000825316
0.000635178
0.000438653
0.000461776
0.00050683
0.000557688
0.000619466
0.000701755
0.000816758
0.000979457
0.00120764
0.00152125
0.00194016
0.00248144
0.00315653
0.00396789
0.00490518
0.00594094
0.00702676
0.00809424
0.00906061
0.00984963
0.010388
0.0106499
0.0107495
0.0107695
0.0105804
0.0102049
0.00976729
0.00935145
0.00899732
0.00867035
0.00839276
0.00818288
0.00802222
0.00790784
0.00785135
0.00783122
0.00783947
0.00790228
0.0080013
0.00814022
0.00831734
0.00853309
0.00878775
0.00908208
0.00941741
0.00979575
0.0102195
0.0106906
0.0112113
0.0117832
0.012407
0.0130814
0.0138032
0.0145657
0.0153571
0.0161577
0.016941
0.0176718
0.0183017
0.0187397
0.0189224
0.0189046
0.0185114
0.0178406
0.0166485
0.0150965
0.0132678
0.0112693
0.00923394
0.00729753
0.00557419
0.0041349
0.00299905
0.00214296
0.00151772
0.00106635
0.000746425
0.00059236
0.00102371
0.000934617
0.000627584
0.000637951
0.000689166
0.000760767
0.00085403
0.000981963
0.00116198
0.00141517
0.00176503
0.00223461
0.00284212
0.00359589
0.00448944
0.00549721
0.00657137
0.00764124
0.00861864
0.00941602
0.00993373
0.0101686
0.0102391
0.0101602
0.00985394
0.00935726
0.00884421
0.00838519
0.00795787
0.00759609
0.00729308
0.00704238
0.00684764
0.00670253
0.00659903
0.00654165
0.00651768
0.00651337
0.00654455
0.00660653
0.0066932
0.0068066
0.00694511
0.00710954
0.00730049
0.00751959
0.00776905
0.00805189
0.00837183
0.00873325
0.00914108
0.00960071
0.0101178
0.0106971
0.0113421
0.0120545
0.0128331
0.0136728
0.0145599
0.015475
0.0163797
0.0172233
0.0179417
0.0183749
0.0185253
0.0183217
0.0177641
0.0165596
0.0149147
0.0129206
0.0107234
0.00850669
0.00645211
0.00469773
0.00331048
0.0022852
0.00156666
0.00107803
0.000760366
0.000635537
0.00110167
0.00132797
0.000859711
0.000852982
0.000919927
0.00102286
0.00116126
0.00135205
0.00161803
0.00198524
0.00247913
0.00311895
0.00391075
0.00484085
0.00587107
0.00693744
0.00795414
0.00882354
0.00943959
0.00972895
0.00981836
0.00974408
0.00940334
0.00887246
0.00830594
0.00778132
0.00730577
0.00689948
0.00655137
0.00626714
0.00603533
0.0058514
0.00571026
0.0056055
0.00553185
0.00548874
0.00546906
0.00546385
0.00548
0.0055169
0.00556907
0.00563778
0.00572222
0.0058234
0.00594208
0.00607996
0.00623916
0.00642255
0.00663378
0.00687746
0.00715911
0.00748531
0.00786383
0.00830433
0.00881717
0.00941256
0.0101005
0.0108894
0.0117807
0.012768
0.0138416
0.0149676
0.0160958
0.0171434
0.0179756
0.0183713
0.0184434
0.0180109
0.0168099
0.0150296
0.0127954
0.0103199
0.00786379
0.00566676
0.00388697
0.00257281
0.00167817
0.00110594
0.000763227
0.000644331
0.0010957
0.0018322
0.0011384
0.001114
0.00120736
0.0013521
0.00154881
0.00181791
0.00218617
0.00268067
0.00332193
0.00411552
0.00504401
0.00606159
0.00709394
0.00804517
0.0088128
0.00925446
0.00942182
0.00944068
0.00917058
0.00864513
0.00804142
0.0074632
0.00693045
0.00646955
0.00607524
0.0057476
0.00547601
0.0052561
0.00507831
0.00493752
0.00482789
0.00474452
0.0046835
0.00464191
0.00461895
0.00460948
0.00460841
0.00462394
0.00464955
0.00468682
0.004735
0.00479493
0.00486728
0.00495337
0.00505492
0.00517411
0.00531373
0.00547727
0.00566904
0.00589437
0.00615993
0.00647405
0.00684691
0.00729124
0.00782238
0.00845787
0.00921941
0.0101225
0.0111791
0.012386
0.013724
0.0151463
0.01656
0.0178207
0.0185986
0.0188848
0.0186305
0.0173944
0.0153945
0.0128178
0.00998093
0.00724439
0.00490867
0.0031364
0.001931
0.00119056
0.000780172
0.000643628
0.00106754
0.00245909
0.00146691
0.00142866
0.00155661
0.00175313
0.00201899
0.0023767
0.00285354
0.00347158
0.00423782
0.00513487
0.00611473
0.00709874
0.00798634
0.00867057
0.00900948
0.00911864
0.00901947
0.00859912
0.00799228
0.007375
0.00678156
0.00625896
0.00580729
0.00542888
0.00511348
0.00485434
0.00464172
0.00446933
0.00432999
0.00421905
0.00413185
0.00406483
0.00401507
0.00398027
0.00395993
0.00395089
0.0039489
0.00395894
0.00397811
0.00400641
0.00404363
0.00409025
0.00414679
0.0042142
0.0042937
0.00438682
0.00449548
0.00462204
0.00476938
0.00494098
0.00514103
0.00537465
0.00564849
0.0059712
0.00635421
0.00681394
0.00737354
0.00806291
0.00891643
0.0099687
0.0112483
0.0127513
0.0144428
0.0162305
0.0179309
0.0191336
0.0196388
0.0195544
0.0182097
0.015873
0.0128458
0.00958561
0.00656735
0.00414241
0.00244245
0.00139467
0.000841166
0.000654239
0.00106689
0.00321527
0.0018506
0.00180216
0.00196976
0.00222551
0.00256641
0.00301429
0.00359198
0.00430953
0.00515303
0.00607724
0.0070049
0.00783558
0.0084441
0.00872709
0.00880565
0.00860819
0.00810763
0.00747386
0.00683324
0.00624344
0.00572273
0.00528295
0.00491428
0.00461006
0.00435944
0.00415459
0.00398758
0.00385281
0.00374497
0.0036602
0.00359504
0.00354671
0.00351281
0.0034932
0.00348468
0.00348287
0.00349076
0.0035082
0.00353308
0.00356579
0.00360618
0.00365465
0.00371167
0.003778
0.00385459
0.00394254
0.0040433
0.00415851
0.0042901
0.00444028
0.0046117
0.00480747
0.0050315
0.00528876
0.00558587
0.00593124
0.0063361
0.00681949
0.00741407
0.00817403
0.00916164
0.0104475
0.0120565
0.0139851
0.01614
0.0183022
0.01994
0.0206521
0.0206608
0.0191041
0.0162884
0.0127135
0.00900623
0.00576668
0.00335384
0.00181366
0.00099209
0.000696846
0.00111018
0.00414418
0.00230583
0.0022361
0.00244489
0.00276244
0.00317712
0.00370581
0.00436137
0.00513595
0.00599107
0.00685516
0.0076313
0.00818764
0.00843696
0.00849651
0.00823557
0.00769989
0.00706276
0.00641034
0.00581616
0.00530046
0.00486505
0.0045049
0.00420781
0.00396493
0.00376681
0.00360654
0.00347793
0.0033763
0.00329751
0.00323829
0.00319563
0.00316738
0.00315349
0.00314863
0.00314948
0.0031611
0.0031796
0.00320523
0.00323716
0.00327566
0.0033208
0.00337306
0.003433
0.00350142
0.00357931
0.00366777
0.00376812
0.00388183
0.0040105
0.00415588
0.00431978
0.00450418
0.0047112
0.00494324
0.00520337
0.0054959
0.00582752
0.00620876
0.00665315
0.00718357
0.00784516
0.00872577
0.00996048
0.0116374
0.0137678
0.0162856
0.0189309
0.0209817
0.0218616
0.0218617
0.019889
0.0164453
0.0122422
0.00813731
0.00481416
0.0025586
0.00130323
0.000806067
0.00124368
0.00522167
0.00282457
0.00272487
0.00297386
0.00335056
0.00382971
0.0044188
0.00511614
0.00589322
0.00668854
0.00741282
0.00793631
0.00816678
0.00821248
0.00793145
0.00738969
0.00674348
0.00608832
0.00548657
0.00496944
0.00453619
0.00417909
0.00388738
0.00364979
0.00345786
0.00330387
0.00318194
0.00308699
0.00301495
0.00296211
0.00292534
0.00290321
0.00289306
0.00289021
0.00289401
0.00290575
0.00292388
0.00294728
0.00297604
0.00300997
0.00304944
0.00309486
0.00314689
0.00320633
0.00327416
0.00335156
0.00343979
0.0035403
0.00365466
0.00378452
0.0039316
0.00409757
0.00428405
0.00449249
0.00472409
0.00497992
0.00526104
0.00556919
0.00590803
0.00628519
0.00671514
0.00721383
0.00782165
0.00862026
0.00976706
0.0114763
0.0137941
0.0166803
0.0198214
0.0222218
0.0232072
0.0230055
0.0203669
0.0161123
0.0112762
0.00692991
0.0037395
0.00184808
0.00103543
0.0015342
0.00641809
0.00339648
0.00325887
0.00354365
0.00397124
0.00449783
0.0051178
0.00581253
0.00653383
0.00720384
0.00770234
0.00792334
0.00796565
0.0076941
0.00716247
0.00651513
0.00585254
0.00524282
0.00471737
0.00428093
0.00392326
0.00363296
0.00339873
0.00321092
0.00306203
0.00294554
0.00285624
0.00278958
0.00274158
0.00270873
0.00268932
0.0026804
0.00267772
0.00267983
0.00268878
0.0027023
0.00272002
0.00274167
0.00276751
0.0027978
0.00283315
0.00287425
0.00292196
0.00297733
0.0030415
0.00311579
0.00320165
0.00330072
0.00341474
0.00354559
0.00369521
0.00386553
0.00405836
0.00427525
0.00451727
0.00478486
0.0050777
0.00539483
0.00573522
0.00609918
0.0064912
0.00692379
0.0074125
0.00799199
0.00874605
0.00983981
0.0115634
0.0140831
0.0173577
0.021007
0.023612
0.0245758
0.0238552
0.0202603
0.0150753
0.00973674
0.00543645
0.00268978
0.00142065
0.00199714
0.00770134
0.00400993
0.0038252
0.00413753
0.00460252
0.00515343
0.00576918
0.00641444
0.00702579
0.00750132
0.00772074
0.00776505
0.00751841
0.00701153
0.00636921
0.00569858
0.00507499
0.00453621
0.00408955
0.0037265
0.00343375
0.00319952
0.0030135
0.00286737
0.00275435
0.00266858
0.00260516
0.00255965
0.00252824
0.0025079
0.00249691
0.002492
0.0024906
0.00249264
0.00249908
0.00250822
0.00252039
0.00253575
0.00255483
0.0025782
0.00260665
0.00264104
0.00268237
0.00273175
0.00279043
0.00285977
0.00294133
0.00303686
0.00314827
0.00327769
0.00342738
0.00359973
0.00379709
0.00402164
0.00427508
0.00455835
0.00487124
0.00521211
0.00557783
0.00596414
0.00636706
0.00678755
0.00723644
0.00772961
0.00829969
0.00904057
0.0101305
0.0118961
0.0146615
0.018374
0.0225344
0.0250729
0.0258291
0.0241444
0.0192904
0.0132041
0.00769739
0.00387202
0.00198092
0.00261467
0.00903282
0.00465052
0.0044084
0.0047366
0.00522148
0.0057701
0.00634534
0.00689795
0.00735111
0.0075723
0.0076161
0.00740614
0.00693001
0.00630063
0.00562192
0.00497958
0.00442011
0.00395644
0.00358154
0.00328175
0.00304364
0.00285618
0.00271015
0.00259802
0.00251342
0.00245084
0.00240545
0.00237308
0.00235047
0.002335
0.00232457
0.00231725
0.00231245
0.00231025
0.00230972
0.00231141
0.00231584
0.00232324
0.00233454
0.00235036
0.00237157
0.00239903
0.00243376
0.00247681
0.00252939
0.00259285
0.00266873
0.0027588
0.00286507
0.00298985
0.00313573
0.00330555
0.00350232
0.00372908
0.00398861
0.00428308
0.0046135
0.00497915
0.00537703
0.00580156
0.00624478
0.00669797
0.00715717
0.00763193
0.00813846
0.00871509
0.00946227
0.0105861
0.0124775
0.0155812
0.0198331
0.0243639
0.026507
0.026848
0.0235127
0.0172311
0.0105535
0.00543979
0.00273165
0.00335069
0.0103667
0.00530127
0.00499164
0.00532149
0.00580665
0.0063261
0.0068281
0.00725409
0.00747905
0.00752166
0.00735496
0.00691556
0.0063047
0.00562066
0.00495531
0.00436758
0.00387851
0.00348452
0.00317171
0.00292527
0.00273262
0.00258359
0.0024697
0.00238385
0.00231996
0.00227272
0.00223765
0.00221121
0.0021907
0.00217404
0.00215981
0.00214714
0.00213589
0.00212612
0.00211791
0.00211233
0.00210989
0.00210959
0.00211398
0.00212333
0.00213845
0.00216004
0.002189
0.0022263
0.002273
0.00233035
0.0023998
0.00248305
0.00258212
0.00269941
0.00283768
0.00300016
0.00319043
0.00341238
0.00366998
0.00396693
0.00430612
0.00468887
0.00511403
0.00557704
0.00606933
0.00657841
0.00708972
0.00759363
0.0080993
0.00862418
0.00921354
0.00999196
0.0111977
0.0133233
0.0169031
0.0218455
0.0263378
0.0280066
0.0271518
0.0215953
0.0140268
0.00744523
0.00368885
0.00416083
0.0116718
0.00594562
0.00555788
0.00587395
0.00633957
0.00680508
0.00720577
0.00743368
0.00748307
0.0073604
0.00696482
0.00637907
0.0056935
0.00500345
0.00437996
0.00385616
0.00343424
0.00310129
0.00284097
0.0026389
0.00248341
0.00236499
0.00227562
0.00220857
0.00215803
0.00211914
0.00208813
0.00206219
0.00203931
0.00201815
0.00199802
0.00197876
0.00196058
0.00194385
0.0019291
0.00191702
0.00190828
0.0019041
0.00190315
0.00190748
0.00191821
0.00193538
0.00195981
0.00199227
0.0020337
0.00208518
0.00214802
0.00222381
0.00231447
0.00242235
0.0025503
0.0027017
0.00288052
0.0030913
0.00333902
0.00362887
0.00396578
0.00435365
0.00479431
0.00528618
0.00582283
0.00639185
0.00697467
0.00754866
0.00809563
0.00862191
0.00916215
0.00979098
0.0106241
0.0119807
0.0144908
0.0186861
0.0243746
0.0282604
0.0292178
0.0258914
0.0180804
0.00995344
0.00487378
0.00499605
0.012909
0.0065682
0.00609191
0.0063784
0.00680616
0.00719756
0.00744589
0.00751793
0.0074116
0.00707249
0.00652075
0.00584012
0.00512632
0.00446134
0.00389275
0.00343251
0.00307059
0.00278964
0.00257307
0.00240729
0.00228135
0.00218624
0.00211436
0.00205938
0.00201601
0.00198016
0.00194888
0.00192015
0.00189271
0.00186595
0.00183979
0.0018145
0.00179055
0.00176852
0.00174902
0.0017327
0.00172009
0.00171263
0.00170971
0.00171033
0.00171819
0.00173228
0.00175329
0.00178185
0.00181871
0.00186482
0.00192132
0.00198963
0.00207153
0.00216925
0.00228552
0.00242373
0.00258797
0.00278313
0.00301486
0.00328953
0.00361382
0.00399419
0.00443584
0.00494127
0.00550839
0.00612839
0.00678412
0.00744969
0.0080934
0.00868949
0.00922802
0.00976619
0.0104437
0.0113697
0.0129887
0.016138
0.0212274
0.027312
0.0299874
0.029494
0.0225386
0.0130391
0.0062997
0.00586897
0.0140451
0.0071547
0.00658067
0.00682279
0.00719729
0.00747846
0.00758218
0.00750774
0.0072366
0.00672438
0.00605911
0.00532663
0.00461738
0.00399466
0.00348422
0.00308249
0.00277242
0.00253509
0.00235443
0.00221765
0.00211439
0.00203607
0.00197562
0.00192728
0.00188657
0.00185029
0.00181632
0.00178344
0.00175106
0.00171915
0.00168805
0.00165826
0.00163039
0.00160506
0.00158286
0.0015643
0.00154989
0.00154057
0.0015364
0.00153564
0.00154141
0.00155343
0.00157186
0.00159725
0.00163022
0.00167154
0.00172222
0.0017835
0.00185697
0.00194467
0.00204914
0.0021736
0.00232204
0.00249939
0.00271161
0.00296571
0.00326966
0.003632
0.00406104
0.00456352
0.00514258
0.00579511
0.00650879
0.00725959
0.00801119
0.00871939
0.00937168
0.00990693
0.0104355
0.0111751
0.0122611
0.0143282
0.0183752
0.0246756
0.0300809
0.0314998
0.0270525
0.0167623
0.00800367
0.00675376
0.0150794
0.00769524
0.00701407
0.00719729
0.0075033
0.00765641
0.00765125
0.00743432
0.00698338
0.00634584
0.00560548
0.0048542
0.00417045
0.00359746
0.00314292
0.00279292
0.00252681
0.00232558
0.00217391
0.00205968
0.00197306
0.00190606
0.00185226
0.00180669
0.00176579
0.00172725
0.00168976
0.00165274
0.00161617
0.0015804
0.00154596
0.00151347
0.00148353
0.00145669
0.00143342
0.00141414
0.00139919
0.00138916
0.00138444
0.00138324
0.00138766
0.00139817
0.00141458
0.00143733
0.00146693
0.00150403
0.0015495
0.00160442
0.00167019
0.00174861
0.00184199
0.00195328
0.00208621
0.00224551
0.00243706
0.0026681
0.00294726
0.00328448
0.00369052
0.0041759
0.00474913
0.00541386
0.00616523
0.00698579
0.00784224
0.00868472
0.00945371
0.0101287
0.0106511
0.0111691
0.0120017
0.0133802
0.016237
0.0215331
0.0288677
0.0323027
0.0310685
0.0211266
0.0100798
0.00770811
0.0159657
0.00817943
0.00738559
0.0074995
0.00770936
0.0077704
0.00763587
0.0072773
0.00669098
0.00595971
0.00517611
0.00442964
0.00378317
0.00326121
0.00285772
0.00255236
0.00232308
0.00215134
0.00202258
0.00192534
0.00185039
0.00179044
0.00173987
0.00169464
0.0016521
0.00161076
0.00156995
0.00152964
0.00149015
0.00145201
0.00141584
0.00138222
0.00135166
0.00132461
0.0013014
0.00128229
0.00126752
0.00125744
0.00125259
0.00125123
0.00125473
0.00126401
0.0012787
0.00129915
0.00132578
0.00135916
0.00140003
0.00144932
0.00150826
0.00157843
0.00166187
0.00176122
0.00187986
0.00202216
0.0021937
0.00240152
0.00265437
0.00296287
0.00333934
0.00379721
0.00434964
0.00500693
0.00577265
0.00663856
0.00757909
0.0085473
0.00947562
0.0103076
0.010955
0.0114471
0.0119723
0.012976
0.0148828
0.0190309
0.0261158
0.0324566
0.0338437
0.0260107
0.0126857
0.00887651
0.0166947
0.00860164
0.00769051
0.00772393
0.00783879
0.00781413
0.00756946
0.00706983
0.00637827
0.00558207
0.00478004
0.00405396
0.0034501
0.00297695
0.00261867
0.00235131
0.00215254
0.00200455
0.00189353
0.00180869
0.00174152
0.00168555
0.00163605
0.00158991
0.0015453
0.00150141
0.00145809
0.00141562
0.00137453
0.00133539
0.00129877
0.00126517
0.00123498
0.00120849
0.00118594
0.00116745
0.00115316
0.00114325
0.0011384
0.00113692
0.00113965
0.0011478
0.00116091
0.00117927
0.00120324
0.00123331
0.00127013
0.0013145
0.0013675
0.00143049
0.00150527
0.00159415
0.00170015
0.00182721
0.00198043
0.00216641
0.00239362
0.0026727
0.00301669
0.00344088
0.00396195
0.00459603
0.00535508
0.00624146
0.00724082
0.00831476
0.00939585
0.0103909
0.0112409
0.0118311
0.0122694
0.0128833
0.014226
0.0171386
0.023162
0.0316066
0.0352053
0.0310763
0.0159803
0.0104031
0.0172631
0.00896193
0.00792159
0.00787349
0.00791122
0.00779363
0.00743582
0.00683175
0.00606022
0.00522337
0.00442121
0.00372484
0.00316467
0.00273634
0.00241736
0.002182
0.00200828
0.00187916
0.00178161
0.00170555
0.00164331
0.00158929
0.00153969
0.00149222
0.00144576
0.00139999
0.00135513
0.00131163
0.00127005
0.00123094
0.00119477
0.00116191
0.00113261
0.00110705
0.00108537
0.00106761
0.00105383
0.00104408
0.00103913
0.0010375
0.00103944
0.00104645
0.00105805
0.00107446
0.001096
0.00112312
0.00115636
0.00119645
0.0012443
0.00130113
0.00136847
0.00144837
0.00154348
0.00165726
0.00179432
0.00196068
0.00216422
0.00241518
0.0027266
0.00311459
0.00359809
0.00419771
0.00493281
0.00581635
0.00684724
0.00800076
0.00921941
0.0104084
0.0114628
0.0122322
0.0127102
0.0131049
0.0140012
0.0159757
0.0207157
0.0293759
0.0357116
0.0355916
0.0200567
0.0122833
0.0176647
0.0092598
0.00808597
0.00795508
0.00791593
0.00772603
0.00726483
0.00657653
0.0057477
0.00488973
0.00410017
0.00343825
0.00292028
0.00253205
0.00224685
0.00203824
0.00188489
0.0017706
0.00168309
0.0016131
0.00155384
0.00150059
0.0014504
0.0014017
0.00135391
0.00130708
0.00126159
0.00121796
0.00117672
0.00113832
0.00110311
0.00107132
0.0010431
0.00101856
0.000997716
0.000980593
0.000967191
0.000957539
0.000952304
0.000950419
0.000951501
0.000957342
0.000967457
0.000982025
0.00100134
0.00102579
0.00105586
0.0010922
0.00113562
0.00118716
0.00124819
0.00132046
0.00140629
0.00150874
0.00163186
0.00178107
0.00196354
0.00218882
0.00246942
0.00282146
0.00326495
0.00382345
0.00452213
0.00538349
0.00641977
0.00762208
0.00894759
0.0103086
0.0115715
0.0126061
0.0132282
0.0135561
0.0140028
0.0154267
0.0188695
0.0263885
0.0358333
0.0385649
0.0251871
0.0143365
0.0179058
0.00949775
0.00819202
0.00797587
0.00788147
0.00760379
0.00706665
0.00631463
0.00544811
0.00458412
0.00381545
0.00318954
0.00271086
0.00235794
0.0021015
0.00191512
0.00177824
0.00167546
0.00159536
0.0015295
0.00147197
0.0014189
0.00136809
0.00131853
0.00127004
0.00122287
0.00117748
0.00113438
0.001094
0.00105667
0.00102262
0.000991992
0.00096485
0.000941213
0.000921073
0.000904416
0.000891224
0.000881501
0.000875797
0.000873558
0.000873752
0.000878378
0.000887037
0.000899859
0.000917109
0.000939138
0.000966397
0.000999452
0.00103903
0.00108604
0.00114168
0.00120749
0.00128549
0.00137834
0.00148962
0.00162411
0.00178826
0.00199077
0.00224333
0.00256145
0.00296525
0.00347983
0.0041344
0.0049593
0.00597934
0.00720266
0.00860565
0.0101164
0.0116029
0.0129129
0.013758
0.014164
0.0144395
0.0152515
0.0176607
0.0238159
0.0347275
0.0402371
0.0310499
0.0166239
0.0179541
0.00967566
0.00824953
0.007956
0.00779726
0.00744884
0.00685134
0.00605399
0.00516613
0.00430738
0.00356447
0.00297407
0.00253108
0.00220888
0.00197681
0.00180882
0.00168516
0.0015913
0.00151662
0.00145357
0.00139705
0.00134397
0.00129273
0.00124277
0.00119414
0.00114721
0.00110245
0.00106026
0.00102099
0.000984865
0.000952008
0.000922476
0.000896272
0.000873376
0.000853755
0.000837381
0.000824238
0.000814325
0.000807963
0.000805124
0.000804651
0.000807983
0.000815222
0.000826392
0.000841729
0.000861559
0.000886293
0.000916447
0.000952669
0.00099578
0.00104683
0.00110716
0.00117854
0.00126331
0.00136459
0.00148658
0.00163502
0.00181774
0.00204543
0.00233265
0.0026989
0.00316961
0.00377636
0.00455522
0.00554166
0.00676018
0.00820814
0.00983553
0.0115262
0.0130939
0.014262
0.0147952
0.0150083
0.0153732
0.0170699
0.0219568
0.0324012
0.0409476
0.037028
0.0189793
0.0178917
0.00980149
0.00825714
0.00789789
0.00767079
0.00726904
0.00662689
0.00580034
0.00490443
0.00405893
0.00334419
0.00278751
0.0023764
0.00208072
0.0018692
0.00171636
0.0016033
0.00151632
0.00144564
0.00138452
0.00132866
0.00127559
0.00122422
0.00117427
0.00112596
0.00107968
0.00103584
0.000994765
0.000956694
0.000921753
0.000889993
0.000861411
0.000835973
0.000813634
0.000794353
0.000778099
0.000764864
0.000754659
0.000747534
0.000743972
0.000742937
0.000744999
0.00075087
0.000760488
0.000774056
0.000791877
0.000814333
0.000841902
0.000875173
0.000914887
0.000961978
0.00101764
0.00108343
0.00116138
0.00125424
0.00136569
0.00150079
0.00166651
0.00187254
0.00213226
0.0024641
0.00289297
0.0034513
0.00417893
0.00511974
0.00631297
0.00777709
0.00948643
0.0113444
0.0131624
0.0147182
0.0154825
0.0157449
0.0158769
0.0168506
0.0204037
0.0298752
0.0411412
0.0422279
0.021113
0.0177253
0.00989054
0.0082382
0.00779763
0.00751642
0.00707227
0.00639953
0.0055576
0.00466416
0.00383739
0.00315146
0.00262602
0.00224303
0.0019701
0.00177583
0.00163545
0.00153088
0.00144923
0.00138153
0.00132181
0.00126645
0.00121354
0.00116232
0.00111273
0.00106506
0.00101967
0.000976899
0.000936989
0.000900079
0.000866224
0.000835417
0.000807618
0.000782772
0.000760826
0.000741735
0.000725475
0.000712037
0.000701436
0.0006937
0.000689309
0.000687708
0.000688595
0.000693172
0.000701341
0.000713277
0.000729259
0.000749648
0.000774891
0.000805534
0.000842256
0.000885904
0.000937549
0.000998568
0.00107076
0.00115652
0.00125909
0.00138292
0.00153419
0.00172155
0.0019572
0.00225822
0.00264837
0.00315985
0.00383439
0.0047219
0.00587405
0.00732959
0.00909011
0.0110895
0.013166
0.0150549
0.0161658
0.0165123
0.016536
0.0168748
0.0194563
0.0272936
0.0409957
0.0460387
0.0227993
0.01746
0.00994929
0.00818955
0.00767215
0.00734183
0.00686517
0.00617408
0.00532827
0.00444543
0.00364092
0.0029833
0.00248623
0.00212781
0.00187427
0.00169445
0.0015643
0.00146653
0.00138904
0.00132362
0.001265
0.00121012
0.00115752
0.00110669
0.00105771
0.00101087
0.000966489
0.000924826
0.000886038
0.000850193
0.000817289
0.000787282
0.00076011
0.000735711
0.000714029
0.000695027
0.000678685
0.000665002
0.000653998
0.00064571
0.000640488
0.000638293
0.000638189
0.000641552
0.000648382
0.000658816
0.000673113
0.000691615
0.000714744
0.000743017
0.000777067
0.000817676
0.000865818
0.00092273
0.000990013
0.00106978
0.00116487
0.0012792
0.00141824
0.00158967
0.00180449
0.00207833
0.00243347
0.00290101
0.0035231
0.00435342
0.00545335
0.0068796
0.00865977
0.0107569
0.0130326
0.0152339
0.0168059
0.0173766
0.0174019
0.0173973
0.019016
0.025391
0.0395274
0.0482218
0.0237561
0.0170959
0.00997837
0.00811288
0.00752705
0.00715356
0.00665319
0.0059541
0.00511379
0.0042477
0.00346749
0.00283693
0.00236529
0.00202812
0.00179104
0.00162328
0.00150152
0.00140922
0.00133502
0.00127139
0.00121368
0.00115933
0.00110717
0.00105692
0.0010087
0.000962786
0.000919441
0.000878849
0.000841096
0.000806194
0.000774102
0.000744757
0.000718085
0.000694023
0.000672523
0.000653553
0.000637103
0.00062318
0.000611813
0.000603052
0.000597024
0.000594079
0.000593363
0.000595586
0.000601192
0.000610255
0.000623009
0.000639781
0.000660973
0.000687081
0.000718709
0.000756591
0.000801631
0.000854959
0.000918015
0.000992678
0.00108146
0.0011878
0.00131651
0.00147443
0.00167137
0.00192155
0.00224552
0.0026728
0.00324478
0.00401694
0.00505772
0.00643939
0.00821559
0.0103826
0.0128306
0.0153058
0.0173624
0.0182345
0.0183117
0.0180574
0.0188787
0.0240021
0.0376574
0.0491871
0.0241577
0.0166615
0.00997963
0.00801976
0.00736864
0.00695726
0.00644069
0.00574216
0.0049148
0.00406997
0.00331506
0.00270987
0.00226076
0.00194184
0.00171862
0.00156089
0.001446
0.00135811
0.00128654
0.00122437
0.00116748
0.0011137
0.00106211
0.00101255
0.000965164
0.000920201
0.000877861
0.000838262
0.000801438
0.000767357
0.000735958
0.000707162
0.000680897
0.000657104
0.000635741
0.000616786
0.000600237
0.000586106
0.000574423
0.000565233
0.000558597
0.000554932
0.000553699
0.000554935
0.000559444
0.000567265
0.000578612
0.000593793
0.000613199
0.000637311
0.000666712
0.000702107
0.000744352
0.000794501
0.000853871
0.000924152
0.00100758
0.00110719
0.00122722
0.00137371
0.00155543
0.00178516
0.00208174
0.00247274
0.00299801
0.00371318
0.0046911
0.00601645
0.00776662
0.00997303
0.0125653
0.0153138
0.0178177
0.019116
0.0193514
0.0189118
0.0190179
0.022872
0.0357069
0.0494292
0.0242649
0.0161729
0.00997263
0.00791717
0.00720262
0.0067577
0.00623113
0.00553998
0.00473137
0.00391101
0.00318165
0.00259996
0.00217058
0.00186718
0.00165557
0.00150611
0.00139683
0.00131252
0.00124309
0.00118215
0.00112603
0.00107286
0.00102191
0.000973099
0.000926574
0.000882539
0.000841142
0.000802446
0.000766444
0.000733079
0.000702274
0.000673946
0.000648029
0.000624468
0.000603233
0.000584308
0.000567696
0.000553413
0.000541486
0.000531956
0.000524871
0.000520573
0.000518886
0.000519306
0.000522851
0.000529562
0.000539631
0.000553353
0.000571107
0.000593363
0.000620694
0.000653787
0.000693473
0.000740753
0.000796856
0.000863327
0.000942175
0.00103609
0.00114883
0.00128572
0.00145453
0.00166675
0.00193948
0.00229824
0.00278076
0.00344161
0.00435579
0.00561723
0.00732414
0.00954224
0.0122438
0.0152376
0.0181232
0.0199452
0.0204418
0.019888
0.0195737
0.0221638
0.0336874
0.0490557
0.0242443
0.0156371
0.00995544
0.00781001
0.00703384
0.00655885
0.00602715
0.0053487
0.00456317
0.00376946
0.00306543
0.00250528
0.00209305
0.0018027
0.00160068
0.001458
0.00135329
0.00127189
0.00120421
0.00114434
0.00108895
0.00103642
0.000986157
0.000938114
0.000892434
0.000849279
0.000808748
0.000770866
0.000735593
0.000702857
0.000672573
0.000644662
0.000619061
0.000595727
0.000574634
0.000555774
0.000539155
0.000524792
0.000512712
0.000502949
0.000495547
0.000490728
0.000488607
0.000488429
0.000491135
0.000496864
0.000505784
0.000518173
0.000534399
0.000554925
0.000580317
0.000611258
0.000648566
0.000693214
0.000746374
0.000809488
0.000884384
0.000973476
0.00108008
0.00120891
0.00136685
0.00156417
0.00181632
0.0021467
0.00259066
0.00320076
0.00405229
0.00524538
0.00689554
0.00910096
0.0118787
0.0150811
0.0183343
0.0207138
0.0215146
0.0210521
0.0202737
0.0218279
0.0318133
0.04792
0.0239471
0.0150886
0.00993409
0.00770293
0.0068664
0.00636392
0.00583075
0.00516893
0.00440962
0.00364398
0.00296472
0.0024242
0.00202672
0.00174721
0.001553
0.0014158
0.00131477
0.00123572
0.0011695
0.00111057
0.00105588
0.00100401
0.000954444
0.000907164
0.000862293
0.000819957
0.000780218
0.000743067
0.000708447
0.000676275
0.000646465
0.000618942
0.00059365
0.000570554
0.000549635
0.00053089
0.000514329
0.000499966
0.000487824
0.000477934
0.000470332
0.000465106
0.000462553
0.000461997
0.000463997
0.000468872
0.000476771
0.000487951
0.00050277
0.000521683
0.000545256
0.000574172
0.000609248
0.00065145
0.00070192
0.00076203
0.000833478
0.000918449
0.0010199
0.00114199
0.00129084
0.00147556
0.00171007
0.0020157
0.00242526
0.00298873
0.00378021
0.00490327
0.00648713
0.00865962
0.0114834
0.0148585
0.0184328
0.021419
0.0226119
0.0223295
0.0211565
0.0217245
0.030115
0.0464664
0.0234815
0.0144918
0.00990984
0.00759942
0.00670374
0.00617556
0.00564344
0.00500097
0.00427004
0.00353316
0.00287797
0.00235532
0.00197041
0.00169972
0.00151174
0.00137887
0.00128075
0.00120359
0.00113859
0.0010805
0.00102649
0.000975273
0.000926402
0.00087986
0.000835752
0.000794174
0.000755156
0.000718669
0.000684642
0.000652989
0.000623624
0.000596479
0.000571505
0.000548672
0.000527967
0.000509391
0.000492953
0.000478666
0.000466548
0.000456617
0.000448901
0.000443432
0.000440521
0.000439676
0.00044111
0.00044526
0.000452261
0.000462356
0.000475888
0.000493307
0.000515175
0.000542183
0.000575155
0.000615063
0.000663044
0.000720432
0.000788836
0.000870266
0.000967377
0.00108387
0.00122513
0.00139929
0.00161879
0.00190301
0.00228218
0.00280334
0.00353826
0.00459168
0.00610292
0.00822615
0.01107
0.0145897
0.0184621
0.022024
0.0237116
0.0237157
0.022167
0.0219163
0.0286674
0.0447443
0.0229175
0.013971
0.00989714
0.00750397
0.00654875
0.00599582
0.0054663
0.00484487
0.00414356
0.00343575
0.00280384
0.00229744
0.00192313
0.00165945
0.00147625
0.00134669
0.00125081
0.00117515
0.00111116
0.00105382
0.00100046
0.000949887
0.000901692
0.000855855
0.000812463
0.000771584
0.000733228
0.000697351
0.000663874
0.00063271
0.000603778
0.000577014
0.000552374
0.000529835
0.000509387
0.000491033
0.000474779
0.000460636
0.000448614
0.000438722
0.000430973
0.000425384
0.000422205
0.000421131
0.000422125
0.000425671
0.000431894
0.000441025
0.000453393
0.000469437
0.000489719
0.000514935
0.000545924
0.000583674
0.000629333
0.000684229
0.000749917
0.000828283
0.000921741
0.00103359
0.0011686
0.00133396
0.00154081
0.00180664
0.00215918
0.00264232
0.00332476
0.00431044
0.00574529
0.00780575
0.0106452
0.0142814
0.0184476
0.0224844
0.0248192
0.0251468
0.0233546
0.0224366
0.0275008
0.0429248
0.0222816
0.0135294
0.00989833
0.00741946
0.0064039
0.00582638
0.00530011
0.00470049
0.00402934
0.00335059
0.00274114
0.00224953
0.00188406
0.00162575
0.00144602
0.00131882
0.00122459
0.00115006
0.0010869
0.00103024
0.000977505
0.000927555
0.000880013
0.000834846
0.000792124
0.000751894
0.000714152
0.000678844
0.000645887
0.000615197
0.000586694
0.00056032
0.000536036
0.000513822
0.000493671
0.000475585
0.000459567
0.000445624
0.000433757
0.000423969
0.000416259
0.000410633
0.000407272
0.000406018
0.000406679
0.000409728
0.000415287
0.000423572
0.000434896
0.000449689
0.000468509
0.000492056
0.000521183
0.000556905
0.000600394
0.000652994
0.00071624
0.000791939
0.000882321
0.000990348
0.00112024
0.00127837
0.00147464
0.00172482
0.0020542
0.00250348
0.00313778
0.00405875
0.00541582
0.00740322
0.0102156
0.013935
0.0183603
0.02286
0.0258602
0.026552
0.0247835
0.0231347
0.0266121
0.0411025
0.0216483
0.0131076
0.00990533
0.00734903
0.00627158
0.00566873
0.00514547
0.00456762
0.00392655
0.00327661
0.00268887
0.00221074
0.00185257
0.00159813
0.00142066
0.00129495
0.00120178
0.00112807
0.00106557
0.0010095
0.000957355
0.000908012
0.000861098
0.000816569
0.000774477
0.000734855
0.000697689
0.00066292
0.000630464
0.000600238
0.000572167
0.000546196
0.00052229
0.00050043
0.000480609
0.000462827
0.000447085
0.000433384
0.000421719
0.000412082
0.000404464
0.00039886
0.000395385
0.000393992
0.000394404
0.000397049
0.000402046
0.000409595
0.000419996
0.000433663
0.000451149
0.000473157
0.000500554
0.000534381
0.000575846
0.000626325
0.000687367
0.000760736
0.000848532
0.000953443
0.00107922
0.00123148
0.00141902
0.00165599
0.00196537
0.00238472
0.0029753
0.00383531
0.00511504
0.00702216
0.00978868
0.013562
0.0182151
0.0231569
0.0268702
0.0280074
0.0263308
0.0240373
0.0260774
0.039352
0.0210509
0.0126848
0.00992009
0.00729432
0.00615336
0.00552397
0.0050028
0.00444599
0.00383443
0.00321285
0.00264607
0.00218028
0.00182806
0.00157617
0.00139984
0.0012748
0.00118215
0.00110893
0.00104693
0.000991375
0.000939783
0.000891025
0.000844716
0.000800796
0.000759301
0.000720256
0.000683637
0.000649385
0.000617417
0.000587652
0.000560018
0.000534463
0.000510953
0.000489469
0.000470003
0.000452552
0.000437114
0.000423683
0.000412247
0.000402793
0.000395301
0.000389756
0.00038622
0.000384714
0.00038494
0.000387259
0.000391782
0.000398697
0.000408288
0.000420955
0.00043724
0.000457846
0.000483652
0.000515725
0.000555315
0.000603844
0.000662894
0.000734229
0.000819862
0.000922269
0.00104479
0.00119238
0.00137283
0.00159878
0.00189104
0.00228413
0.00283529
0.00363852
0.00484272
0.00666484
0.00936945
0.0131682
0.0180157
0.0233745
0.0278178
0.029471
0.0280365
0.0250815
0.0258397
0.0377292
0.0205475
0.0122561
0.00993536
0.00725542
0.00605048
0.0053929
0.00487235
0.00433533
0.00375231
0.00315847
0.00261201
0.0021577
0.00181036
0.00155974
0.0013834
0.00125819
0.00116553
0.00109247
0.00103079
0.000975667
0.000924587
0.000876391
0.000830665
0.00078733
0.000746407
0.000707912
0.00067182
0.00063807
0.000606583
0.000577278
0.000550087
0.000524958
0.000501857
0.000480765
0.00046167
0.000444567
0.000429447
0.0004163
0.000405108
0.000395849
0.0003885
0.000383035
0.000379473
0.000377869
0.000377952
0.000380002
0.000384126
0.000390499
0.000399386
0.000411172
0.00042639
0.000445737
0.0004701
0.000500571
0.000538442
0.000585188
0.00064245
0.000712015
0.000795858
0.000896294
0.00101633
0.00116032
0.00133512
0.00155199
0.00182973
0.00219992
0.0027158
0.00346661
0.00459811
0.00633269
0.00896247
0.0127613
0.0177712
0.023522
0.0286989
0.0309445
0.029891
0.0262513
0.0257861
0.0362494
0.0201298
0.011824
0.00994487
0.00723094
0.00596363
0.00527615
0.00475429
0.00423535
0.00367961
0.00311266
0.00258587
0.00214214
0.00179848
0.00154826
0.00137118
0.00124502
0.00115179
0.00107855
0.00101699
0.000962208
0.000911593
0.000863931
0.00081877
0.000776001
0.000735631
0.000697669
0.000662088
0.00062883
0.000597817
0.000568973
0.000542228
0.000517533
0.00049485
0.000474159
0.000455444
0.000438694
0.000423897
0.000411035
0.000400086
0.000391022
0.000383814
0.000378433
0.000374868
0.00037317
0.000373134
0.000374956
0.000378741
0.000384652
0.00039293
0.000403949
0.000418232
0.000436464
0.000459536
0.000488566
0.000524883
0.000570021
0.000625691
0.000693733
0.00077612
0.000875058
0.000993272
0.0011346
0.00130505
0.0015146
0.00178015
0.00213051
0.00261499
0.00331776
0.00438005
0.00602627
0.00857068
0.0123461
0.0174873
0.0235988
0.0294931
0.032415
0.0318456
0.0276254
0.0260534
0.0349532
0.0198211
0.0113929
0.00994401
0.00722216
0.0058934
0.00517421
0.00464876
0.00414586
0.00361584
0.00307477
0.00256713
0.00213389
0.0017942
0.00154263
0.00136297
0.00123521
0.00114086
0.00106707
0.00100542
0.000950861
0.000900652
0.000853495
0.000808879
0.000766661
0.00072683
0.000689387
0.000654308
0.000621534
0.000590992
0.000562607
0.000536313
0.000512055
0.000489797
0.00046951
0.000451176
0.000434779
0.0004203
0.000407716
0.000396996
0.00038811
0.000381028
0.000375718
0.000372157
0.000370364
0.00037024
0.00037187
0.000375359
0.000380853
0.000388599
0.000398953
0.00041243
0.000429692
0.000451626
0.000479383
0.00051432
0.000558032
0.00061231
0.000679065
0.000760299
0.000858159
0.00097515
0.00111465
0.00128189
0.0014857
0.00174116
0.0020745
0.00253117
0.00319019
0.0041872
0.00574565
0.00819665
0.0119277
0.017172
0.0236295
0.0301821
0.0338882
0.0338098
0.0292632
0.0265318
0.0338348
0.0196564
0.0109642
0.00993115
0.00723078
0.00584078
0.00508764
0.00455594
0.00406668
0.00356056
0.00304425
0.0025554
0.00213404
0.00179582
0.0015432
0.00136032
0.00122888
0.00113274
0.00105801
0.000996012
0.000941523
0.000891644
0.000844955
0.000800864
0.000759183
0.00071988
0.000682948
0.000648361
0.000616066
0.000585994
0.00055807
0.00053223
0.000508418
0.000486592
0.000466714
0.000448757
0.000432701
0.000418524
0.000406208
0.000395687
0.000386947
0.000379957
0.000374689
0.000371119
0.000369239
0.000369044
0.000370521
0.000373785
0.000378951
0.000386244
0.000396006
0.000408742
0.000425123
0.00044607
0.000472732
0.000506468
0.000548942
0.000602037
0.000667741
0.000748103
0.000845255
0.000961553
0.00109997
0.00126503
0.00146447
0.00171172
0.00203062
0.00246283
0.00308216
0.00401803
0.0054904
0.00784191
0.011509
0.016826
0.0236195
0.0307802
0.0353933
0.0358191
0.0311124
0.0272343
0.0328953
0.019595
0.0105413
0.0098964
0.00725624
0.00580565
0.00501677
0.00447603
0.00399772
0.00351343
0.0030208
0.00255102
0.00213758
0.0018014
0.00154688
0.00136153
0.00122717
0.00112759
0.00105135
0.000988717
0.000934124
0.000884476
0.000838202
0.00079461
0.000753454
0.00071467
0.000678242
0.000644144
0.000612329
0.000582734
0.000555284
0.000529913
0.000506566
0.000485221
0.000465753
0.000448154
0.000432402
0.000418465
0.000406298
0.000395898
0.000387253
0.000380331
0.000375096
0.00037152
0.000369584
0.000369286
0.000370547
0.000373559
0.000378455
0.000385429
0.000394802
0.000406991
0.000422668
0.000442757
0.000468402
0.000501076
0.000542507
0.000594648
0.000659541
0.000739297
0.000836066
0.000952142
0.00109021
0.00125415
0.00145037
0.00169091
0.00199771
0.00240859
0.00299211
0.003871
0.0052598
0.00750764
0.0110927
0.0164473
0.0235264
0.0312996
0.0368706
0.0379093
0.0331506
0.0281434
0.0321403
0.0196138
0.010128
0.00983078
0.00730224
0.00579066
0.00496208
0.00440913
0.00393892
0.00347425
0.00300408
0.00255231
0.00214676
0.00181318
0.00155561
0.00136593
0.00122845
0.00112642
0.00104729
0.000983512
0.000928625
0.000879097
0.000833169
0.000790036
0.00074938
0.000711102
0.000675176
0.000641579
0.000610278
0.000581269
0.00055435
0.00052946
0.000506527
0.00048542
0.000466174
0.00044879
0.00043324
0.000419492
0.000407523
0.0003973
0.000388798
0.000381976
0.000376793
0.000373222
0.000371246
0.00037086
0.000371927
0.000374677
0.000379278
0.000385882
0.000394816
0.000406575
0.0004218
0.000441362
0.000466289
0.000498154
0.000538753
0.000590145
0.00065446
0.000733942
0.000830737
0.000947093
0.00108539
0.00124898
0.00144347
0.001679
0.00197482
0.00236707
0.00291845
0.00374457
0.00505294
0.00719477
0.0106832
0.0160462
0.023381
0.0317477
0.0383146
0.0400577
0.0353913
0.0292702
0.0315726
0.0198346
0.00972737
0.00973568
0.00736247
0.00579529
0.00492501
0.00435599
0.00389044
0.00344275
0.00299306
0.00255747
0.00216271
0.00183121
0.00157066
0.00137549
0.00123273
0.0011277
0.00104688
0.000981034
0.000925083
0.000875397
0.000829717
0.000787007
0.000746859
0.000709163
0.000673899
0.000640897
0.000610118
0.000581423
0.000554757
0.000530118
0.000507441
0.000486667
0.000467761
0.000450718
0.000435478
0.000422002
0.00041026
0.000400209
0.000391808
0.000385025
0.000379834
0.000376211
0.000374147
0.000373654
0.000374548
0.000377048
0.000381392
0.000387691
0.000396261
0.000407567
0.000422258
0.000441234
0.000465688
0.000497086
0.000537227
0.000588152
0.000652146
0.000731575
0.000828571
0.000945224
0.00108385
0.00124752
0.00144131
0.00167431
0.00196198
0.00233722
0.00285977
0.0036372
0.00486861
0.00690347
0.0102822
0.0156237
0.0231763
0.0321182
0.0397146
0.0422582
0.0378429
0.0306066
0.0312156
0.0201754
0.00933247
0.00962401
0.00741779
0.0058115
0.00490242
0.00431601
0.0038522
0.00341902
0.00298917
0.00256878
0.00218409
0.00185502
0.0015914
0.00139064
0.00124183
0.00113174
0.00104826
0.000981258
0.000924338
0.00087407
0.000828358
0.000785977
0.000746332
0.000709153
0.000674149
0.000641402
0.000610886
0.000582525
0.000556245
0.000532023
0.000509772
0.000489433
0.000470929
0.000454191
0.000439202
0.000425928
0.000414335
0.000404385
0.000396039
0.000389268
0.000384043
0.000380348
0.000378182
0.000377574
0.000378313
0.000380576
0.00038469
0.000390729
0.000399007
0.00040998
0.000424292
0.000442829
0.000466769
0.000497619
0.000537234
0.000587815
0.000651664
0.000731173
0.00082864
0.00094627
0.00108607
0.00125058
0.00144399
0.00167427
0.00195708
0.00231834
0.00281475
0.00354729
0.00470562
0.00663371
0.00989187
0.0151833
0.0229159
0.0324126
0.0410574
0.0444938
0.0405232
0.0321533
0.031055
0.0206864
0.00893978
0.0094848
0.00746739
0.0058454
0.00490198
0.00429087
0.00382484
0.00340307
0.00299081
0.00258613
0.00221104
0.00188464
0.00161804
0.00141133
0.00125607
0.00114023
0.00105228
0.000983038
0.000925151
0.000874501
0.00082869
0.000786382
0.000746908
0.000709956
0.000675332
0.000642989
0.000612932
0.000585067
0.000559292
0.000535494
0.000513616
0.000493607
0.000475399
0.000458932
0.000444169
0.000431072
0.000419606
0.000409734
0.00040142
0.000394636
0.000389357
0.000385571
0.000383289
0.000382558
0.000383158
0.000385196
0.0003891
0.000394918
0.000402963
0.000413691
0.000427744
0.000446009
0.000469671
0.000500259
0.00053967
0.000590134
0.000654104
0.000734096
0.000832491
0.000951398
0.00109272
0.00125864
0.0014526
0.00168135
0.00195828
0.00230977
0.00278206
0.00347348
0.0045626
0.00638513
0.00951411
0.0147287
0.0226008
0.0326295
0.0423264
0.0467466
0.0433522
0.0339669
0.0310246
0.0213845
0.00854642
0.00930936
0.00750849
0.00589187
0.00491128
0.00428064
0.00380782
0.00339517
0.00299675
0.00260821
0.00224325
0.00192007
0.0016508
0.00143796
0.00127562
0.00115345
0.00106052
0.000987531
0.00092776
0.000876262
0.000830155
0.000787877
0.000748623
0.000712053
0.000677946
0.00064614
0.000616525
0.000589063
0.000563668
0.000540242
0.000518715
0.000499021
0.000481093
0.000464872
0.000450311
0.000437371
0.000426011
0.000416197
0.000407895
0.000401079
0.000395728
0.000391837
0.000389426
0.000388565
0.000389043
0.000390874
0.000394579
0.000400212
0.000408082
0.000418643
0.000432545
0.000450679
0.000474241
0.000504783
0.000544236
0.000594887
0.000659271
0.000739997
0.00083952
0.000959967
0.00110315
0.00127092
0.00146613
0.00169439
0.00196729
0.00230813
0.00276096
0.00341454
0.00443819
0.006157
0.00915004
0.014263
0.022234
0.0327543
0.0434999
0.049014
0.0462992
0.0360888
0.0313264
0.0222856
0.00815057
0.00909032
0.0075347
0.00594762
0.00493564
0.00428458
0.00380548
0.00339678
0.00300958
0.00263523
0.00228056
0.00196127
0.00168985
0.00147093
0.00130106
0.00117177
0.00107308
0.00099597
0.000933345
0.000880261
0.000833487
0.00079111
0.000752078
0.000715808
0.000682043
0.000650613
0.000621397
0.000594316
0.000569285
0.000546211
0.000525012
0.000505614
0.000487948
0.000471953
0.000457575
0.000444772
0.000433501
0.000423729
0.000415424
0.000408562
0.000403127
0.00039912
0.000396572
0.000395577
0.000395951
0.000397603
0.00040111
0.000406602
0.000414352
0.000424826
0.000438681
0.00045682
0.000480452
0.000511151
0.00055088
0.000601975
0.000667039
0.000748756
0.000849656
0.000971895
0.00111721
0.00128722
0.00148421
0.00171281
0.00198294
0.00231525
0.00275129
0.0033691
0.00433096
0.00594852
0.00880028
0.0137884
0.0218187
0.0328027
0.0445708
0.0512901
0.0493442
0.0385174
0.0318396
0.0233986
0.00775256
0.00882137
0.00753317
0.00600769
0.00497715
0.00429897
0.0038107
0.00340393
0.00302867
0.00266722
0.00232284
0.00200815
0.00173534
0.00151064
0.00133298
0.00119587
0.00109055
0.00100842
0.000942372
0.000887161
0.000839221
0.000796323
0.000757173
0.000721034
0.000687521
0.000656406
0.000627535
0.000600803
0.00057611
0.00055336
0.000532465
0.000513343
0.00049592
0.000480131
0.000465919
0.000453235
0.00044204
0.000432298
0.000423979
0.000417062
0.000411537
0.00040741
0.000404723
0.000403596
0.000403881
0.000405382
0.000408716
0.000414107
0.000421797
0.000432266
0.000446182
0.000464464
0.00048834
0.000519403
0.000559647
0.000611446
0.000677455
0.000760424
0.00086294
0.000987192
0.00113488
0.00130739
0.00150657
0.00173615
0.00200451
0.00232974
0.00274905
0.00333535
0.00423954
0.00575878
0.00846522
0.0133059
0.0213511
0.0327869
0.0455436
0.0535808
0.0525501
0.0411999
0.0326448
0.0247576
0.00735242
0.00850173
0.00751466
0.0060721
0.00503186
0.00432941
0.0038256
0.00341966
0.00305356
0.00270402
0.0023699
0.00206059
0.00178733
0.00155745
0.00137198
0.00122652
0.00111372
0.00102563
0.000955262
0.000897174
0.00084749
0.000803653
0.000764088
0.000727866
0.000694462
0.000663562
0.000634964
0.000608527
0.000584132
0.000561673
0.000541052
0.000522181
0.000504979
0.000489377
0.000475314
0.000462738
0.000451607
0.000441886
0.000433547
0.000426574
0.000420958
0.000416714
0.000413892
0.00041264
0.000412856
0.000414237
0.000417435
0.000422775
0.000430473
0.000441025
0.000455118
0.000473691
0.00049799
0.000529632
0.000570636
0.000623404
0.000690629
0.000775101
0.000879454
0.0010059
0.00115611
0.00133133
0.00153299
0.00176405
0.0020315
0.00235102
0.00275574
0.00331325
0.004163
0.00558678
0.00814523
0.0128176
0.0208261
0.0326277
0.0463777
0.0558764
0.0558917
0.0441459
0.0337116
0.026367
0.0069493
0.00813125
0.00746512
0.00613009
0.00509629
0.00437447
0.0038554
0.00344549
0.00308494
0.00274571
0.0024216
0.0021184
0.0018458
0.00161162
0.00141865
0.00126452
0.00114348
0.00104849
0.000972834
0.000910994
0.000858841
0.000813508
0.000773125
0.00073653
0.000703028
0.000672196
0.000643762
0.00061754
0.000593383
0.000571166
0.00055078
0.000532128
0.000515122
0.000499686
0.000485755
0.000473273
0.000462198
0.000452494
0.000444135
0.000437107
0.000431408
0.000427055
0.000424111
0.000422752
0.000422921
0.000424221
0.000427333
0.000432683
0.000440468
0.000451204
0.000465602
0.000484622
0.000509536
0.000541982
0.000583998
0.000638004
0.00070671
0.000792927
0.00089931
0.00102809
0.00118092
0.00135893
0.00156325
0.00179615
0.00206337
0.00237839
0.00277075
0.00330263
0.00410006
0.00543142
0.00784044
0.0123264
0.020253
0.0323655
0.0470532
0.0581975
0.0593408
0.0473554
0.0350839
0.0282601
0.00654764
0.00771001
0.00735602
0.0061971
0.00517061
0.00443222
0.00389714
0.00348072
0.0031231
0.00279242
0.00247784
0.00218136
0.00191064
0.00167331
0.00147348
0.00131067
0.00118083
0.00107803
0.000996074
0.000929515
0.000874037
0.000826502
0.000784753
0.00074738
0.000713485
0.000682506
0.000654079
0.000627954
0.000603944
0.000581901
0.000561697
0.000543221
0.000526377
0.000511082
0.000497263
0.000484864
0.000473837
0.000464147
0.000455771
0.000448696
0.000442925
0.000438482
0.000435438
0.000434001
0.000434149
0.000435414
0.000438507
0.000443943
0.000451908
0.000462944
0.00047779
0.000497431
0.000523166
0.00055665
0.000599935
0.000655446
0.000725889
0.000814069
0.000922641
0.00105384
0.00120931
0.0013901
0.00159712
0.00183208
0.00209957
0.002411
0.0027923
0.00329955
0.00404888
0.00529159
0.0075509
0.0118339
0.0196301
0.0319853
0.0475891
0.060433
0.0629198
0.0508303
0.0367834
0.0304483
0.00615438
0.00724559
0.00718165
0.00626146
0.00525484
0.00450257
0.00395087
0.00352562
0.00316835
0.0028443
0.00253852
0.00224923
0.00198161
0.00174253
0.00153685
0.00136572
0.00122678
0.00111541
0.00102617
0.000953838
0.000894064
0.000843484
0.000799676
0.000760976
0.000726273
0.000694837
0.000666184
0.000639982
0.000615989
0.000594018
0.000573917
0.000555557
0.000538828
0.000523637
0.000509906
0.000497571
0.000486583
0.000476906
0.000468516
0.000461406
0.000455582
0.000451074
0.00044796
0.000446491
0.00044665
0.000447937
0.000451096
0.000456709
0.000464967
0.000476439
0.000491894
0.000512348
0.000539121
0.000573887
0.000618702
0.000675977
0.000748392
0.000838721
0.000949592
0.00108323
0.00124127
0.00142475
0.0016344
0.00187148
0.0021396
0.00244824
0.00281984
0.00330418
0.00400885
0.00516652
0.00727667
0.0113421
0.0189598
0.0314823
0.0479286
0.0625773
0.0665894
0.0546147
0.0388039
0.0329586
0.00577827
0.00674557
0.00698127
0.0062785
0.00533728
0.0045829
0.00401622
0.00358042
0.00322101
0.00290157
0.00260362
0.00232176
0.0020584
0.00181913
0.00160897
0.0014303
0.00128235
0.0011619
0.00106446
0.000985307
0.000920167
0.000865565
0.00081886
0.000778139
0.000742071
0.000709744
0.000680531
0.000653995
0.000629822
0.000607771
0.000587655
0.000569319
0.000552635
0.000537495
0.000523813
0.000511517
0.000500553
0.000490884
0.000482486
0.000475354
0.000469499
0.000464958
0.000461817
0.000460379
0.000460585
0.000461964
0.000465296
0.000471199
0.000479882
0.000491947
0.000508193
0.000529667
0.00055771
0.000594009
0.000640607
0.000699887
0.000774479
0.000867095
0.000980313
0.00111633
0.0012768
0.00146274
0.00167481
0.00191396
0.00218293
0.00248946
0.00285275
0.00331683
0.00397924
0.00505537
0.00701787
0.0108535
0.0182444
0.0308556
0.0480714
0.064587
0.0703274
0.058737
0.0411476
0.0357969
0.00542204
0.00622808
0.00675495
0.00626213
0.00540868
0.00466804
0.00409144
0.00364486
0.00328133
0.00296446
0.00267316
0.00239871
0.00214065
0.00190282
0.00168984
0.00150485
0.00134842
0.00121875
0.00111246
0.00102549
0.000953881
0.000894173
0.000843582
0.00079999
0.000761849
0.000728054
0.00069782
0.000670586
0.000645945
0.00062359
0.000603283
0.000584832
0.000568085
0.000552915
0.00053922
0.00052692
0.000515954
0.00050628
0.000497874
0.000490733
0.000484873
0.000480336
0.000477217
0.000475895
0.000476194
0.000477748
0.000481384
0.00048771
0.000496974
0.00050981
0.00052705
0.000549767
0.000579321
0.000617398
0.000666018
0.000727512
0.000804434
0.000899411
0.00101495
0.0011532
0.00131584
0.00150393
0.00171811
0.00195911
0.002229
0.00253395
0.0028901
0.0033359
0.00395877
0.00495728
0.00677465
0.0103712
0.0174864
0.0300993
0.0480859
0.0664222
0.0740961
0.0632004
0.0438634
0.0389816
0.00508474
0.00570927
0.00649386
0.00620566
0.00547475
0.00475575
0.00417454
0.0037182
0.00334928
0.00303317
0.00274723
0.00247991
0.00222796
0.00199317
0.00177926
0.00158959
0.00142572
0.00128715
0.00117168
0.00107612
0.000997015
0.000931075
0.000875499
0.000828033
0.000786946
0.000750944
0.000719078
0.000690648
0.000665137
0.000642153
0.000621395
0.000602624
0.000585651
0.000570323
0.000556519
0.000544144
0.000533127
0.00052342
0.000514998
0.000507856
0.000502015
0.000497523
0.000494484
0.000493383
0.000493829
0.000495655
0.00049975
0.000506654
0.000516675
0.00053048
0.000548931
0.000573124
0.000604428
0.000644514
0.000695362
0.000759227
0.000838564
0.000935891
0.00105362
0.00119387
0.00135832
0.00154813
0.00176398
0.00200651
0.00227725
0.002581
0.00293106
0.00336058
0.00394768
0.00487156
0.00654716
0.00989889
0.0166905
0.0292003
0.0478131
0.068007
0.0778773
0.0680119
0.0469776
0.0425113
0.00476277
0.00520484
0.00618867
0.00608472
0.00552464
0.00484271
0.00426367
0.00379955
0.00342465
0.00310785
0.00282596
0.00256527
0.00231998
0.00208969
0.00187683
0.00168444
0.00151468
0.00136809
0.00124361
0.00113905
0.0010516
0.000978369
0.000916668
0.000864214
0.000819155
0.000780043
0.000745766
0.000715484
0.000688556
0.000664493
0.000642915
0.000623524
0.000606084
0.000590406
0.000576342
0.000563778
0.000552627
0.000542833
0.000534364
0.000527216
0.000521412
0.000517005
0.000514111
0.000513352
0.000514005
0.000516212
0.000520942
0.000528595
0.000539565
0.00055455
0.000574438
0.000600336
0.000633609
0.000675899
0.000729123
0.000795442
0.000877186
0.000976747
0.00109643
0.00123833
0.00140414
0.00159512
0.00181211
0.00205572
0.00232711
0.00262992
0.0029748
0.00338975
0.00394369
0.00479693
0.00633526
0.0094377
0.0158645
0.0281685
0.047302
0.0692767
0.0816075
0.0731748
0.0505255
0.0463893
0.00445376
0.00473193
0.00582995
0.00591226
0.00552272
0.00491332
0.00435211
0.00388613
0.00350647
0.00318831
0.00290941
0.00265477
0.00241644
0.0021919
0.00198202
0.00178912
0.00161546
0.00146229
0.00132956
0.00121607
0.00111981
0.00103842
0.000969527
0.000910942
0.000860785
0.00081751
0.00077988
0.000746918
0.000717863
0.000692119
0.000669216
0.000648784
0.00063053
0.00061422
0.00059967
0.000586737
0.000575318
0.00056534
0.000556763
0.000549579
0.000543813
0.000539517
0.000536857
0.000536543
0.000537464
0.000540173
0.000545723
0.000554302
0.000566417
0.000582792
0.000604327
0.000632133
0.000667552
0.000712178
0.000767844
0.000836593
0.00092062
0.00102218
0.00114347
0.00128654
0.00145315
0.0016447
0.00186218
0.00210633
0.00237806
0.00268007
0.00302058
0.00342255
0.00394492
0.00473256
0.00613802
0.00898995
0.0150185
0.0269994
0.0464827
0.0700862
0.0852098
0.0786636
0.0545437
0.0506094
0.00416392
0.004286
0.0054318
0.00571202
0.00548485
0.00496899
0.00443612
0.00397514
0.0035933
0.00327406
0.00299754
0.00274842
0.00251718
0.0022994
0.00209429
0.00190314
0.00172789
0.00157011
0.00143051
0.00130877
0.00120374
0.00111374
0.00103682
0.000971054
0.000914665
0.000866096
0.000824037
0.000787412
0.000755353
0.000727158
0.000702266
0.000680227
0.000660681
0.000643338
0.000627972
0.000614406
0.000602507
0.000592186
0.000583388
0.000576097
0.000570337
0.000566148
0.000563915
0.000563978
0.000565256
0.000568632
0.000575124
0.000584797
0.00059824
0.000616187
0.000639542
0.0006694
0.000707065
0.000754059
0.000812113
0.000883141
0.000969188
0.00107237
0.00119479
0.00133847
0.00150523
0.00169664
0.00191393
0.00215798
0.00242966
0.00273091
0.00306785
0.00345874
0.00395326
0.00467902
0.00595628
0.00855884
0.0141647
0.025701
0.0453588
0.0704241
0.0886384
0.0844708
0.0590855
0.0551647
0.00389952
0.00386948
0.00501415
0.00547079
0.00538396
0.00499217
0.00450632
0.00406126
0.00368247
0.00336397
0.00309005
0.00284624
0.00262218
0.00241194
0.00221317
0.00202596
0.00185158
0.00169158
0.00154707
0.00141844
0.00130533
0.00120678
0.00112141
0.0010477
0.000984082
0.000929117
0.000881505
0.000840129
0.000804048
0.000772477
0.00074477
0.000720397
0.000698927
0.000680013
0.000663374
0.000648793
0.000636104
0.000625191
0.000615982
0.000608447
0.000602606
0.000598473
0.000596665
0.000597011
0.000598808
0.000603038
0.00061053
0.000621427
0.000636326
0.000655963
0.000681226
0.000713178
0.000753065
0.000802322
0.000862563
0.000935563
0.00102322
0.00112752
0.00125048
0.0013941
0.0015603
0.00175084
0.00196717
0.00221046
0.00248162
0.00278208
0.00311609
0.00349765
0.00396763
0.00463612
0.00579087
0.00814722
0.0133079
0.0242861
0.0439136
0.0704493
0.0918111
0.0905318
0.0641885
0.0600255
0.00366208
0.00348323
0.00459462
0.00518397
0.00522023
0.00497344
0.00455425
0.00413828
0.00377019
0.00345606
0.00318621
0.00294814
0.00273154
0.00252951
0.00233842
0.00215713
0.00198608
0.00182644
0.00167943
0.00154589
0.00142608
0.00131973
0.00122609
0.00114411
0.0010726
0.00101033
0.000956131
0.000908915
0.00086773
0.000831748
0.000800263
0.00077268
0.000748503
0.000727323
0.000708808
0.000692694
0.000678776
0.000666907
0.00065699
0.000648977
0.00064288
0.000638668
0.000637204
0.000637806
0.000640116
0.000645221
0.000653742
0.000665895
0.000682272
0.000703593
0.000730717
0.000764654
0.000806576
0.000857818
0.000919871
0.00099437
0.00108308
0.00118787
0.00131069
0.00145354
0.00161844
0.00180734
0.00202197
0.00226382
0.00253396
0.00283341
0.00316503
0.0035391
0.00398807
0.0046043
0.00564359
0.00775975
0.0124598
0.0227769
0.0421112
0.0696436
0.0946144
0.0967692
0.0699121
0.0651715
0.00344821
0.00313428
0.00418016
0.00485448
0.00502533
0.00490297
0.00456686
0.00419698
0.0038509
0.00354736
0.00328468
0.00305378
0.00284541
0.00265236
0.00247012
0.0022965
0.00213107
0.00197441
0.00182756
0.00169154
0.00156704
0.00145434
0.00135328
0.00126335
0.00118379
0.0011137
0.00105213
0.00099814
0.00095083
0.000909391
0.000873101
0.000841328
0.000813531
0.000789251
0.000768108
0.000749792
0.000734059
0.000720725
0.000709664
0.000700805
0.000694146
0.000689601
0.000688238
0.000689012
0.000691712
0.000697532
0.000706965
0.000720249
0.000737957
0.000760777
0.000789522
0.000825138
0.000868709
0.000921466
0.00098478
0.00106016
0.00114924
0.00125381
0.00137577
0.00151713
0.00168001
0.00186654
0.00207878
0.00231852
0.00258705
0.00288527
0.00321504
0.00358342
0.00401534
0.004588
0.00551755
0.00740243
0.0116357
0.0212051
0.0400096
0.0682464
0.0968425
0.103115
0.0763019
0.0705537
0.00325493
0.00282312
0.00377906
0.00449527
0.00478456
0.00475712
0.00454449
0.00422811
0.00391697
0.00363322
0.00338305
0.00316234
0.00296384
0.00278094
0.00260876
0.00244439
0.00228661
0.00213538
0.00199139
0.00185558
0.00172884
0.00161184
0.0015049
0.00140802
0.00132089
0.00124303
0.00117377
0.00111239
0.00105816
0.00101035
0.000968279
0.000931326
0.000898936
0.000870624
0.000845978
0.000824649
0.000806359
0.000790887
0.000778079
0.000767831
0.000760126
0.000754825
0.000753056
0.000753817
0.000756622
0.000762736
0.00077275
0.000786819
0.000805484
0.000829389
0.000859288
0.000896054
0.000940686
0.000994312
0.00105819
0.00113372
0.00122245
0.00132608
0.00144646
0.00158566
0.00174587
0.00192942
0.00213865
0.00237567
0.00264207
0.00293889
0.00326729
0.00363173
0.00405027
0.00458423
0.00541515
0.0070832
0.0108554
0.0196173
0.0376306
0.0662122
0.0980269
0.109452
0.083415
0.0761344
0.00308085
0.00254823
0.00339856
0.00411835
0.00449659
0.00457027
0.00447054
0.00422391
0.00396196
0.00370878
0.00347855
0.00327257
0.00308681
0.0029159
0.00275526
0.00260169
0.0024534
0.00230982
0.0021712
0.00203828
0.00191197
0.00179311
0.00168237
0.00158017
0.00148663
0.00140166
0.00132495
0.00125608
0.00119452
0.00113972
0.00109108
0.00104807
0.00101015
0.000976857
0.00094776
0.000922498
0.000900764
0.000882315
0.000866963
0.000854579
0.000845117
0.000838431
0.000835379
0.000835783
0.000838184
0.000843872
0.000853876
0.000868123
0.000887114
0.000911443
0.000941805
0.000979
0.00102395
0.00107768
0.00114136
0.0012163
0.00130397
0.00140601
0.00152425
0.00166076
0.00181783
0.00199794
0.00220372
0.00243756
0.00270147
0.0029968
0.0033244
0.00368683
0.00409635
0.00460013
0.00535287
0.00681308
0.0101402
0.0180567
0.0350441
0.0636536
0.0984519
0.115635
0.0912877
0.0818506
0.00292647
0.00230784
0.00304436
0.00373587
0.00417049
0.00434063
0.00432193
0.00418742
0.00397462
0.00376601
0.00356636
0.00338241
0.00321394
0.00305803
0.00291102
0.00276999
0.00263297
0.00249903
0.00236806
0.00224052
0.00211722
0.00199907
0.00188692
0.00178147
0.0016832
0.00159238
0.00150906
0.00143313
0.00136433
0.0013023
0.00124664
0.00119692
0.00115268
0.00111351
0.00107901
0.00104883
0.00102265
0.00100022
0.000981334
0.00096584
0.000953659
0.000944712
0.000939066
0.000938208
0.000939745
0.000944219
0.000953263
0.000966817
0.000985277
0.00100918
0.00103917
0.00107597
0.00112044
0.00117352
0.00123632
0.00131005
0.00139613
0.00149614
0.0016119
0.00174547
0.00189921
0.00207575
0.00227789
0.00250842
0.0027698
0.00306384
0.00339149
0.0037542
0.00415981
0.00464334
0.00533234
0.0066135
0.0095209
0.0165793
0.0323355
0.0605815
0.097998
0.121413
0.0999561
0.0876535
0.00279519
0.00210054
0.00272071
0.0033596
0.00381989
0.00406688
0.00413536
0.00409277
0.00396058
0.00380323
0.00364333
0.00348967
0.00334489
0.00320829
0.00307799
0.00295177
0.00282795
0.00270554
0.00258424
0.0024643
0.00234639
0.00223138
0.00212021
0.00201374
0.00191272
0.0018177
0.00172906
0.00164696
0.00157143
0.00150237
0.00143957
0.00138274
0.00133159
0.00128576
0.00124495
0.00120882
0.00117711
0.00114956
0.00112597
0.00110619
0.00109012
0.0010777
0.00106884
0.00106455
0.00106478
0.00106738
0.00107396
0.00108586
0.00110286
0.00112548
0.00115428
0.00118996
0.0012333
0.00128519
0.00134666
0.00141888
0.00150319
0.00160113
0.00171448
0.0018453
0.00199599
0.00216929
0.00236819
0.00259585
0.00285525
0.00314884
0.00347813
0.00384429
0.00425223
0.00472676
0.00536766
0.00652602
0.00905673
0.0152678
0.0296414
0.0570171
0.096188
0.126557
0.109304
0.093477
0.00269347
0.00192585
0.00243086
0.00300028
0.0034596
0.00376013
0.00391021
0.00394649
0.00390921
0.00381258
0.00370484
0.00359181
0.00347892
0.00336795
0.0032588
0.00315056
0.00304241
0.00293358
0.00282387
0.00271349
0.00260303
0.0024933
0.00238526
0.00227988
0.00217805
0.00208055
0.00198799
0.00190082
0.00181933
0.00174365
0.00167378
0.00160965
0.00155111
0.00149794
0.00144994
0.00140686
0.00136848
0.00133461
0.00130507
0.00127972
0.00125849
0.00124132
0.00122819
0.00121926
0.00121568
0.00121652
0.00122045
0.00122936
0.0012442
0.00126491
0.00129204
0.00132623
0.00136823
0.00141887
0.00147912
0.00155009
0.00163307
0.00172954
0.00184126
0.00197027
0.002119
0.00229027
0.00248729
0.00271358
0.00297276
0.00326812
0.00360223
0.00397692
0.00439598
0.00487729
0.00549715
0.00654286
0.00884604
0.0142844
0.0271685
0.0532254
0.0935225
0.1311
0.119071
0.0992746
0.00263622
0.00178687
0.00217697
0.00266715
0.00310491
0.00343695
0.00365353
0.0037707
0.00381199
0.00379826
0.00375405
0.00369009
0.00361745
0.00353936
0.00345727
0.00337159
0.00328238
0.00318969
0.00309365
0.00299466
0.00289338
0.00279065
0.00268743
0.00258475
0.00248362
0.002385
0.00228969
0.00219835
0.00211152
0.00202955
0.00195269
0.00188106
0.0018147
0.00175356
0.00169757
0.0016466
0.00160055
0.00155929
0.00152271
0.00149072
0.00146329
0.00144039
0.00142206
0.00140837
0.0013995
0.00139729
0.00139916
0.00140508
0.00141736
0.00143623
0.00146192
0.00149506
0.00153635
0.00158656
0.00164662
0.0017176
0.00180073
0.00189746
0.00200953
0.00213898
0.00228828
0.00246037
0.00265871
0.00288728
0.00315046
0.00345275
0.00379827
0.00419064
0.00463454
0.0051451
0.00578269
0.00677704
0.00885735
0.0138471
0.0253246
0.0495392
0.090105
0.134929
0.129194
0.105001
0.00262561
0.00168505
0.00195902
0.00236782
0.00277083
0.00311633
0.00338384
0.00357338
0.00369507
0.00376273
0.00378802
0.00378435
0.00376494
0.00372795
0.00367983
0.00362238
0.00355663
0.00348339
0.00340339
0.00331756
0.00322682
0.00313221
0.00303476
0.00293563
0.00283596
0.00273685
0.0026393
0.00254418
0.00245224
0.00236409
0.00228018
0.00220087
0.00212639
0.00205689
0.00199247
0.00193314
0.00187893
0.00182981
0.00178578
0.00174684
0.001713
0.00168428
0.00166077
0.00164259
0.00162968
0.00162382
0.00162452
0.00162883
0.00163923
0.00165765
0.00168355
0.00171751
0.00176021
0.00181239
0.00187497
0.00194899
0.00203567
0.00213648
0.00225315
0.00238785
0.00254315
0.00272226
0.00292895
0.00316789
0.00344457
0.00376514
0.0041361
0.00456422
0.00505754
0.00563297
0.00634335
0.00737587
0.00936772
0.0138598
0.0245168
0.0467607
0.0867582
0.13799
0.139254
0.110628
0.00268861
0.00162426
0.00178155
0.00211039
0.00247278
0.00281969
0.00312482
0.00337692
0.0035747
0.00372189
0.00382459
0.00389053
0.0039289
0.00394206
0.00393579
0.00391496
0.00387712
0.00382705
0.00376582
0.00369473
0.00361547
0.00352949
0.00343808
0.00334261
0.00324445
0.00314492
0.00304523
0.00294649
0.00284967
0.00275562
0.00266503
0.00257847
0.00249639
0.00241913
0.00234696
0.00228007
0.0022186
0.00216268
0.00211241
0.00206789
0.0020292
0.00199641
0.00196967
0.00194918
0.00193484
0.00192868
0.00192971
0.00193513
0.00194779
0.00196957
0.00199983
0.00203919
0.00208829
0.00214789
0.00221899
0.0023027
0.00240031
0.00251341
0.00264391
0.00279423
0.00296729
0.00316679
0.00339736
0.0036648
0.00397617
0.0043401
0.00476649
0.00526726
0.00585657
0.00655907
0.00743072
0.00863966
0.0106998
0.0149931
0.0245513
0.0455761
0.0845865
0.141013
0.149071
0.116213
0.00284763
0.00161333
0.00165174
0.00190684
0.00223063
0.00257484
0.0029101
0.00321811
0.00349118
0.00372439
0.00389654
0.00403135
0.00413313
0.00420333
0.00424536
0.00426306
0.00425816
0.00423772
0.0041977
0.00414358
0.00407704
0.00400062
0.003916
0.00382495
0.00372916
0.00363025
0.00352972
0.00342892
0.00332908
0.00323128
0.00313644
0.00304534
0.00295861
0.00287678
0.00280028
0.00272946
0.0026646
0.00260599
0.00255398
0.00250866
0.00247014
0.0024385
0.00241428
0.0023975
0.00238867
0.00238935
0.00239526
0.00240949
0.00243384
0.00246781
0.00251196
0.00256719
0.00263412
0.00271361
0.00280699
0.00291559
0.00304106
0.00318534
0.00335093
0.0035409
0.00375906
0.00401035
0.00430076
0.00463826
0.00503249
0.00549645
0.00604501
0.00669882
0.00748101
0.00843151
0.00961305
0.0111975
0.0135958
0.0179926
0.0269925
0.0458658
0.0837943
0.144252
0.158265
0.121811
0.00316333
0.00165423
0.00158932
0.00178438
0.00208321
0.00243487
0.00280696
0.00317411
0.0035104
0.00379897
0.00404951
0.00425379
0.00442123
0.00455216
0.00464782
0.00471135
0.00474547
0.00475384
0.00474257
0.00471233
0.00466323
0.00460132
0.00452857
0.00444716
0.00435927
0.00426686
0.00417174
0.00407553
0.00397974
0.00388568
0.00379446
0.00370706
0.00362428
0.00354683
0.00347532
0.00341026
0.00335207
0.00330167
0.00325992
0.00322606
0.00320016
0.0031826
0.00317605
0.00317835
0.00318767
0.00320845
0.0032408
0.00328401
0.0033392
0.00340744
0.00348958
0.00358659
0.00369991
0.00383086
0.00398131
0.00415332
0.00434942
0.00457264
0.00482689
0.00511709
0.00544887
0.00582967
0.00626781
0.00677536
0.0073655
0.0080591
0.00887562
0.00984968
0.0110094
0.0124191
0.0141361
0.0163572
0.0193985
0.0242939
0.0331209
0.0509891
0.0862227
0.149221
0.166551
0.127715
0.00370703
0.0017742
0.00162291
0.00179872
0.00210351
0.00247637
0.00288299
0.00329666
0.0036968
0.00406973
0.00441073
0.00470525
0.00495115
0.00515236
0.00531195
0.00543324
0.00551956
0.005575
0.00560441
0.00560952
0.00559749
0.00556824
0.0055245
0.00547054
0.00540878
0.0053416
0.00527109
0.00519926
0.00512795
0.00505863
0.00499261
0.00493105
0.00487505
0.00482558
0.00478352
0.00474968
0.00472514
0.00470864
0.0047066
0.00471169
0.00472645
0.00475615
0.00479965
0.00485742
0.00492926
0.005017
0.00512198
0.0052454
0.00538857
0.00555367
0.00574251
0.00595648
0.0061988
0.00647228
0.00678002
0.00712578
0.00751407
0.00795027
0.00844083
0.00899191
0.00961188
0.010313
0.0111056
0.012008
0.0130369
0.0142262
0.0155876
0.0171806
0.019011
0.0211902
0.0237127
0.0268552
0.0307451
0.0364764
0.0454365
0.0627544
0.0954698
0.157461
0.174651
0.13125
0.00457777
0.00201709
0.00178965
0.00199234
0.00236573
0.00283057
0.00334694
0.00388441
0.0044205
0.00493819
0.0054235
0.00586187
0.00624609
0.00657737
0.00685859
0.00709328
0.00728551
0.0074399
0.00756129
0.00765361
0.00772351
0.0077738
0.00780813
0.00782993
0.00784281
0.00785023
0.00785468
0.00785909
0.00786563
0.00787614
0.00789261
0.00791675
0.00795038
0.007995
0.00805216
0.00812367
0.00821105
0.00831384
0.00843685
0.00857925
0.00874186
0.00892797
0.0091396
0.00937807
0.00964598
0.00994593
0.0102798
0.0106509
0.0110631
0.0115194
0.0120242
0.012581
0.0131945
0.0138694
0.0146118
0.0154265
0.0163206
0.0173015
0.0183767
0.019557
0.0208484
0.0222678
0.0238182
0.0255331
0.0273958
0.0294689
0.0317277
0.0342967
0.037076
0.0403109
0.04378
0.0480288
0.052742
0.0594662
0.0685448
0.0856133
0.114754
0.171064
0.183077
0.132596
0.00586779
0.00247828
0.0023122
0.00279409
0.0035108
0.00436078
0.00529205
0.00626056
0.00722926
0.00817037
0.00906268
0.00989163
0.0106489
0.0113334
0.0119483
0.0124984
0.01299
0.0134298
0.0138248
0.0141818
0.0145085
0.0148106
0.0150947
0.015366
0.0156293
0.0158907
0.0161533
0.016422
0.0167
0.0169907
0.0172979
0.0176244
0.0179738
0.0183487
0.018752
0.0191881
0.0196582
0.0201643
0.0207113
0.0213021
0.0219393
0.0226263
0.0233663
0.0241634
0.0250235
0.0259512
0.026952
0.0280284
0.0291852
0.0304252
0.0317531
0.0331724
0.0346873
0.0362997
0.0380147
0.0398335
0.0417622
0.0438048
0.0459641
0.0482481
0.0506543
0.0532003
0.0558716
0.0587152
0.0616787
0.0648791
0.0681536
0.0718113
0.0755075
0.0798274
0.0840431
0.089396
0.094584
0.102342
0.11105
0.127703
0.151293
0.192627
0.192257
0.130327
0.00733193
0.00341946
0.00438998
0.00651945
0.00903446
0.011849
0.0148648
0.0179347
0.0209339
0.0237826
0.0264401
0.0288912
0.0311345
0.033178
0.0350373
0.0367317
0.0382823
0.0397097
0.0410344
0.0422743
0.0434481
0.0445703
0.045654
0.0467135
0.0477589
0.0488012
0.0498496
0.0509118
0.0519962
0.0531089
0.0542571
0.0554452
0.056679
0.0579624
0.0592999
0.0606949
0.0621529
0.063675
0.0652655
0.0669269
0.068663
0.0704769
0.0723685
0.0743458
0.076415
0.0785711
0.0808172
0.0831465
0.0855618
0.0880564
0.0906334
0.0932875
0.096021
0.0988276
0.101711
0.104667
0.107698
0.110796
0.113971
0.117215
0.120539
0.123944
0.12744
0.131035
0.13472
0.138564
0.142424
0.146713
0.151001
0.156116
0.160855
0.167251
0.172781
0.181586
0.189247
0.203311
0.215191
0.222513
0.198391
0.119384
0.00956415
0.00701876
0.01607
0.0283587
0.0409786
0.0542744
0.067991
0.081412
0.0939533
0.105287
0.11533
0.124132
0.131785
0.138406
0.144123
0.149066
0.153355
0.157103
0.160407
0.163351
0.166007
0.168438
0.170693
0.172811
0.174831
0.176779
0.178683
0.180561
0.182435
0.184316
0.186219
0.18815
0.190119
0.192128
0.194185
0.196287
0.198442
0.200646
0.202904
0.205209
0.207571
0.209977
0.212441
0.214943
0.217482
0.220036
0.222612
0.225195
0.2278
0.230414
0.233054
0.23571
0.238399
0.24112
0.243886
0.246692
0.249549
0.25245
0.255412
0.258408
0.26149
0.264569
0.26779
0.270917
0.274341
0.277447
0.281279
0.284259
0.288111
0.290452
0.293948
0.295381
0.297769
0.297345
0.295348
0.288511
0.272606
0.242396
0.197149
0.105332
0.00588095
0.0119404
0.0191614
0.0260002
0.0325998
0.0388262
0.0447833
0.0505225
0.0560272
0.0612496
0.066141
0.0706762
0.074848
0.0786603
0.0821239
0.0852538
0.0880684
0.0905881
0.0928351
0.094832
0.0966008
0.0981645
0.0995431
0.100757
0.101826
0.102766
0.103595
0.104327
0.104977
0.105558
0.106082
0.10656
0.107
0.107414
0.107806
0.108187
0.10856
0.108934
0.109312
0.1097
0.110101
0.110522
0.110961
0.111429
0.111914
0.112428
0.112958
0.11352
0.1141
0.114716
0.115357
0.116036
0.116749
0.117501
0.118305
0.119137
0.120048
0.120965
0.122003
0.123
0.12418
0.12524
0.126571
0.127659
0.129119
0.130182
0.131694
0.132762
0.134537
0.135838
0.137765
0.139181
0.141047
0.142211
0.143577
0.143413
0.142069
0.137739
0.125766
0.0919368
)
;

boundaryField
{
    movingWall
    {
        type            epsilonWallFunction;
        value           nonuniform List<scalar> 
80
(
0.00588095
0.0119404
0.0191614
0.0260002
0.0325998
0.0388262
0.0447833
0.0505225
0.0560272
0.0612496
0.066141
0.0706762
0.074848
0.0786603
0.0821239
0.0852538
0.0880684
0.0905881
0.0928351
0.094832
0.0966008
0.0981645
0.0995431
0.100757
0.101826
0.102766
0.103595
0.104327
0.104977
0.105558
0.106082
0.10656
0.107
0.107414
0.107806
0.108187
0.10856
0.108934
0.109312
0.1097
0.110101
0.110522
0.110961
0.111429
0.111914
0.112428
0.112958
0.11352
0.1141
0.114716
0.115357
0.116036
0.116749
0.117501
0.118305
0.119137
0.120048
0.120965
0.122003
0.123
0.12418
0.12524
0.126571
0.127659
0.129119
0.130182
0.131694
0.132762
0.134537
0.135838
0.137765
0.139181
0.141047
0.142211
0.143577
0.143413
0.142069
0.137739
0.125766
0.0919368
)
;
    }
    fixedWalls
    {
        type            epsilonWallFunction;
        value           nonuniform List<scalar> 
240
(
2.23049e-05
0.000108842
0.000239715
0.000410182
0.000635178
0.000934617
0.00132797
0.0018322
0.00245909
0.00321527
0.00414418
0.00522167
0.00641809
0.00770134
0.00903282
0.0103667
0.0116718
0.012909
0.0140451
0.0150794
0.0159657
0.0166947
0.0172631
0.0176647
0.0179058
0.0179541
0.0178917
0.0177253
0.01746
0.0170959
0.0166615
0.0161729
0.0156371
0.0150886
0.0144918
0.013971
0.0135294
0.0131076
0.0126848
0.0122561
0.011824
0.0113929
0.0109642
0.0105413
0.010128
0.00972737
0.00933247
0.00893978
0.00854642
0.00815057
0.00775256
0.00735242
0.0069493
0.00654764
0.00615438
0.00577827
0.00542204
0.00508474
0.00476277
0.00445376
0.00416392
0.00389952
0.00366208
0.00344821
0.00325493
0.00308085
0.00292647
0.00279519
0.00269347
0.00263622
0.00262561
0.00268861
0.00284763
0.00316333
0.00370703
0.00457777
0.00586779
0.00733193
0.00956415
0.00588095
3.94698e-05
0.000204948
0.000519635
0.000825316
0.00102371
0.00110167
0.0010957
0.00106754
0.00106689
0.00111018
0.00124368
0.0015342
0.00199714
0.00261467
0.00335069
0.00416083
0.00499605
0.00586897
0.00675376
0.00770811
0.00887651
0.0104031
0.0122833
0.0143365
0.0166239
0.0189793
0.021113
0.0227993
0.0237561
0.0241577
0.0242649
0.0242443
0.0239471
0.0234815
0.0229175
0.0222816
0.0216483
0.0210509
0.0205475
0.0201298
0.0198211
0.0196564
0.019595
0.0196138
0.0198346
0.0201754
0.0206864
0.0213845
0.0222856
0.0233986
0.0247576
0.026367
0.0282601
0.0304483
0.0329586
0.0357969
0.0389816
0.0425113
0.0463893
0.0506094
0.0551647
0.0600255
0.0651715
0.0705537
0.0761344
0.0818506
0.0876535
0.093477
0.0992746
0.105001
0.110628
0.116213
0.121811
0.127715
0.13125
0.132596
0.130327
0.119384
0.105332
0.0919368
2.23049e-05
0.000112917
0.000262394
0.000419467
0.000551368
0.000648777
0.000718178
0.000773021
0.000827425
0.000893062
0.000980354
0.00109446
0.00123942
0.00141737
0.00162795
0.00186879
0.00213581
0.00242248
0.00272076
0.00302408
0.00333343
0.00366414
0.00404475
0.00449749
0.00502701
0.00560825
0.00619831
0.00679289
0.00740216
0.00803955
0.00871077
0.0094061
0.010089
0.0107608
0.0114163
0.0120692
0.0127253
0.0133955
0.0140876
0.0148101
0.0155693
0.0163705
0.0172211
0.0181277
0.0190874
0.0201024
0.0211812
0.0223614
0.0237157
0.0254234
0.0271336
0.0288817
0.0305958
0.0322498
0.0337863
0.0351449
0.0362563
0.0369781
0.0373257
0.0374329
0.0369327
0.0358035
0.0340626
0.0317563
0.0289297
0.0256985
0.022197
0.0186318
0.0151654
0.0118879
0.00893833
0.00660597
0.00468825
0.00318034
0.00206557
0.00128417
0.000761216
0.000420213
0.000188896
3.94698e-05
)
;
    }
    frontAndBack
    {
        type            empty;
    }
}


// ************************************************************************* //
