/*--------------------------------*- C++ -*----------------------------------*\
  =========                 |
  \\      /  F ield         | OpenFOAM: The Open Source CFD Toolbox
   \\    /   O peration     | Website:  https://openfoam.org
    \\  /    A nd           | Version:  13
     \\/     M anipulation  |
\*---------------------------------------------------------------------------*/
FoamFile
{
    format      ascii;
    class       volScalarField;
    location    "3";
    object      k;
}
// * * * * * * * * * * * * * * * * * * * * * * * * * * * * * * * * * * * * * //

dimensions      [0 2 -2 0 0 0 0];

internalField   nonuniform List<scalar> 
6400
(
4.35634e-07
2.20536e-06
5.12487e-06
8.19264e-06
1.07683e-05
1.26698e-05
1.40236e-05
1.50928e-05
1.61533e-05
1.74334e-05
1.91371e-05
2.1365e-05
2.41967e-05
2.76734e-05
3.17882e-05
3.64944e-05
4.17122e-05
4.73136e-05
5.31414e-05
5.90674e-05
6.51109e-05
7.15719e-05
7.90077e-05
8.78526e-05
9.81979e-05
0.000109553
0.00012108
0.000132696
0.000144598
0.00015705
0.000170162
0.000183746
0.000197085
0.000210209
0.000223012
0.000235767
0.000248583
0.000261677
0.000275197
0.000289311
0.000304143
0.000319795
0.000336412
0.000354125
0.000372875
0.000392705
0.00041378
0.000436839
0.000463299
0.000496667
0.000530078
0.000564232
0.00059772
0.000630034
0.00066005
0.000686593
0.000708305
0.000722403
0.000729192
0.000731285
0.00072151
0.000699447
0.000665434
0.000620373
0.000565152
0.000502029
0.000433622
0.000363972
0.000296254
0.000232227
0.000174609
0.000129047
9.15848e-05
6.21281e-05
4.03514e-05
2.50867e-05
1.48709e-05
8.2094e-06
3.69048e-06
7.71147e-07
2.12571e-06
1.78365e-05
4.1633e-05
6.49864e-05
8.40585e-05
9.82985e-05
0.000108888
0.000117579
0.000126137
0.000136075
0.000148627
0.00016476
0.000185061
0.000209678
0.000238429
0.000270911
0.000306576
0.000344638
0.000384208
0.000424617
0.000466066
0.000510174
0.000559959
0.000617624
0.000683197
0.000753576
0.000824218
0.00089408
0.000963142
0.00103191
0.00110013
0.00116688
0.00122884
0.00128645
0.00133929
0.00138885
0.00143576
0.00148117
0.00152588
0.00157077
0.00161654
0.00166372
0.00171298
0.00176475
0.00181885
0.00187513
0.00193328
0.00199329
0.0020536
0.00211278
0.00217588
0.0022401
0.00230539
0.00236906
0.0024295
0.00248376
0.00252908
0.00255713
0.00256787
0.00256711
0.00254032
0.0024836
0.00239532
0.00227604
0.00212643
0.0019487
0.00175099
0.00154213
0.0013272
0.0011145
0.000911946
0.000718676
0.000545257
0.000397303
0.000277425
0.000184428
0.000115726
6.69075e-05
3.0699e-05
4.00423e-06
4.68138e-06
3.92481e-05
8.76979e-05
0.000129973
0.000162307
0.000186454
0.000205586
0.000222935
0.000241445
0.000263635
0.000291612
0.000326869
0.000370293
0.000422124
0.000482094
0.000549586
0.000623693
0.000703152
0.000786482
0.000872157
0.000958818
0.00104524
0.00113054
0.00121284
0.00128895
0.00135589
0.00141284
0.00145933
0.00149703
0.00152941
0.00155896
0.00158781
0.00161716
0.0016475
0.00167802
0.00171022
0.00174439
0.00178127
0.00182121
0.00186465
0.00191199
0.00196318
0.00201842
0.00207766
0.00214098
0.00220846
0.00228016
0.00235572
0.0024346
0.00251714
0.00260309
0.00269102
0.00277989
0.00286773
0.00295246
0.00303124
0.00310075
0.00315708
0.00319205
0.00320492
0.0031983
0.00315714
0.00307838
0.00296083
0.00280349
0.00260584
0.00237722
0.00212773
0.00186413
0.00159711
0.00133676
0.00109104
0.000866782
0.000669174
0.00050089
0.000361933
0.000249884
0.000158562
7.72724e-05
1.01528e-05
8.01017e-06
6.54151e-05
0.000137591
0.000194918
0.00023764
0.000270637
0.000298844
0.00032668
0.000358038
0.000396233
0.000443898
0.000502733
0.000573392
0.000655487
0.000747785
0.000848339
0.000954478
0.00106294
0.00117006
0.001272
0.00136542
0.00144737
0.0015156
0.00156944
0.001608
0.00163193
0.00164533
0.0016534
0.00166184
0.0016722
0.00168442
0.00169938
0.00171592
0.00173591
0.00175954
0.0017869
0.00181812
0.00185338
0.00189275
0.00193613
0.00198373
0.0020355
0.00209156
0.00215192
0.00221659
0.00228547
0.00235828
0.00243537
0.00251686
0.00260247
0.00269171
0.00278368
0.00287736
0.00297121
0.0030633
0.00315099
0.00323108
0.00329974
0.00335257
0.00337937
0.00338646
0.00336526
0.00331221
0.00322087
0.00308698
0.00290719
0.00268308
0.00242741
0.0021496
0.00186143
0.00157506
0.00130164
0.00105022
0.000826852
0.000634632
0.000473762
0.000340993
0.000228305
0.000118591
1.61254e-05
1.2404e-05
9.81596e-05
0.000194309
0.000266083
0.00031925
0.000361813
0.000400439
0.000440791
0.000487726
0.000545204
0.000615993
0.000701295
0.0008006
0.000911787
0.00103141
0.00115499
0.00127725
0.00139247
0.00149518
0.00158037
0.0016462
0.00169033
0.00171101
0.00171724
0.00171375
0.00170324
0.0016947
0.00168878
0.00168636
0.00168611
0.00169141
0.00170075
0.00171419
0.00173166
0.00175273
0.00177739
0.00180561
0.00183723
0.00187203
0.00191005
0.00195125
0.00199563
0.00204326
0.00209423
0.00214875
0.00220708
0.00226965
0.00233648
0.00240764
0.00248313
0.00256288
0.00264658
0.00273375
0.00282361
0.00291506
0.00300644
0.00309529
0.0031786
0.00325259
0.00331234
0.00334683
0.00335797
0.00333573
0.00327557
0.00317315
0.00303696
0.00284567
0.00260792
0.00233538
0.00204072
0.00173856
0.00144378
0.00116943
0.000924637
0.000714123
0.00053837
0.000393572
0.000269829
0.000145409
2.00015e-05
1.82521e-05
0.000139343
0.000260781
0.000347669
0.000412268
0.000465641
0.000516242
0.000571039
0.000635735
0.000714496
0.000809451
0.000920288
0.00104421
0.0011763
0.00131013
0.00143839
0.00155364
0.00164898
0.00172083
0.001761
0.00177534
0.00177508
0.00175398
0.00173254
0.0017125
0.00169529
0.00168107
0.00167074
0.00166527
0.00166332
0.001665
0.00167102
0.00168027
0.00169259
0.00170752
0.00172513
0.00174516
0.00176727
0.00179144
0.00181769
0.00184604
0.00187661
0.00190953
0.001945
0.0019833
0.0020247
0.00206949
0.00211784
0.0021702
0.00222696
0.00228853
0.0023553
0.00242748
0.00250508
0.00258782
0.00267515
0.00276609
0.00285871
0.00295073
0.00303807
0.00311576
0.0031763
0.00320504
0.00320984
0.0031683
0.00307892
0.00294738
0.00274872
0.00249879
0.00220897
0.00189583
0.00157877
0.00127674
0.00100466
0.000771201
0.000578259
0.000421567
0.000289513
0.000157962
2.1524e-05
2.5935e-05
0.000190211
0.000338664
0.000441722
0.000518883
0.000584219
0.000648021
0.000718456
0.00080167
0.00090128
0.00101778
0.00114831
0.00128695
0.00142564
0.00155524
0.00166686
0.00175337
0.00180428
0.00182299
0.00182183
0.00179609
0.00176853
0.00173722
0.00170795
0.00168063
0.0016557
0.00163599
0.00162164
0.001612
0.00160679
0.00160474
0.00160467
0.00160819
0.00161385
0.00162186
0.0016316
0.0016429
0.00165554
0.00166956
0.00168492
0.00170155
0.00171958
0.00173914
0.00176038
0.00178351
0.00180876
0.00183645
0.00186695
0.00190078
0.00193852
0.00198081
0.00202838
0.00208216
0.00214307
0.00221189
0.0022893
0.00237574
0.00247064
0.00257246
0.0026795
0.0027887
0.0028945
0.00298909
0.0030567
0.00308461
0.00307678
0.00300773
0.00288188
0.00267579
0.00240661
0.00209058
0.00175091
0.00141374
0.00110281
0.000834432
0.000614799
0.000440115
0.000297276
0.000160799
2.14065e-05
3.57845e-05
0.000251359
0.000428556
0.000548893
0.000639506
0.000717468
0.000794856
0.000880725
0.000981016
0.0010979
0.00122934
0.00136928
0.00150865
0.00163687
0.0017436
0.00181924
0.00185431
0.00186145
0.00184071
0.00181011
0.00177046
0.00172837
0.00168384
0.00164608
0.00161341
0.00158743
0.0015672
0.00155157
0.00153984
0.0015314
0.00152563
0.00152278
0.00152183
0.00152214
0.00152468
0.00152844
0.00153345
0.00153949
0.00154651
0.00155451
0.00156349
0.0015735
0.00158461
0.00159696
0.00161071
0.00162607
0.00164331
0.00166273
0.00168472
0.0017098
0.00173851
0.0017715
0.00180959
0.00185373
0.00190515
0.00196533
0.00203598
0.00211923
0.00221582
0.00232416
0.00244525
0.00257558
0.00270933
0.00283908
0.00295052
0.00300975
0.00302453
0.00297934
0.00285872
0.00263587
0.00233627
0.00198345
0.00160956
0.00124893
0.000929981
0.000668332
0.000464109
0.000303707
0.000160412
2.08551e-05
4.80308e-05
0.000322674
0.000530201
0.000668693
0.000773151
0.000863605
0.000953712
0.00105295
0.00116633
0.00129383
0.00143039
0.0015669
0.00169198
0.00179428
0.00185882
0.00188341
0.00188237
0.00185369
0.00181352
0.00176141
0.00170353
0.00165086
0.00160615
0.00156868
0.00153736
0.0015121
0.00149162
0.00147512
0.00146203
0.0014519
0.00144435
0.00143916
0.00143613
0.00143483
0.00143462
0.00143608
0.00143876
0.00144254
0.00144729
0.00145298
0.00145959
0.00146713
0.00147564
0.00148523
0.00149605
0.00150827
0.00152213
0.0015379
0.00155589
0.00157636
0.00159965
0.00162605
0.00165591
0.00168958
0.0017277
0.00177099
0.00182065
0.00187878
0.0019486
0.00203598
0.00214255
0.0022705
0.00241368
0.0025721
0.00273422
0.00288458
0.00297937
0.00301165
0.00298637
0.00286417
0.0026135
0.00227239
0.00187421
0.00146243
0.00108018
0.000758467
0.000508013
0.00031816
0.000161678
2.08413e-05
6.28035e-05
0.000403023
0.000642436
0.000799638
0.000917661
0.00101943
0.00111991
0.00122849
0.00134868
0.00147787
0.00160811
0.00172804
0.00182556
0.00188314
0.00190255
0.00189298
0.00186262
0.00181075
0.00174399
0.00167747
0.00161839
0.00156758
0.00152507
0.00148956
0.00146004
0.00143581
0.0014159
0.00139977
0.00138701
0.00137728
0.00137025
0.00136579
0.00136368
0.00136303
0.00136376
0.00136639
0.00137014
0.00137499
0.00138077
0.00138742
0.00139491
0.00140323
0.00141243
0.0014226
0.00143387
0.0014464
0.00146037
0.00147601
0.00149351
0.00151307
0.0015349
0.0015592
0.00158611
0.00161568
0.00164814
0.00168364
0.00172247
0.0017656
0.0018145
0.00187145
0.00194037
0.00202819
0.00214823
0.00229919
0.00247396
0.0026659
0.00285253
0.00298094
0.00302805
0.00301339
0.00287758
0.00258694
0.00219392
0.00174539
0.00129814
0.000902248
0.000586456
0.000350177
0.000169024
2.16851e-05
8.09502e-05
0.000489886
0.000763471
0.00093938
0.00106988
0.00118069
0.00128777
0.00140004
0.00151922
0.00164021
0.00175294
0.00184521
0.001898
0.00191424
0.0019005
0.00186585
0.00180377
0.00172742
0.00165473
0.00158881
0.00153264
0.00148535
0.00144594
0.0014131
0.00138593
0.00136373
0.00134585
0.00133188
0.00132146
0.00131422
0.00131033
0.00130879
0.00130863
0.00131073
0.00131435
0.00131938
0.00132538
0.00133228
0.00133993
0.00134827
0.00135727
0.00136698
0.00137744
0.00138877
0.0014011
0.00141457
0.00142938
0.00144569
0.0014637
0.0014836
0.00150556
0.00152975
0.0015563
0.00158537
0.00161672
0.00165017
0.00168534
0.00172236
0.00176169
0.00180385
0.00185116
0.00190762
0.00197989
0.00207801
0.00222247
0.00241015
0.00262546
0.00284698
0.00300346
0.00306088
0.00304432
0.00287814
0.00253337
0.00207926
0.00158119
0.00110807
0.00071203
0.000411862
0.000189222
2.42901e-05
0.000102002
0.000583063
0.000891134
0.0010849
0.00122597
0.00134256
0.00145139
0.00156069
0.00167051
0.0017739
0.00185988
0.00190934
0.00192398
0.00190868
0.0018692
0.00179954
0.00171682
0.00163641
0.00156464
0.00150271
0.00145094
0.00140779
0.00137205
0.00134263
0.0013188
0.00129996
0.00128559
0.00127529
0.00126892
0.00126598
0.00126518
0.00126636
0.00126964
0.00127453
0.00128057
0.00128752
0.00129514
0.00130334
0.00131203
0.00132122
0.00133093
0.00134124
0.00135227
0.00136416
0.00137708
0.00139123
0.00140681
0.00142403
0.0014431
0.00146422
0.00148754
0.00151318
0.00154116
0.00157142
0.00160381
0.00163814
0.00167425
0.00171109
0.00174812
0.00178508
0.00182284
0.00186329
0.00191036
0.00197031
0.00205474
0.00218119
0.00237359
0.00261041
0.00286282
0.00303775
0.00309781
0.00306354
0.00284477
0.00242905
0.0019098
0.00137053
0.000888919
0.00050989
0.000230231
2.99616e-05
0.000125378
0.000681037
0.0010226
0.0012327
0.00138176
0.00150018
0.00160529
0.00170473
0.00179736
0.00187543
0.00192147
0.00193501
0.00191816
0.00187581
0.0018007
0.00171282
0.0016255
0.00154675
0.00147924
0.00142256
0.00137573
0.00133715
0.00130574
0.0012806
0.0012611
0.00124664
0.00123668
0.00123134
0.0012292
0.00122893
0.0012312
0.00123524
0.00124071
0.00124713
0.00125419
0.00126172
0.00126959
0.00127777
0.00128626
0.00129514
0.00130451
0.00131451
0.0013253
0.00133708
0.00135007
0.00136448
0.00138056
0.00139857
0.00141874
0.00144131
0.00146647
0.00149435
0.001525
0.00155833
0.00159406
0.00163175
0.00167073
0.00171025
0.00174925
0.00178567
0.00182062
0.00185527
0.00189217
0.00193345
0.00198426
0.00205841
0.0021736
0.00236271
0.00261852
0.00289724
0.00307576
0.00312654
0.00305604
0.00275225
0.0022539
0.00167231
0.00111061
0.000644281
0.000291216
3.90026e-05
0.00015045
0.00078153
0.00115468
0.00137905
0.00153309
0.00164908
0.00174495
0.0018281
0.00189701
0.00193837
0.00195041
0.00193156
0.00188772
0.00180922
0.00171701
0.00162309
0.00153699
0.00146289
0.00140101
0.00134999
0.00130842
0.00127487
0.00124839
0.00122816
0.0012135
0.00120379
0.00119902
0.00119734
0.00119732
0.00119992
0.00120414
0.00120945
0.00121548
0.0012219
0.00122854
0.00123533
0.00124225
0.00124936
0.00125675
0.00126456
0.00127295
0.00128211
0.00129223
0.00130353
0.00131624
0.00133061
0.0013469
0.00136539
0.00138636
0.0014101
0.00143687
0.0014669
0.00150031
0.00153714
0.00157718
0.00162001
0.00166486
0.00171061
0.00175596
0.00180147
0.00184073
0.00187245
0.00190052
0.00192954
0.00196601
0.00201296
0.00207958
0.00218847
0.00237546
0.00264836
0.00294791
0.00310791
0.00313623
0.00300209
0.00258061
0.00199146
0.00136433
0.000808914
0.000369965
5.10638e-05
0.000176466
0.000882096
0.00128414
0.00152036
0.00167619
0.00178553
0.00186709
0.00192854
0.0019637
0.00197305
0.00195227
0.00190715
0.00182743
0.00173086
0.00163054
0.00153659
0.00145491
0.00138675
0.00133094
0.00128575
0.00124968
0.00122149
0.00120022
0.00118501
0.00117517
0.00117037
0.00116872
0.00116865
0.0011709
0.00117468
0.00117928
0.00118433
0.00118955
0.0011948
0.00120002
0.00120526
0.0012106
0.00121617
0.00122213
0.00122866
0.00123593
0.00124416
0.00125353
0.00126426
0.00127659
0.00129074
0.00130699
0.00132561
0.00134692
0.00137125
0.00139894
0.00143032
0.00146568
0.0015052
0.00154891
0.0015966
0.00164767
0.00170109
0.00175529
0.00180816
0.00185984
0.00190539
0.0019369
0.00195928
0.00197794
0.00200569
0.00205035
0.00211138
0.00221846
0.00241038
0.00270301
0.00300082
0.00313276
0.00311871
0.0028585
0.00230635
0.0016372
0.000995935
0.000461847
6.54402e-05
0.000202528
0.000980202
0.00140794
0.00165342
0.00180796
0.00190683
0.00196987
0.00200099
0.00200758
0.00198539
0.00193627
0.00185679
0.00175623
0.00164926
0.00154692
0.0014565
0.00138073
0.00131895
0.0012693
0.00122997
0.00119951
0.00117668
0.00116046
0.00114982
0.00114449
0.00114243
0.00114207
0.00114348
0.00114637
0.00114989
0.00115363
0.00115736
0.00116096
0.00116443
0.00116784
0.00117131
0.001175
0.00117909
0.00118375
0.00118917
0.00119553
0.00120301
0.0012118
0.00122208
0.00123406
0.00124794
0.00126397
0.00128242
0.00130362
0.00132792
0.00135572
0.00138745
0.00142353
0.00146436
0.00151022
0.0015612
0.00161704
0.00167707
0.00173996
0.00180365
0.00186528
0.00192376
0.00197525
0.00200763
0.0020238
0.0020344
0.002051
0.00209009
0.00215094
0.00226027
0.00246441
0.00277755
0.0030471
0.00314042
0.00303508
0.00259467
0.00191801
0.00119933
0.000562427
8.1265e-05
0.000228029
0.00107372
0.00152346
0.00177573
0.0019265
0.00201085
0.00204807
0.00205465
0.00203145
0.00197775
0.00189883
0.00179468
0.00168099
0.00156954
0.00146915
0.00138411
0.00131478
0.0012594
0.00121583
0.00118225
0.00115718
0.00113933
0.00112748
0.00112095
0.0011181
0.00111727
0.00111755
0.00111925
0.00112149
0.00112381
0.00112597
0.0011279
0.00112964
0.00113127
0.00113296
0.00113487
0.00113721
0.00114016
0.00114389
0.00114856
0.00115435
0.00116139
0.00116984
0.00117985
0.00119158
0.0012052
0.00122094
0.00123904
0.00125981
0.00128361
0.00131087
0.00134207
0.00137776
0.0014185
0.00146482
0.00151712
0.00157559
0.00164001
0.00170956
0.00178263
0.00185663
0.00192785
0.00199364
0.00205083
0.00207972
0.00209191
0.00209634
0.00210325
0.00213382
0.00219618
0.00231327
0.00254188
0.00287432
0.0030729
0.00310054
0.00283757
0.00219544
0.00141446
0.000667788
9.75809e-05
0.000252202
0.0011608
0.00162867
0.00188558
0.00202853
0.0020932
0.00210913
0.00208891
0.00203382
0.00195456
0.00184765
0.00172744
0.00160633
0.00149462
0.00139849
0.00131963
0.00125681
0.00120764
0.0011699
0.00114174
0.00112158
0.00110799
0.0010997
0.00109561
0.00109388
0.00109339
0.00109358
0.0010945
0.00109541
0.00109608
0.00109643
0.00109656
0.00109659
0.00109668
0.00109702
0.00109778
0.00109919
0.00110142
0.00110461
0.00110892
0.00111444
0.00112131
0.00112964
0.00113954
0.00115113
0.00116456
0.00118001
0.0011977
0.00121789
0.00124093
0.00126726
0.00129737
0.00133188
0.00137146
0.00141683
0.00146869
0.00152761
0.00159388
0.00166731
0.00174695
0.00183085
0.00191578
0.0019971
0.00207086
0.00212954
0.00215403
0.00216068
0.00215864
0.00215563
0.00218016
0.00224602
0.00237911
0.00264633
0.00296278
0.00309322
0.00298469
0.0024536
0.00163645
0.000773986
0.000114632
0.000274401
0.0012398
0.00172176
0.00198092
0.00211179
0.00215743
0.00215482
0.00210665
0.00202438
0.00191613
0.00179017
0.00165924
0.00153507
0.00142587
0.00133519
0.00126273
0.0012062
0.00116294
0.00113062
0.00110733
0.00109136
0.00108113
0.00107519
0.00107214
0.00107059
0.00106977
0.00106927
0.00106887
0.00106818
0.00106715
0.00106586
0.00106446
0.00106312
0.0010621
0.00106164
0.00106159
0.00106246
0.00106432
0.00106729
0.00107147
0.00107694
0.0010838
0.00109213
0.00110202
0.00111355
0.00112684
0.00114204
0.00115932
0.00117893
0.00120118
0.00122646
0.00125526
0.00128821
0.00132603
0.00136955
0.00141968
0.00147731
0.0015432
0.00161777
0.00170084
0.00179125
0.00188657
0.00198274
0.00207393
0.00215474
0.002211
0.00222962
0.00223161
0.00221633
0.00220569
0.00222781
0.0023021
0.00246401
0.00277431
0.00300284
0.00303768
0.00268168
0.00186316
0.000881586
0.000131916
0.00029461
0.00130894
0.0018018
0.0020584
0.00217661
0.00220803
0.00218266
0.00210694
0.00200133
0.00187034
0.00173013
0.00159283
0.00146874
0.0013637
0.00127898
0.00121279
0.00116221
0.00112438
0.00109692
0.00107777
0.00106507
0.00105715
0.00105246
0.00104968
0.00104776
0.00104613
0.00104449
0.00104262
0.0010404
0.00103791
0.0010353
0.00103276
0.00103049
0.0010287
0.00102769
0.00102735
0.00102787
0.00102957
0.00103247
0.00103663
0.00104212
0.00104902
0.00105737
0.00106726
0.00107874
0.00109192
0.00110691
0.00112385
0.00114296
0.00116449
0.0011888
0.00121635
0.00124771
0.00128361
0.00132491
0.00137263
0.00142787
0.00149177
0.00156529
0.00164896
0.00174258
0.0018447
0.00195218
0.00205977
0.00215993
0.00224669
0.00229436
0.00230701
0.00229902
0.00226646
0.00224997
0.00227775
0.00236851
0.00258603
0.00290162
0.00303047
0.00285429
0.00209113
0.000997531
0.000150557
0.000311926
0.0013677
0.00186753
0.00211912
0.00222526
0.00224404
0.0021971
0.00209899
0.00196829
0.00182034
0.00167016
0.00152987
0.00140797
0.00130799
0.0012293
0.00116907
0.00112397
0.00109103
0.00106773
0.00105189
0.00104157
0.00103503
0.00103081
0.00102777
0.00102511
0.00102244
0.00101954
0.00101634
0.00101284
0.00100921
0.00100563
0.0010023
0.000999426
0.000997172
0.000995853
0.000995364
0.000995669
0.000997276
0.00100011
0.00100424
0.0010097
0.00101657
0.00102488
0.00103471
0.00104611
0.00105916
0.00107396
0.00109062
0.00110933
0.0011303
0.00115384
0.00118034
0.00121033
0.00124447
0.00128361
0.00132877
0.00138117
0.00144216
0.00151312
0.00159523
0.00168917
0.0017946
0.00190961
0.00203014
0.00214943
0.0022579
0.00234381
0.00237876
0.0023838
0.00235708
0.00230747
0.00228694
0.0023293
0.00245275
0.00274134
0.00294232
0.00293596
0.00231661
0.00113589
0.000173377
0.000326171
0.0014163
0.00191848
0.00216399
0.00225853
0.0022654
0.00219709
0.00207993
0.00192979
0.00176868
0.00161202
0.00147126
0.00135288
0.00125832
0.00118548
0.00113078
0.00109063
0.00106194
0.00104207
0.00102876
0.00102001
0.00101417
0.0010099
0.00100627
0.00100272
0.000998978
0.000994938
0.000990624
0.000986151
0.000981697
0.000977455
0.000973611
0.000970337
0.000967781
0.000966222
0.000965611
0.000965717
0.000967159
0.000969842
0.000973819
0.000979133
0.000985838
0.000993995
0.00100366
0.00101489
0.00102776
0.00104236
0.00105878
0.00107719
0.00109775
0.00112073
0.00114647
0.00117541
0.00120815
0.00124545
0.00128829
0.00133789
0.0013957
0.00146334
0.00154248
0.00163453
0.00174023
0.00185898
0.00198813
0.00212217
0.0022523
0.00236623
0.00244197
0.00246356
0.00245422
0.0024
0.00233948
0.00232356
0.00238924
0.00258791
0.00287368
0.00295749
0.00253366
0.00130823
0.000203194
0.000337276
0.00145474
0.00195525
0.00219388
0.00227843
0.00227413
0.00219023
0.00205298
0.00188796
0.00171717
0.00155683
0.00141735
0.00130326
0.00121416
0.00114683
0.00109718
0.00106141
0.00103631
0.00101917
0.00100767
0.000999879
0.000994238
0.000989616
0.00098528
0.000980832
0.000976122
0.000971143
0.000965987
0.000960805
0.000955776
0.000951077
0.000946869
0.000943295
0.00094048
0.000938621
0.000937794
0.00093768
0.000938799
0.000941175
0.000944836
0.00094983
0.000956214
0.000964059
0.000973426
0.000984381
0.000996997
0.00101135
0.00102755
0.00104572
0.00106601
0.00108864
0.00111388
0.00114213
0.00117387
0.00120979
0.00125077
0.00129795
0.00135277
0.00141696
0.00149246
0.00158125
0.00168499
0.00180436
0.00193825
0.00208279
0.00223047
0.00236964
0.00248375
0.00253687
0.00254604
0.00250921
0.00241998
0.00236455
0.00236704
0.00247857
0.00276155
0.00292123
0.00271574
0.0015109
0.000239922
0.00034512
0.00148307
0.00197864
0.00220985
0.00228669
0.0022715
0.00217381
0.00202132
0.00184464
0.0016671
0.00150522
0.00136819
0.00125873
0.00117494
0.0011127
0.00106757
0.00103559
0.00101346
0.000998426
0.000988182
0.000980885
0.000975149
0.000970032
0.000964977
0.000959727
0.000954224
0.000948523
0.00094275
0.00093706
0.000931615
0.000926565
0.000922043
0.000918166
0.000915039
0.000912762
0.000911545
0.000911163
0.000911774
0.00091366
0.000916824
0.00092132
0.000927214
0.000934588
0.000943517
0.000954076
0.000966345
0.000980409
0.000996365
0.00101433
0.00103443
0.00105686
0.00108185
0.0011097
0.00114085
0.00117586
0.00121551
0.00126081
0.00131312
0.00137414
0.00144593
0.00153083
0.00163118
0.00174879
0.00188409
0.00203506
0.0021959
0.00235606
0.00249966
0.00259904
0.00262924
0.00261605
0.00253679
0.00242155
0.00237662
0.00242788
0.00263737
0.00284658
0.00281665
0.00172771
0.000280032
0.000349827
0.00150193
0.00198965
0.00221298
0.00228453
0.00226137
0.00215016
0.00198644
0.00180116
0.00161932
0.00145748
0.00132364
0.00121889
0.0011401
0.00108251
0.00104137
0.00101263
0.000992903
0.000979441
0.000970012
0.000962908
0.000956917
0.000951274
0.000945572
0.000939658
0.000933536
0.000927296
0.000921068
0.000914993
0.000909205
0.000903826
0.000898962
0.000894708
0.000891156
0.000888386
0.000886569
0.000885783
0.000885755
0.000886969
0.000889461
0.000893294
0.000898541
0.000905297
0.000913653
0.000923699
0.000935524
0.000949223
0.000964896
0.000982653
0.00100262
0.00102496
0.00104985
0.00107757
0.00110846
0.00114298
0.0011818
0.00122581
0.0012762
0.00133459
0.00140301
0.00148396
0.00158022
0.00169448
0.00182859
0.0019824
0.00215229
0.00232974
0.00250039
0.00264032
0.00270533
0.00271496
0.00265856
0.00252592
0.00242205
0.00241
0.00253698
0.00279632
0.00285295
0.00196245
0.000324722
0.000350767
0.00151145
0.00198949
0.00220821
0.00227518
0.00224175
0.00212168
0.0019497
0.00175852
0.00157435
0.0014137
0.00128344
0.00118329
0.00110914
0.00105572
0.00101808
0.000992049
0.000974243
0.000961939
0.000953017
0.000945921
0.000939612
0.00093348
0.000927233
0.000920793
0.0009142
0.000907551
0.000900964
0.000894556
0.000888434
0.000882692
0.000877417
0.000872693
0.000868603
0.000865235
0.000862686
0.000861136
0.000860556
0.000860925
0.000862593
0.00086562
0.000870086
0.000876099
0.000883764
0.000893187
0.000904473
0.000917728
0.00093306
0.000950583
0.000970421
0.000992713
0.00101763
0.00104539
0.00107626
0.00111065
0.00114909
0.00119233
0.00124142
0.00129781
0.00136342
0.00144075
0.00153279
0.00164286
0.00177392
0.00192758
0.00210239
0.00229206
0.00248375
0.00265709
0.00277073
0.00280408
0.00277653
0.00265459
0.00248486
0.00241688
0.00247483
0.00272313
0.00285498
0.0021954
0.000370741
0.000349545
0.00151431
0.00198384
0.00219502
0.00225615
0.00221606
0.00208969
0.00191218
0.00171742
0.0015325
0.00137384
0.00124731
0.00115153
0.00108162
0.00103191
0.000997276
0.000973507
0.000957215
0.000945751
0.000937124
0.000929938
0.000923309
0.000916753
0.000910066
0.000903215
0.000896255
0.000889274
0.00088237
0.000875633
0.000869144
0.000862978
0.000857208
0.000851914
0.000847178
0.000843094
0.000839762
0.000837286
0.000835907
0.000835504
0.000836217
0.000838324
0.000841906
0.000847075
0.000853953
0.00086266
0.000873318
0.000886046
0.000900966
0.000918201
0.000937878
0.000960133
0.000985119
0.00101302
0.00104406
0.00107857
0.00111697
0.0011599
0.00120825
0.00126327
0.00132672
0.00140098
0.00148909
0.00159469
0.00172163
0.00187299
0.00204957
0.00224768
0.0024571
0.00265974
0.00282023
0.00288522
0.00288673
0.00278845
0.00259467
0.00245934
0.0024514
0.00262721
0.00280186
0.00239848
0.000412429
0.000346292
0.00151224
0.00196989
0.00217303
0.00223029
0.00218556
0.0020553
0.0018747
0.00167833
0.00149393
0.00133776
0.00121494
0.00112323
0.00105714
0.00101068
0.000978635
0.000956731
0.000941627
0.000930768
0.000922301
0.000914981
0.000908058
0.000901149
0.000894111
0.000886933
0.000879669
0.000872391
0.000865172
0.000858079
0.000851173
0.000844515
0.000838173
0.000832225
0.000826759
0.000821874
0.000817683
0.000814303
0.000811871
0.000810669
0.000810456
0.000811557
0.000814184
0.00081844
0.000824459
0.000832375
0.000842324
0.000854446
0.000868875
0.00088575
0.000905208
0.000927388
0.000952438
0.00098052
0.00101183
0.00104663
0.00108526
0.00112824
0.0011763
0.00123052
0.00129245
0.00136429
0.00144897
0.00155026
0.00167256
0.00182014
0.00199575
0.00219828
0.00241998
0.00264415
0.00284455
0.00295957
0.00298557
0.00291912
0.00272835
0.00251196
0.00244746
0.00256702
0.00275593
0.00255577
0.000445375
0.000341107
0.00150594
0.00194862
0.00214496
0.00219906
0.0021514
0.00201943
0.00183786
0.00164157
0.00145865
0.00130528
0.00118606
0.00109806
0.00103536
0.000991747
0.000961887
0.000941514
0.000927338
0.000916913
0.000908522
0.000901056
0.000893878
0.000886679
0.000879353
0.0008719
0.000864362
0.000856792
0.00084924
0.000841753
0.000834379
0.000827172
0.000820199
0.000813541
0.000807292
0.000801563
0.000796475
0.000792157
0.000788745
0.000786466
0.000785484
0.000785558
0.000787191
0.000790495
0.000795608
0.000802678
0.000811856
0.000823296
0.000837153
0.000853583
0.000872739
0.000894774
0.000919838
0.000948088
0.000979698
0.00101488
0.00105391
0.0010972
0.00114534
0.00119924
0.00126024
0.00133029
0.00141217
0.00150958
0.00162719
0.00177016
0.00194295
0.00214709
0.00237801
0.00262172
0.00285242
0.00301978
0.00307632
0.00304483
0.00287347
0.00260387
0.00246844
0.00251107
0.002712
0.00264706
0.000464059
0.000333991
0.00149403
0.00192236
0.00211205
0.00216363
0.0021146
0.00198279
0.00180212
0.00160732
0.00142663
0.00127623
0.00116037
0.00107572
0.001016
0.000974832
0.000946815
0.000927691
0.00091424
0.000904126
0.00089576
0.000888152
0.000880753
0.00087331
0.000865739
0.000858037
0.000850233
0.00084236
0.000834449
0.000826534
0.000818654
0.000810861
0.000803224
0.000795831
0.000788785
0.000782206
0.000776225
0.000770985
0.000766632
0.000763322
0.000761331
0.000760631
0.00076125
0.000763588
0.000767777
0.000773968
0.000782326
0.000793021
0.000806227
0.000822121
0.000840877
0.000862668
0.00088766
0.000916013
0.000947893
0.00098348
0.001023
0.00106677
0.00111527
0.00116924
0.0012298
0.00129867
0.00137838
0.00147246
0.00158564
0.00172362
0.00189219
0.00209522
0.00233138
0.00259025
0.0028494
0.00306475
0.0031588
0.00316002
0.00301293
0.00273049
0.00250751
0.00248387
0.00266979
0.00268929
0.000471896
0.000325501
0.00147907
0.00189224
0.00207543
0.00212507
0.00207599
0.00194598
0.00176779
0.00157565
0.00139778
0.0012504
0.00113765
0.00105594
0.000998802
0.000959717
0.000933237
0.000915126
0.000902238
0.000892345
0.000883973
0.000876231
0.000868641
0.000860985
0.000853191
0.00084525
0.000837176
0.000828984
0.000820693
0.000812327
0.00080392
0.000795528
0.000787225
0.000779105
0.000771281
0.000763883
0.000757049
0.00075093
0.00074568
0.000741458
0.000738431
0.000736937
0.00073669
0.000738076
0.000741348
0.000746652
0.000754162
0.000764062
0.000776545
0.000791811
0.00081006
0.000831492
0.000856295
0.000884648
0.00091672
0.000952678
0.000992712
0.00103707
0.00108611
0.00114043
0.00120097
0.00126918
0.00134732
0.00143869
0.0015479
0.0016809
0.00184446
0.00204445
0.00228256
0.00255169
0.00283151
0.00308696
0.0032358
0.00326634
0.00315518
0.00287224
0.00256413
0.00247374
0.00262457
0.00270336
0.000473986
0.000315954
0.00146175
0.00185927
0.00203609
0.0020843
0.00203629
0.00190946
0.00173507
0.00154657
0.00137197
0.00122759
0.00111765
0.0010385
0.000983556
0.000946215
0.000921
0.000903701
0.000891247
0.000881508
0.000873109
0.000865241
0.000857477
0.000849627
0.000841621
0.000833442
0.000825091
0.00081657
0.000807887
0.000799063
0.000790133
0.000781155
0.00077221
0.000763401
0.00075485
0.000746692
0.000739075
0.000732153
0.000726085
0.000721029
0.000717141
0.00071472
0.0007138
0.00071429
0.000716677
0.00072111
0.000727764
0.000736836
0.000748537
0.000763091
0.000780726
0.000801672
0.000826152
0.000854373
0.00088652
0.000922765
0.000963274
0.00100824
0.00105794
0.00111283
0.00117365
0.00124165
0.00131877
0.00140803
0.00151382
0.00164211
0.00180031
0.00199595
0.00223367
0.00251029
0.00280904
0.00309531
0.00329921
0.00336355
0.00329107
0.0030224
0.00265075
0.00248187
0.00256706
0.00270548
0.000473577
0.000305484
0.00144286
0.00182435
0.00199491
0.00204212
0.0019961
0.00187357
0.0017041
0.00152004
0.00134905
0.00120762
0.00110018
0.0010232
0.000970073
0.000934162
0.000909968
0.000893312
0.000881185
0.000871547
0.000863106
0.000855116
0.00084719
0.000839155
0.000830941
0.000822523
0.000813891
0.000805038
0.000795968
0.000786698
0.000777267
0.000767741
0.000758205
0.00074877
0.000739566
0.000730734
0.000722427
0.000714803
0.00070802
0.00070224
0.000697621
0.000694346
0.000692746
0.000692511
0.000694066
0.000697663
0.000703475
0.000711707
0.000722584
0.000736353
0.000753273
0.00077361
0.000797625
0.000825563
0.000857642
0.000894051
0.000934952
0.000980503
0.00103091
0.0010865
0.00114786
0.00121599
0.00129257
0.00138029
0.00148322
0.00160722
0.00176
0.00195031
0.00218538
0.00246598
0.00277979
0.00309606
0.00335069
0.00345325
0.00341999
0.00317006
0.00276576
0.0025095
0.00252696
0.00268417
0.00046776
0.000294765
0.00142301
0.00178828
0.00195264
0.0019992
0.00195591
0.00183858
0.00167493
0.00149598
0.00132888
0.0011903
0.00108506
0.00100986
0.000958196
0.000923419
0.000900026
0.00088386
0.000871972
0.000862392
0.000853895
0.000845784
0.000837703
0.000829488
0.000821069
0.000812414
0.000803505
0.000794329
0.000784889
0.000775204
0.000765317
0.000755298
0.000745241
0.000735264
0.0007255
0.000716098
0.000707212
0.000699
0.000691622
0.000685234
0.000679993
0.000676051
0.000673722
0.000672937
0.000673736
0.000676555
0.000681559
0.000688957
0.000698988
0.000711919
0.000728038
0.00074765
0.00077106
0.00079856
0.000830413
0.000866839
0.000908014
0.00095408
0.00100519
0.00106156
0.00112362
0.00119217
0.00126861
0.00135529
0.00145594
0.00157615
0.00172369
0.00190817
0.00213895
0.00242047
0.00274481
0.00308436
0.00338757
0.00353632
0.00354104
0.00332008
0.00290018
0.0025422
0.00249251
0.00264762
0.000458658
0.000283106
0.00140296
0.00175179
0.00190995
0.00195614
0.0019161
0.00180469
0.00164759
0.00147427
0.00131129
0.00117548
0.00107212
0.000998337
0.000947787
0.000913866
0.000891069
0.000875259
0.000863532
0.000853971
0.000845405
0.000837174
0.000828941
0.000820551
0.000811932
0.000803047
0.000793873
0.000784397
0.00077462
0.000764565
0.00075428
0.000743842
0.000733349
0.000722926
0.000712709
0.00070285
0.000693504
0.000684828
0.00067698
0.00067011
0.000664368
0.000659899
0.000656932
0.000655659
0.00065582
0.000657935
0.000662183
0.000668774
0.000677957
0.000690017
0.000705271
0.000724061
0.000746739
0.000773652
0.000805117
0.000841403
0.000882712
0.00092919
0.000980949
0.00103813
0.00110102
0.00117021
0.00124683
0.00133291
0.00143181
0.00154876
0.00169141
0.00186985
0.00209521
0.00237536
0.00270718
0.00306733
0.00340674
0.0036138
0.00365305
0.00346851
0.00304574
0.00259816
0.00247041
0.00260064
0.000447633
0.000272926
0.00138226
0.0017154
0.00186737
0.00191338
0.001877
0.00177204
0.00162205
0.0014548
0.00129613
0.001163
0.00106123
0.000988504
0.000938735
0.0009054
0.000883006
0.000867428
0.00085579
0.000846215
0.000837569
0.000829217
0.000820837
0.000812278
0.000803468
0.000794368
0.000784953
0.000775208
0.000765139
0.000754772
0.000744161
0.000733385
0.000722552
0.000711785
0.000701228
0.000691029
0.000681345
0.00067233
0.000664137
0.00065691
0.000650794
0.000645926
0.000642451
0.000640685
0.000640371
0.000641861
0.000645415
0.000651242
0.000659597
0.000670776
0.000685124
0.000703018
0.00072486
0.000751054
0.00078198
0.000817966
0.000859263
0.000906034
0.000958372
0.00101635
0.00108014
0.00115013
0.00122721
0.00131308
0.0014107
0.00152492
0.0016631
0.00183553
0.00205463
0.00233136
0.0026674
0.00304444
0.00341566
0.00368029
0.00375814
0.00361421
0.00319543
0.00267257
0.0024595
0.00254486
0.000435206
0.000264296
0.00135952
0.00167937
0.00182534
0.00187134
0.00183887
0.00174071
0.00159826
0.00143744
0.00128326
0.00115272
0.00105228
0.000980262
0.000930949
0.000897939
0.000875761
0.000860296
0.00084868
0.00083906
0.000830322
0.00082185
0.000813329
0.000804612
0.000795627
0.000786333
0.000776707
0.000766737
0.00075643
0.000745817
0.000734957
0.000723934
0.000712857
0.000701854
0.000691066
0.000680644
0.000670741
0.000661506
0.000653086
0.00064562
0.000639241
0.000634077
0.000630251
0.000628032
0.000627342
0.000628295
0.000631229
0.000636349
0.00064391
0.000654222
0.000667649
0.000684602
0.00070553
0.000730898
0.000761155
0.000796697
0.000837836
0.000884773
0.000937602
0.00099635
0.00106107
0.00113199
0.00120975
0.00129573
0.00139251
0.00150449
0.00163866
0.00180526
0.00201762
0.00228931
0.00262677
0.00301738
0.00341811
0.00373697
0.00385633
0.00375574
0.00334711
0.00277014
0.00245597
0.00248506
0.000422828
0.000256055
0.00133532
0.00164385
0.00178423
0.00183035
0.00180191
0.00171078
0.00157615
0.00142208
0.00127253
0.00114453
0.00104517
0.000973537
0.000924361
0.000891417
0.000869272
0.000853802
0.000842143
0.000832446
0.000823608
0.000815017
0.000806366
0.000797505
0.000788365
0.000778907
0.000769108
0.000758961
0.000748477
0.00073769
0.000726663
0.000715483
0.00070426
0.000693123
0.000682212
0.000671676
0.000661662
0.000652316
0.000643778
0.000636178
0.000629639
0.000624278
0.000620209
0.000617629
0.000616619
0.000617126
0.000619517
0.000623994
0.000630812
0.000640289
0.000652804
0.000668799
0.000688769
0.000713235
0.000742719
0.000777696
0.000818548
0.000865531
0.000918757
0.000978222
0.00104389
0.00111583
0.00119444
0.00128081
0.00137712
0.00148733
0.00161796
0.00177904
0.0019844
0.00224974
0.00258599
0.0029866
0.00341356
0.00378311
0.00394793
0.00389177
0.00349754
0.00288865
0.00246149
0.00242312
0.000411155
0.000247795
0.00131006
0.00160918
0.00174415
0.00179066
0.00176629
0.00168227
0.00155566
0.00140858
0.00126381
0.0011383
0.00103982
0.000968273
0.000918925
0.000885791
0.000863492
0.000847898
0.000836128
0.000826324
0.000817376
0.000808672
0.000799901
0.000790916
0.000781647
0.000772059
0.000762132
0.000751861
0.000741264
0.000730376
0.000719264
0.000708014
0.000696739
0.000685564
0.000674629
0.000664077
0.000654051
0.000644691
0.000636127
0.000628484
0.000621873
0.000616403
0.000612175
0.000609328
0.000608042
0.000608186
0.000610108
0.00061401
0.000620145
0.000628834
0.00064047
0.00065552
0.000674516
0.000698039
0.000726682
0.000761
0.00080146
0.000848382
0.000901916
0.000962046
0.00102866
0.00110168
0.00118131
0.0012683
0.00136447
0.00147332
0.00160089
0.0017568
0.0019551
0.00221315
0.00254593
0.0029531
0.00340212
0.003818
0.00403446
0.00402269
0.00365163
0.0030165
0.00248353
0.00236526
0.000401315
0.000239422
0.0012839
0.00157554
0.00170549
0.00175224
0.00173212
0.0016552
0.00153671
0.00139681
0.00125698
0.00113397
0.00103619
0.000964456
0.000914629
0.00088104
0.000858393
0.00084255
0.000830598
0.000820652
0.000811585
0.000802772
0.000793897
0.000784811
0.000775445
0.000765765
0.000755756
0.000745418
0.000734771
0.000723855
0.000712734
0.000701499
0.000690257
0.000679133
0.000668261
0.00065778
0.000647826
0.000638532
0.000630022
0.000622409
0.0006158
0.00061029
0.000605973
0.000602947
0.00060141
0.000601268
0.00060279
0.000606183
0.0006117
0.000619661
0.000630468
0.000644607
0.000662647
0.000685219
0.000712986
0.000746587
0.000786577
0.000833356
0.000887124
0.000947869
0.00101542
0.00108959
0.00117034
0.00125817
0.00135448
0.00146234
0.00158728
0.00173843
0.00192976
0.00217984
0.00250728
0.0029181
0.00338658
0.00384059
0.0041172
0.00414683
0.00380607
0.0031515
0.00251828
0.0023118
0.000393156
0.000230981
0.00125706
0.00154302
0.0016684
0.00171522
0.00169929
0.00162973
0.00151926
0.00138665
0.00125187
0.00113133
0.00103421
0.000961985
0.000911444
0.000877156
0.000853966
0.000837738
0.000825525
0.000815399
0.000806201
0.000797285
0.000788324
0.000779162
0.000769731
0.00076
0.000749958
0.000739608
0.000728974
0.000718097
0.000707043
0.000695897
0.000684766
0.00067377
0.000663036
0.000652699
0.000642887
0.000633725
0.00062533
0.000617808
0.000611254
0.000605758
0.000601403
0.000598273
0.00059652
0.000596145
0.000597326
0.000600275
0.00060524
0.00061254
0.000622581
0.000635866
0.000652991
0.000674635
0.000701527
0.000734388
0.000773864
0.000820443
0.000874388
0.000935709
0.0010042
0.00107954
0.00116154
0.00125037
0.00134708
0.00145427
0.001577
0.00172378
0.00190833
0.00214999
0.00247043
0.00288182
0.00336591
0.00385499
0.00419253
0.00426599
0.00396159
0.00329201
0.00256727
0.00226471
0.000387124
0.000222559
0.00122972
0.00151169
0.00163299
0.00167981
0.00166788
0.00160577
0.00150326
0.00137801
0.00124853
0.00113096
0.00103436
0.000961375
0.000909474
0.000874172
0.000850221
0.000833463
0.000820898
0.000810545
0.000801199
0.000792185
0.000783154
0.000773944
0.000764482
0.000754741
0.000744714
0.000734407
0.000723845
0.00071307
0.000702146
0.000691158
0.000680205
0.000669402
0.000658871
0.000648736
0.000639122
0.000630145
0.000621912
0.000614523
0.000608066
0.000602622
0.000598268
0.000595079
0.000593162
0.000592585
0.000593479
0.000596039
0.000600516
0.000607226
0.000616575
0.000629075
0.00064535
0.000666117
0.000692165
0.000724297
0.000763249
0.0008096
0.00086369
0.000925562
0.00099498
0.00107154
0.00115486
0.00124486
0.00134237
0.00144928
0.0015699
0.00171271
0.00189074
0.00212372
0.00243584
0.00284516
0.00334137
0.00386163
0.00425967
0.00437985
0.00411667
0.00343589
0.00263
0.00222437
0.000383909
0.000214186
0.00120185
0.00148151
0.00159934
0.00164614
0.00163796
0.00158325
0.00148861
0.00137076
0.00124662
0.00113172
0.00103552
0.00096194
0.000908977
0.000872197
0.00084721
0.000829745
0.000816721
0.000806083
0.000796566
0.000787452
0.000778368
0.000769134
0.000759676
0.000749966
0.000739998
0.000729784
0.000719347
0.000708731
0.000697997
0.000687223
0.000676505
0.000665949
0.000655671
0.000645789
0.000636415
0.000627661
0.000619626
0.000612402
0.000606069
0.000600703
0.000596374
0.000593156
0.000591128
0.00059038
0.000591023
0.000593236
0.000597284
0.000603479
0.000612213
0.000624011
0.000639516
0.000659477
0.000684741
0.000716185
0.000754634
0.000800761
0.000854987
0.000917403
0.000987753
0.00106556
0.00115029
0.00124179
0.00134023
0.00144713
0.00156624
0.00170501
0.00187685
0.00210103
0.00240377
0.00280865
0.0033139
0.00386344
0.00431897
0.0044886
0.00427141
0.00358178
0.00270758
0.00219057
0.00038271
0.000205925
0.0011735
0.00145246
0.0015675
0.0016143
0.00160956
0.00156211
0.00147527
0.00136488
0.0012465
0.00113389
0.00103827
0.0009637
0.000909488
0.000871341
0.000845026
0.000826641
0.000813022
0.000802021
0.000792297
0.000783076
0.000773948
0.000764714
0.000755291
0.000745649
0.000735783
0.000725706
0.000715443
0.000705035
0.000694538
0.000684027
0.000673589
0.000663326
0.000653342
0.000643748
0.00063465
0.000626149
0.000618336
0.000611295
0.000605102
0.000599828
0.000595539
0.000592309
0.000590222
0.000589361
0.000589811
0.000591712
0.000595377
0.000601093
0.000609274
0.000620454
0.000635286
0.00065453
0.000679093
0.000709918
0.000747912
0.000793843
0.000848221
0.000911195
0.000982483
0.00106165
0.001148
0.00124069
0.00133977
0.00144678
0.00156507
0.00170091
0.00186651
0.00208186
0.00237435
0.00277257
0.00328358
0.00385961
0.00436978
0.00459243
0.0044254
0.00373532
0.00279333
0.00216407
0.000383081
0.000197853
0.00114477
0.0014244
0.00153747
0.00158435
0.00158273
0.00154233
0.00146311
0.00136015
0.00124722
0.00113796
0.00104297
0.000967324
0.000911146
0.000871592
0.0008437
0.000824206
0.000809846
0.000798386
0.000788403
0.000779054
0.000769884
0.000760668
0.000751307
0.000741765
0.000732038
0.000722138
0.000712088
0.000701927
0.000691708
0.000681499
0.000671381
0.000661446
0.000651791
0.000642516
0.000633718
0.00062549
0.000617915
0.000611067
0.000605018
0.000599837
0.000595591
0.000592354
0.000590207
0.000589241
0.00058954
0.000591201
0.000594594
0.000599936
0.000607647
0.000618269
0.000632476
0.000651097
0.000675058
0.000705358
0.000742975
0.000788761
0.000843317
0.000906889
0.000979287
0.00105985
0.00114737
0.00124132
0.0013416
0.00144897
0.00156623
0.00169953
0.00185936
0.00206609
0.00234769
0.0027372
0.00325056
0.00384924
0.00441152
0.00469125
0.00457763
0.00389323
0.00289077
0.00214559
0.000387395
0.000190028
0.00111573
0.00139716
0.00150914
0.00155623
0.00155758
0.00152365
0.00145215
0.00135649
0.00124917
0.00114344
0.00104933
0.000972688
0.000914578
0.000872804
0.000843628
0.000822599
0.000807273
0.000795227
0.00078491
0.000775398
0.000766177
0.000756985
0.000747704
0.000738288
0.000728729
0.000719037
0.000709234
0.000699355
0.000689449
0.000679575
0.000669807
0.000660227
0.000650926
0.000641992
0.000633512
0.000625547
0.000618175
0.000611498
0.000605591
0.000600521
0.000596349
0.000593135
0.000590951
0.000589894
0.000590059
0.000591476
0.000594582
0.000599652
0.000607056
0.000617298
0.000631043
0.000649152
0.000672609
0.000702468
0.0007398
0.000785557
0.00084041
0.000904654
0.000978003
0.00105954
0.00114859
0.00124419
0.00134573
0.00145361
0.00157011
0.00170065
0.00185579
0.00205364
0.00232382
0.0027029
0.0032156
0.00383458
0.00444355
0.00478546
0.0047278
0.00405676
0.00299797
0.00213655
0.000394055
0.000182314
0.00108593
0.0013708
0.00148255
0.00152998
0.0015342
0.00150602
0.00144228
0.00135388
0.00125256
0.00115039
0.00105737
0.000979824
0.000919717
0.000875549
0.000844316
0.00082199
0.000805434
0.00079262
0.000781862
0.000772128
0.00076283
0.000753658
0.000744466
0.000735194
0.000725827
0.000716369
0.00070684
0.00069727
0.000687701
0.000678185
0.000668787
0.000659584
0.000650656
0.000642053
0.000633833
0.000626121
0.000619013
0.00061256
0.000606826
0.000601872
0.000597758
0.000594554
0.000592335
0.000591202
0.000591268
0.000592487
0.000595345
0.000600141
0.000607228
0.00061715
0.0006306
0.000648416
0.000671563
0.000701143
0.000738319
0.000784117
0.000839253
0.000903953
0.000978101
0.00106111
0.00115184
0.00124907
0.00135192
0.00146043
0.00157638
0.00170453
0.00185471
0.00204413
0.00230266
0.00266974
0.00317845
0.00381344
0.00446675
0.00487551
0.00487476
0.00422518
0.00311584
0.00213339
0.00040404
0.000174643
0.00105502
0.0013452
0.00145758
0.00150553
0.00151254
0.00148951
0.00143339
0.0013522
0.00125702
0.00115873
0.0010671
0.000988813
0.000926682
0.000880055
0.000846257
0.000822345
0.000804491
0.000790694
0.000779345
0.000769297
0.00075987
0.000750697
0.000741591
0.000732471
0.000723309
0.000714102
0.000704864
0.000695619
0.000686402
0.000677259
0.000668248
0.000659435
0.000650835
0.000642536
0.000634664
0.000627269
0.000620412
0.000614161
0.000608582
0.000603735
0.000599683
0.000596495
0.000594252
0.00059306
0.000593053
0.000594122
0.000596781
0.000601375
0.000608226
0.00061788
0.000631033
0.000648545
0.000671447
0.000700875
0.000737991
0.000783871
0.000839337
0.000904822
0.000980151
0.00106459
0.00115694
0.0012558
0.00136003
0.00146926
0.0015848
0.00171075
0.00185601
0.0020374
0.00228416
0.00263797
0.00313978
0.00378649
0.00447816
0.00496191
0.00501751
0.00439916
0.00324426
0.00213836
0.000417677
0.00016696
0.00102269
0.00132016
0.00143419
0.00148292
0.00149255
0.00147415
0.00142539
0.00135133
0.00126241
0.00116836
0.00107848
0.000999728
0.000935635
0.000886417
0.000850073
0.000823753
0.00080464
0.000789638
0.000777492
0.000766995
0.000757358
0.000748135
0.000739092
0.000730114
0.000721156
0.000712205
0.000703264
0.000694352
0.000685496
0.000676736
0.000668121
0.000659646
0.000651407
0.000643495
0.000635949
0.00062884
0.000622229
0.000616181
0.000610759
0.000606023
0.000602038
0.000598875
0.000596621
0.00059539
0.00059533
0.000596299
0.000598811
0.000603267
0.000609968
0.000619462
0.000632455
0.00064982
0.000672603
0.000701977
0.000739168
0.000785316
0.000841308
0.000907592
0.000984027
0.00106985
0.00116378
0.00126426
0.00136987
0.0014799
0.00159515
0.00171911
0.00185993
0.00203348
0.00226815
0.00260762
0.00309999
0.00375513
0.00448245
0.00503935
0.00515673
0.00457813
0.00338348
0.00215549
0.00043528
0.000159227
0.000988704
0.00129538
0.00141223
0.00146211
0.00147421
0.00145994
0.00141822
0.00135136
0.0012687
0.00117919
0.00109149
0.00101262
0.000946728
0.000894862
0.000855735
0.000826849
0.000805697
0.000789702
0.000776527
0.000765366
0.000755385
0.00074603
0.000736998
0.000728134
0.000719364
0.000710659
0.000702012
0.000693432
0.000684939
0.000676565
0.000668298
0.000660204
0.000652359
0.000644797
0.000637574
0.000630751
0.000624388
0.000618545
0.000613282
0.000608663
0.000604753
0.000601628
0.000599379
0.000598131
0.000598048
0.000598957
0.000601377
0.000605761
0.000612395
0.000621833
0.000634789
0.00065215
0.000674975
0.000704468
0.000741887
0.000788421
0.000845003
0.000912119
0.000989654
0.00107683
0.00117229
0.00127434
0.00138131
0.00149214
0.00160716
0.00172927
0.00186582
0.00203182
0.00225429
0.00257856
0.00305904
0.00371919
0.00448204
0.00510832
0.00529094
0.00476136
0.00353312
0.00218121
0.000457022
0.000151451
0.000953045
0.0012708
0.00139164
0.00144305
0.00145753
0.00144692
0.00141181
0.00135176
0.00127567
0.00119108
0.00110605
0.00102751
0.000960093
0.000905621
0.000863556
0.000831934
0.000808301
0.000790606
0.000776626
0.000764668
0.000754116
0.000744489
0.000735379
0.000726571
0.000717952
0.000709469
0.000701099
0.00069284
0.000684705
0.000676678
0.000668774
0.000661074
0.000653595
0.000646379
0.000639477
0.000632941
0.000626826
0.000621191
0.000616095
0.000611601
0.000607779
0.000604707
0.000602485
0.000601247
0.000601177
0.000602064
0.000604451
0.000608832
0.000615484
0.000624969
0.000638009
0.000655502
0.000678522
0.000708288
0.000746083
0.000793125
0.00085038
0.000918368
0.000996993
0.00108547
0.00118238
0.0012859
0.00139416
0.00150576
0.00162059
0.00174093
0.00187327
0.00203156
0.00224224
0.00255067
0.00301685
0.00367761
0.00447025
0.00516704
0.0054194
0.00494799
0.00369364
0.00221909
0.000483568
0.000143634
0.000915672
0.0012459
0.00137216
0.00142563
0.00144249
0.00143513
0.00140616
0.00135272
0.0012832
0.00120387
0.00112203
0.00104437
0.000975827
0.000918911
0.000873839
0.000839245
0.00081303
0.000793014
0.000777584
0.000764919
0.000753845
0.000743756
0.000734392
0.00072553
0.000716991
0.000708681
0.000700554
0.000692601
0.000684778
0.000677057
0.000669535
0.000662198
0.000655074
0.000648198
0.000641612
0.000635361
0.000629498
0.000624077
0.000619156
0.0006148
0.000611082
0.000608085
0.000605917
0.000604723
0.000604702
0.000605609
0.000608032
0.000612485
0.000619243
0.000628881
0.000642128
0.000659892
0.000683256
0.000713449
0.000751764
0.000799434
0.000857444
0.000926332
0.00100602
0.00109571
0.00119395
0.00129882
0.00140824
0.00152053
0.00163515
0.00175377
0.00188209
0.00203296
0.00223182
0.00252381
0.0029737
0.00363167
0.00445122
0.00521576
0.00554141
0.00513728
0.00386434
0.00226773
0.000515003
0.000135758
0.0008765
0.00122022
0.0013536
0.00140979
0.00142901
0.00142453
0.00140121
0.00135427
0.0012912
0.00121741
0.00113928
0.00106312
0.000993974
0.000934918
0.000886886
0.000849158
0.000820069
0.000797661
0.000780103
0.000766136
0.000754353
0.000743909
0.00073431
0.000725275
0.000716693
0.00070846
0.000700502
0.000692726
0.000685125
0.000677746
0.000670556
0.00066356
0.000656776
0.000650229
0.000643953
0.000637987
0.000632377
0.000627177
0.000622444
0.000618243
0.00061465
0.000611756
0.000609675
0.000608572
0.000608625
0.000609611
0.000612147
0.000616753
0.000623713
0.000633613
0.000647195
0.000665372
0.000689231
0.000720001
0.000758977
0.000807386
0.000866217
0.000936013
0.0010167
0.00110749
0.0012069
0.00131292
0.00142334
0.00153619
0.00165053
0.00176745
0.00189185
0.00203552
0.00222257
0.00249765
0.00292923
0.00358046
0.0044229
0.00525306
0.00565673
0.00532724
0.00404517
0.0023288
0.000551979
0.000127911
0.000835963
0.00119376
0.00133543
0.00139533
0.00141706
0.00141506
0.00139673
0.00135642
0.00129963
0.00123155
0.00115764
0.00108362
0.00101452
0.000953773
0.000902975
0.000862057
0.000829862
0.000804733
0.000784967
0.000769075
0.000756036
0.000744855
0.000734846
0.000725622
0.000716956
0.000708716
0.000700813
0.000693196
0.000685853
0.00067875
0.000671858
0.000665176
0.000658711
0.000652477
0.000646501
0.000640816
0.000635464
0.000630493
0.000625962
0.000621936
0.000618496
0.000615736
0.000613784
0.000612825
0.000612981
0.000614112
0.000616853
0.0006217
0.000628965
0.000639245
0.000653293
0.000672027
0.000696531
0.000728027
0.000767791
0.000817036
0.000876731
0.000947413
0.00102901
0.00112074
0.0012211
0.00132804
0.00143922
0.00155245
0.00166639
0.00178158
0.00190213
0.00203872
0.00221406
0.00247188
0.00288342
0.00352409
0.00438535
0.00527434
0.00576471
0.00551725
0.00423568
0.0024027
0.000594718
0.000120226
0.000794811
0.00116674
0.00131707
0.00138186
0.00140643
0.00140676
0.0013928
0.00135892
0.00130832
0.00124612
0.00117688
0.0011057
0.00103736
0.000975535
0.000922332
0.000878317
0.000842881
0.000814747
0.000792417
0.000774468
0.000759709
0.000747262
0.000736487
0.000726819
0.000717914
0.000709578
0.000701691
0.000694205
0.000687044
0.000680156
0.000673515
0.000667108
0.00066093
0.000654987
0.000649297
0.000643886
0.000638792
0.00063406
0.000629746
0.000625919
0.000622661
0.000620074
0.000618299
0.000617549
0.000617844
0.00061919
0.00062224
0.000627426
0.000635106
0.000645893
0.000660543
0.000679978
0.000705273
0.00073763
0.000778296
0.000828447
0.000889019
0.000960526
0.00104289
0.00113534
0.00123639
0.00134395
0.00145561
0.00156897
0.00168235
0.00179575
0.00191247
0.00204211
0.00220584
0.00244616
0.00283603
0.00346223
0.00433777
0.00528273
0.0058648
0.00570495
0.00443556
0.00249113
0.000643745
0.000112877
0.00075395
0.00113854
0.00129874
0.00136914
0.00139686
0.00139992
0.00138942
0.00136157
0.0013171
0.0012609
0.00119677
0.0011291
0.00106234
0.00100017
0.000945107
0.000898264
0.000859596
0.000828265
0.000803053
0.000782673
0.000765965
0.000751999
0.000740011
0.000729509
0.000720089
0.000711476
0.000703486
0.000695985
0.000688886
0.000682128
0.000675669
0.000669479
0.000663544
0.000657858
0.000652431
0.000647282
0.000642443
0.000637955
0.000633875
0.000630272
0.00062723
0.000624861
0.000623318
0.00062285
0.000623327
0.000624965
0.000628441
0.000634073
0.000642289
0.000653711
0.000669103
0.00068938
0.000715604
0.000748941
0.000790595
0.000841688
0.000903106
0.000975328
0.00105827
0.00115117
0.00125258
0.00136041
0.0014722
0.0015854
0.001698
0.00180948
0.00192238
0.00204519
0.00219741
0.00242009
0.00278688
0.0033946
0.00427926
0.00528279
0.0059558
0.0058884
0.00464425
0.00259425
0.000699179
0.000105916
0.000713856
0.00110846
0.00127993
0.00135698
0.00138827
0.00139428
0.00138671
0.00136435
0.00132584
0.00127572
0.00121705
0.00115355
0.00108919
0.00102755
0.000971344
0.000922146
0.000880438
0.000845857
0.000817531
0.000794381
0.000775338
0.000759473
0.000746012
0.000734382
0.000724138
0.000714952
0.000706588
0.000698875
0.000691688
0.000684937
0.000678559
0.000672506
0.000666748
0.00066127
0.000656071
0.000651161
0.000646566
0.000642325
0.000638492
0.000635136
0.000632348
0.000630246
0.000629002
0.000628877
0.00062959
0.000631629
0.000635644
0.000641836
0.000650713
0.000662905
0.000679175
0.000700429
0.000727699
0.000762109
0.000804799
0.000856823
0.000919002
0.000991771
0.00107503
0.00116806
0.00126943
0.00137713
0.00148864
0.00160132
0.00171289
0.00182231
0.00193132
0.00204716
0.00218822
0.00239325
0.0027358
0.00332099
0.004207
0.00525878
0.00603534
0.00606512
0.00486166
0.00271409
0.000761377
9.93247e-05
0.000674703
0.00107593
0.00125985
0.00134472
0.0013804
0.00138963
0.00138469
0.00136731
0.00133446
0.00129039
0.00123746
0.00117873
0.00111761
0.00105744
0.00100096
0.00095009
0.000905754
0.000868062
0.000836531
0.000810357
0.000788629
0.00077048
0.000755147
0.000742019
0.000730609
0.000720544
0.000711538
0.00070338
0.000695906
0.000688997
0.00068256
0.00067653
0.000670858
0.000665515
0.000660488
0.000655779
0.000651406
0.000647405
0.000643826
0.00064074
0.00063824
0.000636459
0.000635613
0.000635796
0.000636881
0.000639481
0.000644095
0.000650974
0.000660642
0.000673736
0.000691013
0.000713357
0.000741764
0.000777296
0.000821019
0.000873903
0.000936693
0.00100977
0.00109303
0.00118578
0.00128668
0.00139375
0.00150454
0.0016163
0.00172652
0.0018337
0.00193884
0.00204781
0.00217781
0.00236521
0.00268267
0.0032421
0.00412365
0.00521816
0.00610235
0.00623443
0.00508705
0.00285161
0.00083031
9.3034e-05
0.000636506
0.00104097
0.00123818
0.00133165
0.00137273
0.00138565
0.00138316
0.00137024
0.00134307
0.00130487
0.00125783
0.00120434
0.00114725
0.0010895
0.00103376
0.000982084
0.000935764
0.000895329
0.0008607
0.000831395
0.000806724
0.000785943
0.000768346
0.000753323
0.000740366
0.000729065
0.000719096
0.000710205
0.000702193
0.000694908
0.000688229
0.000682066
0.000676351
0.000671039
0.000666102
0.000661534
0.000657343
0.00065356
0.000650232
0.000647429
0.000645249
0.000643845
0.000643472
0.000643958
0.000645538
0.000648845
0.000654155
0.000661837
0.000672418
0.00068653
0.000704919
0.000728436
0.000758024
0.000794672
0.000839359
0.000892956
0.000956125
0.0010292
0.00111207
0.00120408
0.00130398
0.0014099
0.00151944
0.00162983
0.00173834
0.00184306
0.00194403
0.00204654
0.00216558
0.00233543
0.00262706
0.00315747
0.00402797
0.00515803
0.00614566
0.00639396
0.00531997
0.00300743
0.000906045
8.69957e-05
0.000599279
0.00100423
0.00121443
0.00131757
0.00136492
0.00138205
0.00138196
0.0013731
0.00135161
0.00131908
0.00127799
0.00123013
0.00117775
0.00112336
0.00106941
0.00101796
0.000970522
0.000927964
0.000890587
0.000858252
0.000830535
0.000806876
0.000786679
0.000769379
0.000754478
0.000741553
0.000730252
0.000720291
0.000711436
0.000703504
0.000696347
0.000689847
0.000683917
0.000678492
0.000673531
0.000669013
0.000664938
0.000661329
0.00065823
0.000655709
0.000653871
0.000652916
0.000652999
0.00065387
0.000656087
0.000660161
0.000666275
0.000674868
0.000686464
0.000701687
0.000721254
0.000745973
0.000776721
0.000814403
0.000859895
0.000913968
0.000977197
0.00104987
0.00113186
0.0012226
0.00132094
0.00142512
0.00153285
0.00164136
0.00174778
0.00184954
0.00194615
0.00204251
0.0021509
0.0023034
0.0025687
0.00306718
0.00392037
0.00507934
0.00616481
0.00654028
0.00555837
0.00318201
0.000988458
8.13315e-05
0.000563694
0.000966016
0.00118747
0.00130135
0.00135607
0.00137811
0.00138148
0.00137581
0.0013598
0.0013329
0.00129781
0.00125586
0.00120878
0.00115863
0.00110753
0.00105742
0.00100991
0.000966089
0.00092658
0.00089157
0.000860926
0.000834314
0.000811298
0.000791409
0.0007742
0.000759264
0.000746245
0.000734839
0.000724793
0.000715894
0.00070797
0.00070088
0.000694514
0.000688787
0.000683643
0.000679046
0.000674987
0.00067148
0.000668562
0.000666299
0.000664811
0.000664371
0.000664787
0.000666194
0.000669191
0.000674048
0.000681047
0.000690626
0.000703303
0.000719675
0.000740423
0.000766298
0.000798098
0.000836631
0.000882667
0.000936875
0.000999746
0.00107152
0.0011521
0.00124097
0.00133711
0.00143893
0.00154423
0.00165032
0.00175382
0.00185232
0.00194553
0.00203537
0.00213325
0.00226863
0.00250728
0.00297096
0.00380021
0.00498102
0.00616797
0.00667099
0.00580199
0.0033781
0.00107742
7.61635e-05
0.000530464
0.000926469
0.00115688
0.00128234
0.00134544
0.00137332
0.00138104
0.00137837
0.0013676
0.0013463
0.00131723
0.00128141
0.00124012
0.00119496
0.0011477
0.00110008
0.00105364
0.00100962
0.000968852
0.0009318
0.000898616
0.000869212
0.000843349
0.000820702
0.000800915
0.000783635
0.000768531
0.000755306
0.000743698
0.000733479
0.00072446
0.000716479
0.000709406
0.000703141
0.000697609
0.000692761
0.000688576
0.000685057
0.000682237
0.000680174
0.000679028
0.000679055
0.000679813
0.000681819
0.000685609
0.000691283
0.000699201
0.000709788
0.000723541
0.000741022
0.000762862
0.000789741
0.000822368
0.000861451
0.000907652
0.000961541
0.00102353
0.00109384
0.00117238
0.00125873
0.001352
0.00145077
0.00155301
0.00165562
0.00175612
0.00185195
0.0019408
0.00202426
0.00211192
0.0022306
0.00244266
0.00286877
0.0036668
0.00485828
0.00613265
0.00678002
0.00604767
0.00359521
0.00117234
7.15228e-05
0.000499923
0.000885758
0.00112261
0.00125979
0.00133209
0.00136692
0.00137998
0.00138066
0.00137464
0.00135956
0.00133637
0.00130677
0.00127162
0.00123209
0.00118956
0.00114551
0.00110135
0.00105831
0.00101735
0.00097915
0.000944094
0.000912338
0.000883853
0.000858489
0.000836022
0.000816188
0.000798718
0.000783346
0.000769826
0.000757933
0.000747472
0.00073827
0.000730186
0.000723103
0.000716933
0.000711614
0.000707114
0.000703426
0.000700573
0.000698605
0.000697772
0.000698049
0.000699221
0.000701863
0.000706343
0.000712804
0.000721597
0.000733123
0.000747846
0.000766282
0.000788997
0.000816594
0.000849688
0.000888884
0.000934743
0.000987744
0.00104824
0.00111642
0.00119225
0.00127537
0.00136506
0.00146009
0.00155817
0.00165729
0.00175468
0.00184679
0.00193122
0.00200846
0.00208627
0.0021888
0.00237481
0.00276098
0.00352106
0.00471459
0.00606678
0.00686666
0.00629332
0.00383531
0.00127283
6.73432e-05
0.000471934
0.00084433
0.00108468
0.00123239
0.00131489
0.00135797
0.00137747
0.00138308
0.00138095
0.00137227
0.00135525
0.00133205
0.00130333
0.00126993
0.00123288
0.00119338
0.00115263
0.00111179
0.00107184
0.00103358
0.000997579
0.00096419
0.000933591
0.000905818
0.000880799
0.000858397
0.000838429
0.000820696
0.000804993
0.000791121
0.000778895
0.000768147
0.000758731
0.000750526
0.000743435
0.000737385
0.000732334
0.000728265
0.000725194
0.000723153
0.000722468
0.000722898
0.000724374
0.000727519
0.000732559
0.000739669
0.000749172
0.000761438
0.000776883
0.000795968
0.000819188
0.00084706
0.000880109
0.000918841
0.000963727
0.00101517
0.00107347
0.00113881
0.00121119
0.00129036
0.00137573
0.00146607
0.00155972
0.00165483
0.0017481
0.00183617
0.00191609
0.00198727
0.00205568
0.00214275
0.0023033
0.00264869
0.00336224
0.00454545
0.00596383
0.00691939
0.0065338
0.00409778
0.00137794
6.35664e-05
0.000446304
0.000802725
0.00104336
0.00119977
0.00129314
0.00134527
0.00137233
0.00138402
0.00138699
0.00138383
0.00137418
0.00135749
0.00133545
0.00130859
0.00127765
0.00124352
0.00120721
0.00116973
0.00113201
0.00109489
0.00105904
0.00102497
0.000993033
0.000963434
0.000936264
0.000911523
0.000889143
0.000869016
0.000851003
0.000834954
0.000820717
0.000808146
0.000797106
0.00078748
0.000779168
0.000772097
0.000766216
0.000761501
0.000757957
0.000755603
0.000754764
0.000755213
0.000756783
0.000760128
0.00076547
0.000772943
0.000782834
0.000795471
0.000811217
0.000830469
0.000853648
0.00088119
0.000913531
0.000951094
0.000994267
0.00104339
0.00109874
0.00116049
0.00122867
0.00130315
0.00138352
0.00146834
0.00155708
0.0016472
0.00173582
0.00181947
0.00189477
0.00196013
0.00201973
0.00209218
0.00222823
0.00253273
0.00319343
0.00435415
0.00582531
0.00694174
0.00676594
0.00438339
0.00148692
6.01649e-05
0.000422942
0.000761556
0.000999203
0.0011619
0.00126565
0.00132776
0.00136381
0.00138317
0.00139281
0.00139533
0.00139235
0.00138354
0.00136842
0.00134846
0.00132412
0.00129607
0.00126506
0.00123196
0.00119761
0.00116282
0.00112831
0.00109466
0.00106236
0.00103177
0.0010031
0.000976511
0.000952053
0.000929721
0.000909466
0.000891208
0.000874845
0.000860271
0.000847379
0.000836067
0.000826247
0.000817848
0.000810819
0.00080513
0.000800779
0.000797776
0.00079633
0.000796561
0.000797881
0.000800943
0.000806159
0.000813525
0.000823292
0.000835739
0.000851174
0.00086993
0.000892358
0.000918817
0.000949666
0.000985254
0.00102591
0.00107192
0.00112353
0.00118092
0.00124417
0.00131321
0.00138745
0.00146671
0.00154952
0.00163398
0.00171736
0.0017962
0.00186678
0.00192662
0.00197816
0.00203709
0.00215013
0.00241441
0.0030178
0.00414233
0.00564915
0.00694385
0.0069826
0.00469031
0.00159854
5.71483e-05
0.000401932
0.000721531
0.00095305
0.00111922
0.00123207
0.00130497
0.00135104
0.00138008
0.00139756
0.00140748
0.00141127
0.00140955
0.00140293
0.00139025
0.00137297
0.00135153
0.00132654
0.00129869
0.00126872
0.00123735
0.00120531
0.00117322
0.00114164
0.00111102
0.00108172
0.00105399
0.00102801
0.00100389
0.000981665
0.000961345
0.000942895
0.000926259
0.000911372
0.000898162
0.000886563
0.000876516
0.000867976
0.000860913
0.000855323
0.000851213
0.000848647
0.000847998
0.000848716
0.000850908
0.000855325
0.000861916
0.000870853
0.000882364
0.000896708
0.000914156
0.000934996
0.000959519
0.000988021
0.00102079
0.00105809
0.00110019
0.00114731
0.00119962
0.00125723
0.00132021
0.00138804
0.0014606
0.00153677
0.00161489
0.00169246
0.0017661
0.00183192
0.00188669
0.0019312
0.00197824
0.00207033
0.00229649
0.00284049
0.00391541
0.00543545
0.00688702
0.00717657
0.00501737
0.00171186
5.45832e-05
0.000383662
0.000683488
0.000906008
0.00107265
0.00119279
0.00127632
0.00133354
0.00137332
0.00140064
0.00141952
0.00143172
0.00143803
0.00143861
0.00143471
0.00142535
0.00141097
0.00139256
0.00137066
0.00134589
0.0013189
0.00129036
0.00126089
0.00123109
0.00120146
0.00117244
0.0011444
0.00111759
0.00109224
0.00106847
0.00104637
0.00102598
0.00100731
0.000990343
0.000975048
0.000961392
0.000949338
0.000938856
0.000929927
0.000922547
0.000916725
0.000912496
0.000909986
0.000909479
0.000910352
0.00091295
0.000917962
0.000925222
0.000934929
0.000947301
0.000962555
0.000980922
0.00100264
0.00102794
0.00105707
0.00109025
0.0011277
0.00116963
0.00121622
0.00126757
0.00132364
0.00138459
0.00144991
0.00151886
0.00159006
0.0016613
0.00172944
0.00179056
0.00184093
0.00187992
0.00191743
0.00199148
0.00218321
0.00266921
0.00368248
0.00520263
0.0067857
0.0073459
0.00536007
0.00182558
5.25952e-05
0.000368288
0.000648344
0.000859457
0.00102366
0.00114895
0.00124238
0.00131149
0.00136316
0.00140221
0.00143183
0.00145398
0.00146961
0.00147921
0.00148324
0.00148181
0.00147605
0.00146477
0.00144944
0.00143054
0.00140868
0.00138446
0.0013585
0.00133137
0.00130363
0.00127574
0.00124814
0.00122118
0.00119513
0.00117022
0.00114662
0.00112442
0.00110372
0.00108455
0.00106693
0.00105088
0.00103637
0.00102343
0.00101203
0.0010022
0.000993951
0.000987314
0.000982355
0.000979204
0.000978003
0.000978556
0.000980772
0.000985437
0.00099245
0.00100199
0.0010142
0.00102926
0.00104738
0.00106873
0.00109351
0.00112191
0.00115412
0.00119031
0.00123067
0.00127532
0.0013243
0.00137769
0.00143527
0.00149653
0.00156038
0.00162495
0.00168746
0.00174418
0.0017912
0.00182684
0.00185837
0.00191925
0.00208169
0.00251233
0.00345474
0.00495389
0.00663367
0.0074809
0.00571158
0.00193879
5.14771e-05
0.000355672
0.000617129
0.000815102
0.000974347
0.00110267
0.00120496
0.0012862
0.00135117
0.0014037
0.0014457
0.00147952
0.00150602
0.00152578
0.00153926
0.00154667
0.00154836
0.00154542
0.00153764
0.00152505
0.00150881
0.00148946
0.00146756
0.00144367
0.00141835
0.00139211
0.0013654
0.00133865
0.00131219
0.00128632
0.00126126
0.00123722
0.00121432
0.00119268
0.00117237
0.00115346
0.00113597
0.00111996
0.00110544
0.00109245
0.00108103
0.00107122
0.00106307
0.00105667
0.00105213
0.00104945
0.00104904
0.00105021
0.00105354
0.00105958
0.00106803
0.00107915
0.00109306
0.0011099
0.00112983
0.001153
0.00117958
0.00120971
0.00124357
0.0012813
0.00132302
0.00136857
0.00141831
0.0014718
0.00152822
0.00158615
0.00164331
0.00169644
0.0017418
0.00177727
0.00180998
0.00186803
0.00201557
0.00239794
0.00325349
0.00470747
0.00645045
0.00758534
0.00606791
0.00205062
5.12705e-05
0.00034747
0.000591403
0.000775195
0.000927679
0.00105733
0.00116752
0.00126092
0.00134019
0.00140771
0.00146396
0.00151132
0.00155037
0.00158174
0.00160585
0.00162303
0.00163372
0.00163842
0.0016374
0.00163224
0.00162178
0.00160732
0.00158944
0.00156873
0.00154576
0.00152106
0.00149513
0.00146843
0.00144136
0.00141429
0.0013875
0.00136126
0.00133579
0.00131125
0.00128778
0.00126549
0.00124449
0.00122485
0.00120663
0.0011899
0.00117472
0.00116114
0.00114924
0.00113907
0.00113073
0.00112427
0.00111984
0.00111741
0.00111753
0.00111919
0.00112331
0.00113018
0.0011396
0.00115168
0.00116658
0.00118441
0.0012053
0.00122941
0.00125688
0.00128789
0.00132262
0.00136148
0.00140391
0.00144997
0.00149949
0.00155177
0.00160538
0.00165804
0.00170694
0.00175006
0.00178858
0.00184852
0.00199145
0.00235043
0.00312994
0.00448782
0.00625908
0.00765053
0.00641077
0.0021605
5.25026e-05
0.000346404
0.000573768
0.000743026
0.000887975
0.00101814
0.00113581
0.00124175
0.00133715
0.00141891
0.00149131
0.00155397
0.0016072
0.00165144
0.00168709
0.00171455
0.00173436
0.001747
0.00175284
0.00175238
0.00174783
0.00173777
0.00172301
0.00170461
0.00168314
0.00165918
0.00163328
0.00160593
0.00157762
0.00154876
0.00151971
0.00149081
0.00146232
0.00143448
0.00140748
0.00138151
0.00135669
0.00133316
0.001311
0.00129031
0.00127116
0.00125365
0.00123783
0.00122377
0.00121156
0.00120124
0.00119292
0.00118664
0.00118257
0.00118074
0.00118124
0.00118357
0.00118857
0.00119613
0.00120632
0.00121924
0.00123501
0.00125377
0.00127568
0.00130095
0.00132981
0.00136254
0.00139951
0.00144084
0.00148655
0.00153633
0.00158937
0.00164409
0.00169826
0.00175016
0.00180347
0.00187631
0.00202423
0.00235774
0.00308747
0.00437287
0.00611326
0.00770229
0.00673351
0.00226956
5.56118e-05
0.000353253
0.000568498
0.000723616
0.000861577
0.000992662
0.00111837
0.00123735
0.00134517
0.00144365
0.00153319
0.00161187
0.00167969
0.00173687
0.00178378
0.0018209
0.00184884
0.00186816
0.0018795
0.0018832
0.00188118
0.00187433
0.00186127
0.0018438
0.00182256
0.00179823
0.0017714
0.00174263
0.00171246
0.00168136
0.00164975
0.00161801
0.00158646
0.00155539
0.00152504
0.00149561
0.00146728
0.00144021
0.00141452
0.00139031
0.00136768
0.00134673
0.00132752
0.00131011
0.0012946
0.00128104
0.0012695
0.00126004
0.00125269
0.00124758
0.00124466
0.00124469
0.00124614
0.0012499
0.00125673
0.00126626
0.00127864
0.00129402
0.00131265
0.0013348
0.00136079
0.00139105
0.00142607
0.00146638
0.00151248
0.00156477
0.00162339
0.00168812
0.00175831
0.0018339
0.00191804
0.00202519
0.00219593
0.00252451
0.00317283
0.00434214
0.00605041
0.00773809
0.00700726
0.00237887
6.17839e-05
0.000372145
0.000576929
0.000723673
0.000856573
0.000989185
0.00112081
0.00124797
0.00136991
0.00148562
0.00159026
0.001683
0.00176333
0.00183129
0.00188723
0.00193172
0.00196551
0.00198938
0.00200409
0.00201024
0.00200906
0.00200324
0.00199087
0.00197325
0.00195147
0.00192625
0.00189824
0.00186806
0.00183627
0.00180339
0.00176988
0.00173613
0.00170248
0.00166926
0.00163672
0.00160511
0.00157461
0.00154539
0.00151759
0.00149132
0.00146672
0.00144387
0.00142282
0.00140367
0.00138654
0.00137151
0.00135857
0.00134782
0.00133922
0.00133312
0.00132925
0.00132847
0.00132964
0.00133304
0.00133992
0.00134991
0.00136319
0.00138004
0.00140081
0.00142597
0.00145605
0.0014917
0.00153366
0.00158286
0.00164025
0.00170697
0.00178398
0.00187236
0.00197262
0.0020863
0.00221578
0.00237263
0.0025834
0.00291842
0.00349963
0.00451394
0.00605983
0.00779574
0.00718654
0.00249416
7.24133e-05
0.000407418
0.000601385
0.000737855
0.000867983
0.00100208
0.00113929
0.00127714
0.00141145
0.00153725
0.00165177
0.00175361
0.00184199
0.0019168
0.00197837
0.00202738
0.00206468
0.00209124
0.00210801
0.00211581
0.00211524
0.00211018
0.00209878
0.00208173
0.00206043
0.00203567
0.00200812
0.00197841
0.00194714
0.00191482
0.00188188
0.00184872
0.0018157
0.00178315
0.00175133
0.00172053
0.00169091
0.00166269
0.00163599
0.00161097
0.00158779
0.00156654
0.0015473
0.0015303
0.00151571
0.0015036
0.00149379
0.0014866
0.00148187
0.00148085
0.00148218
0.00148613
0.00149417
0.0015057
0.00152112
0.00154082
0.0015652
0.00159477
0.00163008
0.00167166
0.00172025
0.00177675
0.00184204
0.00191732
0.00200372
0.00210302
0.00221592
0.00234447
0.00248858
0.00265137
0.00283181
0.00304047
0.00328784
0.00362837
0.00414057
0.00501211
0.00635319
0.0079249
0.00728248
0.00256317
8.94372e-05
0.000462762
0.00064712
0.00077316
0.000900305
0.00103712
0.00117959
0.00132236
0.00146067
0.00159049
0.00170903
0.00181478
0.00190695
0.00198541
0.00205052
0.002103
0.00214376
0.00217383
0.00219423
0.00220593
0.00220939
0.00220749
0.00220102
0.00218856
0.00217218
0.00215269
0.00213061
0.00210665
0.00208136
0.0020552
0.00202863
0.00200207
0.00197591
0.00195044
0.00192599
0.00190294
0.00188133
0.00186139
0.00184345
0.00182765
0.0018142
0.00180322
0.00179505
0.00178934
0.0017872
0.00178823
0.00179183
0.00179954
0.0018115
0.00182789
0.00184891
0.00187456
0.0019055
0.00194204
0.0019846
0.00203346
0.00208921
0.00215241
0.0022236
0.00230337
0.00239219
0.00249086
0.0025998
0.00272035
0.00285232
0.00299794
0.00315608
0.00333033
0.00351716
0.00372334
0.00393996
0.0041832
0.00444255
0.00477272
0.00519717
0.00590117
0.00692746
0.00813608
0.00732164
0.00258946
0.000114657
0.000528509
0.000700904
0.000829842
0.000966329
0.00111316
0.00126566
0.00141764
0.00156413
0.00170159
0.00182761
0.00194086
0.00204077
0.00212735
0.00220106
0.00226266
0.00231314
0.00235355
0.00238497
0.00240846
0.00242474
0.00243526
0.00244177
0.00244364
0.00244246
0.00243911
0.00243334
0.0024264
0.00241875
0.00241089
0.00240331
0.00239641
0.00239067
0.00238635
0.00238391
0.00238419
0.00238605
0.0023905
0.00239846
0.00240965
0.00242434
0.00244278
0.00246524
0.00249194
0.00252346
0.00256021
0.00260214
0.00264956
0.00270281
0.00276203
0.00282746
0.00289924
0.00297753
0.00306239
0.00315411
0.00325248
0.00335867
0.00347252
0.00359395
0.00372307
0.00385975
0.00400433
0.00415646
0.00431714
0.0044852
0.00466297
0.00484729
0.00504547
0.0052484
0.0054698
0.00568792
0.0059344
0.00616826
0.00646406
0.00677205
0.00728454
0.00788361
0.00845548
0.0072613
0.00254512
0.000143267
0.00059865
0.000811586
0.000996505
0.00119557
0.00140503
0.00161869
0.00182801
0.00202679
0.00221155
0.00238071
0.00253385
0.00267123
0.00279357
0.0029019
0.00299747
0.00308163
0.00315574
0.00322113
0.00327903
0.00333062
0.00337676
0.00341887
0.00345776
0.00349413
0.00352904
0.00356279
0.00359608
0.00362953
0.00366362
0.00369886
0.00373559
0.00377425
0.00381514
0.0038585
0.00390488
0.00395425
0.00400672
0.00406274
0.00412243
0.00418596
0.00425358
0.00432497
0.00440212
0.00448474
0.00457237
0.00466487
0.00476183
0.00486319
0.00496865
0.0050782
0.00519167
0.00530901
0.00543005
0.00555473
0.00568317
0.00581468
0.00594925
0.00608726
0.00622869
0.00637402
0.00652302
0.0066765
0.00683372
0.00699652
0.00716326
0.00733578
0.00751634
0.00770209
0.00790029
0.00809065
0.00830758
0.00849184
0.0087262
0.00889537
0.0091445
0.00907623
0.00865998
0.00679551
0.00233139
0.00018686
0.000806532
0.00132818
0.00186139
0.00238064
0.00289302
0.00339364
0.00386349
0.0042896
0.00466709
0.00499747
0.00528491
0.005534
0.00574938
0.00593557
0.00609682
0.00623703
0.00635962
0.00646761
0.00656353
0.00664968
0.0067279
0.00679962
0.00686632
0.00692911
0.00698892
0.0070467
0.00710305
0.00715868
0.00721403
0.00726961
0.00732567
0.00738258
0.0074405
0.00749969
0.00756017
0.00762223
0.00768579
0.00775109
0.00781795
0.00788674
0.00795702
0.00802957
0.0081026
0.0081764
0.00825071
0.00832593
0.00840195
0.00847921
0.00855761
0.00863762
0.00871915
0.00880265
0.00888826
0.00897616
0.00906652
0.00915939
0.00925479
0.00935291
0.00945337
0.00955716
0.00966243
0.00977276
0.00988188
0.0100009
0.0101111
0.0102457
0.0103507
0.0104859
0.0105665
0.0106861
0.0107335
0.0107924
0.0107574
0.0106492
0.0103251
0.00962684
0.00822845
0.00538829
0.0020569
0.0001149
0.000233273
0.00037432
0.000507918
0.000636846
0.000758482
0.000874857
0.000986972
0.0010945
0.00119651
0.00129204
0.00138061
0.00146208
0.00153652
0.00160414
0.00166524
0.00172018
0.00176936
0.00181321
0.00185217
0.00188668
0.00191718
0.00194406
0.00196773
0.00198857
0.00200689
0.00202304
0.0020373
0.00204996
0.00206128
0.00207148
0.00208079
0.00208936
0.0020974
0.00210504
0.00211246
0.00211972
0.00212701
0.00213437
0.00214194
0.00214975
0.00215795
0.00216652
0.00217565
0.0021851
0.00219514
0.00220548
0.00221645
0.00222777
0.0022398
0.0022523
0.00226556
0.00227949
0.00229417
0.00230986
0.00232611
0.00234391
0.00236181
0.00238208
0.00240154
0.0024246
0.0024453
0.00247129
0.00249254
0.00252106
0.00254181
0.00257135
0.00259221
0.00262689
0.00265231
0.00268998
0.00271762
0.00275411
0.00277684
0.00280355
0.00280037
0.00277414
0.00268962
0.00245584
0.00179529
)
;

boundaryField
{
    movingWall
    {
        type            kqRWallFunction;
        value           nonuniform List<scalar> 
80
(
0.0001149
0.000233273
0.00037432
0.000507918
0.000636846
0.000758482
0.000874857
0.000986972
0.0010945
0.00119651
0.00129204
0.00138061
0.00146208
0.00153652
0.00160414
0.00166524
0.00172018
0.00176936
0.00181321
0.00185217
0.00188668
0.00191718
0.00194406
0.00196773
0.00198857
0.00200689
0.00202304
0.0020373
0.00204996
0.00206128
0.00207148
0.00208079
0.00208936
0.0020974
0.00210504
0.00211246
0.00211972
0.00212701
0.00213437
0.00214194
0.00214975
0.00215795
0.00216652
0.00217565
0.0021851
0.00219514
0.00220548
0.00221645
0.00222777
0.0022398
0.0022523
0.00226556
0.00227949
0.00229417
0.00230986
0.00232611
0.00234391
0.00236181
0.00238208
0.00240154
0.0024246
0.0024453
0.00247129
0.00249254
0.00252106
0.00254181
0.00257135
0.00259221
0.00262689
0.00265231
0.00268998
0.00271762
0.00275411
0.00277684
0.00280355
0.00280037
0.00277414
0.00268962
0.00245584
0.00179529
)
;
    }
    fixedWalls
    {
        type            kqRWallFunction;
        value           nonuniform List<scalar> 
240
(
4.35634e-07
2.12571e-06
4.68138e-06
8.01017e-06
1.2404e-05
1.82521e-05
2.5935e-05
3.57845e-05
4.80308e-05
6.28035e-05
8.09502e-05
0.000102002
0.000125378
0.00015045
0.000176466
0.000202528
0.000228029
0.000252202
0.000274401
0.00029461
0.000311926
0.000326171
0.000337276
0.00034512
0.000349827
0.000350767
0.000349545
0.000346292
0.000341107
0.000333991
0.000325501
0.000315954
0.000305484
0.000294765
0.000283106
0.000272926
0.000264296
0.000256055
0.000247795
0.000239422
0.000230981
0.000222559
0.000214186
0.000205925
0.000197853
0.000190028
0.000182314
0.000174643
0.00016696
0.000159227
0.000151451
0.000143634
0.000135758
0.000127911
0.000120226
0.000112877
0.000105916
9.93247e-05
9.3034e-05
8.69957e-05
8.13315e-05
7.61635e-05
7.15228e-05
6.73432e-05
6.35664e-05
6.01649e-05
5.71483e-05
5.45832e-05
5.25952e-05
5.14771e-05
5.12705e-05
5.25026e-05
5.56118e-05
6.17839e-05
7.24133e-05
8.94372e-05
0.000114657
0.000143267
0.00018686
0.0001149
7.71147e-07
4.00423e-06
1.01528e-05
1.61254e-05
2.00015e-05
2.1524e-05
2.14065e-05
2.08551e-05
2.08413e-05
2.16851e-05
2.42901e-05
2.99616e-05
3.90026e-05
5.10638e-05
6.54402e-05
8.1265e-05
9.75809e-05
0.000114632
0.000131916
0.000150557
0.000173377
0.000203194
0.000239922
0.000280032
0.000324722
0.000370741
0.000412429
0.000445375
0.000464059
0.000471896
0.000473986
0.000473577
0.00046776
0.000458658
0.000447633
0.000435206
0.000422828
0.000411155
0.000401315
0.000393156
0.000387124
0.000383909
0.00038271
0.000383081
0.000387395
0.000394055
0.00040404
0.000417677
0.00043528
0.000457022
0.000483568
0.000515003
0.000551979
0.000594718
0.000643745
0.000699179
0.000761377
0.00083031
0.000906045
0.000988458
0.00107742
0.00117234
0.00127283
0.00137794
0.00148692
0.00159854
0.00171186
0.00182558
0.00193879
0.00205062
0.0021605
0.00226956
0.00237887
0.00249416
0.00256317
0.00258946
0.00254512
0.00233139
0.0020569
0.00179529
4.35634e-07
2.20536e-06
5.12487e-06
8.19264e-06
1.07683e-05
1.26698e-05
1.40236e-05
1.50928e-05
1.61533e-05
1.74334e-05
1.91371e-05
2.1365e-05
2.41967e-05
2.76734e-05
3.17882e-05
3.64944e-05
4.17122e-05
4.73136e-05
5.31414e-05
5.90674e-05
6.51109e-05
7.15719e-05
7.90077e-05
8.78526e-05
9.81979e-05
0.000109553
0.00012108
0.000132696
0.000144598
0.00015705
0.000170162
0.000183746
0.000197085
0.000210209
0.000223012
0.000235767
0.000248583
0.000261677
0.000275197
0.000289311
0.000304143
0.000319795
0.000336412
0.000354125
0.000372875
0.000392705
0.00041378
0.000436839
0.000463299
0.000496667
0.000530078
0.000564232
0.00059772
0.000630034
0.00066005
0.000686593
0.000708305
0.000722403
0.000729192
0.000731285
0.00072151
0.000699447
0.000665434
0.000620373
0.000565152
0.000502029
0.000433622
0.000363972
0.000296254
0.000232227
0.000174609
0.000129047
9.15848e-05
6.21281e-05
4.03514e-05
2.50867e-05
1.48709e-05
8.2094e-06
3.69048e-06
7.71147e-07
)
;
    }
    frontAndBack
    {
        type            empty;
    }
}


// ************************************************************************* //
