/*--------------------------------*- C++ -*----------------------------------*\
  =========                 |
  \\      /  F ield         | OpenFOAM: The Open Source CFD Toolbox
   \\    /   O peration     | Website:  https://openfoam.org
    \\  /    A nd           | Version:  13
     \\/     M anipulation  |
\*---------------------------------------------------------------------------*/
FoamFile
{
    format      ascii;
    class       volScalarField;
    location    "8.4";
    object      p;
}
// * * * * * * * * * * * * * * * * * * * * * * * * * * * * * * * * * * * * * //

dimensions      [0 2 -2 0 0 0 0];

internalField   nonuniform List<scalar> 
6400
(
4.6095e-09
2.01801e-05
2.93063e-05
1.39622e-05
-3.1111e-05
-0.000100666
-0.000184852
-0.000274383
-0.000362926
-0.000447319
-0.000528349
-0.000610344
-0.000698051
-0.000796714
-0.000911588
-0.00104681
-0.00120535
-0.00138884
-0.00159853
-0.00183509
-0.0020989
-0.00239144
-0.00271568
-0.00307625
-0.00347963
-0.0039302
-0.00442265
-0.00494762
-0.00548173
-0.00599116
-0.00647152
-0.00693059
-0.00736652
-0.00777651
-0.00815503
-0.00849323
-0.00877953
-0.00900061
-0.00914253
-0.00919144
-0.0091342
-0.00895964
-0.00865979
-0.00823067
-0.0076701
-0.00696991
-0.00612201
-0.00514513
-0.00405614
-0.00286205
-0.00158363
-0.000242231
0.00113294
0.00250925
0.00384612
0.00509845
0.00622224
0.00717612
0.0079209
0.00842573
0.00867272
0.00866031
0.00840261
0.00791873
0.00727281
0.00651411
0.00570817
0.00491782
0.00419945
0.00358286
0.00310254
0.00276905
0.00255228
0.00242671
0.00237277
0.0023669
0.00238996
0.0024268
0.00246679
0.002494
-1.52635e-05
5.32065e-06
9.70714e-06
-1.06973e-05
-5.86692e-05
-0.000128161
-0.000208324
-0.000290501
-0.000369692
-0.000444591
-0.00051733
-0.000592069
-0.000673713
-0.000767083
-0.000876096
-0.00100435
-0.00115513
-0.00133095
-0.00153235
-0.0017595
-0.00201133
-0.00228855
-0.00259449
-0.00293167
-0.00330323
-0.00371664
-0.00417919
-0.00468895
-0.00523151
-0.00578225
-0.00631375
-0.00681725
-0.00729468
-0.0077429
-0.00815604
-0.0085252
-0.00883907
-0.00908494
-0.00924967
-0.00932065
-0.00928591
-0.00913539
-0.0088615
-0.00845852
-0.00792173
-0.00724741
-0.00644244
-0.00551451
-0.0044656
-0.00331368
-0.00207665
-0.000777864
0.000554659
0.00188743
0.00318279
0.00440068
0.00549853
0.00643487
0.00717405
0.00768625
0.00795315
0.00797208
0.00775588
0.00733108
0.00674425
0.00604984
0.00530931
0.00458161
0.0039196
0.00336453
0.00293457
0.00263692
0.00245819
0.00237474
0.00236215
0.00239289
0.00243617
0.00247483
0.00250723
0.00253292
-3.16739e-05
-8.87348e-06
-1.02566e-05
-3.99667e-05
-9.60488e-05
-0.000168113
-0.000244277
-0.000316294
-0.000381535
-0.000441713
-0.000500643
-0.000563386
-0.000635048
-0.000719437
-0.000819075
-0.000935797
-0.00107116
-0.00122743
-0.00140682
-0.00161213
-0.00184703
-0.00211463
-0.00241939
-0.00276633
-0.00315962
-0.00360175
-0.0040931
-0.00462946
-0.00519966
-0.00578598
-0.00636857
-0.00693175
-0.00746637
-0.00796592
-0.00842332
-0.00882937
-0.00917375
-0.00944541
-0.00963262
-0.00972398
-0.00970935
-0.00957992
-0.00932868
-0.00895054
-0.00844253
-0.00780419
-0.00703201
-0.00613884
-0.0051311
-0.00402183
-0.00282784
-0.00157087
-0.000277492
0.00102099
0.00228918
0.00348892
0.00457864
0.00551746
0.00627037
0.00680867
0.00711313
0.00717892
0.00701808
0.00665693
0.00613801
0.00551368
0.00483886
0.00417665
0.00357383
0.00306734
0.00268148
0.00242956
0.00229927
0.00226182
0.00228617
0.002348
0.00241731
0.00247518
0.00252248
0.00255959
-4.04809e-05
-1.8752e-05
-2.77601e-05
-6.88084e-05
-0.000135107
-0.00021033
-0.000282757
-0.000345797
-0.000398104
-0.000442037
-0.000483882
-0.000530475
-0.000587416
-0.000658476
-0.000745374
-0.000848896
-0.000970429
-0.00111281
-0.00127997
-0.00147754
-0.00171274
-0.00199348
-0.00232709
-0.00271616
-0.00316295
-0.00366859
-0.00422888
-0.00483312
-0.00546546
-0.00610918
-0.0067478
-0.00736616
-0.00795209
-0.00849648
-0.00899086
-0.00942596
-0.00979275
-0.0100815
-0.010282
-0.0103844
-0.0103803
-0.0102618
-0.0100226
-0.00965876
-0.00916863
-0.00855008
-0.00780485
-0.00693847
-0.00595837
-0.00487665
-0.00370906
-0.00247577
-0.00120114
8.62364e-05
0.00135286
0.00256064
0.00366928
0.00463876
0.00543214
0.0060198
0.0063807
0.00650609
0.00640562
0.00610548
0.005645
0.0050733
0.00444713
0.00382537
0.00325811
0.00278309
0.00242422
0.00219223
0.00207955
0.00206996
0.0021335
0.00223013
0.0023314
0.00241968
0.00249101
0.0025406
-3.48386e-05
-2.07742e-05
-4.00469e-05
-9.27477e-05
-0.000168668
-0.000246768
-0.00031547
-0.000369699
-0.000409485
-0.000439274
-0.0004664
-0.000498583
-0.000541876
-0.000599991
-0.000675077
-0.000768958
-0.000884775
-0.0010283
-0.0012067
-0.00142821
-0.00170266
-0.00203575
-0.0024322
-0.00289628
-0.0034272
-0.0040189
-0.00466102
-0.0053389
-0.00603504
-0.00673316
-0.00741792
-0.00807682
-0.00869919
-0.00927462
-0.00979397
-0.0102485
-0.0106296
-0.0109283
-0.0111365
-0.0112458
-0.0112487
-0.0111389
-0.0109104
-0.0105596
-0.0100858
-0.00948845
-0.00876816
-0.00792786
-0.00697396
-0.00591765
-0.00477397
-0.00356105
-0.00229994
-0.00101544
0.000260602
0.00148918
0.00263143
0.00364944
0.00450527
0.00516672
0.00561024
0.00582237
0.00580663
0.00558457
0.00519606
0.00468786
0.00411434
0.00353288
0.00299563
0.0025427
0.00220071
0.00197996
0.00187679
0.00187498
0.00194925
0.00206645
0.00219353
0.00230964
0.00240376
0.00246272
-5.902e-06
-6.06133e-06
-3.79134e-05
-0.000104588
-0.000188741
-0.000267935
-0.00033257
-0.000379052
-0.000408702
-0.000427639
-0.000444376
-0.000467055
-0.000501896
-0.000553297
-0.000625101
-0.000721778
-0.000849912
-0.00101837
-0.00123811
-0.00151632
-0.0018606
-0.00227825
-0.00277081
-0.00333507
-0.00396211
-0.00463985
-0.00535606
-0.00609674
-0.00684644
-0.00758993
-0.00831306
-0.00900425
-0.00965325
-0.0102505
-0.0107876
-0.0112559
-0.0116468
-0.0119527
-0.012167
-0.0122828
-0.0122936
-0.0121952
-0.0119821
-0.01165
-0.0112021
-0.0106352
-0.00994912
-0.00914593
-0.00823016
-0.00721109
-0.00610219
-0.00491777
-0.00367474
-0.00239463
-0.00111016
0.00014022
0.00132226
0.00240159
0.00333738
0.00409462
0.00464868
0.00497989
0.00508648
0.00498006
0.00469562
0.00428045
0.00378621
0.00326673
0.00277447
0.00235235
0.00202951
0.00181919
0.00171984
0.001718
0.00179039
0.00190894
0.00204324
0.00217006
0.00227411
0.00233632
5.67549e-05
3.88358e-05
-9.503e-06
-9.31781e-05
-0.000182654
-0.0002622
-0.000323601
-0.000364611
-0.000388529
-0.000402709
-0.000416217
-0.00043748
-0.000473375
-0.000530061
-0.000614422
-0.000734104
-0.000899472
-0.00112237
-0.00141112
-0.00177451
-0.0022191
-0.00274589
-0.00334617
-0.00400918
-0.00472484
-0.00548115
-0.00626438
-0.00706058
-0.00785603
-0.00863736
-0.00939202
-0.0101092
-0.0107791
-0.0113932
-0.0119434
-0.0124213
-0.0128179
-0.0131284
-0.0133477
-0.0134704
-0.0134937
-0.0134121
-0.0132214
-0.0129183
-0.0125037
-0.0119729
-0.0113277
-0.0105716
-0.00970996
-0.00874802
-0.00769202
-0.00655285
-0.00534649
-0.00409544
-0.00282443
-0.00156092
-0.000335304
0.000815054
0.00184273
0.00271649
0.00340893
0.00389222
0.00416054
0.00421573
0.00408231
0.00380167
0.00342339
0.00299905
0.00257873
0.0022067
0.00191485
0.00171982
0.00162322
0.00161731
0.00167899
0.00178582
0.00191048
0.00202986
0.0021286
0.00218572
0.00016335
0.00012471
5.43123e-05
-4.33277e-05
-0.000138351
-0.000219308
-0.000279638
-0.000319576
-0.000344128
-0.000361732
-0.00038189
-0.000413473
-0.000464719
-0.000544631
-0.000663128
-0.000831684
-0.0010622
-0.00136638
-0.00175267
-0.00222732
-0.00278692
-0.00342309
-0.00412538
-0.0048821
-0.00568033
-0.00650717
-0.00734934
-0.00819396
-0.00902858
-0.00984128
-0.010621
-0.0113579
-0.0120428
-0.0126668
-0.0132222
-0.0137009
-0.0140999
-0.0144156
-0.0146429
-0.0147776
-0.014816
-0.0147522
-0.0145841
-0.0143103
-0.0139271
-0.0134351
-0.0128363
-0.0121344
-0.0113336
-0.010437
-0.00944743
-0.00837375
-0.00723009
-0.00603409
-0.00480244
-0.0035525
-0.00231316
-0.00112121
-6.95591e-06
0.00100028
0.00184863
0.00251249
0.00297941
0.0032398
0.00330679
0.00320902
0.00299028
0.00269975
0.00238441
0.00208861
0.00184646
0.0016782
0.00158991
0.00157605
0.00162177
0.00170852
0.00181098
0.0019102
0.00198911
0.00203168
0.000319295
0.000259763
0.000164407
5.28812e-05
-4.88117e-05
-0.000132735
-0.000195901
-0.000240747
-0.000274143
-0.000305524
-0.000344885
-0.000401985
-0.000487124
-0.000612362
-0.000790949
-0.00103497
-0.00135726
-0.0017691
-0.00227335
-0.00286569
-0.00353892
-0.00428154
-0.00508046
-0.00592226
-0.00679384
-0.00768231
-0.0085753
-0.00946084
-0.0103275
-0.0111644
-0.0119617
-0.0127102
-0.0134009
-0.0140259
-0.0145796
-0.01506
-0.0154661
-0.0157906
-0.016028
-0.0161733
-0.0162217
-0.0161722
-0.0160241
-0.0157767
-0.015426
-0.0149752
-0.0144248
-0.0137766
-0.0130328
-0.0121973
-0.0112757
-0.0102752
-0.00920608
-0.00808103
-0.00691237
-0.00571007
-0.00449359
-0.00328839
-0.0021159
-0.0010184
-2.83594e-05
0.000834757
0.00152073
0.00201883
0.00232841
0.00246272
0.00245048
0.00233593
0.00216223
0.00197172
0.00180171
0.00167609
0.00160534
0.0015884
0.00161621
0.00167511
0.0017473
0.00181743
0.00186573
0.00188936
0.000532109
0.000449303
0.000326286
0.000199461
8.84956e-05
-1.58476e-06
-7.25853e-05
-0.000129828
-0.000182043
-0.000239617
-0.000313229
-0.000413899
-0.000554473
-0.000749802
-0.00101369
-0.00135835
-0.00179561
-0.00232957
-0.00295613
-0.00366681
-0.0044501
-0.00529159
-0.00617782
-0.00709511
-0.0080307
-0.00897208
-0.00990753
-0.0108258
-0.0117164
-0.0125695
-0.0133761
-0.0141281
-0.0148194
-0.0154453
-0.0160013
-0.0164836
-0.0168865
-0.0172054
-0.0174377
-0.017582
-0.0176362
-0.017599
-0.0174697
-0.0172481
-0.0169318
-0.0165225
-0.0160215
-0.01543
-0.01475
-0.0139842
-0.0131368
-0.0122128
-0.0112186
-0.0101611
-0.00904918
-0.00789738
-0.00672347
-0.00554249
-0.00436645
-0.00321729
-0.00211669
-0.00110367
-0.000211245
0.000540644
0.00111819
0.00152373
0.00176482
0.00187036
0.00187842
0.00182641
0.00175238
0.00168694
0.00164594
0.00163363
0.00164586
0.00167549
0.00171301
0.00174662
0.0017613
0.00176603
0.000804186
0.000692202
0.000540247
0.000392865
0.000270513
0.000169767
8.45186e-05
5.9598e-06
-7.65888e-05
-0.00017446
-0.0002991
-0.000463365
-0.000682213
-0.000970951
-0.00134269
-0.00180779
-0.00237175
-0.0030327
-0.00378152
-0.00460541
-0.00549041
-0.00642176
-0.00738577
-0.00836901
-0.00935901
-0.0103437
-0.0113121
-0.0122537
-0.0131589
-0.0140193
-0.0148273
-0.0155764
-0.0162616
-0.0168787
-0.0174238
-0.0178942
-0.0182858
-0.0185961
-0.0188233
-0.0189666
-0.0190249
-0.0189974
-0.0188838
-0.018684
-0.0183975
-0.0180252
-0.0175684
-0.0170287
-0.0164079
-0.0157085
-0.0149335
-0.0140868
-0.0131725
-0.0121947
-0.0111586
-0.010072
-0.00894409
-0.0077862
-0.00661737
-0.0054556
-0.00430957
-0.00319692
-0.00213831
-0.0011737
-0.00032846
0.000363092
0.000891652
0.00126087
0.00149312
0.0016186
0.00167016
0.00168325
0.00168433
0.00168492
0.00168771
0.00169051
0.0016926
0.00168717
0.00167001
0.00165824
0.00112346
0.000981658
0.000794351
0.000623512
0.000486408
0.000370627
0.000263861
0.000154
2.85861e-05
-0.000124494
-0.000317864
-0.000565649
-0.000883419
-0.00128524
-0.00178143
-0.00237767
-0.00307343
-0.00386051
-0.00472566
-0.0056545
-0.00663188
-0.00764321
-0.00867472
-0.00971327
-0.0107467
-0.0117635
-0.0127534
-0.013707
-0.0146161
-0.0154736
-0.0162734
-0.0170106
-0.0176813
-0.0182822
-0.018811
-0.0192654
-0.0196433
-0.0199432
-0.0201639
-0.0203047
-0.0203651
-0.0203449
-0.0202441
-0.0200629
-0.0198017
-0.0194614
-0.0190434
-0.0185492
-0.0179807
-0.0173401
-0.01663
-0.0158532
-0.0150129
-0.0141119
-0.0131537
-0.0121422
-0.0110814
-0.0099763
-0.00883453
-0.00766652
-0.0064889
-0.00532128
-0.00416704
-0.00304454
-0.0019816
-0.00102151
-0.000199152
0.000463308
0.000960919
0.0013062
0.00152241
0.00164018
0.00169667
0.00171784
0.00171628
0.00169721
0.00166686
0.00162581
0.00158212
0.00155616
0.00147569
0.00130239
0.00107508
0.00087787
0.000722255
0.000585509
0.000449025
0.00029728
0.00011628
-0.000106999
-0.000385616
-0.000734564
-0.00116805
-0.00169694
-0.00232721
-0.00305883
-0.00388465
-0.00479174
-0.00576496
-0.00678895
-0.00784827
-0.00892843
-0.0100158
-0.0110975
-0.0121619
-0.0131985
-0.014198
-0.0151526
-0.0160554
-0.0169011
-0.0176851
-0.018404
-0.0190551
-0.0196364
-0.0201461
-0.020583
-0.020946
-0.0212342
-0.021447
-0.021584
-0.0216451
-0.0216304
-0.0215402
-0.021375
-0.0211355
-0.0208228
-0.0204383
-0.0199836
-0.0194605
-0.0188711
-0.0182176
-0.0175024
-0.0167276
-0.0158955
-0.0150082
-0.0140676
-0.0130756
-0.0120338
-0.0109443
-0.00980897
-0.00863276
-0.0074253
-0.00620425
-0.00498332
-0.0037716
-0.00259925
-0.00151107
-0.000553226
0.000237171
0.000842307
0.00126655
0.00152871
0.00166325
0.00171479
0.001713
0.00167626
0.00161897
0.00154924
0.00148629
0.00145143
0.00184264
0.00163497
0.00136551
0.00113748
0.000958861
0.000794782
0.000620096
0.000416061
0.000167377
-0.000139171
-0.000517618
-0.000981832
-0.00154282
-0.00220707
-0.0029745
-0.00383884
-0.00478796
-0.00580613
-0.00687714
-0.00798506
-0.00911441
-0.0102509
-0.0113811
-0.0124929
-0.0135756
-0.01462
-0.0156183
-0.0165644
-0.0174531
-0.0182805
-0.0190438
-0.0197408
-0.0203699
-0.0209298
-0.0214198
-0.0218389
-0.0221869
-0.0224633
-0.0226681
-0.022801
-0.0228621
-0.0228519
-0.0227707
-0.0226192
-0.0223984
-0.0221095
-0.0217538
-0.0213329
-0.0208487
-0.0203031
-0.0196982
-0.0190358
-0.018318
-0.0175461
-0.0167214
-0.0158447
-0.0149163
-0.0139358
-0.0129026
-0.0118154
-0.0106733
-0.00947581
-0.00822629
-0.00693528
-0.00562615
-0.00430894
-0.00301232
-0.00179307
-0.000709367
0.000184048
0.000856811
0.00130935
0.00156177
0.00166267
0.00166886
0.00161749
0.0015377
0.00144608
0.0013708
0.00133076
0.0021994
0.001956
0.00164075
0.00138015
0.00117437
0.000976627
0.000755548
0.000489993
0.000163634
-0.000237721
-0.000727597
-0.00131666
-0.00201178
-0.00281281
-0.00371394
-0.00470369
-0.00576628
-0.00688439
-0.00804115
-0.0092203
-0.0104065
-0.0115858
-0.0127455
-0.0138746
-0.0149639
-0.0160057
-0.0169941
-0.0179246
-0.0187938
-0.0195993
-0.0203394
-0.021013
-0.0216194
-0.0221581
-0.0226287
-0.0230311
-0.0233651
-0.0236307
-0.0238281
-0.0239572
-0.0240184
-0.024012
-0.0239388
-0.0237994
-0.0235948
-0.0233263
-0.0229952
-0.0226032
-0.022152
-0.0216435
-0.0210795
-0.0204619
-0.0197922
-0.0190717
-0.0183011
-0.0174804
-0.0166089
-0.0156851
-0.0147064
-0.0136696
-0.0125706
-0.0114054
-0.0101708
-0.00886644
-0.00749903
-0.00608448
-0.00464847
-0.00322536
-0.00188382
-0.00069933
0.000254946
0.000940882
0.00136132
0.00155012
0.00157901
0.00151935
0.00141932
0.00130914
0.00122617
0.00118212
0.00251865
0.00223988
0.00187857
0.00158329
0.00134608
0.00110831
0.000833769
0.000499233
8.68701e-05
-0.000418388
-0.00102685
-0.00174526
-0.00257409
-0.00350749
-0.00453439
-0.00563894
-0.00680295
-0.00800814
-0.0092372
-0.0104738
-0.011703
-0.0129117
-0.0140882
-0.0152233
-0.0163092
-0.0173404
-0.0183126
-0.0192231
-0.0200697
-0.0208515
-0.0215678
-0.0222183
-0.0228028
-0.0233215
-0.0237745
-0.0241617
-0.0244833
-0.0247395
-0.0249305
-0.0250567
-0.0251183
-0.0251157
-0.0250497
-0.024921
-0.0247306
-0.0244798
-0.0241699
-0.0238025
-0.0233792
-0.0229018
-0.0223721
-0.0217919
-0.0211624
-0.0204849
-0.0197598
-0.0189868
-0.0181649
-0.0172916
-0.0163637
-0.0153763
-0.0143236
-0.0131989
-0.0119955
-0.0107083
-0.00933487
-0.00787847
-0.00635468
-0.00479689
-0.00325566
-0.00181367
-0.000569124
0.000391247
0.00102745
0.00135542
0.00144043
0.00138394
0.00126592
0.00113814
0.00104742
0.000996523
0.00277962
0.0024624
0.00205584
0.00172428
0.00145134
0.00116824
0.000835267
0.000426379
-7.90796e-05
-0.000693224
-0.00142234
-0.00226821
-0.00322521
-0.00428238
-0.00542374
-0.00663018
-0.00788191
-0.00916007
-0.0104471
-0.0117271
-0.0129858
-0.0142112
-0.0153934
-0.016525
-0.0176001
-0.018615
-0.0195671
-0.0204551
-0.0212782
-0.0220364
-0.0227296
-0.0233583
-0.0239228
-0.0244234
-0.0248606
-0.0252346
-0.0255457
-0.0257941
-0.0259801
-0.0261042
-0.0261666
-0.0261678
-0.0261085
-0.0259895
-0.0258118
-0.0255765
-0.0252848
-0.0249384
-0.0245387
-0.0240875
-0.0235865
-0.0230373
-0.0224411
-0.0217991
-0.0211117
-0.0203786
-0.0195985
-0.018769
-0.0178862
-0.016945
-0.0159384
-0.0148582
-0.0136955
-0.012441
-0.0110873
-0.00963106
-0.00807619
-0.0064416
-0.004769
-0.00312855
-0.0016236
-0.000373721
0.000526351
0.00104969
0.00124103
0.00121034
0.00108184
0.000935547
0.000830461
0.000766857
0.00294798
0.00259937
0.00215083
0.00178254
0.00147062
0.00113914
0.00074414
0.000255733
-0.000345103
-0.00106765
-0.00191499
-0.00288196
-0.00395807
-0.00512723
-0.00636942
-0.00766325
-0.00898795
-0.0103243
-0.0116549
-0.0129646
-0.0142402
-0.0154714
-0.0166503
-0.0177712
-0.0188303
-0.0198254
-0.0207554
-0.0216203
-0.0224202
-0.0231557
-0.0238276
-0.0244365
-0.024983
-0.0254679
-0.0258915
-0.0262544
-0.0265567
-0.0267989
-0.0269812
-0.0271041
-0.0271678
-0.027173
-0.0271201
-0.02701
-0.0268435
-0.0266218
-0.0263461
-0.0260177
-0.0256382
-0.0252091
-0.0247321
-0.0242086
-0.0236399
-0.0230271
-0.0223707
-0.0216703
-0.020925
-0.0201323
-0.0192886
-0.0183885
-0.017425
-0.0163893
-0.0152711
-0.0140591
-0.012742
-0.011311
-0.00976231
-0.00810284
-0.00635907
-0.00458786
-0.00288111
-0.00136312
-0.000173148
0.000597327
0.000955555
0.000993817
0.000866634
0.000701119
0.000570646
0.000489619
0.00301012
0.00263326
0.00214629
0.00174157
0.0013893
0.00100764
0.000547848
-2.10803e-05
-0.000715845
-0.00154349
-0.00250171
-0.00358036
-0.00476355
-0.00603065
-0.00735861
-0.00872452
-0.010107
-0.0114869
-0.0128473
-0.014174
-0.0154557
-0.0166838
-0.0178523
-0.0189575
-0.0199972
-0.0209708
-0.0218783
-0.0227206
-0.0234985
-0.0242132
-0.0248657
-0.025457
-0.025988
-0.0264593
-0.0268716
-0.0272251
-0.0275205
-0.0277579
-0.0279376
-0.02806
-0.0281256
-0.0281347
-0.0280879
-0.027986
-0.0278298
-0.0276203
-0.0273585
-0.0270458
-0.0266836
-0.0262734
-0.0258165
-0.0253145
-0.0247686
-0.0241798
-0.0235487
-0.0228752
-0.0221584
-0.0213964
-0.0205857
-0.0197214
-0.0187966
-0.0178028
-0.0167291
-0.0155633
-0.0142921
-0.0129028
-0.0113858
-0.00973835
-0.00797242
-0.00612841
-0.00428633
-0.00255555
-0.0010839
-2.41874e-05
0.000554994
0.000713596
0.000614963
0.000431268
0.000263525
0.000163881
0.002951
0.00255059
0.00203006
0.0015906
0.00119786
0.00076445
0.00023919
-0.000407244
-0.00119135
-0.00211712
-0.00317662
-0.00435483
-0.00563095
-0.00698062
-0.00837864
-0.00980111
-0.0112265
-0.0126359
-0.0140134
-0.0153463
-0.0166251
-0.0178431
-0.0189963
-0.0200825
-0.0211011
-0.0220527
-0.0229382
-0.0237591
-0.0245168
-0.0252127
-0.0258481
-0.0264241
-0.0269417
-0.0274016
-0.0278043
-0.0281504
-0.0284402
-0.028674
-0.0288521
-0.0289748
-0.0290425
-0.0290556
-0.0290148
-0.0289205
-0.0287736
-0.0285749
-0.0283256
-0.0280267
-0.0276796
-0.0272855
-0.0268458
-0.0263619
-0.025835
-0.0252661
-0.0246559
-0.0240043
-0.0233109
-0.0225741
-0.0217909
-0.0209571
-0.0200664
-0.0191105
-0.0180792
-0.0169599
-0.0157382
-0.0143994
-0.01293
-0.0113205
-0.00957012
-0.00770068
-0.00577856
-0.00390083
-0.00219552
-0.000843581
7.60495e-06
0.000348658
0.000315902
0.000117109
-9.47532e-05
-0.000212035
0.00276175
0.00234343
0.00179529
0.0013238
0.000890761
0.000406234
-0.000181176
-0.00090069
-0.00176782
-0.00278196
-0.0039309
-0.00519474
-0.00654847
-0.00796486
-0.00941725
-0.0108812
-0.0123353
-0.0137615
-0.0151452
-0.0164753
-0.0177441
-0.0189469
-0.0200814
-0.0211468
-0.0221439
-0.0230739
-0.0239385
-0.0247396
-0.025479
-0.0261582
-0.0267786
-0.0273415
-0.0278476
-0.0282979
-0.0286928
-0.0290328
-0.0293183
-0.0295495
-0.0297267
-0.0298502
-0.0299204
-0.0299376
-0.0299023
-0.0298151
-0.0296768
-0.029488
-0.0292498
-0.0289632
-0.0286292
-0.0282493
-0.0278245
-0.0273561
-0.0268453
-0.0262931
-0.0257001
-0.0250667
-0.0243926
-0.0236764
-0.0229161
-0.0221079
-0.0212464
-0.0203244
-0.0193319
-0.0182571
-0.0170854
-0.0158009
-0.0143876
-0.0128321
-0.0111252
-0.00926913
-0.00730586
-0.00534328
-0.00347139
-0.00185713
-0.000707889
-0.000131937
-5.38364e-05
-0.000249423
-0.000504441
-0.000637926
0.00243998
0.00200984
0.00144063
0.000940457
0.000468803
-6.43469e-05
-0.000709315
-0.00149545
-0.00243665
-0.00352814
-0.00475336
-0.00608804
-0.00750376
-0.00897125
-0.0104629
-0.0119543
-0.0134244
-0.0148563
-0.0162369
-0.0175568
-0.0188104
-0.0199946
-0.0211084
-0.0221524
-0.0231281
-0.0240375
-0.0248827
-0.0256658
-0.0263887
-0.0270531
-0.0276605
-0.028212
-0.0287086
-0.0291508
-0.0295393
-0.0298744
-0.0301565
-0.030386
-0.0305629
-0.0306875
-0.0307603
-0.0307815
-0.0307516
-0.0306711
-0.0305406
-0.0303608
-0.0301326
-0.029857
-0.0295348
-0.0291673
-0.0287555
-0.0283006
-0.0278037
-0.0272657
-0.0266875
-0.0260693
-0.0254111
-0.0247122
-0.0239709
-0.0231842
-0.0223477
-0.021455
-0.0204975
-0.0194639
-0.0183403
-0.0171105
-0.0157569
-0.0142635
-0.0126166
-0.0108062
-0.00884292
-0.00682705
-0.00485697
-0.00304444
-0.00161301
-0.000760406
-0.000511533
-0.000677193
-0.000963582
-0.00111345
0.00198899
0.00155342
0.000969799
0.000444705
-6.26532e-05
-0.000639832
-0.00133658
-0.00218208
-0.0031871
-0.00434372
-0.00563132
-0.00702189
-0.00848439
-0.00998815
-0.0115052
-0.0130112
-0.0144862
-0.0159144
-0.0172844
-0.0185889
-0.0198235
-0.0209868
-0.022079
-0.0231016
-0.0240567
-0.0249466
-0.0257739
-0.0265407
-0.027249
-0.0279005
-0.0284965
-0.0290383
-0.0295265
-0.029962
-0.0303452
-0.0306764
-0.030956
-0.0311842
-0.0313613
-0.0314873
-0.0315628
-0.0315879
-0.031563
-0.0314887
-0.0313655
-0.031194
-0.030975
-0.0307092
-0.0303977
-0.0300413
-0.0296411
-0.0291982
-0.0287134
-0.0281879
-0.0276223
-0.0270171
-0.0263726
-0.0256882
-0.0249629
-0.0241944
-0.0233792
-0.0225119
-0.0215852
-0.020589
-0.0195104
-0.0183336
-0.0170404
-0.0156126
-0.0140341
-0.0122893
-0.0103706
-0.00832086
-0.00630068
-0.00436142
-0.00269056
-0.00154991
-0.00108305
-0.00118264
-0.00147128
-0.00164352
0.00141714
0.000982515
0.000390691
-0.000154685
-0.000693611
-0.00130976
-0.00205177
-0.00294779
-0.00400596
-0.00521518
-0.00655128
-0.00798331
-0.00947826
-0.0110047
-0.0125345
-0.0140441
-0.0155146
-0.0169316
-0.0182854
-0.0195703
-0.0207836
-0.0219248
-0.0229952
-0.0239969
-0.0249323
-0.0258042
-0.026615
-0.0273671
-0.0280624
-0.0287024
-0.0292886
-0.0298219
-0.0303031
-0.0307329
-0.0311116
-0.0314397
-0.0317173
-0.0319448
-0.0321222
-0.0322498
-0.0323279
-0.0323568
-0.0323368
-0.0322683
-0.0321518
-0.0319879
-0.0317772
-0.0315205
-0.0312186
-0.0308723
-0.0304826
-0.0300504
-0.0295765
-0.029062
-0.0285076
-0.0279139
-0.0272812
-0.0266095
-0.0258979
-0.025145
-0.0243481
-0.0235029
-0.0226032
-0.0216404
-0.020603
-0.0194762
-0.018242
-0.0168807
-0.0153743
-0.0137056
-0.0118549
-0.00982051
-0.0077595
-0.0057579
-0.00391448
-0.00250888
-0.00179035
-0.00176403
-0.00203235
-0.00223888
0.000736838
0.000309524
-0.000284231
-0.00084504
-0.00141058
-0.00206023
-0.00284083
-0.00377835
-0.00487877
-0.00612818
-0.00749953
-0.00895953
-0.0104739
-0.0120109
-0.0135427
-0.0150466
-0.0165048
-0.0179048
-0.0192383
-0.020501
-0.0216914
-0.0228102
-0.023859
-0.0248405
-0.0257575
-0.0266126
-0.0274085
-0.0281472
-0.0288308
-0.0294607
-0.0300382
-0.0305641
-0.0310392
-0.0314641
-0.0318391
-0.0321646
-0.0324407
-0.0326676
-0.0328457
-0.0329749
-0.0330556
-0.033088
-0.0330725
-0.0330094
-0.0328992
-0.0327423
-0.0325394
-0.032291
-0.0319979
-0.0316609
-0.0312807
-0.0308583
-0.0303944
-0.0298899
-0.0293456
-0.0287622
-0.0281402
-0.0274796
-0.0267802
-0.026041
-0.02526
-0.0244341
-0.0235583
-0.0226253
-0.0216251
-0.0205444
-0.0193661
-0.0180703
-0.0166367
-0.0150469
-0.0132793
-0.0113153
-0.00921705
-0.00719032
-0.00525005
-0.0036302
-0.00265171
-0.00243799
-0.00266363
-0.00291627
-3.48207e-05
-0.000450683
-0.00103988
-0.00161128
-0.00219894
-0.00287661
-0.00368828
-0.0046583
-0.00579038
-0.00706825
-0.00846257
-0.0099384
-0.0114607
-0.0129978
-0.0145225
-0.0160132
-0.0174534
-0.018832
-0.0201423
-0.0213811
-0.0225481
-0.0236444
-0.0246723
-0.0256346
-0.0265342
-0.0273738
-0.028156
-0.0288827
-0.0295558
-0.0301766
-0.0307463
-0.0312657
-0.0317355
-0.0321561
-0.0325279
-0.0328511
-0.033126
-0.0333527
-0.0335314
-0.0336622
-0.0337454
-0.0337813
-0.03377
-0.0337119
-0.0336075
-0.0334571
-0.0332613
-0.0330206
-0.0327357
-0.0324072
-0.0320358
-0.0316224
-0.0311677
-0.0306725
-0.0301377
-0.0295638
-0.0289514
-0.028301
-0.0276126
-0.0268857
-0.026119
-0.0253102
-0.0244555
-0.023549
-0.0225824
-0.0215439
-0.0204178
-0.019185
-0.0178237
-0.0163146
-0.0146375
-0.0127622
-0.0106761
-0.00862833
-0.00665487
-0.00488731
-0.00367063
-0.00323912
-0.00338242
-0.00369692
-0.000878836
-0.00128077
-0.00186042
-0.00243806
-0.00304289
-0.00374265
-0.00457806
-0.00557186
-0.00672567
-0.00802125
-0.00942757
-0.0109086
-0.0124291
-0.0139576
-0.0154679
-0.0169395
-0.0183573
-0.0197115
-0.0209968
-0.0222111
-0.0233545
-0.0244288
-0.0254366
-0.0263807
-0.0272641
-0.0280894
-0.0288589
-0.0295747
-0.0302382
-0.0308509
-0.0314136
-0.0319272
-0.0323922
-0.032809
-0.0331779
-0.0334993
-0.0337731
-0.0339997
-0.034179
-0.0343114
-0.034397
-0.034436
-0.0344286
-0.0343752
-0.0342761
-0.0341318
-0.0339425
-0.033709
-0.0334316
-0.0331111
-0.032748
-0.032343
-0.031897
-0.0314105
-0.0308844
-0.0303194
-0.0297162
-0.0290754
-0.0283971
-0.0276815
-0.0269277
-0.0261344
-0.0252987
-0.0244161
-0.0234797
-0.0224795
-0.0214016
-0.0202279
-0.0189369
-0.017507
-0.0159179
-0.0141389
-0.0121419
-0.0100631
-0.00809231
-0.00625118
-0.00484232
-0.00418642
-0.00420605
-0.00460875
-0.00177692
-0.00216263
-0.0027288
-0.00330831
-0.00392534
-0.00464136
-0.00549379
-0.0065034
-0.00766995
-0.00897372
-0.0103826
-0.0118599
-0.0133705
-0.0148835
-0.0163738
-0.0178219
-0.0192143
-0.0205424
-0.0218018
-0.0229912
-0.0241114
-0.0251645
-0.0261531
-0.0270801
-0.0279484
-0.0287604
-0.0295183
-0.0302239
-0.0308788
-0.0314839
-0.0320403
-0.0325486
-0.0330093
-0.0334227
-0.0337891
-0.0341087
-0.0343817
-0.0346081
-0.0347882
-0.034922
-0.0350097
-0.0350516
-0.0350479
-0.0349988
-0.0349047
-0.0347659
-0.0345828
-0.0343558
-0.0340855
-0.0337724
-0.033417
-0.03302
-0.0325821
-0.0321039
-0.0315862
-0.0310298
-0.0304353
-0.0298035
-0.0291349
-0.0284298
-0.0276881
-0.0269089
-0.0260905
-0.0252295
-0.0243205
-0.0233551
-0.0223215
-0.0212031
-0.0199794
-0.0186271
-0.0171249
-0.0154475
-0.013562
-0.0114865
-0.00953687
-0.00768895
-0.00615031
-0.00528025
-0.00516081
-0.00566731
-0.00271056
-0.0030781
-0.00362733
-0.00420444
-0.00482908
-0.00555613
-0.00641953
-0.00743788
-0.00860935
-0.00991321
-0.0113167
-0.012783
-0.0142773
-0.0157696
-0.0172357
-0.0186575
-0.0200227
-0.0213237
-0.022557
-0.0237219
-0.0248196
-0.0258523
-0.0268227
-0.0277337
-0.0285878
-0.0293874
-0.0301346
-0.0308309
-0.0314777
-0.032076
-0.0326266
-0.0331301
-0.0335868
-0.0339971
-0.0343612
-0.0346792
-0.0349513
-0.0351777
-0.0353583
-0.0354935
-0.0355832
-0.0356278
-0.0356274
-0.0355822
-0.0354926
-0.035359
-0.0351815
-0.0349607
-0.034697
-0.0343908
-0.0340427
-0.0336532
-0.033223
-0.0327527
-0.0322431
-0.0316948
-0.0311088
-0.0304858
-0.0298264
-0.0291315
-0.0284011
-0.0276352
-0.0268327
-0.0259915
-0.0251074
-0.0241737
-0.0231805
-0.0221132
-0.0209526
-0.0196758
-0.0182615
-0.0166887
-0.014916
-0.0129027
-0.0109542
-0.00914784
-0.00754853
-0.00650446
-0.00626977
-0.00685822
-0.00366178
-0.00400901
-0.0045384
-0.00510973
-0.0057379
-0.00647126
-0.00734028
-0.00836129
-0.00953112
-0.0108284
-0.0122201
-0.0136697
-0.0151429
-0.0166107
-0.01805
-0.0194438
-0.0207808
-0.0220545
-0.0232621
-0.0244032
-0.0254794
-0.0264927
-0.027446
-0.0283419
-0.0291828
-0.0299709
-0.0307081
-0.0313958
-0.0320352
-0.0326272
-0.0331724
-0.0336714
-0.0341244
-0.0345318
-0.0348938
-0.0352103
-0.0354817
-0.0357079
-0.0358891
-0.0360254
-0.0361169
-0.0361639
-0.0361665
-0.036125
-0.0360396
-0.0359106
-0.0357383
-0.0355232
-0.0352656
-0.0349659
-0.0346246
-0.0342423
-0.0338194
-0.0333567
-0.0328548
-0.0323145
-0.0317367
-0.0311222
-0.0304718
-0.0297866
-0.0290671
-0.0283137
-0.0275261
-0.0267031
-0.0258418
-0.0249371
-0.0239807
-0.0229603
-0.0218584
-0.0206533
-0.0193222
-0.0178444
-0.0161851
-0.0143043
-0.0123467
-0.0105908
-0.00898554
-0.00782621
-0.00752289
-0.0081501
-0.00461298
-0.00493815
-0.00544538
-0.00600824
-0.00663652
-0.00737215
-0.00824224
-0.0092609
-0.0104238
-0.0117091
-0.0130842
-0.0145129
-0.0159617
-0.0174026
-0.0188134
-0.0201785
-0.0214873
-0.0227342
-0.0239169
-0.0250352
-0.0260909
-0.027086
-0.0280232
-0.028905
-0.0297336
-0.0305111
-0.031239
-0.0319187
-0.0325512
-0.0331373
-0.0336776
-0.0341723
-0.034622
-0.0350267
-0.0353865
-0.0357017
-0.0359723
-0.0361983
-0.03638
-0.0365173
-0.0366105
-0.0366596
-0.0366649
-0.0366267
-0.036545
-0.0364203
-0.0362529
-0.036043
-0.035791
-0.0354973
-0.0351624
-0.0347868
-0.0343709
-0.0339154
-0.033421
-0.0328885
-0.0323186
-0.0317124
-0.0310709
-0.0303951
-0.0296861
-0.0289446
-0.028171
-0.0273649
-0.0265246
-0.0256464
-0.0247238
-0.0237464
-0.0226989
-0.0215611
-0.0203094
-0.0189228
-0.0173748
-0.0156312
-0.0137033
-0.0119936
-0.0104206
-0.00920322
-0.00885879
-0.00946655
-0.00554788
-0.00584975
-0.00633328
-0.0068854
-0.00751093
-0.00824551
-0.009113
-0.0101253
-0.0112772
-0.0125466
-0.0139015
-0.0153064
-0.0167289
-0.0181415
-0.0195235
-0.0208598
-0.0221411
-0.0233621
-0.0245209
-0.0256177
-0.026654
-0.0276321
-0.0285543
-0.029423
-0.0302402
-0.0310077
-0.0317271
-0.0323994
-0.0330255
-0.0336061
-0.0341417
-0.0346326
-0.0350791
-0.0354812
-0.0358392
-0.036153
-0.0364229
-0.0366487
-0.0368307
-0.0369689
-0.0370634
-0.0371145
-0.0371223
-0.0370869
-0.0370087
-0.0368879
-0.0367248
-0.0365197
-0.0362729
-0.0359848
-0.0356558
-0.0352865
-0.0348772
-0.0344286
-0.0339413
-0.0334162
-0.032854
-0.0322559
-0.031623
-0.0309564
-0.0302575
-0.0295275
-0.0287671
-0.0279769
-0.027156
-0.0263021
-0.0254102
-0.024472
-0.0234743
-0.0223985
-0.0212223
-0.0199251
-0.0184863
-0.0168638
-0.0150227
-0.0133337
-0.011809
-0.0105784
-0.0101841
-0.0106919
-0.00645086
-0.00672959
-0.00718846
-0.00772811
-0.00834862
-0.00907952
-0.00994153
-0.0109445
-0.0120826
-0.0133332
-0.0146654
-0.0160451
-0.0174402
-0.0188244
-0.0201777
-0.0214862
-0.0227409
-0.0239373
-0.0250737
-0.0261503
-0.0271686
-0.0281308
-0.0290391
-0.0298957
-0.0307023
-0.0314607
-0.0321721
-0.0328376
-0.0334578
-0.0340333
-0.0345646
-0.035052
-0.0354954
-0.0358952
-0.0362514
-0.036564
-0.036833
-0.0370587
-0.0372409
-0.0373798
-0.0374756
-0.0375283
-0.0375382
-0.0375055
-0.0374303
-0.037313
-0.0371538
-0.036953
-0.0367109
-0.0364279
-0.0361044
-0.0357409
-0.0353378
-0.0348956
-0.0344152
-0.0338971
-0.0333425
-0.0327522
-0.0321275
-0.0314699
-0.0307808
-0.0300616
-0.0293139
-0.0285385
-0.0277356
-0.026904
-0.0260403
-0.0251377
-0.0241853
-0.0231666
-0.0220605
-0.0208458
-0.0195039
-0.0179968
-0.0162824
-0.0146012
-0.0131267
-0.0119021
-0.0114308
-0.0117791
-0.00730998
-0.00756489
-0.00799887
-0.00852486
-0.00913864
-0.0098639
-0.0107184
-0.0117101
-0.012832
-0.0140625
-0.0153708
-0.0167246
-0.0180924
-0.0194486
-0.0207742
-0.022056
-0.0232858
-0.0244591
-0.0255746
-0.0266325
-0.0276342
-0.0285819
-0.0294774
-0.0303228
-0.0311198
-0.0318697
-0.0325739
-0.033233
-0.0338478
-0.0344187
-0.034946
-0.03543
-0.0358707
-0.0362683
-0.0366228
-0.0369342
-0.0372026
-0.0374279
-0.0376103
-0.0377499
-0.0378467
-0.0379009
-0.0379127
-0.0378822
-0.0378097
-0.0376955
-0.0375397
-0.0373427
-0.0371049
-0.0368265
-0.036508
-0.0361498
-0.0357523
-0.0353162
-0.0348421
-0.0343308
-0.0337832
-0.0332004
-0.0325838
-0.0319347
-0.031255
-0.0305463
-0.0298104
-0.0290489
-0.0282627
-0.0274516
-0.0266135
-0.0257434
-0.0248323
-0.0238658
-0.0228243
-0.0216856
-0.0204304
-0.0190292
-0.0174528
-0.0157912
-0.0143623
-0.0131476
-0.0125824
-0.0127788
-0.0081129
-0.00834534
-0.00875426
-0.00926592
-0.00987173
-0.0105899
-0.0114354
-0.0124152
-0.0135194
-0.0147287
-0.016013
-0.0173413
-0.0186824
-0.0200118
-0.0213112
-0.0225681
-0.0237746
-0.0249267
-0.0260229
-0.0270637
-0.0280504
-0.0289848
-0.0298687
-0.0307039
-0.0314921
-0.0322344
-0.0329318
-0.0335852
-0.034195
-0.0347617
-0.0352854
-0.0357664
-0.0362047
-0.0366003
-0.0369532
-0.0372635
-0.0375312
-0.0377563
-0.0379388
-0.0380789
-0.0381765
-0.038232
-0.0382454
-0.0382169
-0.0381467
-0.0380351
-0.0378824
-0.0376888
-0.0374547
-0.0371803
-0.0368663
-0.0365128
-0.0361205
-0.0356899
-0.0352217
-0.0347166
-0.0341756
-0.0335999
-0.0329908
-0.03235
-0.0316791
-0.0309803
-0.0302557
-0.0295071
-0.0287363
-0.027944
-0.0271292
-0.0262885
-0.0254147
-0.0244955
-0.0235129
-0.0224451
-0.0212724
-0.0199729
-0.0185178
-0.0169031
-0.0155104
-0.014309
-0.0136652
-0.0137431
-0.0088553
-0.00905927
-0.00944562
-0.00994295
-0.0105401
-0.0112502
-0.0120859
-0.013053
-0.0141399
-0.0153278
-0.0165887
-0.0178922
-0.0192079
-0.020512
-0.0217872
-0.0230211
-0.0242064
-0.0253392
-0.0264181
-0.0274435
-0.0284165
-0.0293389
-0.0302124
-0.0310385
-0.0318188
-0.0325542
-0.0332457
-0.0338939
-0.0344993
-0.0350621
-0.0355827
-0.0360609
-0.036497
-0.0368908
-0.0372423
-0.0375517
-0.0378187
-0.0380436
-0.0382262
-0.0383666
-0.038465
-0.0385215
-0.0385363
-0.0385094
-0.0384412
-0.0383319
-0.0381817
-0.037991
-0.0377601
-0.0374893
-0.0371791
-0.0368298
-0.0364421
-0.0360164
-0.0355534
-0.035054
-0.0345191
-0.03395
-0.0333479
-0.0327147
-0.0320522
-0.0313627
-0.0306485
-0.029912
-0.0291554
-0.0283802
-0.0275866
-0.0267724
-0.0259322
-0.0250555
-0.0241264
-0.0231241
-0.0220291
-0.0208222
-0.0194689
-0.0179462
-0.0165804
-0.0153916
-0.0147003
-0.0146848
-0.00952586
-0.00970344
-0.010068
-0.0105499
-0.0111377
-0.0118395
-0.0126648
-0.0136187
-0.014689
-0.0158563
-0.0170948
-0.0183749
-0.0196669
-0.0209479
-0.0222008
-0.023414
-0.0245802
-0.0256958
-0.0267593
-0.027771
-0.028732
-0.0296438
-0.030508
-0.0313261
-0.0320993
-0.0328287
-0.0335149
-0.0341586
-0.0347601
-0.0353196
-0.0358373
-0.0363132
-0.0367473
-0.0371396
-0.03749
-0.0377985
-0.038065
-0.0382896
-0.0384723
-0.0386131
-0.0387122
-0.0387695
-0.0387854
-0.0387599
-0.0386933
-0.0385858
-0.0384378
-0.0382495
-0.0380212
-0.0377533
-0.0374463
-0.0371007
-0.0367168
-0.0362953
-0.035837
-0.0353426
-0.0348131
-0.0342498
-0.0336542
-0.033028
-0.0323732
-0.0316922
-0.0309876
-0.0302622
-0.0295187
-0.028759
-0.0279845
-0.0271942
-0.0263841
-0.0255458
-0.0246651
-0.0237229
-0.0226991
-0.021576
-0.0203175
-0.0188936
-0.0175674
-0.0164087
-0.015695
-0.0156061
-0.0101086
-0.0102691
-0.0106128
-0.0110807
-0.0116597
-0.0123533
-0.0131684
-0.0141089
-0.0151635
-0.0163114
-0.0175292
-0.0187876
-0.0200579
-0.0213179
-0.022551
-0.0237458
-0.0248953
-0.0259957
-0.0270458
-0.0280456
-0.0289961
-0.0298988
-0.030755
-0.0315661
-0.0323333
-0.0330574
-0.0337391
-0.0343789
-0.034977
-0.0355337
-0.0360491
-0.036523
-0.0369555
-0.0373466
-0.037696
-0.0380039
-0.03827
-0.0384945
-0.0386772
-0.0388183
-0.0389179
-0.0389759
-0.0389927
-0.0389683
-0.0389029
-0.0387969
-0.0386506
-0.0384641
-0.0382379
-0.0379724
-0.037668
-0.0373252
-0.0369445
-0.0365265
-0.036072
-0.0355819
-0.0350571
-0.0344989
-0.0339089
-0.0332889
-0.032641
-0.0319677
-0.0312719
-0.0305565
-0.0298247
-0.0290791
-0.0283216
-0.0275526
-0.0267696
-0.0259657
-0.0251288
-0.024241
-0.0232818
-0.0222339
-0.0210651
-0.0197515
-0.018467
-0.0173555
-0.0166437
-0.0164972
-0.0106076
-0.0107532
-0.0110748
-0.0115318
-0.0121029
-0.0127887
-0.013594
-0.0145213
-0.0155611
-0.0166912
-0.01789
-0.0191287
-0.0203796
-0.021621
-0.0228367
-0.0240157
-0.0251507
-0.0262382
-0.0272768
-0.0282665
-0.0292082
-0.0301032
-0.0309527
-0.0317579
-0.03252
-0.0332398
-0.0339177
-0.0345543
-0.0351498
-0.0357042
-0.0362177
-0.0366901
-0.0371214
-0.0375115
-0.0378603
-0.0381676
-0.0384336
-0.038658
-0.0388408
-0.0389822
-0.0390822
-0.0391408
-0.0391582
-0.0391346
-0.0390703
-0.0389653
-0.0388202
-0.0386351
-0.0384104
-0.0381466
-0.0378441
-0.0375034
-0.0371251
-0.0367098
-0.0362584
-0.0357716
-0.0352506
-0.0346967
-0.0341114
-0.0334966
-0.0328547
-0.0321882
-0.0315
-0.0307936
-0.0300721
-0.029339
-0.0285967
-0.0278466
-0.0270874
-0.0263142
-0.0255166
-0.0246783
-0.0237786
-0.0228
-0.0217167
-0.0205134
-0.0192726
-0.0182246
-0.0175338
-0.017344
-0.0110267
-0.0111551
-0.0114568
-0.0119018
-0.0124654
-0.013144
-0.0139402
-0.0148549
-0.0158803
-0.0169941
-0.0181764
-0.0193975
-0.0206312
-0.0218564
-0.0230573
-0.0242229
-0.0253458
-0.0264226
-0.0274517
-0.0284332
-0.0293677
-0.0302564
-0.0311004
-0.031901
-0.0326591
-0.0333754
-0.0340504
-0.0346846
-0.035278
-0.0358307
-0.0363428
-0.0368142
-0.0372447
-0.0376342
-0.0379826
-0.0382898
-0.0385556
-0.0387801
-0.0389632
-0.0391048
-0.0392052
-0.0392642
-0.0392822
-0.0392591
-0.0391954
-0.0390912
-0.0389467
-0.0387625
-0.0385387
-0.038276
-0.0379747
-0.0376354
-0.0372586
-0.0368452
-0.0363958
-0.0359115
-0.0353932
-0.0348425
-0.0342609
-0.0336505
-0.0330134
-0.0323525
-0.0316709
-0.030972
-0.0302596
-0.0295373
-0.0288084
-0.0280748
-0.0273366
-0.0265904
-0.0258278
-0.0250341
-0.0241898
-0.0232772
-0.0222772
-0.0211733
-0.0199812
-0.0190047
-0.0183501
-0.0181306
-0.0113639
-0.0114745
-0.0117576
-0.012191
-0.012747
-0.0134186
-0.0142063
-0.0151096
-0.0161206
-0.0172195
-0.0183878
-0.0195932
-0.020812
-0.0220235
-0.0232118
-0.0243668
-0.0254798
-0.0265481
-0.0275699
-0.0285449
-0.0294738
-0.0303577
-0.0311977
-0.0319948
-0.0327499
-0.0334637
-0.0341367
-0.0347692
-0.0353613
-0.035913
-0.0364243
-0.0368951
-0.0373252
-0.0377146
-0.0380629
-0.0383702
-0.0386362
-0.0388609
-0.0390443
-0.0391863
-0.0392869
-0.0393463
-0.0393646
-0.0393419
-0.0392785
-0.0391746
-0.0390304
-0.0388465
-0.0386231
-0.0383607
-0.0380598
-0.0377211
-0.037345
-0.0369325
-0.0364842
-0.0360012
-0.0354847
-0.0349361
-0.0343571
-0.0337496
-0.0331162
-0.0324597
-0.0317833
-0.0310907
-0.0303859
-0.0296728
-0.0289552
-0.0282358
-0.0275159
-0.0267933
-0.0260614
-0.0253078
-0.0245144
-0.0236634
-0.0227408
-0.0217257
-0.0206015
-0.0196886
-0.0190775
-0.0188423
-0.0116185
-0.0117115
-0.0119768
-0.0123992
-0.0129478
-0.0136125
-0.0143923
-0.0152853
-0.0162831
-0.017368
-0.0185235
-0.0197156
-0.0209218
-0.022122
-0.0233005
-0.0244463
-0.0255521
-0.0266141
-0.0276305
-0.028601
-0.029526
-0.0304067
-0.0312439
-0.0320388
-0.032792
-0.0335044
-0.0341762
-0.0348078
-0.0353993
-0.0359506
-0.0364618
-0.0369326
-0.0373629
-0.0377525
-0.0381012
-0.0384088
-0.0386753
-0.0389004
-0.0390842
-0.0392266
-0.0393276
-0.0393873
-0.0394058
-0.0393832
-0.0393198
-0.0392158
-0.0390715
-0.0388873
-0.0386636
-0.0384009
-0.0380997
-0.0377607
-0.0373844
-0.0369717
-0.0365235
-0.0360408
-0.0355248
-0.0349771
-0.0343993
-0.0337936
-0.0331625
-0.0325089
-0.0318363
-0.0311485
-0.0304496
-0.029744
-0.0290358
-0.0283284
-0.0276239
-0.0269215
-0.0262165
-0.0254982
-0.0247504
-0.0239558
-0.023102
-0.0221668
-0.0211306
-0.0202758
-0.0197047
-0.0194652
-0.0117924
-0.011868
-0.0121159
-0.0125276
-0.0130689
-0.0137269
-0.0144991
-0.0153828
-0.0163688
-0.0174406
-0.0185834
-0.0197647
-0.0209605
-0.0221516
-0.0233225
-0.0244617
-0.0255624
-0.0266201
-0.0276331
-0.0286008
-0.0295237
-0.0304026
-0.0312385
-0.0320323
-0.0327849
-0.0334968
-0.0341684
-0.0348001
-0.0353917
-0.0359435
-0.0364551
-0.0369265
-0.0373575
-0.0377479
-0.0380973
-0.0384057
-0.0386729
-0.0388988
-0.0390831
-0.039226
-0.0393274
-0.0393873
-0.0394059
-0.0393832
-0.0393195
-0.0392151
-0.0390702
-0.0388853
-0.0386607
-0.038397
-0.0380947
-0.0377544
-0.0373769
-0.0369631
-0.0365138
-0.0360301
-0.0355134
-0.0349652
-0.0343873
-0.0337819
-0.0331516
-0.0324995
-0.0318291
-0.0311444
-0.0304497
-0.0297497
-0.0290489
-0.0283512
-0.0276594
-0.0269741
-0.026292
-0.0256045
-0.0248971
-0.0241532
-0.0233617
-0.0225
-0.0215495
-0.0207567
-0.020227
-0.0199888
-0.011889
-0.0119475
-0.0121781
-0.0125788
-0.0131126
-0.0137639
-0.0145287
-0.0154036
-0.0163793
-0.0174385
-0.0185683
-0.019741
-0.0209283
-0.0221124
-0.0232776
-0.0244127
-0.0255102
-0.0265657
-0.0275771
-0.0285438
-0.0294661
-0.0303448
-0.0311808
-0.0319749
-0.032728
-0.0334405
-0.034113
-0.0347456
-0.0353383
-0.0358912
-0.0364041
-0.0368768
-0.037309
-0.0377006
-0.0380513
-0.0383609
-0.0386291
-0.0388559
-0.0390411
-0.0391846
-0.0392864
-0.0393465
-0.0393651
-0.0393421
-0.0392779
-0.0391727
-0.0390268
-0.0388406
-0.0386145
-0.0383491
-0.0380449
-0.0377025
-0.0373229
-0.0369067
-0.0364551
-0.0359692
-0.0354504
-0.0349003
-0.0343207
-0.033714
-0.0330829
-0.0324306
-0.0317607
-0.0310774
-0.0303851
-0.0296888
-0.0289933
-0.028303
-0.0276213
-0.0269498
-0.0262867
-0.0256255
-0.0249535
-0.0242546
-0.0235182
-0.0227236
-0.0218581
-0.0211248
-0.0206366
-0.0204045
-0.0119128
-0.0119547
-0.0121678
-0.0125565
-0.013082
-0.0137263
-0.0144835
-0.0153498
-0.0163159
-0.0173635
-0.0184802
-0.0196452
-0.0208258
-0.0220044
-0.023166
-0.0242988
-0.025395
-0.0264502
-0.0274619
-0.0284294
-0.0293528
-0.0302328
-0.0310702
-0.031866
-0.0326208
-0.0333352
-0.0340095
-0.034644
-0.0352387
-0.0357936
-0.0363084
-0.0367831
-0.0372173
-0.0376107
-0.0379632
-0.0382743
-0.0385441
-0.0387721
-0.0389583
-0.0391026
-0.0392049
-0.0392653
-0.0392837
-0.0392603
-0.0391953
-0.039089
-0.0389416
-0.0387536
-0.0385254
-0.0382575
-0.0379505
-0.0376052
-0.0372223
-0.0368028
-0.0363477
-0.0358583
-0.0353359
-0.0347823
-0.0341995
-0.0335898
-0.0329562
-0.0323018
-0.0316306
-0.0309467
-0.0302549
-0.0295603
-0.0288679
-0.0281826
-0.0275083
-0.0268475
-0.0261998
-0.0255604
-0.0249186
-0.0242593
-0.0235713
-0.0228363
-0.022052
-0.0213761
-0.0209292
-0.0207064
-0.0118695
-0.0118949
-0.0120898
-0.0124649
-0.0129809
-0.0136175
-0.0143667
-0.0152239
-0.0161804
-0.0172177
-0.0183218
-0.0194788
-0.0206538
-0.0218284
-0.0229877
-0.0241199
-0.0252167
-0.0262733
-0.027287
-0.028257
-0.0291831
-0.0300659
-0.0309063
-0.031705
-0.0324628
-0.0331802
-0.0338575
-0.0344949
-0.0350926
-0.0356503
-0.036168
-0.0366454
-0.0370822
-0.0374781
-0.0378329
-0.0381462
-0.0384178
-0.0386474
-0.038835
-0.0389802
-0.0390832
-0.0391438
-0.0391621
-0.0391381
-0.0390721
-0.0389644
-0.0388151
-0.0386247
-0.0383937
-0.0381225
-0.037812
-0.0374627
-0.0370756
-0.0366515
-0.0361917
-0.0356973
-0.03517
-0.0346113
-0.0340236
-0.0334092
-0.0327711
-0.0321128
-0.0314382
-0.0307517
-0.0300583
-0.0293632
-0.0286717
-0.027989
-0.0273196
-0.0266665
-0.0260304
-0.0254084
-0.0247918
-0.0241668
-0.0235211
-0.0228389
-0.0221308
-0.0215078
-0.0211014
-0.0208892
-0.0117652
-0.011774
-0.0119494
-0.0123091
-0.012814
-0.0134415
-0.0141818
-0.0150291
-0.0159751
-0.0170031
-0.0180962
-0.0192436
-0.0204134
-0.021585
-0.0227433
-0.0238761
-0.024975
-0.0260346
-0.027052
-0.028026
-0.0289564
-0.0298436
-0.0306884
-0.0314914
-0.0322535
-0.0329751
-0.0336565
-0.034298
-0.0348996
-0.0354612
-0.0359826
-0.0364635
-0.0369037
-0.0373028
-0.0376605
-0.0379765
-0.0382504
-0.0384821
-0.0386713
-0.0388178
-0.0389215
-0.0389825
-0.0390006
-0.0389759
-0.0389088
-0.0387992
-0.0386477
-0.0384544
-0.03822
-0.0379449
-0.0376298
-0.0372756
-0.036883
-0.0364532
-0.0359872
-0.0354865
-0.0349526
-0.0343873
-0.0337929
-0.033172
-0.0325275
-0.0318633
-0.0311832
-0.0304921
-0.0297948
-0.029097
-0.0284041
-0.0277215
-0.0270543
-0.0264059
-0.025778
-0.0251693
-0.0245733
-0.0239776
-0.0233691
-0.0227351
-0.0220916
-0.0215182
-0.0211521
-0.0209497
-0.0116069
-0.0115982
-0.0117526
-0.0120947
-0.0125865
-0.0132031
-0.013933
-0.0147692
-0.0157035
-0.0167215
-0.0178055
-0.0189422
-0.0201062
-0.0212753
-0.0224333
-0.0235678
-0.0246698
-0.0257338
-0.0267563
-0.0277358
-0.028672
-0.0295651
-0.0304157
-0.0312246
-0.0319923
-0.0327193
-0.0334062
-0.0340529
-0.0346595
-0.035226
-0.035752
-0.0362374
-0.0366818
-0.0370849
-0.0374462
-0.0377654
-0.0380422
-0.0382764
-0.0384675
-0.0386156
-0.0387203
-0.0387817
-0.0387996
-0.0387742
-0.0387056
-0.0385941
-0.0384398
-0.0382432
-0.0380048
-0.037725
-0.0374047
-0.0370445
-0.0366454
-0.0362085
-0.0357349
-0.0352262
-0.034684
-0.0341103
-0.0335074
-0.032878
-0.0322253
-0.031553
-0.0308654
-0.0301673
-0.0294641
-0.0287613
-0.0280645
-0.0273796
-0.0267117
-0.0260652
-0.0254423
-0.0248431
-0.0242632
-0.0236921
-0.0231164
-0.0225261
-0.0219365
-0.0214059
-0.0210797
-0.0208874
-0.0114012
-0.0113743
-0.0115056
-0.0118274
-0.0123037
-0.0129074
-0.0136251
-0.0144488
-0.01537
-0.016376
-0.0174504
-0.018577
-0.0197343
-0.0209003
-0.0220582
-0.023195
-0.0243012
-0.0253705
-0.0263994
-0.0273859
-0.0283293
-0.0292298
-0.0300877
-0.0309037
-0.0316785
-0.0324124
-0.0331059
-0.0337591
-0.0343719
-0.0349443
-0.0354761
-0.0359669
-0.0364164
-0.0368242
-0.0371899
-0.037513
-0.0377933
-0.0380304
-0.038224
-0.0383739
-0.0384798
-0.0385418
-0.0385596
-0.0385334
-0.0384633
-0.0383494
-0.0381921
-0.0379917
-0.0377486
-0.0374635
-0.0371369
-0.0367699
-0.0363631
-0.0359179
-0.0354355
-0.0349173
-0.0343651
-0.0337811
-0.0331676
-0.0325276
-0.0318644
-0.0311819
-0.0304845
-0.0297772
-0.0290656
-0.0283553
-0.0276525
-0.0269629
-0.0262919
-0.0256443
-0.0250232
-0.0244298
-0.0238618
-0.0233107
-0.0227633
-0.0222122
-0.0216696
-0.0211714
-0.0208844
-0.0207028
-0.0111546
-0.0111086
-0.0112147
-0.0115132
-0.0119712
-0.0125597
-0.0132633
-0.0140729
-0.0149795
-0.0159714
-0.0170337
-0.0181498
-0.0192995
-0.0204616
-0.021619
-0.0227581
-0.023869
-0.0249446
-0.025981
-0.0269756
-0.0279276
-0.0288368
-0.0297035
-0.0305283
-0.0313115
-0.0320537
-0.0327552
-0.0334161
-0.0340364
-0.034616
-0.0351546
-0.0356519
-0.0361074
-0.0365209
-0.0368917
-0.0372195
-0.0375039
-0.0377445
-0.037941
-0.0380931
-0.0382006
-0.0382633
-0.0382811
-0.0382541
-0.0381823
-0.0380659
-0.0379052
-0.0377004
-0.0374521
-0.0371608
-0.0368273
-0.0364523
-0.0360368
-0.035582
-0.0350893
-0.0345601
-0.0339963
-0.0334002
-0.0327742
-0.0321215
-0.0314455
-0.0307504
-0.0300408
-0.0293218
-0.0285993
-0.0278791
-0.0271676
-0.0264709
-0.0257944
-0.0251431
-0.0245206
-0.0239295
-0.0233694
-0.0228339
-0.0223109
-0.0217952
-0.0212931
-0.0208172
-0.0205683
-0.0203968
-0.0108729
-0.0108076
-0.0108865
-0.0111582
-0.011595
-0.0121658
-0.012853
-0.0136463
-0.0145363
-0.015512
-0.0165596
-0.0176634
-0.0188038
-0.0199607
-0.0211168
-0.0222579
-0.0233734
-0.0244559
-0.0255004
-0.0265043
-0.0274662
-0.0283855
-0.0292624
-0.0300973
-0.0308905
-0.0316425
-0.0323535
-0.0330235
-0.0336527
-0.0342407
-0.0347873
-0.0352922
-0.0357549
-0.0361749
-0.0365518
-0.0368851
-0.0371743
-0.0374191
-0.037619
-0.0377738
-0.0378831
-0.0379468
-0.0379647
-0.0379369
-0.0378633
-0.0377442
-0.0375797
-0.0373701
-0.037116
-0.0368179
-0.0364765
-0.0360926
-0.0356672
-0.0352016
-0.034697
-0.0341552
-0.0335782
-0.0329681
-0.0323276
-0.0316601
-0.0309692
-0.0302591
-0.0295348
-0.0288018
-0.0280658
-0.0273332
-0.0266104
-0.0259037
-0.0252192
-0.0245615
-0.0239349
-0.0233426
-0.0227863
-0.0222623
-0.0217594
-0.0212738
-0.0208059
-0.0203519
-0.0201355
-0.0199714
-0.0105616
-0.0104769
-0.010527
-0.0107691
-0.0111814
-0.0117317
-0.0123998
-0.0131744
-0.0140454
-0.0150023
-0.0160325
-0.0171211
-0.0182499
-0.0193997
-0.0205529
-0.021695
-0.0228148
-0.0239041
-0.0249574
-0.0259714
-0.0269441
-0.0278749
-0.0287635
-0.02961
-0.0304148
-0.0311781
-0.0319
-0.0325808
-0.0332201
-0.033818
-0.0343739
-0.0348876
-0.0353586
-0.0357863
-0.0361702
-0.0365099
-0.0368048
-0.0370544
-0.0372583
-0.0374162
-0.0375278
-0.0375928
-0.037611
-0.0375824
-0.037507
-0.0373849
-0.0372164
-0.0370017
-0.0367412
-0.0364355
-0.0360854
-0.0356916
-0.0352552
-0.0347773
-0.0342596
-0.0337036
-0.0331114
-0.0324854
-0.0318285
-0.031144
-0.0304358
-0.0297085
-0.0289672
-0.0282175
-0.0274656
-0.026718
-0.0259813
-0.0252621
-0.0245667
-0.0239001
-0.0232665
-0.0226699
-0.0221138
-0.0215973
-0.0211101
-0.0206479
-0.0202068
-0.0197828
-0.0195898
-0.0194292
-0.0102257
-0.0101225
-0.0101423
-0.0103521
-0.0107373
-0.0112639
-0.0119099
-0.0126627
-0.0135119
-0.0144471
-0.0154567
-0.016527
-0.0176412
-0.018781
-0.0199291
-0.0210706
-0.0221937
-0.0232894
-0.0243515
-0.0253761
-0.0263608
-0.0273041
-0.0282057
-0.0290654
-0.0298833
-0.0306595
-0.0313942
-0.0320871
-0.0327383
-0.0333475
-0.0339142
-0.0344381
-0.0349186
-0.0353551
-0.0357472
-0.0360942
-0.0363956
-0.0366508
-0.0368595
-0.0370211
-0.0371354
-0.037202
-0.0372207
-0.0371914
-0.0371142
-0.0369891
-0.0368162
-0.0365959
-0.0363285
-0.0360146
-0.0356549
-0.0352503
-0.0348017
-0.0343105
-0.033778
-0.0332062
-0.0325971
-0.0319533
-0.0312778
-0.0305741
-0.0298465
-0.0290995
-0.0283387
-0.0275699
-0.0267995
-0.0260343
-0.0252812
-0.0245469
-0.0238379
-0.0231597
-0.0225165
-0.0219125
-0.0213531
-0.0208401
-0.0203648
-0.0199212
-0.0195025
-0.019107
-0.0189343
-0.0187745
-0.00987012
-0.00974921
-0.00973813
-0.00991392
-0.01027
-0.0107695
-0.0113899
-0.0121176
-0.0129417
-0.0138517
-0.014837
-0.0158852
-0.016981
-0.0181074
-0.0192474
-0.0203859
-0.0215106
-0.0226118
-0.0236825
-0.024718
-0.0257152
-0.0266722
-0.0275882
-0.0284626
-0.0292952
-0.030086
-0.030835
-0.0315419
-0.0322066
-0.0328287
-0.0334078
-0.0339433
-0.0344347
-0.0348815
-0.0352828
-0.0356383
-0.0359471
-0.0362089
-0.036423
-0.036589
-0.0367064
-0.0367751
-0.0367946
-0.0367649
-0.0366858
-0.0365576
-0.0363802
-0.0361539
-0.0358791
-0.0355563
-0.0351863
-0.0347698
-0.034308
-0.033802
-0.0332535
-0.0326643
-0.0320366
-0.0313731
-0.0306769
-0.0299519
-0.0292024
-0.0284334
-0.0276506
-0.0268601
-0.0260687
-0.0252833
-0.0245111
-0.0237591
-0.0230341
-0.0223417
-0.0216862
-0.021072
-0.0205059
-0.0199927
-0.0195261
-0.0190972
-0.0186966
-0.0183273
-0.0181726
-0.0180113
-0.00949947
-0.00936164
-0.00932179
-0.00946276
-0.00978658
-0.0102555
-0.0108466
-0.0115456
-0.0123407
-0.0132216
-0.0141785
-0.0152004
-0.0162735
-0.0173822
-0.0185103
-0.0196428
-0.0207667
-0.0218719
-0.0229504
-0.0239966
-0.0250067
-0.0259783
-0.0269098
-0.0278003
-0.0286494
-0.0294566
-0.0302217
-0.0309445
-0.0316244
-0.0322612
-0.0328543
-0.0334031
-0.033907
-0.0343653
-0.0347773
-0.0351423
-0.0354597
-0.0357289
-0.0359493
-0.0361204
-0.0362417
-0.0363129
-0.0363335
-0.0363035
-0.0362228
-0.0360914
-0.0359093
-0.0356767
-0.0353941
-0.0350619
-0.0346807
-0.0342516
-0.0337754
-0.0332535
-0.0326875
-0.0320793
-0.0314313
-0.0307462
-0.0300274
-0.0292788
-0.0285052
-0.0277118
-0.0269045
-0.0260899
-0.025275
-0.0244669
-0.023673
-0.0229007
-0.022157
-0.0214478
-0.0207776
-0.0201506
-0.0195747
-0.0190578
-0.0185965
-0.0181788
-0.0177925
-0.0174461
-0.017308
-0.017144
-0.00911913
-0.00896384
-0.00890099
-0.00900727
-0.00929489
-0.00972942
-0.0102875
-0.0109535
-0.0117154
-0.0125627
-0.0134867
-0.0144774
-0.0155228
-0.016609
-0.0177207
-0.0188432
-0.0199634
-0.0210703
-0.0221551
-0.0232115
-0.0242347
-0.0252214
-0.0261696
-0.0270777
-0.0279448
-0.0287702
-0.0295534
-0.0302939
-0.0309911
-0.0316445
-0.0322534
-0.0328172
-0.0333352
-0.0338066
-0.0342306
-0.0346066
-0.0349338
-0.0352115
-0.0354392
-0.0356161
-0.0357419
-0.0358162
-0.0358384
-0.0358085
-0.0357262
-0.0355916
-0.0354047
-0.0351656
-0.0348747
-0.0345325
-0.0341396
-0.0336969
-0.0332054
-0.0326664
-0.0320816
-0.031453
-0.030783
-0.0300745
-0.0293311
-0.0285569
-0.027757
-0.0269368
-0.0261028
-0.0252616
-0.0244205
-0.0235871
-0.0227691
-0.0219739
-0.021209
-0.0204804
-0.019793
-0.0191509
-0.0185624
-0.0180386
-0.0175789
-0.0171688
-0.016793
-0.0164681
-0.0163447
-0.0161763
-0.00873097
-0.00856374
-0.00848489
-0.00855629
-0.00880367
-0.00919998
-0.00972054
-0.0103488
-0.0110724
-0.0118813
-0.0127671
-0.0137213
-0.0147337
-0.0157919
-0.016882
-0.0179899
-0.0191024
-0.0202081
-0.0212973
-0.0223627
-0.0233986
-0.0244009
-0.0253666
-0.0262936
-0.0271804
-0.0280259
-0.0288292
-0.0295894
-0.0303059
-0.030978
-0.0316047
-0.0321855
-0.0327193
-0.0332055
-0.0336432
-0.0340315
-0.0343698
-0.0346572
-0.0348932
-0.0350769
-0.035208
-0.035286
-0.0353103
-0.0352808
-0.0351972
-0.0350596
-0.0348678
-0.034622
-0.0343226
-0.0339699
-0.0335646
-0.0331076
-0.0325998
-0.0320427
-0.0314378
-0.0307873
-0.0300938
-0.0293602
-0.0285903
-0.0277886
-0.0269603
-0.0261112
-0.025248
-0.0243778
-0.0235083
-0.0226471
-0.0218023
-0.0209817
-0.020193
-0.0194427
-0.0187357
-0.0180761
-0.0174725
-0.0169388
-0.0164771
-0.0160709
-0.0157019
-0.0153967
-0.0152861
-0.0151119
-0.00833992
-0.00817392
-0.00808267
-0.00811819
-0.00832199
-0.00867614
-0.009154
-0.00973882
-0.0104187
-0.0111836
-0.0120257
-0.0129377
-0.013911
-0.0149352
-0.0159978
-0.0170858
-0.0181861
-0.0192869
-0.0203779
-0.0214507
-0.0224985
-0.0235164
-0.0245002
-0.0254473
-0.0263554
-0.0272228
-0.0280481
-0.0288303
-0.0295683
-0.0302612
-0.0309079
-0.0315076
-0.0320593
-0.0325621
-0.0330151
-0.0334174
-0.0337682
-0.0340667
-0.034312
-0.0345037
-0.0346409
-0.0347233
-0.0347504
-0.0347217
-0.0346372
-0.0344967
-0.0343001
-0.0340475
-0.0337393
-0.0333758
-0.0329576
-0.0324855
-0.0319607
-0.0313844
-0.0307584
-0.0300848
-0.0293663
-0.028606
-0.0278081
-0.026977
-0.0261183
-0.0252382
-0.0243437
-0.0234422
-0.0225418
-0.0216505
-0.0207765
-0.019928
-0.0191129
-0.0183383
-0.0176094
-0.01693
-0.0163091
-0.0157626
-0.0152951
-0.0148907
-0.0145263
-0.0142341
-0.0141349
-0.013954
-0.00795862
-0.00780361
-0.00770087
-0.00770118
-0.00785926
-0.00816651
-0.00859576
-0.00913111
-0.00976111
-0.0104758
-0.0112681
-0.0121317
-0.0130598
-0.0140436
-0.0150725
-0.0161347
-0.0172175
-0.0183091
-0.0193985
-0.0204763
-0.0215348
-0.0225678
-0.0235702
-0.0245383
-0.0254691
-0.0263602
-0.0272097
-0.028016
-0.0287778
-0.0294937
-0.0301627
-0.0307835
-0.0313552
-0.0318766
-0.0323468
-0.0327648
-0.0331296
-0.0334405
-0.0336966
-0.0338972
-0.0340417
-0.0341293
-0.0341598
-0.0341326
-0.0340475
-0.0339044
-0.0337032
-0.0334439
-0.0331267
-0.0327521
-0.0323206
-0.031833
-0.0312904
-0.0306941
-0.030046
-0.0293482
-0.0286035
-0.0278153
-0.0269877
-0.0261256
-0.0252348
-0.0243218
-0.023394
-0.0224592
-0.0215257
-0.0206019
-0.0196963
-0.0188174
-0.0179735
-0.017172
-0.0164188
-0.0157175
-0.0150772
-0.0145154
-0.0140394
-0.0136337
-0.0132711
-0.0129834
-0.0128942
-0.0127059
-0.00759626
-0.00745752
-0.00734413
-0.00731176
-0.00742308
-0.00767826
-0.0080533
-0.00853298
-0.00910646
-0.00976441
-0.0105002
-0.0113089
-0.012185
-0.0131219
-0.0141106
-0.0151406
-0.0162002
-0.0172776
-0.0183614
-0.0194414
-0.0205087
-0.0215559
-0.0225768
-0.0235667
-0.0245214
-0.0254379
-0.0263136
-0.0271462
-0.0279341
-0.0286755
-0.029369
-0.0300134
-0.0306072
-0.0311493
-0.0316387
-0.0320742
-0.0324548
-0.0327797
-0.033048
-0.0332588
-0.0334115
-0.0335054
-0.0335401
-0.033515
-0.03343
-0.0332847
-0.0330791
-0.0328131
-0.032487
-0.0321011
-0.0316561
-0.0311526
-0.0305917
-0.0299749
-0.0293039
-0.0285811
-0.0278092
-0.0269919
-0.0261335
-0.025239
-0.0243147
-0.0233672
-0.0224043
-0.0214343
-0.0204656
-0.019507
-0.0185674
-0.0176556
-0.0167802
-0.0159492
-0.0151692
-0.0144438
-0.0137822
-0.0132031
-0.0127164
-0.0123042
-0.0119395
-0.01165
-0.0115677
-0.0113703
-0.00725698
-0.00713698
-0.00701511
-0.00695402
-0.0070193
-0.00721818
-0.00753398
-0.00795144
-0.00846126
-0.00905522
-0.00972749
-0.0104742
-0.0112917
-0.0121749
-0.0131166
-0.014108
-0.0151384
-0.0161962
-0.0172699
-0.0183485
-0.0194222
-0.0204822
-0.0215212
-0.0225331
-0.0235128
-0.0244562
-0.0253599
-0.0262211
-0.0270374
-0.0278067
-0.0285273
-0.0291975
-0.0298158
-0.0303809
-0.0308915
-0.0313465
-0.0317448
-0.0320853
-0.0323672
-0.0325896
-0.0327518
-0.0328531
-0.0328929
-0.0328708
-0.0327864
-0.0326394
-0.0324298
-0.0321575
-0.0318227
-0.0314257
-0.030967
-0.0304474
-0.029868
-0.0292302
-0.0285359
-0.0277875
-0.0269878
-0.0261407
-0.0252505
-0.0243227
-0.0233636
-0.0223804
-0.0213809
-0.0203739
-0.0193681
-0.0183727
-0.0173968
-0.0164495
-0.0155399
-0.0146767
-0.0138671
-0.0131152
-0.0124299
-0.0118309
-0.0113297
-0.0109077
-0.0105367
-0.0102386
-0.0101577
-0.00994854
-0.00694296
-0.00684085
-0.006714
-0.0066295
-0.00665202
-0.00679264
-0.00704437
-0.00739299
-0.00783163
-0.00835396
-0.0089552
-0.00963285
-0.0103847
-0.0112074
-0.0120956
-0.013042
-0.0140369
-0.0150696
-0.0161284
-0.0172017
-0.0182788
-0.0193497
-0.0204058
-0.0214396
-0.0224449
-0.0234165
-0.0243499
-0.0252416
-0.0260886
-0.0268882
-0.0276382
-0.0283367
-0.0289819
-0.0295723
-0.0301064
-0.0305829
-0.0310007
-0.0313587
-0.0316559
-0.0318914
-0.0320644
-0.0321742
-0.0322202
-0.032202
-0.032119
-0.0319711
-0.0317581
-0.0314799
-0.0311367
-0.0307287
-0.0302566
-0.029721
-0.0291232
-0.0284644
-0.0277466
-0.0269724
-0.0261446
-0.0252673
-0.0243449
-0.0233832
-0.0223887
-0.0213687
-0.0203316
-0.0192861
-0.0182415
-0.0172072
-0.0161928
-0.0152074
-0.0142608
-0.0133623
-0.01252
-0.011739
-0.0110274
-0.0104053
-0.00988549
-0.00944939
-0.00906624
-0.00875047
-0.00866381
-0.00843944
-0.00665428
-0.00656676
-0.00643967
-0.00633793
-0.00632294
-0.00640607
-0.00658927
-0.00686324
-0.00722318
-0.00766582
-0.00818815
-0.0087892
-0.00946838
-0.010224
-0.0110524
-0.0119476
-0.0129013
-0.0139034
-0.0149423
-0.0160061
-0.0170833
-0.0181627
-0.0192344
-0.0202896
-0.0213207
-0.0223212
-0.0232857
-0.0242098
-0.0250895
-0.0259217
-0.0267035
-0.0274327
-0.0281072
-0.0287252
-0.029285
-0.0297852
-0.0302245
-0.0306018
-0.030916
-0.0311661
-0.0313514
-0.031471
-0.0315245
-0.0315112
-0.0314306
-0.0312826
-0.0310669
-0.0307835
-0.0304325
-0.0300141
-0.029529
-0.0289779
-0.0283618
-0.0276824
-0.0269415
-0.0261416
-0.025286
-0.0243785
-0.0234241
-0.0224284
-0.0213981
-0.0203409
-0.0192653
-0.0181803
-0.0170954
-0.0160205
-0.0149651
-0.013939
-0.0129524
-0.0120154
-0.0111371
-0.0103233
-0.00958218
-0.00893324
-0.00839027
-0.00793398
-0.00753088
-0.00718534
-0.00708103
-0.0068371
-0.00638846
-0.0063126
-0.00619038
-0.00607835
-0.0060312
-0.00605987
-0.00617192
-0.00636664
-0.00664074
-0.00699548
-0.00743074
-0.00794753
-0.00854703
-0.00922918
-0.00999184
-0.0108304
-0.0117375
-0.0127039
-0.0137182
-0.0147685
-0.0158422
-0.0169274
-0.0180128
-0.0190882
-0.0201447
-0.0211746
-0.0221713
-0.0231291
-0.0240433
-0.0249101
-0.0257259
-0.0264881
-0.0271942
-0.027842
-0.0284297
-0.0289558
-0.0294186
-0.0298171
-0.0301501
-0.0304165
-0.0306156
-0.0307465
-0.0308087
-0.0308015
-0.0307245
-0.0305774
-0.0303599
-0.0300722
-0.0297142
-0.0292863
-0.028789
-0.028223
-0.0275896
-0.0268902
-0.0261269
-0.0253021
-0.0244193
-0.0234825
-0.0224965
-0.0214673
-0.0204016
-0.0193073
-0.0181929
-0.0170676
-0.0159413
-0.0148239
-0.0137253
-0.0126557
-0.0116259
-0.0106467
-0.00972816
-0.00887724
-0.00810241
-0.00742197
-0.00684986
-0.00636591
-0.00593398
-0.00554207
-0.00540075
-0.00512897
-0.00614258
-0.00607698
-0.00596387
-0.00584835
-0.00577435
-0.00575362
-0.00579459
-0.00590558
-0.00608758
-0.00634643
-0.00668654
-0.00711146
-0.00762444
-0.00822712
-0.00891873
-0.00969575
-0.0105519
-0.0114783
-0.012464
-0.0134968
-0.0145637
-0.0156518
-0.0167487
-0.0178429
-0.0189241
-0.0199832
-0.0210124
-0.0220049
-0.022955
-0.023858
-0.0247098
-0.025507
-0.0262468
-0.0269266
-0.0275443
-0.0280982
-0.0285866
-0.0290082
-0.0293617
-0.0296462
-0.0298607
-0.0300044
-0.0300766
-0.0300768
-0.0300047
-0.0298599
-0.0296417
-0.0293508
-0.028987
-0.0285506
-0.0280422
-0.0274626
-0.026813
-0.0260949
-0.0253104
-0.0244622
-0.0235536
-0.0225886
-0.0215724
-0.0205108
-0.0194107
-0.0182798
-0.0171268
-0.015961
-0.0147923
-0.0136308
-0.0124867
-0.0113708
-0.0102943
-0.00926855
-0.00830462
-0.00741129
-0.0065972
-0.00587911
-0.00527049
-0.00474882
-0.00427671
-0.00381883
-0.0036167
-0.00329433
-0.00591458
-0.00585877
-0.00575783
-0.00564437
-0.00554935
-0.00548419
-0.00545667
-0.0054806
-0.0055656
-0.00572136
-0.00595848
-0.00628416
-0.00670417
-0.00722191
-0.00783791
-0.00854955
-0.00935117
-0.0102343
-0.0111883
-0.0122005
-0.0132578
-0.0143462
-0.0154523
-0.0165636
-0.0176682
-0.0187559
-0.0198175
-0.0208451
-0.0218319
-0.0227723
-0.0236614
-0.0244953
-0.0252705
-0.0259841
-0.0266338
-0.0272173
-0.0277331
-0.0281796
-0.0285555
-0.0288596
-0.0290911
-0.0292492
-0.0293331
-0.0293421
-0.0292761
-0.0291345
-0.0289177
-0.028625
-0.0282567
-0.0278134
-0.0272955
-0.0267039
-0.0260397
-0.0253047
-0.024501
-0.0236312
-0.0226988
-0.0217078
-0.0206633
-0.0195711
-0.018438
-0.0172719
-0.0160811
-0.014875
-0.0136634
-0.0124564
-0.0112647
-0.0100994
-0.00897204
-0.00789465
-0.00687935
-0.00593672
-0.00507593
-0.00431147
-0.00365543
-0.00308215
-0.00255477
-0.00200949
-0.00173297
-0.001304
-0.00570273
-0.00565678
-0.00556971
-0.00546226
-0.005352
-0.00524673
-0.00515459
-0.0050905
-0.00507398
-0.00512092
-0.00524816
-0.00546813
-0.00578949
-0.00621768
-0.00675445
-0.00739789
-0.0081427
-0.00898059
-0.00990074
-0.0108905
-0.0119358
-0.0130224
-0.0141359
-0.0152624
-0.0163891
-0.0175043
-0.0185976
-0.0196601
-0.0206838
-0.0216622
-0.0225895
-0.0234612
-0.0242731
-0.025022
-0.025705
-0.02632
-0.0268647
-0.0273377
-0.0277375
-0.028063
-0.0283131
-0.0284871
-0.0285841
-0.0286035
-0.0285453
-0.028409
-0.0281946
-0.0279016
-0.0275308
-0.0270823
-0.0265568
-0.0259552
-0.0252789
-0.0245293
-0.0237088
-0.0228201
-0.0218665
-0.0208522
-0.019782
-0.0186618
-0.0174982
-0.0162987
-0.0150716
-0.0138259
-0.0125713
-0.011318
-0.0100766
-0.00885845
-0.00767564
-0.00654062
-0.00546653
-0.00446563
-0.00354803
-0.00272511
-0.00200504
-0.00135929
-0.000756563
-8.5909e-05
0.000269491
0.000873596
-0.00550496
-0.00546918
-0.00539737
-0.00529851
-0.00517735
-0.00503547
-0.00488131
-0.00473081
-0.00460997
-0.00454415
-0.00455635
-0.00466534
-0.00488361
-0.0052188
-0.00567392
-0.00624759
-0.00693458
-0.00772645
-0.00861209
-0.00957838
-0.0106108
-0.0116943
-0.0128136
-0.0139538
-0.015101
-0.0162425
-0.0173666
-0.0184632
-0.0195235
-0.0205397
-0.0215055
-0.0224154
-0.0232648
-0.0240498
-0.0247674
-0.0254148
-0.0259898
-0.0264907
-0.0269158
-0.0272639
-0.027534
-0.0277254
-0.0278371
-0.0278686
-0.0278197
-0.0276904
-0.0274804
-0.0271891
-0.0268176
-0.0263662
-0.0258355
-0.0252265
-0.0245406
-0.0237795
-0.0229453
-0.0220408
-0.0210695
-0.0200352
-0.0189429
-0.0177979
-0.0166068
-0.0153766
-0.0141153
-0.0128315
-0.0115344
-0.0102341
-0.00894103
-0.0076668
-0.00642336
-0.00522363
-0.00408143
-0.00301051
-0.00202153
-0.00112284
-0.000316731
0.000427012
0.00113463
0.00201928
0.00247792
0.0032781
-0.00531817
-0.00529398
-0.00523883
-0.0051496
-0.00501942
-0.00484334
-0.00462852
-0.0043937
-0.00416865
-0.00398805
-0.00388262
-0.00387758
-0.00399014
-0.0042305
-0.00460298
-0.00510664
-0.00573612
-0.00648253
-0.00733419
-0.00827736
-0.00929688
-0.0103768
-0.0115011
-0.0126541
-0.0138207
-0.0149871
-0.0161408
-0.0172704
-0.0183663
-0.0194197
-0.0204235
-0.0213715
-0.0222584
-0.0230799
-0.0238324
-0.0245129
-0.025119
-0.0256486
-0.0261
-0.026472
-0.0267633
-0.0269733
-0.0271012
-0.0271464
-0.0271085
-0.0269876
-0.0267834
-0.0264968
-0.026127
-0.0256751
-0.025142
-0.0245286
-0.0238364
-0.0230671
-0.0222229
-0.0213066
-0.0203215
-0.0192714
-0.0181608
-0.0169952
-0.0157803
-0.0145228
-0.0132301
-0.0119102
-0.0105719
-0.00922458
-0.00787843
-0.00654455
-0.0052348
-0.003962
-0.00273999
-0.00158294
-0.000501243
0.000499099
0.0014215
0.00229922
0.00315759
0.00439074
0.00500268
0.00600776
-0.00513802
-0.00512805
-0.0050917
-0.0050118
-0.00487201
-0.00466195
-0.00438679
-0.00406869
-0.00374196
-0.00344781
-0.0032253
-0.0031062
-0.00311302
-0.00325916
-0.00354994
-0.00398492
-0.00455851
-0.00526121
-0.00608057
-0.00700201
-0.00800955
-0.00908646
-0.0102158
-0.0113809
-0.012566
-0.0137563
-0.0149383
-0.0160997
-0.0172298
-0.0183193
-0.0193601
-0.0203453
-0.0212691
-0.0221267
-0.022914
-0.0236276
-0.0242649
-0.0248237
-0.025302
-0.0256986
-0.0260121
-0.0262419
-0.0263871
-0.0264474
-0.0264223
-0.0263118
-0.0261162
-0.0258359
-0.0254701
-0.0250206
-0.024488
-0.0238735
-0.0231786
-0.0224049
-0.0215549
-0.020631
-0.0196366
-0.0185753
-0.0174513
-0.0162694
-0.0150351
-0.0137544
-0.0124339
-0.0110809
-0.00970326
-0.0083095
-0.00690904
-0.00551207
-0.00412962
-0.00277365
-0.00145703
-0.000193096
0.00100913
0.00214965
0.00323649
0.00431285
0.00543829
0.00707714
0.00787635
0.00926655
-0.00495738
-0.00496671
-0.00495223
-0.00488063
-0.00472854
-0.00448245
-0.0041467
-0.0037464
-0.00332124
-0.00291807
-0.00258286
-0.00235363
-0.00225803
-0.00231292
-0.00252529
-0.00289493
-0.00341573
-0.00407759
-0.0048672
-0.00576909
-0.00676635
-0.00784132
-0.00897619
-0.0101535
-0.0113566
-0.0125697
-0.0137786
-0.0149703
-0.0161331
-0.017257
-0.0183333
-0.0193543
-0.0203138
-0.0212064
-0.0220276
-0.0227738
-0.023442
-0.0240297
-0.0245351
-0.0249565
-0.0252928
-0.0255431
-0.0257067
-0.0257833
-0.0257725
-0.0256743
-0.0254889
-0.0252165
-0.0248586
-0.0244145
-0.0238858
-0.0232738
-0.02258
-0.0218062
-0.0209546
-0.0200279
-0.019029
-0.0179613
-0.0168288
-0.0156358
-0.014387
-0.0130877
-0.0117437
-0.010361
-0.00894661
-0.0075076
-0.00605195
-0.00458817
-0.00312584
-0.00167502
-0.00024648
0.00115011
0.00250998
0.00384188
0.00516427
0.00653684
0.00805969
0.0102329
0.0112179
0.0133504
-0.00477011
-0.00480436
-0.00481404
-0.00475016
-0.00458212
-0.00429654
-0.0038993
-0.00341933
-0.00290113
-0.0023965
-0.00195645
-0.00162492
-0.00143429
-0.0014041
-0.00154358
-0.00185273
-0.00232534
-0.0029503
-0.00371337
-0.00459829
-0.0055872
-0.0066615
-0.0078025
-0.00899191
-0.0102123
-0.0114472
-0.0126815
-0.0139016
-0.0150952
-0.0162515
-0.0173611
-0.018416
-0.0194093
-0.0203352
-0.0211889
-0.0219665
-0.0226646
-0.0232807
-0.0238127
-0.024259
-0.0246182
-0.0248896
-0.0250725
-0.0251665
-0.0251714
-0.0250873
-0.0249144
-0.0246532
-0.0243047
-0.0238692
-0.0233477
-0.0227418
-0.0220531
-0.0212834
-0.0204348
-0.0195098
-0.0185113
-0.0174423
-0.0163064
-0.0151072
-0.013849
-0.012536
-0.011173
-0.00976475
-0.00831654
-0.00683379
-0.00532243
-0.00378848
-0.00223863
-0.00067903
0.000884443
0.00244945
0.00401808
0.00561096
0.00726211
0.00906268
0.011149
0.0139899
0.0152559
0.0186344
-0.00457107
-0.00463689
-0.00467454
-0.00461533
-0.00442575
-0.00409744
-0.00363831
-0.00308306
-0.00247934
-0.0018834
-0.0013507
-0.000929231
-0.000654583
-0.000549222
-0.000623869
-0.000878983
-0.00130847
-0.00190061
-0.00264042
-0.00351072
-0.00449279
-0.00556711
-0.0067142
-0.00791503
-0.00915144
-0.0104064
-0.0116641
-0.0129102
-0.014132
-0.0153181
-0.0164585
-0.0175448
-0.0185696
-0.0195268
-0.0204111
-0.0212185
-0.0219453
-0.0225888
-0.0231468
-0.0236176
-0.0239999
-0.0242928
-0.0244957
-0.0246082
-0.0246303
-0.0245621
-0.0244039
-0.0241562
-0.0238198
-0.0233957
-0.0228849
-0.0222887
-0.0216089
-0.0208472
-0.0200058
-0.019087
-0.0180932
-0.0170274
-0.0158926
-0.0146919
-0.0134287
-0.0121064
-0.0107285
-0.00929838
-0.00781934
-0.00629438
-0.00472651
-0.00311788
-0.00147043
0.000216588
0.00194543
0.00372598
0.0055731
0.00752641
0.00963953
0.0120369
0.0148629
0.0184432
0.0204912
0.0254671
-0.0043641
-0.00446429
-0.0045349
-0.00447458
-0.00425537
-0.00387867
-0.00335933
-0.00273383
-0.00205396
-0.00138007
-0.00077088
-0.000275257
6.90198e-05
0.000237392
0.000218226
9.69446e-06
-0.000381926
-0.000944693
-0.00166321
-0.00251996
-0.0034955
-0.00456938
-0.00572141
-0.006932
-0.00818239
-0.00945496
-0.0107334
-0.0120029
-0.0132501
-0.0144632
-0.0156317
-0.0167469
-0.0178009
-0.0187872
-0.0197005
-0.0205361
-0.0212905
-0.0219607
-0.0225443
-0.0230397
-0.0234455
-0.0237607
-0.0239847
-0.0241171
-0.0241581
-0.0241077
-0.0239663
-0.0237345
-0.023413
-0.0230031
-0.0225055
-0.0219218
-0.0212539
-0.0205032
-0.0196721
-0.0187627
-0.0177771
-0.0167177
-0.0155873
-0.0143883
-0.0131232
-0.0117946
-0.0104047
-0.00895498
-0.00744663
-0.00587942
-0.00425259
-0.00256245
-0.000803939
0.00103446
0.0029676
0.00502507
0.00724325
0.00969332
0.0124545
0.0156818
0.0194866
0.0240843
0.0274715
0.0341629
-0.0041699
-0.00431634
-0.00441713
-0.00434213
-0.00407821
-0.00364345
-0.00305916
-0.0023662
-0.0016209
-0.000877902
-0.000206094
0.000350367
0.000752355
0.000974034
0.00100252
0.00083489
0.000476711
-6.0071e-05
-0.000759222
-0.001603
-0.00257193
-0.00364497
-0.00480121
-0.00602053
-0.00728368
-0.00857257
-0.00987041
-0.0111619
-0.0124333
-0.0136722
-0.014868
-0.0160112
-0.0170939
-0.0181092
-0.0190514
-0.0199158
-0.0206983
-0.0213958
-0.022006
-0.022527
-0.0229575
-0.0232964
-0.0235431
-0.0236972
-0.0237588
-0.0237279
-0.0236052
-0.0233911
-0.0230866
-0.0226927
-0.0222104
-0.0216411
-0.0209863
-0.0202477
-0.0194278
-0.0185289
-0.0175523
-0.0165006
-0.0153763
-0.0141803
-0.0129144
-0.0115803
-0.0101791
-0.00871005
-0.00717198
-0.00556048
-0.00387004
-0.00208881
-0.000202405
0.00181677
0.00400178
0.00641327
0.00912022
0.012245
0.0159019
0.020288
0.0254599
0.0315827
0.0369309
0.0456258
-0.00409784
-0.004277
-0.0043857
-0.00426268
-0.00392154
-0.00340485
-0.00273918
-0.00196831
-0.00115064
-0.000344515
0.000392984
0.00100825
0.00146398
0.00173423
0.00180504
0.0016734
0.00134401
0.000828453
0.00014355
-0.000691956
-0.0016584
-0.00273461
-0.00389908
-0.00513107
-0.00641083
-0.00771974
-0.00904057
-0.0103576
-0.0116564
-0.0129245
-0.0141505
-0.0153249
-0.0164391
-0.017486
-0.0184597
-0.0193553
-0.0201683
-0.0208954
-0.0215341
-0.0220824
-0.022539
-0.0229027
-0.023173
-0.0233495
-0.0234322
-0.0234214
-0.0233175
-0.0231214
-0.0228338
-0.0224558
-0.0219885
-0.0214333
-0.0207918
-0.020066
-0.0192571
-0.0183661
-0.0173962
-0.0163493
-0.0152301
-0.0140359
-0.0127684
-0.0114279
-0.0100142
-0.00852418
-0.00695432
-0.00529499
-0.0035354
-0.00165261
0.00037912
0.00261053
0.00509874
0.00795157
0.0112831
0.0152989
0.0201673
0.026175
0.0333439
0.0418672
0.050227
0.0620351
-0.00432498
-0.0045175
-0.0045408
-0.00430359
-0.00384612
-0.00322324
-0.00246185
-0.00159092
-0.000675111
0.000219869
0.00103512
0.001719
0.00223144
0.0025477
0.00265402
0.00254835
0.0022359
0.0017286
0.00104459
0.000203754
-0.000773432
-0.00186509
-0.003049
-0.0043037
-0.00560876
-0.00694505
-0.00829488
-0.00964218
-0.0109722
-0.012272
-0.0135301
-0.0147366
-0.0158827
-0.0169608
-0.017965
-0.01889
-0.0197317
-0.0204865
-0.0211518
-0.0217255
-0.0222059
-0.022592
-0.0228833
-0.0230795
-0.0231805
-0.0231867
-0.0230987
-0.0229173
-0.0226434
-0.0222781
-0.0218226
-0.0212782
-0.0206463
-0.0199288
-0.0191274
-0.0182439
-0.0172807
-0.0162387
-0.0151164
-0.0139188
-0.0126466
-0.0112974
-0.00986932
-0.00835618
-0.00675269
-0.00504289
-0.00321138
-0.00122057
0.000966874
0.00343363
0.00626383
0.00963381
0.0137138
0.018841
0.0252672
0.0334886
0.0435789
0.056017
0.0695708
0.0873317
-0.00537009
-0.00521169
-0.00495353
-0.00450564
-0.00389968
-0.00315162
-0.00227715
-0.0013068
-0.000299577
0.000676736
0.00156099
0.00230024
0.002858
0.00320965
0.00334225
0.00325524
0.0029543
0.00245107
0.00176564
0.00091866
-6.93244e-05
-0.00117595
-0.00237838
-0.00365448
-0.00498317
-0.00634486
-0.00772137
-0.00909617
-0.0104542
-0.011782
-0.013068
-0.0143019
-0.0154747
-0.0165784
-0.0176071
-0.0185556
-0.0194195
-0.0201954
-0.0208805
-0.0214726
-0.0219703
-0.0223724
-0.0226784
-0.022888
-0.0230013
-0.0230188
-0.0229408
-0.0227682
-0.0225023
-0.0221442
-0.0216951
-0.021156
-0.0205285
-0.0198142
-0.0190152
-0.0181331
-0.0171699
-0.016126
-0.0150029
-0.013802
-0.0125242
-0.0111654
-0.00972365
-0.00818901
-0.00655425
-0.00479617
-0.00289722
-0.000802314
0.00153267
0.00423079
0.0073968
0.0113001
0.0161687
0.0225426
0.0307947
0.0418352
0.0559907
0.0746427
0.0971537
0.126098
-0.00780123
-0.00615222
-0.00549889
-0.00482024
-0.00405031
-0.00314743
-0.00213171
-0.00105418
3.1358e-05
0.00106809
0.0019991
0.00277625
0.00336394
0.0037389
0.00388933
0.00381431
0.00352079
0.00302153
0.00233597
0.00148514
0.000490336
-0.000626163
-0.00184145
-0.00313277
-0.00447856
-0.00585887
-0.00725513
-0.00865027
-0.010029
-0.0113777
-0.0126844
-0.0139384
-0.0151307
-0.0162534
-0.0173001
-0.0182656
-0.0191455
-0.0199364
-0.0206355
-0.0212405
-0.0217501
-0.0221631
-0.0224792
-0.022698
-0.0228197
-0.0228446
-0.0227736
-0.022607
-0.0223463
-0.0219923
-0.0215468
-0.0210111
-0.0203872
-0.019676
-0.0188801
-0.0180001
-0.0170387
-0.0159957
-0.0148737
-0.0136715
-0.0123905
-0.0110262
-0.00957699
-0.00803146
-0.00637729
-0.00458748
-0.00263969
-0.000467368
0.0019751
0.0048431
0.0082537
0.0125593
0.0180459
0.025491
0.0355254
0.0497151
0.06913
0.096783
0.133105
0.179556
-0.0124812
-0.00500453
-0.00395423
-0.00355324
-0.00283186
-0.0018975
-0.000886923
0.00014192
0.00115702
0.00211927
0.00298037
0.00369362
0.00422302
0.00454537
0.00464911
0.00453143
0.00419945
0.00366846
0.00295452
0.00207688
0.00105758
-8.10879e-05
-0.00131683
-0.00262767
-0.00399241
-0.00539092
-0.0068047
-0.00821672
-0.00961175
-0.0109762
-0.0122978
-0.013566
-0.0147719
-0.0159082
-0.0169681
-0.0179461
-0.0188378
-0.0196398
-0.0203496
-0.0209649
-0.0214843
-0.0219068
-0.0222319
-0.0224593
-0.0225893
-0.0226223
-0.0225589
-0.0224001
-0.0221467
-0.0218002
-0.0213617
-0.0208331
-0.0202155
-0.0195108
-0.0187203
-0.0178461
-0.0168888
-0.0158505
-0.0147307
-0.0135304
-0.0122469
-0.0108797
-0.0094236
-0.00787921
-0.00622266
-0.00443951
-0.00246299
-0.000273427
0.00224303
0.0051532
0.00871466
0.0131419
0.0189814
0.0268925
0.0382285
0.0550047
0.0805922
0.118848
0.172657
0.239573
)
;

boundaryField
{
    movingWall
    {
        type            zeroGradient;
    }
    fixedWalls
    {
        type            zeroGradient;
    }
    frontAndBack
    {
        type            empty;
    }
}


// ************************************************************************* //
