/*--------------------------------*- C++ -*----------------------------------*\
  =========                 |
  \\      /  F ield         | OpenFOAM: The Open Source CFD Toolbox
   \\    /   O peration     | Website:  https://openfoam.org
    \\  /    A nd           | Version:  13
     \\/     M anipulation  |
\*---------------------------------------------------------------------------*/
FoamFile
{
    format      ascii;
    class       volScalarField;
    location    "3.3";
    object      k;
}
// * * * * * * * * * * * * * * * * * * * * * * * * * * * * * * * * * * * * * //

dimensions      [0 2 -2 0 0 0 0];

internalField   nonuniform List<scalar> 
6400
(
4.16753e-07
2.11249e-06
4.94663e-06
7.91455e-06
1.03237e-05
1.19604e-05
1.29574e-05
1.36175e-05
1.427e-05
1.52171e-05
1.66986e-05
1.88803e-05
2.1896e-05
2.58037e-05
3.05142e-05
3.58706e-05
4.17784e-05
4.80697e-05
5.4542e-05
6.10537e-05
6.76448e-05
7.46904e-05
8.27936e-05
9.24675e-05
0.000103796
0.000116171
0.000128604
0.000141158
0.000153988
0.000167378
0.00018144
0.00019592
0.000210116
0.000224087
0.000237737
0.000251418
0.00026522
0.00027942
0.00029415
0.000309612
0.000325906
0.000343155
0.000361513
0.000381089
0.000401866
0.000423883
0.000447411
0.000473358
0.000503497
0.000541974
0.000578463
0.000616288
0.000652917
0.000688168
0.000720595
0.000749003
0.000771934
0.000785824
0.000792098
0.000793304
0.000780525
0.000754771
0.000716146
0.000665613
0.000604528
0.000535163
0.00046083
0.000385595
0.000312798
0.000244424
0.000183942
0.000135766
9.62467e-05
6.52357e-05
4.23557e-05
2.63492e-05
1.56586e-05
8.69893e-06
3.94904e-06
8.30049e-07
2.02412e-06
1.70043e-05
4.00557e-05
6.26523e-05
8.05889e-05
9.30741e-05
0.000101323
0.000107312
0.000113152
0.000120761
0.000131928
0.000148156
0.000170209
0.000198016
0.000230948
0.000268098
0.000308438
0.000350926
0.000394568
0.000438685
0.000483626
0.000531398
0.000585309
0.000647925
0.000719142
0.000795224
0.00087096
0.000945824
0.00101946
0.0010924
0.00116436
0.00123416
0.00129868
0.00135853
0.0014133
0.0014649
0.00151385
0.00156157
0.00160881
0.0016566
0.00170555
0.00175629
0.0018095
0.00186552
0.00192423
0.00198534
0.00204858
0.00211386
0.0021792
0.00224279
0.00231236
0.00238226
0.00245329
0.00252218
0.00258718
0.00264501
0.0026926
0.00272046
0.00273059
0.0027266
0.00269411
0.00262942
0.00253108
0.00239951
0.0022363
0.00204443
0.00183303
0.00161097
0.00138442
0.00116131
0.000947794
0.000746572
0.000566622
0.0004133
0.000289122
0.000192717
0.000121432
7.07572e-05
3.2852e-05
4.32348e-06
4.42343e-06
3.71587e-05
8.43482e-05
0.000125565
0.000156053
0.000177186
0.00019235
0.000205286
0.000219624
0.000238714
0.00026553
0.000302263
0.000349947
0.00040834
0.000476281
0.0005523
0.000634944
0.000722713
0.000814005
0.000907276
0.00100118
0.00109451
0.00118647
0.00127493
0.00135623
0.00142718
0.00148666
0.00153419
0.00157236
0.00160487
0.00163492
0.00166483
0.00169522
0.0017271
0.00175902
0.00179318
0.00182947
0.00186891
0.00191169
0.00195846
0.00200945
0.00206458
0.00212425
0.00218817
0.00225654
0.00232937
0.0024067
0.00248804
0.00257312
0.00266217
0.00275501
0.00284974
0.00294537
0.00303966
0.00313032
0.00321413
0.00328744
0.00334589
0.00338003
0.00339159
0.00338025
0.00333138
0.00324237
0.00311181
0.00293938
0.00272532
0.00248058
0.00221559
0.00193757
0.0016578
0.00138648
0.0011318
0.00090027
0.000696654
0.000523273
0.000379939
0.000264091
0.00016921
8.34845e-05
1.10947e-05
7.56221e-06
6.19574e-05
0.00013285
0.000188987
0.000229216
0.000258187
0.000281345
0.000303954
0.000330939
0.00036678
0.000415175
0.00047843
0.00055699
0.000649477
0.000753344
0.000865638
0.000983102
0.00110216
0.00121893
0.00132938
0.00142996
0.00151752
0.00159005
0.00164653
0.00168584
0.0017094
0.00172148
0.00172843
0.00173645
0.00174647
0.00175881
0.00177399
0.00179133
0.00181261
0.00183767
0.00186686
0.00190009
0.00193776
0.00197978
0.00202608
0.00207696
0.00213229
0.0021923
0.0022569
0.0023262
0.00240001
0.002478
0.00256086
0.0026485
0.00274064
0.00283672
0.00293569
0.00303648
0.00313734
0.0032361
0.00332984
0.00341497
0.00348736
0.0035411
0.00356695
0.00357211
0.0035444
0.00348191
0.00337955
0.00323174
0.00303548
0.00279458
0.00252183
0.00222794
0.00192558
0.00162749
0.00134492
0.00108654
0.000857843
0.000661305
0.000496658
0.000360316
0.000243824
0.000128406
1.77045e-05
1.17971e-05
9.37512e-05
0.000188998
0.000259493
0.000309571
0.000347318
0.000380301
0.000415416
0.000458918
0.000516177
0.000590975
0.000684695
0.000795946
0.000921012
0.00105486
0.0011919
0.00132624
0.00145181
0.00156287
0.00165415
0.00172394
0.00176863
0.00178871
0.00179394
0.00178678
0.00177487
0.00176478
0.001758
0.00175523
0.00175491
0.00176076
0.00177114
0.00178515
0.00180331
0.00182525
0.00185097
0.00188035
0.00191328
0.0019495
0.00198905
0.00203195
0.00207817
0.00212785
0.00218113
0.00223828
0.0022997
0.002366
0.00243689
0.00251262
0.00259317
0.00267849
0.00276825
0.00286192
0.00295868
0.00305727
0.00315591
0.00325179
0.00334152
0.00342094
0.00348469
0.00351993
0.0035304
0.00350322
0.00343467
0.00332038
0.00316991
0.00296117
0.00270514
0.0024146
0.00210363
0.00178803
0.00148328
0.00120218
0.000953115
0.000739749
0.000561668
0.000414444
0.000287541
0.000157268
2.19495e-05
1.75827e-05
0.000134817
0.000256055
0.000341658
0.000402675
0.000450713
0.000495604
0.000545976
0.000609239
0.00069098
0.000793948
0.000917259
0.00105648
0.00120462
0.0013535
0.00149474
0.00162038
0.00172316
0.00179955
0.00184031
0.00185418
0.00185012
0.00182657
0.00180328
0.00178185
0.00176273
0.00174693
0.00173558
0.00172932
0.00172695
0.00172803
0.00173339
0.0017418
0.00175341
0.00176792
0.00178511
0.0018047
0.00182638
0.00185016
0.00187608
0.00190422
0.00193473
0.00196779
0.00200366
0.00204263
0.00208503
0.00213115
0.00218128
0.00223597
0.0022957
0.002361
0.00243234
0.00250999
0.00259402
0.00268417
0.00277981
0.00287987
0.00298205
0.0030838
0.00318044
0.00326626
0.00333177
0.00336202
0.00336586
0.0033174
0.00321692
0.00306916
0.00285156
0.00258113
0.00227149
0.00194146
0.00161189
0.00130209
0.00102627
0.000791555
0.000598215
0.000440825
0.000306861
0.00017015
2.34872e-05
2.53621e-05
0.000186648
0.000335919
0.000437784
0.000510992
0.000570805
0.000629407
0.000697013
0.000781594
0.000887873
0.00101624
0.00116237
0.00131811
0.00147304
0.00161634
0.00173815
0.00183136
0.00188417
0.00190277
0.00189789
0.00186933
0.00183965
0.00180526
0.00177322
0.00174269
0.00171507
0.00169368
0.0016777
0.00166646
0.00165897
0.00165528
0.00165415
0.00165542
0.00165996
0.00166609
0.00167405
0.00168351
0.00169435
0.00170657
0.0017202
0.00173518
0.00175167
0.00176984
0.00178986
0.00181199
0.00183651
0.00186377
0.00189425
0.00192857
0.00196739
0.00201147
0.00206172
0.0021193
0.00218529
0.00226069
0.00234633
0.00244282
0.00254944
0.00266425
0.0027851
0.00290838
0.0030274
0.00313295
0.00320589
0.00323487
0.0032207
0.00314325
0.00299724
0.0027685
0.00247508
0.00213666
0.00177932
0.00143089
0.00111506
0.000846397
0.00062842
0.000455174
0.000312069
0.000171323
2.31032e-05
3.55353e-05
0.000250043
0.000429278
0.000548548
0.000635025
0.000707643
0.000780875
0.000866077
0.000970858
0.00109786
0.00124405
0.00140115
0.00155747
0.00170011
0.00181736
0.00189768
0.00193352
0.00193953
0.00191496
0.00188184
0.00183793
0.00179082
0.00174253
0.00170126
0.0016655
0.00163758
0.00161483
0.00159678
0.00158253
0.00157151
0.00156335
0.00155749
0.00155411
0.00155264
0.00155225
0.00155334
0.00155578
0.00155934
0.00156394
0.00156963
0.00157642
0.00158439
0.00159363
0.0016043
0.00161659
0.00163074
0.00164704
0.00166583
0.00168761
0.0017129
0.00174232
0.00177662
0.00181673
0.00186374
0.00191918
0.0019849
0.00206311
0.00215667
0.00226644
0.0023901
0.00252883
0.00267797
0.00283023
0.00297647
0.00309829
0.0031582
0.00316964
0.00311555
0.00297082
0.00272025
0.00239186
0.00201373
0.00162175
0.00125198
0.000931735
0.000673239
0.000472896
0.000314733
0.000169126
2.21464e-05
4.83894e-05
0.000324937
0.000535843
0.000673445
0.000773763
0.000859355
0.0009467
0.00104762
0.00116837
0.00130857
0.00146128
0.00161466
0.0017546
0.00186777
0.00193689
0.00196228
0.00195842
0.00192739
0.00188184
0.00182365
0.00176055
0.00170358
0.00165514
0.00161427
0.0015799
0.00155183
0.00152823
0.00150872
0.00149255
0.0014794
0.00146889
0.00146073
0.00145472
0.00145046
0.00144801
0.001447
0.00144687
0.00144835
0.00145092
0.00145458
0.00145933
0.00146519
0.00147223
0.00148055
0.00149032
0.00150174
0.00151508
0.0015306
0.00154856
0.0015693
0.00159312
0.00162039
0.00165141
0.00168666
0.00172676
0.00177265
0.00182579
0.00188873
0.00196575
0.00206476
0.00218723
0.00233548
0.00250146
0.00268406
0.00286791
0.00303555
0.00313201
0.00316066
0.00312564
0.00297437
0.00269022
0.00231544
0.00188949
0.00146039
0.00107226
0.000753161
0.000508561
0.00032362
0.000167446
2.16917e-05
6.40909e-05
0.000410304
0.000654362
0.000810864
0.000924874
0.00102244
0.00112162
0.00123401
0.0013637
0.00150687
0.00165302
0.00178782
0.0018966
0.00195866
0.00197861
0.00196652
0.00193339
0.00187485
0.00180137
0.00172934
0.00166547
0.00161057
0.00156433
0.00152531
0.00149243
0.00146486
0.00144155
0.00142217
0.00140622
0.00139345
0.00138354
0.00137622
0.00137117
0.00136859
0.00136761
0.00136757
0.00136946
0.00137256
0.00137673
0.00138193
0.00138811
0.00139529
0.00140352
0.00141288
0.00142352
0.0014356
0.0014493
0.00146484
0.00148241
0.00150221
0.00152446
0.00154934
0.00157701
0.00160755
0.0016411
0.00167795
0.00171845
0.00176362
0.00181552
0.00187744
0.00195408
0.00205496
0.00219642
0.0023748
0.00257755
0.00279851
0.00300842
0.00313968
0.00318273
0.00315626
0.00298571
0.00265529
0.0022241
0.00174702
0.00128511
0.00088737
0.000577467
0.000348182
0.000171309
2.21089e-05
8.32485e-05
0.000503774
0.000782815
0.00095824
0.00108491
0.00119214
0.00129916
0.00141675
0.0015465
0.00168136
0.00180827
0.00191213
0.00197027
0.00198759
0.00197293
0.00193349
0.0018639
0.00178043
0.00170163
0.00163067
0.00157006
0.00151878
0.0014756
0.00143913
0.00140845
0.00138283
0.00136167
0.00134465
0.00133139
0.00132158
0.00131482
0.00131128
0.0013099
0.0013098
0.0013119
0.00131521
0.0013199
0.00132549
0.00133195
0.0013392
0.00134722
0.00135606
0.00136578
0.00137651
0.00138836
0.00140153
0.00141617
0.00143247
0.00145062
0.00147079
0.00149314
0.00151781
0.00154492
0.0015746
0.00160674
0.00164104
0.00167722
0.00171527
0.00175568
0.0017998
0.00185017
0.00191207
0.0019941
0.00211032
0.00228557
0.00250703
0.00275863
0.00300858
0.00316934
0.00322151
0.00318988
0.00298218
0.00259103
0.0020964
0.00157192
0.00108827
0.000694266
0.000401308
0.000186527
2.4006e-05
0.00010603
0.000603426
0.000918652
0.00111225
0.00124962
0.00136304
0.00147253
0.00158781
0.00170811
0.00182397
0.00192128
0.00197692
0.00199325
0.00197798
0.00193378
0.00185584
0.0017657
0.0016788
0.00160163
0.00153509
0.00147913
0.00143209
0.00139264
0.00135971
0.00133256
0.00131064
0.00129349
0.0012807
0.00127181
0.00126685
0.00126477
0.0012644
0.00126626
0.00126966
0.00127447
0.00128012
0.00128659
0.00129362
0.0013012
0.00130933
0.00131805
0.00132747
0.00133773
0.00134898
0.00136142
0.00137526
0.00139071
0.00140799
0.00142731
0.00144884
0.00147272
0.00149903
0.00152776
0.00155879
0.00159193
0.00162693
0.00166361
0.00170127
0.00173908
0.00177677
0.00181553
0.00185797
0.00190875
0.00197656
0.00207685
0.00223343
0.00246644
0.00274348
0.0030318
0.00321063
0.0032632
0.00320955
0.00293956
0.00247336
0.00191543
0.00135402
0.000866934
0.000493072
0.000221812
2.87321e-05
0.000131457
0.000708455
0.00105888
0.00126907
0.00141437
0.00152965
0.00163549
0.00174062
0.00184254
0.00193065
0.00198331
0.00199911
0.00198313
0.00193611
0.00185283
0.00175787
0.00166372
0.00157931
0.00150703
0.00144613
0.00139538
0.00135315
0.00131833
0.00129008
0.00126777
0.00125084
0.00123875
0.00123116
0.00122757
0.00122646
0.00122714
0.00122999
0.0012342
0.00123935
0.00124517
0.00125139
0.00125795
0.0012648
0.00127199
0.00127961
0.0012878
0.00129671
0.00130657
0.00131758
0.00133
0.00134405
0.00136001
0.00137813
0.00139866
0.00142181
0.00144775
0.00147659
0.00150831
0.00154277
0.00157961
0.0016183
0.00165811
0.00169822
0.00173795
0.00177521
0.00181083
0.00184632
0.00188459
0.0019273
0.00198513
0.0020728
0.00221449
0.00245068
0.00275371
0.0030741
0.00325366
0.00329487
0.00319827
0.00283213
0.00228485
0.00166823
0.00109099
0.000624876
0.00028046
3.73895e-05
0.000158837
0.000816456
0.00120006
0.00142463
0.00157458
0.00168695
0.0017829
0.00187059
0.00194678
0.00199446
0.00200919
0.00199159
0.00194373
0.00185798
0.00175814
0.00165751
0.0015655
0.00148654
0.00142044
0.0013656
0.00132051
0.00128375
0.00125439
0.00123166
0.00121486
0.00120327
0.00119667
0.00119379
0.00119309
0.00119433
0.00119728
0.00120136
0.00120604
0.00121103
0.00121616
0.00122135
0.00122665
0.00123211
0.00123789
0.00124415
0.00125109
0.00125894
0.00126793
0.00127831
0.00129034
0.00130429
0.00132044
0.00133907
0.00136047
0.00138492
0.00141267
0.00144389
0.0014787
0.00151704
0.00155866
0.00160301
0.00164923
0.00169609
0.0017421
0.00178717
0.00182709
0.00185872
0.00188724
0.00191865
0.00195865
0.00200945
0.00208961
0.00222498
0.0024618
0.00278994
0.00312821
0.00329048
0.0033082
0.00312798
0.00264488
0.00200752
0.00135335
0.000791199
0.000358974
4.94119e-05
0.000187373
0.000924704
0.00133853
0.00157493
0.00172601
0.00183071
0.00191102
0.00197509
0.00201473
0.00202658
0.0020066
0.00195931
0.00187275
0.0017686
0.00166125
0.00156142
0.00147477
0.00140247
0.00134299
0.00129448
0.00125543
0.00122464
0.00120115
0.0011841
0.00117259
0.00116626
0.00116355
0.00116288
0.00116385
0.00116633
0.00116954
0.00117308
0.00117663
0.00118008
0.0011834
0.00118667
0.00119002
0.00119362
0.00119766
0.00120236
0.00120796
0.00121468
0.00122276
0.00123244
0.00124398
0.00125764
0.00127369
0.00129244
0.0013142
0.00133929
0.00136804
0.00140077
0.00143773
0.00147905
0.0015247
0.00157436
0.00162734
0.00168246
0.00173799
0.00179165
0.00184274
0.00188896
0.00192021
0.00194072
0.0019613
0.00199507
0.00204435
0.00211944
0.00225279
0.00249871
0.00285224
0.00318216
0.00331742
0.00327763
0.00295929
0.00234837
0.00163966
0.000983438
0.000452732
6.4129e-05
0.000215994
0.00103037
0.00147094
0.00171637
0.00186512
0.00195772
0.00201761
0.00204873
0.00205609
0.00203345
0.00198418
0.00189829
0.00179078
0.00167665
0.00156823
0.00147289
0.00139303
0.00132778
0.00127505
0.001233
0.00120018
0.0011754
0.00115757
0.00114561
0.00113884
0.00113581
0.00113487
0.00113499
0.00113647
0.00113844
0.00114044
0.00114226
0.00114378
0.00114505
0.00114619
0.00114736
0.00114874
0.00115058
0.0011531
0.00115651
0.00116103
0.00116688
0.00117426
0.00118339
0.00119448
0.00120778
0.00122354
0.00124205
0.00126364
0.00128866
0.00131752
0.00135062
0.00138838
0.00143114
0.00147914
0.00153241
0.0015906
0.00165292
0.00171788
0.00178323
0.00184585
0.00190351
0.0019554
0.00198695
0.00200169
0.00201393
0.00203766
0.00208558
0.00215753
0.00229627
0.0025604
0.00293947
0.00322915
0.00331604
0.00317787
0.00266815
0.00193842
0.0011948
0.000556836
8.06254e-05
0.000243924
0.00113103
0.00159447
0.00184623
0.00198985
0.00206555
0.00209717
0.0021014
0.00207588
0.00202096
0.00193651
0.00182597
0.00170534
0.00158761
0.00148221
0.0013932
0.00132059
0.0012624
0.00121639
0.00118073
0.00115397
0.00113476
0.00112182
0.00111394
0.00111004
0.00110837
0.00110785
0.00110782
0.00110837
0.00110864
0.00110868
0.0011083
0.00110757
0.00110667
0.00110578
0.00110525
0.00110509
0.00110558
0.00110704
0.00110963
0.00111349
0.00111883
0.0011258
0.00113458
0.00114535
0.0011583
0.00117367
0.00119171
0.00121275
0.00123716
0.00126535
0.00129783
0.00133512
0.00137775
0.00142624
0.00148093
0.00154196
0.00160902
0.00168118
0.00175668
0.00183269
0.00190521
0.00197011
0.00202708
0.00205477
0.0020656
0.00207027
0.00208417
0.00212871
0.00220361
0.00235412
0.00265073
0.0030497
0.00325341
0.0032673
0.00294543
0.0022384
0.00142082
0.000667517
9.80152e-05
0.000270415
0.00122466
0.00170691
0.00196282
0.00209555
0.00214965
0.00215895
0.00213259
0.00207306
0.00198904
0.00187578
0.00174885
0.0016214
0.00150451
0.00140444
0.00132252
0.00125716
0.00120585
0.00116632
0.00113671
0.0011154
0.00110089
0.00109167
0.00108633
0.00108352
0.00108192
0.00108079
0.0010797
0.00107847
0.00107674
0.00107459
0.00107206
0.00106935
0.00106668
0.0010643
0.00106244
0.00106148
0.00106121
0.00106204
0.00106425
0.00106786
0.00107301
0.00107984
0.00108846
0.00109901
0.00111167
0.00112662
0.0011441
0.00116439
0.00118785
0.00121492
0.0012461
0.00128201
0.0013233
0.00137069
0.00142484
0.00148628
0.00155527
0.00163152
0.00171401
0.00180062
0.00188791
0.00197091
0.00204371
0.00210202
0.00212507
0.00213072
0.00212979
0.00213201
0.00217537
0.00225662
0.0024303
0.00277415
0.00313823
0.0032733
0.0031296
0.00252351
0.00165672
0.000780904
0.000115938
0.000295095
0.00130905
0.00180647
0.00206174
0.00218073
0.00221614
0.00220228
0.00214496
0.00205754
0.00194177
0.00180886
0.0016715
0.00154195
0.00142871
0.00133512
0.00126042
0.00120206
0.0011573
0.00112378
0.00109953
0.00108276
0.00107174
0.00106485
0.00106063
0.00105781
0.00105545
0.00105304
0.00105028
0.00104707
0.00104334
0.00103926
0.001035
0.00103082
0.00102696
0.00102364
0.00102109
0.00101969
0.00101921
0.0010198
0.00102196
0.00102557
0.00103074
0.00103757
0.00104614
0.00105657
0.00106898
0.00108353
0.00110043
0.00111992
0.00114235
0.0011681
0.0011977
0.00123175
0.00127099
0.00131625
0.00136841
0.00142834
0.00149679
0.00157412
0.00166008
0.00175346
0.0018517
0.00195053
0.00204382
0.00212379
0.00217988
0.00219641
0.00219741
0.00218491
0.00217997
0.00222472
0.00231851
0.00253735
0.00292721
0.0031767
0.00320197
0.00278017
0.00189951
0.000895342
0.000134417
0.000317249
0.0013829
0.00189092
0.00214181
0.00224674
0.0022669
0.00222737
0.0021409
0.00202539
0.00188696
0.00173986
0.00159686
0.00146851
0.00136056
0.00127385
0.00120617
0.00115441
0.00111567
0.00108747
0.00106769
0.00105435
0.00104562
0.00103986
0.00103572
0.00103216
0.00102853
0.00102451
0.00101998
0.00101495
0.00100956
0.00100402
0.000998574
0.000993471
0.000988943
0.00098519
0.000982385
0.000980914
0.000980421
0.000981058
0.00098331
0.00098704
0.000992294
0.00099916
0.00100771
0.00101802
0.0010302
0.00104439
0.00106074
0.0010795
0.00110093
0.00112542
0.00115342
0.00118554
0.00122249
0.00126516
0.00131454
0.00137174
0.00143786
0.00151385
0.00160023
0.00169673
0.00180185
0.00191236
0.00202283
0.00212545
0.0022113
0.00225888
0.00226951
0.00225986
0.00223373
0.00222409
0.00227463
0.00239559
0.00268926
0.00306515
0.00320598
0.00298516
0.00214552
0.00101519
0.000153746
0.00033631
0.00144578
0.00195901
0.00220395
0.00229526
0.00230126
0.00223673
0.0021264
0.00198435
0.00182827
0.00167164
0.00152665
0.00140166
0.00129981
0.00121995
0.00115891
0.00111321
0.00107981
0.00105611
0.00103981
0.00102883
0.00102134
0.0010158
0.00101106
0.00100636
0.00100127
0.000995667
0.000989567
0.000983111
0.000976513
0.000970023
0.000963884
0.00095832
0.000953525
0.000949662
0.00094687
0.000945477
0.000945049
0.000945822
0.000948177
0.000951988
0.000957282
0.000964132
0.000972597
0.000982752
0.000994687
0.00100851
0.00102438
0.00104248
0.00106306
0.00108644
0.00111304
0.00114339
0.00117818
0.00121825
0.00126464
0.00131856
0.00138134
0.00145435
0.00153878
0.00163528
0.00174351
0.00186151
0.00198513
0.00210745
0.00221866
0.00230359
0.00233814
0.00234224
0.00231418
0.00227704
0.00226784
0.00233036
0.00250395
0.00287512
0.0031098
0.00308569
0.00238986
0.00115414
0.000176525
0.000351819
0.00149692
0.00201095
0.00224882
0.00232876
0.00232011
0.00223304
0.00209911
0.00193768
0.00176841
0.00160606
0.00146172
0.00134138
0.0012459
0.00117263
0.00111772
0.00107745
0.00104863
0.00102853
0.00101476
0.00100522
0.000998163
0.00099225
0.000986571
0.000980602
0.000974135
0.000967178
0.000959867
0.000952415
0.000945063
0.000938051
0.000931595
0.000925876
0.000921045
0.000917221
0.000914527
0.00091321
0.000912833
0.00091367
0.000916025
0.000919798
0.000925006
0.00093172
0.000939999
0.000949913
0.000961547
0.000975004
0.000990416
0.00100795
0.00102781
0.00105029
0.00107574
0.00110464
0.00113759
0.00117537
0.00121897
0.0012696
0.0013287
0.0013979
0.00147885
0.00157299
0.00168105
0.00180247
0.00193457
0.00207176
0.00220488
0.00232103
0.00239806
0.00241845
0.00240784
0.00235292
0.00231225
0.00231191
0.0024083
0.00267873
0.00302436
0.00311554
0.00262983
0.00132758
0.000206247
0.000363528
0.00153635
0.00204747
0.00227754
0.00234838
0.00232398
0.00222041
0.0020652
0.00188802
0.00170933
0.00154424
0.00140234
0.00128735
0.00119818
0.00113107
0.00108171
0.00104617
0.00102114
0.00100382
0.000991753
0.00098293
0.000975768
0.00096916
0.000962434
0.000955283
0.000947659
0.000939679
0.000931543
0.000923486
0.000915738
0.000908507
0.000901963
0.000896242
0.000891454
0.000887684
0.000885009
0.000883676
0.000883277
0.000884011
0.000886204
0.000889771
0.000894734
0.000901162
0.000909124
0.000918692
0.000929952
0.000943004
0.000957971
0.000975
0.000994281
0.00101605
0.00104062
0.0010684
0.0010999
0.00113583
0.00117707
0.00122478
0.00128037
0.00134557
0.00142232
0.00151263
0.00161815
0.00173965
0.00187612
0.00202377
0.00217509
0.00231816
0.00243333
0.00248774
0.00249641
0.00245907
0.00237404
0.00233405
0.00236675
0.00252208
0.00289336
0.00308115
0.00283727
0.00153738
0.000244082
0.000371525
0.00156475
0.00206989
0.00229188
0.00235455
0.00231826
0.00219709
0.00202643
0.00183727
0.00165235
0.00148676
0.00134846
0.00123908
0.00115595
0.0010945
0.00105006
0.00101855
0.000996584
0.000981285
0.000970272
0.00096166
0.000954083
0.000946668
0.000938961
0.000930828
0.000922336
0.000913664
0.000905035
0.00089667
0.000888766
0.000881483
0.000874945
0.000869249
0.000864467
0.000860661
0.000857881
0.000856363
0.000855835
0.00085627
0.000858117
0.000861301
0.000865851
0.000871843
0.000879353
0.000888464
0.000899268
0.000911867
0.000926379
0.000942944
0.00096173
0.000982947
0.00100686
0.00103382
0.00106426
0.0010988
0.0011382
0.0011835
0.00123605
0.00129753
0.00137
0.00145579
0.00155726
0.00167629
0.00181344
0.00196683
0.00213087
0.00229519
0.00244418
0.00254548
0.00257514
0.00256176
0.00248278
0.00238602
0.00235953
0.00244394
0.00272867
0.00299098
0.00295636
0.00176931
0.000287152
0.000375973
0.00158252
0.0020787
0.00229255
0.00235033
0.00230306
0.00216766
0.00198477
0.0017869
0.00159832
0.00143385
0.00129981
0.00119603
0.00111857
0.00106222
0.00102208
0.00099394
0.000974359
0.000960483
0.000950037
0.000941321
0.000933194
0.000925001
0.000916474
0.0009076
0.00089852
0.000889436
0.000880559
0.000872077
0.000864139
0.00085686
0.000850323
0.00084459
0.000839713
0.000835737
0.000832709
0.000830803
0.00083001
0.000829989
0.000831309
0.000833945
0.000837931
0.000843348
0.000850286
0.000858839
0.000869105
0.000881195
0.000895227
0.000911337
0.000929683
0.000950453
0.00097388
0.00100026
0.00102997
0.00106352
0.00110157
0.00114505
0.00119514
0.00125344
0.00132196
0.00140319
0.0014999
0.00161484
0.00174999
0.00190539
0.00207765
0.00225837
0.00243294
0.00257742
0.00264639
0.00265648
0.00260094
0.00247074
0.00239418
0.00240858
0.00259506
0.00292739
0.00300006
0.00202391
0.000335668
0.000376412
0.00159118
0.00207729
0.00228592
0.00233751
0.00227879
0.00213351
0.00194166
0.00173792
0.00154774
0.00138551
0.00125606
0.00115767
0.00108542
0.00103363
0.000997177
0.000971809
0.000954053
0.000941132
0.000930926
0.00092194
0.000913249
0.000904391
0.000895235
0.000885853
0.000876418
0.000867125
0.000858153
0.000849645
0.000841706
0.000834409
0.000827803
0.000821931
0.000816832
0.000812549
0.000809139
0.000806668
0.000805315
0.00080488
0.000805494
0.00080744
0.000810738
0.00081547
0.000821736
0.000829642
0.000839299
0.000850822
0.000864338
0.000879982
0.000897909
0.000918292
0.000941341
0.000967312
0.000996531
0.00102942
0.00106657
0.00110873
0.00115697
0.00121271
0.00127786
0.00135486
0.00144671
0.00155672
0.00168799
0.00184234
0.00201873
0.00221126
0.00240744
0.00258699
0.00270634
0.00274016
0.00271433
0.00259376
0.00244466
0.00240116
0.002498
0.0028315
0.00300218
0.00228366
0.000386929
0.000374732
0.0015921
0.00206932
0.00226935
0.00231454
0.0022484
0.00209608
0.00189823
0.00169106
0.00150086
0.0013416
0.00121681
0.00112351
0.00105599
0.0010082
0.000974899
0.000951771
0.000935385
0.00092308
0.000912911
0.000903595
0.0008944
0.000885018
0.000875419
0.000865722
0.000856099
0.000846723
0.000837729
0.000829215
0.000821245
0.00081386
0.000807088
0.000800959
0.000795508
0.000790783
0.000786843
0.000783756
0.000781647
0.000780666
0.000780546
0.000781689
0.000784206
0.00078817
0.00079369
0.000800883
0.000809869
0.000820774
0.000833732
0.000848885
0.000866384
0.000886401
0.00090913
0.0009348
0.000963694
0.000996178
0.00103273
0.00107402
0.00112093
0.00117474
0.00123717
0.00131053
0.00139782
0.00150267
0.00162896
0.00178001
0.00195697
0.00215672
0.00236945
0.00257713
0.00274373
0.00281552
0.00281959
0.00272499
0.00253626
0.00243191
0.00245589
0.00270249
0.00293111
0.00251294
0.000433877
0.000370756
0.00158877
0.0020519
0.00224373
0.00228464
0.00221331
0.00205658
0.00185534
0.00164677
0.00145778
0.00130193
0.0011817
0.00109311
0.00102982
0.00098553
0.000954876
0.000933545
0.000918176
0.000906249
0.00089601
0.000886368
0.00087676
0.000866996
0.000857109
0.000847236
0.000837532
0.000828131
0.000819128
0.000810579
0.000802516
0.000794956
0.000787916
0.00078142
0.000775509
0.000770236
0.00076567
0.000761894
0.000758999
0.000757177
0.000756455
0.000756728
0.000758399
0.000761542
0.000766269
0.000772703
0.000780974
0.000791218
0.000803577
0.000818201
0.000835247
0.000854886
0.000877307
0.000902723
0.00093139
0.000963621
0.000999828
0.00104057
0.0010866
0.00113903
0.00119936
0.00126973
0.00135301
0.0014529
0.00157378
0.00172009
0.00189494
0.00209791
0.00232205
0.00255111
0.00275774
0.00288294
0.00291201
0.00284998
0.00266278
0.00247716
0.0024423
0.00261863
0.00286743
0.00268895
0.000470388
0.00036461
0.00158007
0.00202743
0.0022119
0.00224925
0.00217472
0.00201597
0.00181361
0.00160535
0.00141847
0.00126625
0.00115036
0.00106605
0.00100653
0.000965262
0.000936824
0.000916926
0.000902306
0.000890604
0.000880247
0.00087032
0.000860395
0.000850369
0.000840309
0.000830348
0.000820614
0.000811201
0.000802164
0.000793527
0.000785297
0.000777477
0.000770079
0.000763132
0.000756681
0.000750789
0.000745538
0.000741022
0.000737349
0.000734631
0.00073313
0.000732692
0.000733471
0.00073577
0.000739683
0.000745335
0.000752863
0.000762413
0.000774135
0.000788188
0.00080474
0.000823967
0.000846058
0.000871222
0.000899695
0.00093176
0.000967772
0.0010082
0.0010537
0.00110518
0.00116399
0.00123201
0.00131192
0.00140733
0.00152282
0.00166361
0.00183447
0.00203762
0.00226955
0.00251773
0.00275832
0.00293523
0.00299612
0.00297096
0.00280339
0.00254994
0.00244252
0.00253333
0.00280695
0.00277635
0.00048763
0.000356502
0.00156585
0.00199778
0.00217519
0.00220969
0.00213371
0.00197501
0.00177348
0.00156692
0.00138283
0.00123431
0.00112247
0.00104202
0.000985793
0.000947118
0.00092052
0.000901761
0.000887694
0.000876119
0.000865635
0.000855476
0.000845321
0.000835122
0.000824964
0.000814961
0.00080521
0.000795766
0.000786652
0.000777866
0.000769399
0.000761249
0.000753429
0.000745973
0.000738934
0.00073239
0.000726431
0.000721164
0.000716704
0.000713174
0.000710768
0.000709682
0.000709626
0.000711084
0.000714186
0.000719054
0.00072583
0.000734665
0.00074572
0.000759164
0.000775173
0.000793936
0.000815649
0.000840524
0.000868792
0.000900715
0.000936608
0.000976877
0.00102207
0.00107297
0.00113072
0.00119698
0.00127417
0.00136569
0.00147612
0.00161112
0.00177667
0.00197721
0.0022124
0.00247281
0.00273641
0.00296369
0.00307123
0.00307928
0.00294238
0.00266545
0.00248035
0.00248467
0.00275341
0.00281206
0.000493314
0.000346833
0.00154833
0.00196415
0.00213477
0.00216708
0.00209116
0.00193429
0.00173525
0.00153154
0.00135072
0.00120585
0.00109773
0.00102069
0.000967337
0.000930864
0.000905787
0.000887932
0.000874274
0.000862767
0.000852166
0.000841826
0.000831508
0.000821199
0.000810983
0.000800952
0.000791171
0.000781662
0.000772423
0.000763433
0.000754675
0.000746147
0.000737866
0.000729873
0.000722235
0.000715038
0.000708384
0.00070239
0.000697182
0.000692892
0.000689661
0.000687754
0.000687096
0.00068773
0.000690045
0.000694147
0.000700179
0.000708294
0.000718661
0.000731458
0.000746876
0.000765116
0.000786387
0.000810911
0.000838923
0.000870679
0.000906471
0.000946656
0.000991703
0.00104227
0.00109933
0.00116432
0.00123938
0.00132766
0.00143356
0.0015629
0.00172252
0.00191879
0.00215458
0.00242446
0.00270949
0.00297337
0.00313894
0.00317764
0.00307839
0.00280203
0.00252242
0.00246448
0.0026794
0.00281982
0.000493618
0.000335998
0.00152848
0.00192767
0.00209171
0.0021224
0.00204782
0.00189429
0.00169912
0.00149918
0.00132198
0.00118063
0.00107587
0.00100182
0.000950926
0.000916306
0.000892477
0.000875337
0.000861983
0.000850512
0.00083981
0.000829332
0.000818896
0.000808512
0.000798254
0.000788189
0.000778352
0.000768742
0.000759334
0.000750099
0.000741016
0.000732085
0.000723331
0.000714806
0.000706584
0.000698764
0.000691456
0.000684787
0.000678888
0.000673897
0.00066995
0.000667244
0.000666008
0.000665933
0.000667507
0.00067088
0.00067619
0.000683594
0.000693264
0.000705389
0.000720171
0.000737827
0.000758583
0.000782678
0.000810359
0.000841889
0.000877549
0.000917665
0.000962648
0.00101306
0.0010697
0.00113382
0.00120729
0.00129293
0.0013949
0.00151893
0.00167234
0.00186297
0.0020965
0.0023717
0.00267444
0.00297308
0.003192
0.0032661
0.00320888
0.00295019
0.00259862
0.00246153
0.00260491
0.00280453
0.000488793
0.000324364
0.00150705
0.00188925
0.00204694
0.0020765
0.0020043
0.00185533
0.00166517
0.00146976
0.00129641
0.00115843
0.00105665
0.000985173
0.000936356
0.000903277
0.000880464
0.000863887
0.00085076
0.000839304
0.000828516
0.000817931
0.000807408
0.000796964
0.000786661
0.000776545
0.000766625
0.000756879
0.000747271
0.000737766
0.000728344
0.00071901
0.000709797
0.000700767
0.000692004
0.000683614
0.000675717
0.000668445
0.000661935
0.000656326
0.000651759
0.000648377
0.000646472
0.000645893
0.000646779
0.000649475
0.000654101
0.000660815
0.000669793
0.000681229
0.00069534
0.000712356
0.000732525
0.000756106
0.000783367
0.000814586
0.000850049
0.000890069
0.000935013
0.000985359
0.00104179
0.00110536
0.00117767
0.00126124
0.00135988
0.00147912
0.00162643
0.00181067
0.00203989
0.00231659
0.00263096
0.00295484
0.00322881
0.00334611
0.00332961
0.00309598
0.00270192
0.00248088
0.00254516
0.00276773
0.00047922
0.000312204
0.00148493
0.00184982
0.00200126
0.00203009
0.00196108
0.00181766
0.00163346
0.00144315
0.00127383
0.00113903
0.00103986
0.000970551
0.000923455
0.000891633
0.000869634
0.000853497
0.000840536
0.000829082
0.000818222
0.000807549
0.000796953
0.000786452
0.000776094
0.000765905
0.000755876
0.00074597
0.000736145
0.000726363
0.000716608
0.000706891
0.000697254
0.000687767
0.000678523
0.000669636
0.000661231
0.000653443
0.000646413
0.000640279
0.000635181
0.000631253
0.000628732
0.000627711
0.000628009
0.000630092
0.000634087
0.000640145
0.000648446
0.000659192
0.000672606
0.000688938
0.000708454
0.000731438
0.000758186
0.000788998
0.000824179
0.00086404
0.000908926
0.000959257
0.00101561
0.00107885
0.00115037
0.00123236
0.00132827
0.00144328
0.00158482
0.00176236
0.00198591
0.00226161
0.00258427
0.00292887
0.00324609
0.00342045
0.00344041
0.0032402
0.00283094
0.00251091
0.00249675
0.00271677
0.00046682
0.000299644
0.00146254
0.00181005
0.00195534
0.00198375
0.00191855
0.00178147
0.00160395
0.00141922
0.00125405
0.00112224
0.00102531
0.000957783
0.000912071
0.000881247
0.000859885
0.000844083
0.000831242
0.000819779
0.000808854
0.000798105
0.00078744
0.000776876
0.000766449
0.000756169
0.000746012
0.000735935
0.000725889
0.00071584
0.000705775
0.000695713
0.000685703
0.000675823
0.000666172
0.00065687
0.000648047
0.00063984
0.000632388
0.00062583
0.000620302
0.000615938
0.000612898
0.000611447
0.000611289
0.000612831
0.000616251
0.000621698
0.000629351
0.000639415
0.000652123
0.000667737
0.000686547
0.000708863
0.000735009
0.000765318
0.00080012
0.000839743
0.000884524
0.000934841
0.000991186
0.00105429
0.0011253
0.00120612
0.00129982
0.0014112
0.0015474
0.00171822
0.00193509
0.00220749
0.00253539
0.00289914
0.00325109
0.00348551
0.00354282
0.00338406
0.00297423
0.00255428
0.00246363
0.00265423
0.000452302
0.000287652
0.00144008
0.00177064
0.00190977
0.00193799
0.00187704
0.00174686
0.00157658
0.00139783
0.00123689
0.00110787
0.00101284
0.000946721
0.000902073
0.000872008
0.000851123
0.000835566
0.000822804
0.000811323
0.000800337
0.000789518
0.000778783
0.000768149
0.000757639
0.000747254
0.00073696
0.00072671
0.000716454
0.00070616
0.000695823
0.000685466
0.000675146
0.000664946
0.000654971
0.000645344
0.000636197
0.000627668
0.000619894
0.000613012
0.000607153
0.000602447
0.000599018
0.00059714
0.000596644
0.000597719
0.000600628
0.000605515
0.000612557
0.00062196
0.000633965
0.000648847
0.000666914
0.000688502
0.000713971
0.000743687
0.000778016
0.000817314
0.000861924
0.000912204
0.00096858
0.00103165
0.00110239
0.00118239
0.00127436
0.00138266
0.00151406
0.00167833
0.0018879
0.00215497
0.0024844
0.00286267
0.00324759
0.00353853
0.00363646
0.00352265
0.00312295
0.00262211
0.00244373
0.00258467
0.000437058
0.000277932
0.00141584
0.00173182
0.00186498
0.00189319
0.00183679
0.00171391
0.00155127
0.00137881
0.00122218
0.00109577
0.00100231
0.000937239
0.00089335
0.000863818
0.000843264
0.00082787
0.000815151
0.000803643
0.000792598
0.000781709
0.000770902
0.00076019
0.000749589
0.000739092
0.000728661
0.000718247
0.000707803
0.000697299
0.000686736
0.000676144
0.000665584
0.000655142
0.000644929
0.000635067
0.00062569
0.000616934
0.000608934
0.000601821
0.000595724
0.000590761
0.00058705
0.000584815
0.000584036
0.000584722
0.000587187
0.00059157
0.000598044
0.000606818
0.000618136
0.000632285
0.000649589
0.000670411
0.000695144
0.000724193
0.000757965
0.000796851
0.000841219
0.000891421
0.000947838
0.00101097
0.0010816
0.00116108
0.00125173
0.00135748
0.00148463
0.00164272
0.00184474
0.0021051
0.00243316
0.00282129
0.00323223
0.00357974
0.00372282
0.0036559
0.00327303
0.00271171
0.00243547
0.00251165
0.000422079
0.000268889
0.0013901
0.0016937
0.00182135
0.00184968
0.00179797
0.00168264
0.00152795
0.00136202
0.00120975
0.00108579
0.000993596
0.000929234
0.00088581
0.000856593
0.00083623
0.000820922
0.000808213
0.000796669
0.000785565
0.000774608
0.000763727
0.000752932
0.000742237
0.000731628
0.000721069
0.000710509
0.000699907
0.000689236
0.000678502
0.000667738
0.000657009
0.000646406
0.000636038
0.000626029
0.000616511
0.000607618
0.000599479
0.000592223
0.00058597
0.000580834
0.000576922
0.000574409
0.000573389
0.000573759
0.000575842
0.000579776
0.000585732
0.000593915
0.000604574
0.000618003
0.000634543
0.00065458
0.000678538
0.000706865
0.000740011
0.000778413
0.00082247
0.000872547
0.000928998
0.000992239
0.0010629
0.00114209
0.00123179
0.00133547
0.0014589
0.00161126
0.00180573
0.00205843
0.00238284
0.0027775
0.00321026
0.00360752
0.00380228
0.00378152
0.00341921
0.00282662
0.00243427
0.00243833
0.000408377
0.000260032
0.00136356
0.00165665
0.00177903
0.0018077
0.00176073
0.00165305
0.0015065
0.00134732
0.00119946
0.0010778
0.000986596
0.000922626
0.00087938
0.000850265
0.000829956
0.000814659
0.000801926
0.000790335
0.000779173
0.00076815
0.000757197
0.00074632
0.000735531
0.000724819
0.000714146
0.000703468
0.000692743
0.000681953
0.000671104
0.000660234
0.000649409
0.000638721
0.000628279
0.000618205
0.000608627
0.000599676
0.000591478
0.000584154
0.000577819
0.000572579
0.000568536
0.000565818
0.000564592
0.000564708
0.000566467
0.000570006
0.000575492
0.000583128
0.000593164
0.0006059
0.00062169
0.000640942
0.000664109
0.000691679
0.000724151
0.00076201
0.000805699
0.000855607
0.000912077
0.000975466
0.00104627
0.00112538
0.00121443
0.00131646
0.00143671
0.00158382
0.0017709
0.00201527
0.00233404
0.00273217
0.00318425
0.00362031
0.00387782
0.00390047
0.00356937
0.0029556
0.00244967
0.00236795
0.000396809
0.000251172
0.00133636
0.00162093
0.00173821
0.00176732
0.00172518
0.00162512
0.00148684
0.00133455
0.00119114
0.00107167
0.000981219
0.000917344
0.000874003
0.00084478
0.000824387
0.000809024
0.000796232
0.000784585
0.000773365
0.00076228
0.000751258
0.000740304
0.000729431
0.000718629
0.000707865
0.000697098
0.000686292
0.000675431
0.000664525
0.000653613
0.000642761
0.000632061
0.000621618
0.000611551
0.000601987
0.000593048
0.000584858
0.00057753
0.000571173
0.000565887
0.000561769
0.000558913
0.000557503
0.000557421
0.000558906
0.000562099
0.000567163
0.000574298
0.000583754
0.000595834
0.000610903
0.000629386
0.000651766
0.000678568
0.000710339
0.000747616
0.000790894
0.000840596
0.000897073
0.000960636
0.00103167
0.00111086
0.00119954
0.0013003
0.00141785
0.00156022
0.00174021
0.00197586
0.00228732
0.00268578
0.00315351
0.00362453
0.00394615
0.00401212
0.00371811
0.00308973
0.00248149
0.00230735
0.000388031
0.000242287
0.00130862
0.00158666
0.00169915
0.00172851
0.0016914
0.00159894
0.00146889
0.00132358
0.0011847
0.00106737
0.000977458
0.000913377
0.000869655
0.000840104
0.000819482
0.000803971
0.000791082
0.000779367
0.000768089
0.000756949
0.000745866
0.000734846
0.000723902
0.000713029
0.0007022
0.000691378
0.000680532
0.00066965
0.000658743
0.000647849
0.000637035
0.000626386
0.000616008
0.000606014
0.000596524
0.000587658
0.00057953
0.00057225
0.00056592
0.000560634
0.000556482
0.000553547
0.000551977
0.000551738
0.00055299
0.00055588
0.000560567
0.000567247
0.000576169
0.000587638
0.000602025
0.000619772
0.000641386
0.000667428
0.000698492
0.00073517
0.000778011
0.000827484
0.000883958
0.00094772
0.00101906
0.00109848
0.00118702
0.00128686
0.00140215
0.0015403
0.00171358
0.00194033
0.00224316
0.00263914
0.00311904
0.00362394
0.00400533
0.00411817
0.00386727
0.00322989
0.00252766
0.0022529
0.000381553
0.000233438
0.00128047
0.00155378
0.00166197
0.0016915
0.00165931
0.00157448
0.00145255
0.00131425
0.00117996
0.00106465
0.00097509
0.000910624
0.000866299
0.000836216
0.000815215
0.000799465
0.000786435
0.000774636
0.000763303
0.000752115
0.000740984
0.000729912
0.000718916
0.000707995
0.000697128
0.000686286
0.000675443
0.000664587
0.00065373
0.000642911
0.000632191
0.000621653
0.000611396
0.000601529
0.000592166
0.000583419
0.000575398
0.000568207
0.000561941
0.00055669
0.000552536
0.00054956
0.000547866
0.00054749
0.000548544
0.000551169
0.000555519
0.00056179
0.000570226
0.000581133
0.000594886
0.000611941
0.000632825
0.000658134
0.000688505
0.000724586
0.000766983
0.000816217
0.000872689
0.000936674
0.00100839
0.00108817
0.00117678
0.00127601
0.00138945
0.00152386
0.00169085
0.00190873
0.00220191
0.00259276
0.00308049
0.00361346
0.00405506
0.00421784
0.00401456
0.00337218
0.00258888
0.00220876
0.000378415
0.000224734
0.00125211
0.0015223
0.00162675
0.00165642
0.00162891
0.00155166
0.00143776
0.00130649
0.00117693
0.00106401
0.000974747
0.000909303
0.000863982
0.00083312
0.000811576
0.000795485
0.00078226
0.000770358
0.000758968
0.000747743
0.000736579
0.000725473
0.000714446
0.000703502
0.000692629
0.000681802
0.000671001
0.000660215
0.000649457
0.000638761
0.000628185
0.000617807
0.00060772
0.000598026
0.000588831
0.000580242
0.000572363
0.000565291
0.000559116
0.000553924
0.000549792
0.000546797
0.000545018
0.000544522
0.000545401
0.000547788
0.000551842
0.000557746
0.000565744
0.000576141
0.000589313
0.000605728
0.000625931
0.000650548
0.000680258
0.000715762
0.000757725
0.000806727
0.000863206
0.000927442
0.000999593
0.00107985
0.00116873
0.0012676
0.00137957
0.0015107
0.00167188
0.00188104
0.0021639
0.00254754
0.00303988
0.00359766
0.00409587
0.00431218
0.00416029
0.00351606
0.00266589
0.00217134
0.000377297
0.000216189
0.00122348
0.00149225
0.00159358
0.00162337
0.00160022
0.00153042
0.00142442
0.00130017
0.00117543
0.00106462
0.000975469
0.000909465
0.000862792
0.000830862
0.000808581
0.000792028
0.000778543
0.000766507
0.000755057
0.000743803
0.000732622
0.000721503
0.000710468
0.000699529
0.00068868
0.000677903
0.00066718
0.000656505
0.000645887
0.000635357
0.000624969
0.000614793
0.000604915
0.00059543
0.000586437
0.000578037
0.000570326
0.000563395
0.00055733
0.000552212
0.000548116
0.000545116
0.000543285
0.000542698
0.000543415
0.000545575
0.000549366
0.000554944
0.000562553
0.000572494
0.00058514
0.000600974
0.000620554
0.000644531
0.000673626
0.00070859
0.000750147
0.000798936
0.000855442
0.00091996
0.000992609
0.00107344
0.00116276
0.00126153
0.00137236
0.00150064
0.00165646
0.00185716
0.00212919
0.00250372
0.00299732
0.0035763
0.00412697
0.00440112
0.00430375
0.00366593
0.00275193
0.00214328
0.000378307
0.000207893
0.00119469
0.00146338
0.00156242
0.0015924
0.00157324
0.00151071
0.00141244
0.00129525
0.00117557
0.00106647
0.000977435
0.000910494
0.000862882
0.000829498
0.00080626
0.000789106
0.000775278
0.000763071
0.000751547
0.000740271
0.000729089
0.000717979
0.000706962
0.000696055
0.000685259
0.000674563
0.000663953
0.000653423
0.000642981
0.000632654
0.000622489
0.000612549
0.000602913
0.000593668
0.000584905
0.000576718
0.000569194
0.000562419
0.000556476
0.000551442
0.000547389
0.000544392
0.00054253
0.000541887
0.000542487
0.000544455
0.000548014
0.000553292
0.000560531
0.00057004
0.000582213
0.000597531
0.000616553
0.00063995
0.000668489
0.000702963
0.000744155
0.000792763
0.000849324
0.00091416
0.000987368
0.00106887
0.00115886
0.00125791
0.00136788
0.00149348
0.0016444
0.00183696
0.00209788
0.0024617
0.00295348
0.00355091
0.00414681
0.00448532
0.00444412
0.00382
0.00284945
0.00212365
0.000383134
0.000199803
0.00116553
0.00143568
0.00153323
0.00156349
0.00154797
0.00149245
0.00140175
0.00129154
0.00117656
0.00107013
0.000981235
0.000912933
0.000863735
0.000829258
0.000804718
0.000786767
0.000772484
0.000760046
0.000748427
0.000737129
0.000725959
0.000714879
0.000703905
0.000693056
0.000682341
0.000671754
0.000661286
0.000650932
0.000640696
0.000630602
0.00062069
0.000611018
0.000601653
0.000592675
0.000584164
0.00057621
0.000568886
0.000562275
0.000556455
0.0005515
0.000547492
0.000544504
0.000542612
0.000541902
0.000542392
0.00054419
0.000547574
0.000552639
0.000559596
0.000568743
0.00058048
0.000595301
0.000613802
0.000636682
0.000664734
0.000698781
0.00073966
0.000788132
0.000844785
0.000909971
0.000983819
0.00106622
0.001157
0.0012564
0.00136589
0.00148932
0.0016355
0.00182026
0.00206994
0.00242167
0.0029084
0.00351976
0.00415618
0.00456588
0.00458066
0.00397874
0.00295672
0.00211414
0.00039049
0.000191808
0.00113554
0.00140915
0.00150607
0.00153671
0.00152443
0.00147559
0.00139225
0.00128895
0.0011789
0.00107518
0.00098657
0.000917044
0.000865852
0.000829769
0.000804038
0.000785077
0.0007702
0.000757452
0.0007457
0.000734369
0.000723219
0.000712184
0.000701273
0.000690507
0.000679898
0.000669447
0.000659148
0.000648996
0.000638994
0.00062916
0.000619528
0.000610148
0.00060108
0.000592393
0.000584143
0.000576384
0.000569229
0.000562766
0.000557072
0.000552224
0.000548289
0.000545336
0.000543438
0.000542676
0.000543071
0.000544695
0.000547886
0.00055272
0.000559436
0.000568334
0.000579791
0.000594242
0.000612316
0.000634738
0.000662331
0.000695977
0.000736584
0.000784989
0.000841842
0.00090751
0.000982062
0.0010652
0.0011565
0.00125619
0.00136549
0.00148768
0.00162945
0.00180686
0.00204534
0.00238394
0.0028629
0.00348448
0.00415881
0.00464199
0.00471278
0.0041418
0.00307444
0.00211083
0.000401126
0.000183845
0.00110438
0.00138366
0.00148084
0.00151196
0.00150262
0.0014601
0.00138387
0.00128741
0.00118263
0.00108165
0.000993462
0.000922714
0.000869578
0.000831295
0.000804266
0.000784116
0.000768479
0.000755315
0.000743373
0.000731986
0.000720853
0.000709878
0.00069905
0.000688389
0.00067791
0.000667619
0.000657511
0.000647582
0.000637835
0.000628282
0.000618952
0.000609892
0.000601117
0.000592658
0.000584626
0.000577116
0.000570197
0.000563933
0.000558397
0.000553658
0.000549786
0.000546854
0.000544941
0.000544132
0.000544452
0.000545929
0.000548947
0.000553582
0.000560059
0.000568677
0.000579823
0.000594002
0.000611811
0.000633961
0.000661234
0.000694609
0.000735047
0.000783436
0.000840476
0.000906545
0.000981564
0.00106537
0.00115761
0.00125799
0.00136713
0.00148772
0.00162645
0.00179657
0.00202393
0.00234856
0.00281716
0.00344498
0.00415448
0.00470873
0.00484114
0.00430965
0.00320231
0.00211613
0.00041543
0.00017584
0.00107161
0.0013589
0.00145747
0.00148932
0.00148254
0.00144593
0.00137657
0.00128706
0.00118753
0.00108951
0.00100193
0.000930031
0.000874848
0.000834382
0.000805313
0.000784154
0.000767456
0.000753712
0.000741488
0.00073
0.00071887
0.000707956
0.000697224
0.000686686
0.000676355
0.00066624
0.00065634
0.000646653
0.00063718
0.000627935
0.000618924
0.000610111
0.000601587
0.000593441
0.000585719
0.00057848
0.000571785
0.000565706
0.000560315
0.000555681
0.000551875
0.000548972
0.000547052
0.000546209
0.000546471
0.000547826
0.000550691
0.000555163
0.000561446
0.000569841
0.000580735
0.000594623
0.000612116
0.000633956
0.000661017
0.000694236
0.000734586
0.000782986
0.000840179
0.000906626
0.000982452
0.00106729
0.00116054
0.00126165
0.00137086
0.00149022
0.00162557
0.00178901
0.00200552
0.00231559
0.00277155
0.00340156
0.00414146
0.00476671
0.00496455
0.00448144
0.00334048
0.00213384
0.000433585
0.000167772
0.00103706
0.00133474
0.0014359
0.00146876
0.00146423
0.00143304
0.00137027
0.00128742
0.00119343
0.00109868
0.001012
0.000939081
0.000881811
0.000838976
0.000807672
0.000784845
0.000767361
0.000752775
0.000740121
0.000728454
0.000717289
0.000706422
0.000695788
0.00068538
0.000675209
0.000665285
0.000655609
0.000646179
0.000637005
0.000628033
0.000619261
0.000610772
0.000602599
0.000594771
0.000587335
0.000580353
0.000573885
0.000567997
0.000562757
0.000558236
0.000554504
0.000551637
0.000549721
0.000548856
0.000549078
0.000550337
0.000553075
0.000557416
0.000563547
0.000571771
0.000582475
0.000596156
0.000613431
0.000635052
0.000661903
0.000694962
0.000735256
0.000783759
0.000841275
0.000908304
0.000984923
0.00107074
0.00116502
0.00126695
0.00137634
0.00149464
0.00162675
0.00178406
0.00198993
0.00228495
0.00272633
0.00335503
0.00412203
0.00481533
0.00508247
0.00465655
0.00348848
0.00215967
0.000455679
0.000159576
0.00100033
0.00131063
0.00141597
0.00145023
0.0014477
0.00142131
0.00136507
0.00128849
0.0012002
0.00110906
0.00102363
0.000949934
0.000890617
0.000845278
0.000811613
0.000786663
0.000767898
0.000752724
0.000739441
0.000727433
0.000716154
0.000705298
0.000694746
0.000684467
0.000674463
0.000664741
0.000655312
0.000646157
0.000637197
0.000628481
0.000620054
0.000611911
0.000604061
0.000596542
0.000589397
0.000582679
0.000576443
0.000570754
0.000565675
0.000561276
0.000557629
0.000554812
0.000552913
0.000552043
0.000552242
0.00055343
0.000556071
0.000560315
0.000566336
0.000574437
0.000585011
0.000598554
0.000615693
0.000637187
0.000663936
0.000696948
0.000737282
0.000785958
0.000843825
0.000911415
0.000988815
0.0010756
0.00117091
0.00127371
0.0013834
0.00150085
0.00163017
0.0017817
0.00197687
0.00225649
0.00268142
0.0033051
0.00409535
0.00485399
0.00519421
0.00483386
0.00364672
0.00219807
0.00048246
0.000151266
0.000961441
0.00128655
0.00139743
0.00143365
0.00143287
0.00141082
0.0013609
0.00129057
0.00120784
0.00112059
0.0010368
0.000962642
0.00090141
0.000853499
0.000817262
0.000790124
0.000769465
0.000753258
0.000739533
0.000727147
0.000715613
0.000704664
0.000694144
0.000683984
0.000674155
0.000664644
0.000655405
0.000646429
0.000637751
0.000629374
0.000621268
0.000613445
0.000605916
0.00059871
0.00059186
0.000585412
0.000579419
0.000573938
0.000569031
0.000564768
0.00056122
0.000558467
0.000556605
0.000555748
0.000555942
0.00055709
0.000559668
0.00056385
0.000569801
0.000577829
0.00058833
0.000601804
0.000618882
0.000640334
0.000667072
0.000700123
0.000740578
0.000789489
0.000847742
0.000915903
0.000994071
0.0010818
0.00117812
0.00128179
0.00139185
0.00150855
0.00163518
0.001781
0.00196596
0.00223002
0.0026369
0.00325198
0.00406166
0.00488158
0.00529962
0.00501259
0.00381415
0.0022462
0.000513772
0.000142853
0.000920377
0.00126203
0.00138037
0.00141902
0.00141994
0.00140156
0.00135761
0.00129336
0.00121624
0.00113316
0.00105144
0.000977226
0.000914315
0.000863853
0.000824884
0.00079529
0.00077265
0.000754817
0.000740226
0.000727439
0.000715721
0.000704691
0.000694157
0.000684031
0.000674274
0.000664869
0.000655807
0.000647094
0.000638715
0.000630634
0.000622842
0.000615339
0.000608132
0.00060124
0.00059469
0.00058852
0.000582778
0.000577517
0.000572798
0.000568686
0.000565255
0.000562588
0.000560783
0.000559967
0.000560174
0.000561313
0.000563868
0.000568025
0.000573951
0.000581957
0.000592442
0.000605914
0.000623007
0.000644498
0.000671309
0.000704485
0.000745134
0.000794336
0.000853008
0.000921741
0.00100065
0.00108926
0.00118654
0.00129105
0.00140146
0.00151751
0.00164162
0.00178182
0.00195694
0.00220532
0.00259267
0.00319551
0.00402057
0.00489508
0.00539903
0.0051908
0.00399112
0.00230697
0.000550449
0.000134357
0.000877226
0.00123654
0.00136398
0.00140611
0.00140898
0.00139358
0.00135514
0.00129677
0.00122528
0.00114665
0.00106746
0.000993668
0.000929426
0.000876542
0.000834757
0.00080248
0.000777586
0.000757996
0.000742009
0.00072846
0.000716339
0.000705113
0.000694513
0.000684408
0.000674738
0.000665483
0.000656643
0.000648173
0.00064005
0.000632253
0.000624764
0.000617576
0.000610688
0.00060411
0.000597864
0.00059198
0.0005865
0.000581473
0.000576957
0.000573017
0.000569726
0.000567169
0.000565448
0.000564704
0.000564945
0.000566108
0.000568685
0.00057286
0.000578807
0.000586844
0.000597375
0.000610912
0.000628094
0.000649706
0.000676675
0.000710054
0.000750967
0.00080051
0.000859621
0.000928912
0.00100851
0.00109793
0.00119606
0.00130131
0.00141206
0.00152749
0.00164924
0.00178415
0.00194953
0.00218215
0.00254868
0.00313565
0.00397131
0.0048997
0.00549185
0.00536772
0.00417695
0.0023802
0.00059245
0.000125912
0.000832684
0.00121057
0.00134777
0.00139467
0.00139986
0.00138699
0.00135348
0.00130072
0.00123485
0.00116091
0.00108472
0.00101191
0.000946793
0.00089174
0.000847161
0.000812038
0.000784614
0.000762985
0.000745467
0.000730732
0.00071787
0.000706252
0.000695473
0.000685332
0.000675737
0.000666618
0.000657937
0.000649666
0.000641777
0.000634244
0.000627044
0.000620159
0.000613582
0.000607317
0.000601376
0.000595784
0.000590577
0.0005858
0.000581506
0.000577761
0.000574635
0.000572216
0.000570611
0.000569976
0.000570274
0.000571499
0.000574149
0.000578387
0.000584406
0.00059253
0.000603169
0.000616841
0.00063419
0.000656003
0.000683211
0.00071687
0.000758108
0.000808031
0.000867585
0.000937397
0.0010176
0.00110771
0.00120655
0.00131241
0.00142338
0.00153817
0.00165761
0.00178742
0.00194329
0.00216016
0.00250482
0.00307233
0.0039129
0.00489344
0.00557678
0.00554087
0.00437126
0.00246732
0.000640379
0.000117747
0.000787891
0.00118332
0.00133165
0.00138441
0.00139239
0.00138178
0.00135272
0.00130519
0.00124483
0.00117577
0.00110305
0.00103182
0.000966405
0.000909576
0.000862356
0.000824317
0.00079414
0.000770166
0.000750794
0.000734688
0.000720855
0.00070858
0.000697422
0.000687096
0.000677434
0.000668343
0.00065976
0.000651642
0.000643951
0.000636652
0.000629715
0.000623115
0.000616837
0.000610877
0.000605241
0.000599946
0.000595022
0.000590509
0.000586458
0.00058293
0.000579999
0.000577749
0.000576295
0.000575814
0.000576192
0.00057752
0.000580301
0.000584653
0.000590798
0.000599069
0.000609882
0.000623762
0.000641354
0.000663446
0.00069097
0.000724978
0.000766592
0.000816916
0.000876897
0.000947165
0.00102786
0.00111849
0.00121786
0.00132413
0.00143517
0.00154922
0.00166639
0.00179123
0.00193779
0.00213899
0.00246099
0.00300576
0.00384461
0.00486844
0.00565304
0.00570875
0.00457379
0.00256912
0.000694236
0.000109971
0.000743539
0.00115385
0.00131547
0.00137521
0.00138649
0.00137793
0.0013529
0.00131017
0.00125513
0.0011911
0.00112227
0.00105325
0.000988189
0.000930114
0.000880558
0.000839666
0.000806598
0.000780012
0.000758463
0.000740651
0.000725544
0.000712369
0.0007006
0.000689891
0.000680017
0.000670839
0.000662265
0.00065423
0.000646679
0.000639567
0.000632855
0.000626511
0.000620511
0.000614842
0.000609503
0.000604505
0.00059987
0.000595635
0.000591846
0.000588561
0.000585852
0.000583806
0.000582543
0.000582263
0.000582746
0.000584225
0.000587197
0.000591716
0.000598046
0.000606529
0.000617586
0.000631745
0.000649656
0.000672105
0.000700016
0.00073443
0.000776456
0.000827183
0.000887546
0.000958172
0.0010392
0.00113015
0.0012298
0.00133623
0.00144711
0.0015603
0.00167516
0.00179514
0.00193253
0.00211821
0.00241696
0.00293634
0.00376829
0.0048306
0.00571676
0.00587105
0.0047842
0.00268693
0.000754326
0.000102622
0.000700182
0.00112168
0.00129876
0.0013667
0.00138199
0.00137533
0.00135371
0.00131554
0.00126566
0.00120672
0.00114217
0.00107597
0.001012
0.000953343
0.000901919
0.000858395
0.000822426
0.000793041
0.000769023
0.000749169
0.000732452
0.000718063
0.000705411
0.000694086
0.000683806
0.000674384
0.000665691
0.000657633
0.000650138
0.000643144
0.000636602
0.000630468
0.00062471
0.000619307
0.00061425
0.000609541
0.000605197
0.000601248
0.000597737
0.000594717
0.000592259
0.000590452
0.000589425
0.00058938
0.000590003
0.000591706
0.000594905
0.000599654
0.000606235
0.000614996
0.000626367
0.00064088
0.000659185
0.00068206
0.000710418
0.00074528
0.000787731
0.000838833
0.0008995
0.000970344
0.00105151
0.00114252
0.00124214
0.00134843
0.00145887
0.00157097
0.00168342
0.00179862
0.00192699
0.00209733
0.00237235
0.0028636
0.00368264
0.0047769
0.00576344
0.00602542
0.00500202
0.00282112
0.0008206
9.5666e-05
0.000657919
0.00108642
0.00128045
0.00135802
0.00137854
0.00137389
0.00135551
0.00132137
0.00127634
0.00122249
0.00116252
0.00109975
0.00103763
0.000979164
0.000926508
0.000880755
0.000842035
0.000809789
0.000783083
0.000760879
0.000742209
0.000726263
0.00071241
0.000700186
0.000689254
0.00067938
0.000670393
0.000662168
0.000654607
0.000647632
0.000641176
0.000635185
0.000629615
0.000624436
0.00061963
0.000615191
0.000611129
0.000607466
0.000604241
0.000601504
0.000599322
0.000597787
0.000597061
0.00059721
0.000598062
0.000600072
0.000603541
0.000608579
0.000615474
0.000624582
0.000636337
0.000651274
0.000670038
0.000693399
0.000722248
0.000757578
0.000800438
0.000851852
0.0009127
0.000983576
0.00106462
0.00115537
0.00125461
0.00136037
0.00147003
0.00158076
0.00169065
0.00180079
0.00192058
0.00207584
0.00232687
0.00278768
0.0035883
0.0047077
0.00578645
0.0061691
0.00522569
0.00297267
0.000893172
8.89364e-05
0.000616298
0.00104829
0.00125995
0.00134829
0.00137545
0.00137314
0.00135817
0.00132769
0.00128717
0.00123831
0.00118315
0.00112434
0.00106482
0.0010074
0.000954291
0.000906903
0.00086578
0.000830776
0.000801287
0.000776497
0.00075556
0.000737709
0.000722307
0.000708855
0.000696976
0.000686388
0.00067688
0.000668294
0.000660502
0.000653405
0.000646917
0.00064097
0.000635508
0.000630487
0.000625881
0.000621674
0.000617868
0.000614478
0.000611537
0.000609089
0.0006072
0.000605965
0.00060559
0.000605927
0.000607064
0.000609455
0.000613248
0.000618633
0.000625906
0.000635426
0.000647631
0.000663055
0.000682334
0.000706222
0.000735581
0.000771366
0.000814581
0.000866197
0.000927053
0.000997716
0.00107832
0.00116843
0.00126687
0.00137166
0.00148012
0.00158918
0.00169634
0.00180149
0.00191279
0.00205324
0.00228011
0.0027083
0.00348473
0.00462325
0.00579392
0.00630123
0.00545528
0.0031435
0.000971893
8.24526e-05
0.000575617
0.00100769
0.00123589
0.00133759
0.00137252
0.00137299
0.00136124
0.00133466
0.00129821
0.00125414
0.0012039
0.00114949
0.0010933
0.0010378
0.000985144
0.000936891
0.000893921
0.000856465
0.000824269
0.000796784
0.00077334
0.000753269
0.000735968
0.000720937
0.000707772
0.000696159
0.000685851
0.000676655
0.000668416
0.000661008
0.000654326
0.000648285
0.000642811
0.000637851
0.000633364
0.000629326
0.000625728
0.000622578
0.000619899
0.000617733
0.00061614
0.000615231
0.000615217
0.000615764
0.000617246
0.000620049
0.000624222
0.000630012
0.000637722
0.000647712
0.000660423
0.00067638
0.000696208
0.000720636
0.000750489
0.000786675
0.000830138
0.000881791
0.00094242
0.00101256
0.00109235
0.00118138
0.00127851
0.00138184
0.00148863
0.0015955
0.00169916
0.00180001
0.00190296
0.00202891
0.00223172
0.00262536
0.00337119
0.00452024
0.00577782
0.0064166
0.00568817
0.00333365
0.00105648
7.63844e-05
0.000536881
0.000964679
0.00120715
0.00132407
0.00136813
0.00137313
0.00136424
0.00134183
0.00130936
0.00126995
0.00122469
0.00117504
0.00112283
0.00107012
0.00101886
0.000970662
0.000926601
0.000887225
0.000852609
0.000822497
0.000796441
0.000773918
0.000754412
0.000737456
0.00072265
0.000709664
0.000698228
0.000688122
0.000679164
0.000671204
0.000664114
0.00065779
0.000652143
0.000647103
0.000642617
0.000638649
0.000635178
0.000632205
0.000629743
0.000627827
0.000626514
0.000625976
0.000626189
0.000627049
0.000628961
0.000632158
0.00063675
0.000642989
0.000651179
0.000661682
0.000674931
0.000691443
0.000711821
0.00073676
0.000767042
0.000803516
0.000847057
0.000898512
0.000958608
0.00102785
0.00110637
0.00119379
0.00128907
0.00139036
0.00149475
0.00159858
0.00169961
0.00179561
0.00189038
0.00200222
0.00218137
0.00253897
0.0032478
0.00439796
0.00572898
0.00651296
0.00592287
0.00354495
0.00114662
7.08601e-05
0.00050092
0.000919545
0.00117314
0.00130645
0.00136121
0.00137277
0.00136692
0.00134896
0.00132053
0.00128573
0.0012455
0.00120088
0.00115321
0.0011041
0.00105522
0.00100808
0.000963851
0.000923301
0.000886787
0.000854337
0.000825749
0.000800688
0.000778766
0.000759594
0.000742812
0.0007281
0.000715183
0.000703826
0.000693828
0.00068502
0.000677253
0.000670404
0.000664367
0.000659057
0.000654406
0.000650364
0.0006469
0.000644001
0.000641674
0.000639945
0.000638865
0.000638676
0.00063908
0.000640251
0.000642609
0.000646205
0.000651232
0.000657939
0.000666626
0.00067765
0.000691436
0.000708479
0.000729356
0.00075472
0.000785299
0.000821874
0.000865247
0.000916188
0.000975366
0.00104324
0.00111997
0.00120521
0.001298
0.00139647
0.0014975
0.00159897
0.00169647
0.0017874
0.00187418
0.00197248
0.00212882
0.00244944
0.00311452
0.00425638
0.0056535
0.00658744
0.00615569
0.00377724
0.00124165
6.59606e-05
0.000468267
0.000872805
0.00113396
0.0012831
0.0013508
0.00137099
0.00136873
0.00135593
0.00133163
0.00130148
0.00126637
0.00122703
0.00118438
0.00113959
0.00109402
0.00104897
0.00100561
0.000964818
0.000927155
0.000892898
0.000862088
0.000834601
0.000810211
0.000788648
0.000769626
0.000752871
0.000738128
0.000725165
0.000713777
0.000703783
0.000695021
0.000687351
0.000680654
0.000674828
0.00066979
0.000665478
0.000661848
0.000658875
0.000656555
0.000654903
0.00065398
0.000654025
0.000654608
0.000656077
0.000658792
0.000662768
0.000668209
0.00067536
0.000684516
0.000696021
0.000710281
0.000727769
0.000749021
0.000774644
0.000805301
0.000841702
0.000884567
0.000934591
0.000992376
0.00105836
0.00113268
0.0012151
0.00130472
0.00139924
0.00149747
0.00159527
0.00168869
0.0017745
0.00185356
0.00193893
0.00207329
0.00235689
0.0029729
0.00409405
0.00554338
0.00662811
0.00638271
0.00403159
0.001341
6.16115e-05
0.000438733
0.000825103
0.00108963
0.00125258
0.00133483
0.00136605
0.00136865
0.00136115
0.00134265
0.00131732
0.00128747
0.00125364
0.00121641
0.00117659
0.00113517
0.00109323
0.00105181
0.00101182
0.000973943
0.000938639
0.000906162
0.000876597
0.000849899
0.000825944
0.000804555
0.000785536
0.00076868
0.000753786
0.000740662
0.000729129
0.000719023
0.000710197
0.00070252
0.000695879
0.000690178
0.000685343
0.000681316
0.000678061
0.000675562
0.000673824
0.000672911
0.000673025
0.000673732
0.000675402
0.000678361
0.000682627
0.000688395
0.0006959
0.000705421
0.000717286
0.000731876
0.000749629
0.000771037
0.00079665
0.000827064
0.000862909
0.000904826
0.00095343
0.00100926
0.00107273
0.00114399
0.00122288
0.00130807
0.00139904
0.00149297
0.00158649
0.00167548
0.00175607
0.00182774
0.00190095
0.00201454
0.00226195
0.00282566
0.0039141
0.00540264
0.0066436
0.00660027
0.00430732
0.00144368
5.77225e-05
0.000411947
0.000777268
0.00104067
0.00121456
0.00131193
0.00135556
0.00136695
0.00136433
0.001353
0.00133316
0.00130898
0.001281
0.00124961
0.00121531
0.0011788
0.00114089
0.00110246
0.00106437
0.00102732
0.000991909
0.000958544
0.000927491
0.000898885
0.000872758
0.000849067
0.000827719
0.000808585
0.000791519
0.000776366
0.000762969
0.000751176
0.000740844
0.000731839
0.000724044
0.000717355
0.000711687
0.000706972
0.000703162
0.000700231
0.000698172
0.000697006
0.000697042
0.000697694
0.000699346
0.000702373
0.000706753
0.000712667
0.000720334
0.000730014
0.000742009
0.00075667
0.00077439
0.000795614
0.000820828
0.000850558
0.000885355
0.000925778
0.000972369
0.00102561
0.00108587
0.00115333
0.0012277
0.00130845
0.00139442
0.00148333
0.00157193
0.00165606
0.00173139
0.00179614
0.00185824
0.00195263
0.0021655
0.00267546
0.00371767
0.00522833
0.00663452
0.00680137
0.00460367
0.00154885
5.42581e-05
0.000387754
0.000730256
0.000988031
0.00116911
0.00128031
0.00133772
0.0013613
0.0013652
0.00136101
0.00134911
0.00133123
0.00130961
0.00128453
0.00125629
0.00122535
0.00119229
0.00115782
0.00112267
0.00108754
0.00105305
0.00101974
0.000987993
0.000958108
0.000930266
0.000904563
0.000881025
0.000859624
0.000840289
0.000822925
0.000807418
0.000793645
0.000781481
0.000770803
0.000761498
0.000753461
0.000746602
0.000740846
0.000736137
0.000732437
0.000729731
0.000728006
0.000727535
0.000727975
0.000729325
0.000732078
0.000736264
0.00074201
0.000749515
0.00075901
0.000770768
0.000785099
0.000802353
0.000822918
0.000847216
0.000875702
0.000908849
0.000947138
0.00099104
0.00104098
0.0010973
0.00116027
0.00122933
0.00130466
0.00138485
0.00146796
0.00155099
0.00162984
0.00169993
0.0017584
0.00181082
0.00188806
0.00206922
0.00252626
0.0035109
0.00502661
0.00656342
0.00698287
0.00491875
0.00165539
5.12667e-05
0.000366476
0.000685187
0.000933117
0.00111708
0.00123978
0.00131187
0.00134888
0.00136367
0.00136736
0.00136397
0.00135466
0.00134017
0.00132202
0.00130043
0.0012757
0.00124823
0.00121856
0.00118731
0.00115512
0.0011226
0.00109035
0.00105884
0.00102848
0.000999586
0.000972382
0.000947014
0.000923559
0.000902041
0.000882439
0.000864698
0.000848743
0.000834481
0.000821815
0.000810645
0.000800876
0.000792422
0.000785207
0.00077917
0.000774267
0.000770474
0.000767777
0.000766235
0.000766116
0.000766821
0.000768735
0.000772272
0.000777389
0.000784252
0.000793063
0.000804062
0.000817518
0.000833731
0.000853032
0.00087578
0.000902359
0.000933168
0.000968617
0.00100911
0.00105501
0.00110664
0.0011641
0.0012275
0.00129645
0.00137005
0.00144661
0.00152344
0.00159667
0.00166167
0.00171485
0.00175961
0.00182276
0.00197597
0.0023821
0.00330183
0.00480814
0.00645249
0.00713742
0.00524803
0.00176235
4.88424e-05
0.000348643
0.000643384
0.000877769
0.00106011
0.0011912
0.00127715
0.00132889
0.00135825
0.00137288
0.00137902
0.0013784
0.00137359
0.00136347
0.00134922
0.00133133
0.00131012
0.00128601
0.0012595
0.00123117
0.0012016
0.00117139
0.00114108
0.00111114
0.00108199
0.00105395
0.00102728
0.00100216
0.00097871
0.000956987
0.000937009
0.000918759
0.000902192
0.000887248
0.000873855
0.000861938
0.000851425
0.000842249
0.000834352
0.000827692
0.000822239
0.000817982
0.000814933
0.000813168
0.00081292
0.000813632
0.000815679
0.000819556
0.000825138
0.000832618
0.000842204
0.000854115
0.000868604
0.000885944
0.000906433
0.000930386
0.000958136
0.000990024
0.00102639
0.00106756
0.0011138
0.00116521
0.00122202
0.00128394
0.00135028
0.00141967
0.00148983
0.00155729
0.00161764
0.00166699
0.00170708
0.00176061
0.0018921
0.00225153
0.00310076
0.0045747
0.00629574
0.00725999
0.00558401
0.00186873
4.7332e-05
0.000334756
0.000606431
0.000824327
0.00100082
0.00113674
0.0012349
0.00130213
0.00134695
0.00137603
0.00139478
0.00140562
0.00141052
0.00140959
0.00140472
0.0013946
0.00138037
0.00136251
0.00134148
0.00131781
0.00129204
0.00126476
0.00123651
0.00120783
0.00117919
0.001151
0.00112359
0.00109723
0.00107214
0.00104845
0.00102625
0.0010056
0.000986508
0.000968961
0.00095293
0.000938374
0.000925247
0.000913502
0.000903098
0.000894
0.000886186
0.000879647
0.00087439
0.000870441
0.000867905
0.000866847
0.000867221
0.000868847
0.000872373
0.000877795
0.000885258
0.000894907
0.000906954
0.000921622
0.000939147
0.000959785
0.000983803
0.00101148
0.00104311
0.00107895
0.00111928
0.00116422
0.00121381
0.0012683
0.001327
0.0013889
0.00145229
0.00151424
0.00157095
0.00161873
0.00165846
0.00171201
0.00183618
0.00216012
0.00292708
0.00434541
0.00611024
0.00734837
0.00592363
0.0019741
4.70568e-05
0.000326127
0.000576472
0.000775795
0.000942908
0.00108022
0.00118848
0.00127094
0.00133275
0.00137896
0.00141281
0.00143752
0.00145469
0.00146497
0.0014694
0.00146813
0.00146272
0.00145185
0.00143699
0.00141861
0.00139725
0.0013735
0.0013479
0.00132102
0.00129338
0.00126543
0.00123759
0.0012102
0.00118355
0.00115786
0.00113329
0.00110998
0.00108799
0.00106739
0.00104819
0.00103039
0.001014
0.000998996
0.000985361
0.000973084
0.000962156
0.000952576
0.000944355
0.000937514
0.000932107
0.000928192
0.000925761
0.000925226
0.000926027
0.000928459
0.000933194
0.000939916
0.000948902
0.000960301
0.000974297
0.000991091
0.0010109
0.00103394
0.00106046
0.00109069
0.00112489
0.00116332
0.00120626
0.0012531
0.00130404
0.00135874
0.00141615
0.00147461
0.00153153
0.00158428
0.00163351
0.00169138
0.00181502
0.00212286
0.002827
0.00414278
0.0059258
0.00740201
0.00624771
0.00207776
4.85169e-05
0.000326109
0.000556754
0.000736274
0.000891624
0.00102767
0.00114405
0.00124117
0.00132123
0.00138614
0.00143759
0.00147864
0.00151054
0.00153403
0.00155
0.00155893
0.00156142
0.00155871
0.00155105
0.00153811
0.00152121
0.00150094
0.0014779
0.00145266
0.00142581
0.00139787
0.00136931
0.00134056
0.00131197
0.00128385
0.00125645
0.00122996
0.00120455
0.00118031
0.00115735
0.00113571
0.00111543
0.00109654
0.00107906
0.00106299
0.00104835
0.00103514
0.00102339
0.00101311
0.00100434
0.00099712
0.000991477
0.000987583
0.000985323
0.000985337
0.000986568
0.000989789
0.000995447
0.00100331
0.00101357
0.00102638
0.00104192
0.00106039
0.00108198
0.00110694
0.00113551
0.00116798
0.00120473
0.00124615
0.00129231
0.00134312
0.00139811
0.00145621
0.0015156
0.00157425
0.00163261
0.00170429
0.00183672
0.00213139
0.00279448
0.00404027
0.00578097
0.00744177
0.00655144
0.00218124
5.23872e-05
0.000336551
0.000552571
0.000711875
0.00085467
0.000988291
0.00111185
0.00122396
0.00132291
0.00140476
0.00147643
0.00153625
0.00158504
0.00162335
0.00165203
0.0016718
0.00168337
0.00168734
0.00168519
0.00167799
0.00166457
0.00164668
0.00162503
0.00160032
0.0015732
0.00154426
0.00151408
0.00148313
0.00145188
0.00142068
0.00138987
0.00135971
0.00133042
0.00130219
0.00127514
0.00124938
0.00122499
0.00120203
0.00118055
0.00116057
0.00114211
0.00112519
0.00110986
0.00109611
0.00108398
0.00107349
0.0010647
0.00105768
0.00105241
0.00104905
0.00104781
0.00104847
0.00105069
0.00105533
0.0010624
0.00107195
0.00108412
0.00109911
0.00111714
0.00113847
0.00116344
0.00119244
0.00122593
0.00126447
0.00130859
0.00135886
0.00141567
0.00147924
0.00154947
0.00162659
0.0017128
0.00181968
0.00198106
0.00228327
0.00288732
0.00401428
0.00571899
0.00746532
0.00680387
0.0022854
6.00892e-05
0.000362632
0.000565156
0.000710808
0.000842821
0.000974786
0.00110514
0.00122824
0.0013403
0.00144423
0.00153635
0.0016151
0.00168062
0.00173332
0.00177395
0.00180331
0.00182236
0.00183202
0.00183271
0.0018284
0.00181743
0.00180002
0.00177809
0.00175244
0.00172381
0.00169292
0.00166038
0.00162677
0.00159257
0.00155823
0.00152412
0.00149055
0.0014578
0.00142607
0.00139554
0.00136634
0.00133858
0.00131233
0.00128767
0.00126462
0.00124322
0.00122351
0.00120552
0.00118926
0.00117473
0.00116203
0.00115118
0.00114222
0.00113514
0.00113011
0.00112708
0.00112688
0.00112801
0.00113114
0.00113739
0.00114632
0.00115814
0.00117312
0.00119159
0.00121396
0.00124071
0.00127246
0.00130993
0.00135402
0.00140574
0.00146634
0.00153701
0.00161934
0.00171447
0.00182482
0.00195289
0.0021096
0.00231735
0.0026415
0.00319823
0.00418767
0.00572524
0.00751282
0.00696062
0.00239634
7.33737e-05
0.000409229
0.000598766
0.000727954
0.000853716
0.000985266
0.00111976
0.00125265
0.00138218
0.00150343
0.00161131
0.00170477
0.00178323
0.00184679
0.00189612
0.00193218
0.00195618
0.00196919
0.00197173
0.00196806
0.00195791
0.00194038
0.00191785
0.0018913
0.0018616
0.00182952
0.00179572
0.00176079
0.00172526
0.00168959
0.00165417
0.00161936
0.00158541
0.00155253
0.00152092
0.00149076
0.00146213
0.00143515
0.00140991
0.00138643
0.00136477
0.00134502
0.00132718
0.00131138
0.00129746
0.00128582
0.00127646
0.00126926
0.00126426
0.0012619
0.00126242
0.0012648
0.00127013
0.00127877
0.00129072
0.0013063
0.00132589
0.00134988
0.00137881
0.00141332
0.0014541
0.00150214
0.00155841
0.00162424
0.00170076
0.00178992
0.00189275
0.00201214
0.00214854
0.00230654
0.00248551
0.00269734
0.0029495
0.00329504
0.00380319
0.00467043
0.00601284
0.00763135
0.00704585
0.00245925
9.5164e-05
0.000478313
0.000656138
0.000770086
0.000889213
0.00102215
0.0011625
0.00130432
0.00144164
0.00157034
0.00168633
0.00178759
0.00187317
0.00194301
0.00199775
0.00203843
0.00206634
0.00208276
0.00208845
0.00208646
0.00207906
0.00206413
0.0020442
0.00202055
0.00199409
0.00196545
0.00193525
0.0019041
0.0018725
0.00184093
0.00180978
0.00177938
0.00174999
0.00172184
0.00169516
0.00167023
0.00164694
0.00162579
0.00160667
0.00158956
0.00157471
0.00156226
0.00155221
0.00154491
0.00153994
0.00153852
0.00153961
0.00154304
0.00155024
0.00156124
0.00157627
0.00159536
0.00161887
0.00164728
0.00168098
0.0017204
0.00176606
0.00181847
0.00187822
0.00194615
0.00202296
0.00210946
0.00220621
0.0023148
0.00243562
0.00257122
0.0027205
0.00288824
0.00307072
0.00327673
0.00349684
0.00375035
0.00402309
0.00437328
0.00481143
0.00553578
0.00657609
0.00783203
0.00707891
0.00248296
0.00012667
0.000558009
0.000719267
0.000834503
0.000964055
0.00110814
0.00126039
0.00141387
0.00156151
0.00169856
0.00182214
0.00193077
0.0020238
0.00210137
0.0021642
0.00221344
0.00225043
0.00227653
0.00229283
0.00230139
0.00230338
0.00230082
0.00229402
0.00228262
0.00226852
0.00225261
0.00223559
0.00221809
0.00220062
0.0021837
0.00216769
0.00215297
0.00213982
0.0021286
0.00211936
0.00211282
0.00210817
0.00210774
0.00210921
0.00211322
0.00212128
0.00213291
0.00214808
0.00216733
0.00219041
0.002218
0.00225041
0.00228767
0.00233018
0.00237826
0.00243216
0.00249214
0.00255842
0.00263127
0.00271087
0.0027975
0.00289145
0.00299278
0.00310228
0.00322048
0.00334716
0.003483
0.00362752
0.003782
0.0039453
0.00412017
0.00430358
0.0045033
0.00470935
0.00493809
0.00516611
0.00542947
0.00568249
0.0060087
0.0063407
0.00689638
0.00752057
0.00814131
0.00700682
0.00243103
0.000158961
0.000630114
0.000836378
0.00101861
0.00122001
0.00143375
0.00165128
0.00186311
0.00206108
0.00224092
0.0024013
0.00254228
0.00266465
0.00276966
0.00285892
0.00293419
0.00299728
0.00304994
0.00309372
0.00313028
0.00316063
0.00318687
0.00321021
0.00323063
0.00324909
0.0032665
0.00328361
0.00330107
0.0033194
0.00333909
0.00336055
0.00338416
0.00341019
0.00343903
0.00347067
0.00350573
0.00354379
0.00358571
0.00363134
0.00368056
0.00373371
0.00379103
0.0038524
0.00391835
0.00398815
0.00406378
0.00414488
0.00423133
0.00432272
0.00441904
0.00451995
0.00462556
0.00473553
0.00485014
0.00496883
0.0050922
0.0052195
0.00535172
0.00548768
0.005628
0.00577253
0.00592173
0.00607614
0.00623518
0.00640102
0.00657122
0.0067498
0.00693807
0.00713287
0.00734209
0.00754634
0.00778065
0.0079866
0.00825343
0.00844671
0.00875582
0.00871619
0.00834224
0.00655431
0.0022214
0.000200228
0.000843162
0.00137391
0.00194159
0.00249159
0.00303084
0.00354782
0.00402211
0.00443976
0.00479706
0.00509753
0.00534777
0.00555495
0.00572588
0.0058668
0.00598328
0.00608012
0.0061614
0.00623052
0.00629033
0.00634291
0.00639006
0.00643349
0.00647452
0.00651405
0.00655284
0.00659153
0.00663064
0.00667061
0.0067118
0.00675448
0.00679896
0.00684534
0.00689387
0.00694455
0.00699756
0.00705285
0.00711047
0.00717037
0.0072327
0.00729726
0.00736415
0.00743333
0.00750463
0.00757844
0.00765374
0.00772984
0.00780744
0.00788584
0.0079661
0.00804728
0.00813083
0.00821545
0.00830299
0.008392
0.00848454
0.00857883
0.00867701
0.00877737
0.00888156
0.0089888
0.00909885
0.00921428
0.00932917
0.00945534
0.0095725
0.00971654
0.00982382
0.00997153
0.0100561
0.0101945
0.0102472
0.0103377
0.0103152
0.0102292
0.00993737
0.00927976
0.00793396
0.00516589
0.00193952
0.000123211
0.000246593
0.00038749
0.000526604
0.000661366
0.000788986
0.000910555
0.00102646
0.00113612
0.00123839
0.00133233
0.00141752
0.00149399
0.00156203
0.00162209
0.00167469
0.00172041
0.00175985
0.00179362
0.00182233
0.00184656
0.00186684
0.00188368
0.00189756
0.00190892
0.00191815
0.00192559
0.00193156
0.00193633
0.00194018
0.00194331
0.00194595
0.00194824
0.0019504
0.00195252
0.00195475
0.00195719
0.00195994
0.00196308
0.00196668
0.00197082
0.00197552
0.00198089
0.00198687
0.00199363
0.00200107
0.00200931
0.0020181
0.00202775
0.00203781
0.00204894
0.00206029
0.00207308
0.00208575
0.00210045
0.00211452
0.00213148
0.00214696
0.0021666
0.00218342
0.00220613
0.00222402
0.00225006
0.00226848
0.00229759
0.00231573
0.00234685
0.00236673
0.00240474
0.00242866
0.00247046
0.00249661
0.00253849
0.0025612
0.00259573
0.00259636
0.00257691
0.00250451
0.00229324
0.00168373
)
;

boundaryField
{
    movingWall
    {
        type            kqRWallFunction;
        value           nonuniform List<scalar> 
80
(
0.000123211
0.000246593
0.00038749
0.000526604
0.000661366
0.000788986
0.000910555
0.00102646
0.00113612
0.00123839
0.00133233
0.00141752
0.00149399
0.00156203
0.00162209
0.00167469
0.00172041
0.00175985
0.00179362
0.00182233
0.00184656
0.00186684
0.00188368
0.00189756
0.00190892
0.00191815
0.00192559
0.00193156
0.00193633
0.00194018
0.00194331
0.00194595
0.00194824
0.0019504
0.00195252
0.00195475
0.00195719
0.00195994
0.00196308
0.00196668
0.00197082
0.00197552
0.00198089
0.00198687
0.00199363
0.00200107
0.00200931
0.0020181
0.00202775
0.00203781
0.00204894
0.00206029
0.00207308
0.00208575
0.00210045
0.00211452
0.00213148
0.00214696
0.0021666
0.00218342
0.00220613
0.00222402
0.00225006
0.00226848
0.00229759
0.00231573
0.00234685
0.00236673
0.00240474
0.00242866
0.00247046
0.00249661
0.00253849
0.0025612
0.00259573
0.00259636
0.00257691
0.00250451
0.00229324
0.00168373
)
;
    }
    fixedWalls
    {
        type            kqRWallFunction;
        value           nonuniform List<scalar> 
240
(
4.16753e-07
2.02412e-06
4.42343e-06
7.56221e-06
1.17971e-05
1.75827e-05
2.53621e-05
3.55353e-05
4.83894e-05
6.40909e-05
8.32485e-05
0.00010603
0.000131457
0.000158837
0.000187373
0.000215994
0.000243924
0.000270415
0.000295095
0.000317249
0.00033631
0.000351819
0.000363528
0.000371525
0.000375973
0.000376412
0.000374732
0.000370756
0.00036461
0.000356502
0.000346833
0.000335998
0.000324364
0.000312204
0.000299644
0.000287652
0.000277932
0.000268889
0.000260032
0.000251172
0.000242287
0.000233438
0.000224734
0.000216189
0.000207893
0.000199803
0.000191808
0.000183845
0.00017584
0.000167772
0.000159576
0.000151266
0.000142853
0.000134357
0.000125912
0.000117747
0.000109971
0.000102622
9.5666e-05
8.89364e-05
8.24526e-05
7.63844e-05
7.08601e-05
6.59606e-05
6.16115e-05
5.77225e-05
5.42581e-05
5.12667e-05
4.88424e-05
4.7332e-05
4.70568e-05
4.85169e-05
5.23872e-05
6.00892e-05
7.33737e-05
9.5164e-05
0.00012667
0.000158961
0.000200228
0.000123211
8.30049e-07
4.32348e-06
1.10947e-05
1.77045e-05
2.19495e-05
2.34872e-05
2.31032e-05
2.21464e-05
2.16917e-05
2.21089e-05
2.4006e-05
2.87321e-05
3.73895e-05
4.94119e-05
6.4129e-05
8.06254e-05
9.80152e-05
0.000115938
0.000134417
0.000153746
0.000176525
0.000206247
0.000244082
0.000287152
0.000335668
0.000386929
0.000433877
0.000470388
0.00048763
0.000493314
0.000493618
0.000488793
0.00047922
0.00046682
0.000452302
0.000437058
0.000422079
0.000408377
0.000396809
0.000388031
0.000381553
0.000378415
0.000377297
0.000378307
0.000383134
0.00039049
0.000401126
0.00041543
0.000433585
0.000455679
0.00048246
0.000513772
0.000550449
0.00059245
0.000640379
0.000694236
0.000754326
0.0008206
0.000893172
0.000971893
0.00105648
0.00114662
0.00124165
0.001341
0.00144368
0.00154885
0.00165539
0.00176235
0.00186873
0.0019741
0.00207776
0.00218124
0.0022854
0.00239634
0.00245925
0.00248296
0.00243103
0.0022214
0.00193952
0.00168373
4.16753e-07
2.11249e-06
4.94663e-06
7.91455e-06
1.03237e-05
1.19604e-05
1.29574e-05
1.36175e-05
1.427e-05
1.52171e-05
1.66986e-05
1.88803e-05
2.1896e-05
2.58037e-05
3.05142e-05
3.58706e-05
4.17784e-05
4.80697e-05
5.4542e-05
6.10537e-05
6.76448e-05
7.46904e-05
8.27936e-05
9.24675e-05
0.000103796
0.000116171
0.000128604
0.000141158
0.000153988
0.000167378
0.00018144
0.00019592
0.000210116
0.000224087
0.000237737
0.000251418
0.00026522
0.00027942
0.00029415
0.000309612
0.000325906
0.000343155
0.000361513
0.000381089
0.000401866
0.000423883
0.000447411
0.000473358
0.000503497
0.000541974
0.000578463
0.000616288
0.000652917
0.000688168
0.000720595
0.000749003
0.000771934
0.000785824
0.000792098
0.000793304
0.000780525
0.000754771
0.000716146
0.000665613
0.000604528
0.000535163
0.00046083
0.000385595
0.000312798
0.000244424
0.000183942
0.000135766
9.62467e-05
6.52357e-05
4.23557e-05
2.63492e-05
1.56586e-05
8.69893e-06
3.94904e-06
8.30049e-07
)
;
    }
    frontAndBack
    {
        type            empty;
    }
}


// ************************************************************************* //
